 -2.90949568545124e-03  -1.84159682226139e-02   0.00000000000000e+00   0.00000000000000e+00 
 -2.91466187199010e-03  -1.84244689950409e-02   0.00000000000000e+00   2.18340611353712e-03 
 -2.92101479973138e-03  -1.84373901682895e-02   0.00000000000000e+00   4.36681222707424e-03 
 -2.92900242746938e-03  -1.84540984567969e-02   0.00000000000000e+00   6.55021834061135e-03 
 -2.93907271399841e-03  -1.84739605750002e-02   0.00000000000000e+00   8.73362445414847e-03 
 -2.95167361811279e-03  -1.84963432373365e-02   0.00000000000000e+00   1.09170305676856e-02 
 -2.96722660892645e-03  -1.85206596681528e-02   0.00000000000000e+00   1.31004366812227e-02 
 -2.98580406280687e-03  -1.85469360199972e-02   0.00000000000000e+00   1.52838427947598e-02 
 -3.00723191826978e-03  -1.85756311347553e-02   0.00000000000000e+00   1.74672489082969e-02 
 -3.03133093877273e-03  -1.86072129405487e-02   0.00000000000000e+00   1.96506550218341e-02 
 -3.05792188777328e-03  -1.86421493654993e-02   0.00000000000000e+00   2.18340611353712e-02 
 -3.08682781626893e-03  -1.86809047703538e-02   0.00000000000000e+00   2.40174672489083e-02 
 -3.11811006912600e-03  -1.87235719011303e-02   0.00000000000000e+00   2.62008733624454e-02 
 -3.15227340938650e-03  -1.87695520016863e-02   0.00000000000000e+00   2.83842794759825e-02 
 -3.18987094107741e-03  -1.88181709290380e-02   0.00000000000000e+00   3.05676855895196e-02 
 -3.23145576822570e-03  -1.88687545402020e-02   0.00000000000000e+00   3.27510917030568e-02 
 -3.27758099485833e-03  -1.89206286921945e-02   0.00000000000000e+00   3.49344978165939e-02 
 -3.32879972500227e-03  -1.89731192420319e-02   0.00000000000000e+00   3.71179039301310e-02 
 -3.38566506268448e-03  -1.90255520467306e-02   0.00000000000000e+00   3.93013100436681e-02 
 -3.44872285838015e-03  -1.90772576863036e-02   0.00000000000000e+00   4.14847161572052e-02 
 -3.51723655069383e-03  -1.91284017560897e-02   0.00000000000000e+00   4.36681222707424e-02 
 -3.58772460364154e-03  -1.91809371834883e-02   0.00000000000000e+00   4.58515283842795e-02 
 -3.65646318552944e-03  -1.92369841284791e-02   0.00000000000000e+00   4.80349344978166e-02 
 -3.72195734405578e-03  -1.92974002938876e-02   0.00000000000000e+00   5.02183406113537e-02 
 -3.78476646606517e-03  -1.93618797865360e-02   0.00000000000000e+00   5.24017467248908e-02 
 -3.84552670062915e-03  -1.94300732344371e-02   0.00000000000000e+00   5.45851528384279e-02 
 -3.90487419681922e-03  -1.95016312656036e-02   0.00000000000000e+00   5.67685589519651e-02 
 -3.96344510370691e-03  -1.95762045080483e-02   0.00000000000000e+00   5.89519650655022e-02 
 -4.02187557036374e-03  -1.96534435897838e-02   0.00000000000000e+00   6.11353711790393e-02 
 -4.08080174586122e-03  -1.97329991388230e-02   0.00000000000000e+00   6.33187772925764e-02 
 -4.14085977927087e-03  -1.98145217831785e-02   0.00000000000000e+00   6.55021834061135e-02 
 -4.20268581966422e-03  -1.98976621508631e-02   0.00000000000000e+00   6.76855895196506e-02 
 -4.26691601611277e-03  -1.99820708698895e-02   0.00000000000000e+00   6.98689956331878e-02 
 -4.33418651768804e-03  -2.00673985682705e-02   0.00000000000000e+00   7.20524017467249e-02 
 -4.40513347346157e-03  -2.01532958740187e-02   0.00000000000000e+00   7.42358078602620e-02 
 -4.48039303250485e-03  -2.02394134151469e-02   0.00000000000000e+00   7.64192139737991e-02 
 -4.56060134388942e-03  -2.03254018196679e-02   0.00000000000000e+00   7.86026200873362e-02 
 -4.64639455668678e-03  -2.04109117155943e-02   0.00000000000000e+00   8.07860262008734e-02 
 -4.73840881996847e-03  -2.04955937309390e-02   0.00000000000000e+00   8.29694323144105e-02 
 -4.83728028280599e-03  -2.05790984937146e-02   0.00000000000000e+00   8.51528384279476e-02 
 -4.94364509427087e-03  -2.06610766319338e-02   0.00000000000000e+00   8.73362445414847e-02 
 -5.05813940343462e-03  -2.07411787736095e-02   0.00000000000000e+00   8.95196506550218e-02 
 -5.18139935936876e-03  -2.08190555467543e-02   0.00000000000000e+00   9.17030567685589e-02 
 -5.31406108271315e-03  -2.08943575257398e-02   0.00000000000000e+00   9.38864628820961e-02 
 -5.45662112310228e-03  -2.09664719606406e-02   0.00000000000000e+00   9.60698689956332e-02 
 -5.60911285004257e-03  -2.10339122339161e-02   0.00000000000000e+00   9.82532751091703e-02 
 -5.77147367619728e-03  -2.10950106892190e-02   0.00000000000000e+00   1.00436681222707e-01 
 -5.94364101422965e-03  -2.11480996702018e-02   0.00000000000000e+00   1.02620087336245e-01 
 -6.12555227680295e-03  -2.11915115205172e-02   0.00000000000000e+00   1.04803493449782e-01 
 -6.31714487658041e-03  -2.12235785838177e-02   0.00000000000000e+00   1.06986899563319e-01 
 -6.51835622622530e-03  -2.12426332037561e-02   0.00000000000000e+00   1.09170305676856e-01 
 -6.72912373840086e-03  -2.12470077239848e-02   0.00000000000000e+00   1.11353711790393e-01 
 -6.94938482577034e-03  -2.12350344881566e-02   0.00000000000000e+00   1.13537117903930e-01 
 -7.17907690099701e-03  -2.12050458399240e-02   0.00000000000000e+00   1.15720524017467e-01 
 -7.41813737674411e-03  -2.11553741229397e-02   0.00000000000000e+00   1.17903930131004e-01 
 -7.66650366567488e-03  -2.10843516808563e-02   0.00000000000000e+00   1.20087336244541e-01 
 -7.92334282062217e-03  -2.09910051916371e-02   0.00000000000000e+00   1.22270742358079e-01 
 -8.18461142589205e-03  -2.08772549660176e-02   0.00000000000000e+00   1.24454148471616e-01 
 -8.44542985203791e-03  -2.07457750039532e-02   0.00000000000000e+00   1.26637554585153e-01 
 -8.70091846756145e-03  -2.05992393072485e-02   0.00000000000000e+00   1.28820960698690e-01 
 -8.94693905856160e-03  -2.04402004063787e-02   0.00000000000000e+00   1.31004366812227e-01 
 -9.18268814940766e-03  -2.02706644796794e-02   0.00000000000000e+00   1.33187772925764e-01 
 -9.40829941675486e-03  -2.00924841656533e-02   0.00000000000000e+00   1.35371179039301e-01 
 -9.62390658706170e-03  -1.99075120946438e-02   0.00000000000000e+00   1.37554585152838e-01 
 -9.82964338678665e-03  -1.97176008969939e-02   0.00000000000000e+00   1.39737991266376e-01 
 -1.00256435423882e-02  -1.95246032030468e-02   0.00000000000000e+00   1.41921397379913e-01 
 -1.02120407803248e-02  -1.93303716431457e-02   0.00000000000000e+00   1.44104803493450e-01 
 -1.03889688270549e-02  -1.91367588476338e-02   0.00000000000000e+00   1.46288209606987e-01 
 -1.05567312085761e-02  -1.89448692980489e-02   0.00000000000000e+00   1.48471615720524e-01 
 -1.07165218756111e-02  -1.87518842014685e-02   0.00000000000000e+00   1.50655021834061e-01 
 -1.08698256543089e-02  -1.85537031472250e-02   0.00000000000000e+00   1.52838427947598e-01 
 -1.10181275341428e-02  -1.83462250050296e-02   0.00000000000000e+00   1.55021834061135e-01 
 -1.11624668707952e-02  -1.81257273907989e-02   0.00000000000000e+00   1.57205240174672e-01 
 -1.13013576567451e-02  -1.78906342382311e-02   0.00000000000000e+00   1.59388646288210e-01 
 -1.14324253563717e-02  -1.76401246451359e-02   0.00000000000000e+00   1.61572052401747e-01 
 -1.15532944495003e-02  -1.73733785460998e-02   0.00000000000000e+00   1.63755458515284e-01 
 -1.16617591767801e-02  -1.70900286663761e-02   0.00000000000000e+00   1.65938864628821e-01 
 -1.17566541884892e-02  -1.67924827399521e-02   0.00000000000000e+00   1.68122270742358e-01 
 -1.18372080932763e-02  -1.64841992772487e-02   0.00000000000000e+00   1.70305676855895e-01 
 -1.19026502436258e-02  -1.61686387726649e-02   0.00000000000000e+00   1.72489082969432e-01 
 -1.19522099920219e-02  -1.58492617205999e-02   0.00000000000000e+00   1.74672489082969e-01 
 -1.19851166909490e-02  -1.55295286154528e-02   0.00000000000000e+00   1.76855895196507e-01 
 -1.20005996928914e-02  -1.52128999516228e-02   0.00000000000000e+00   1.79039301310044e-01 
 -1.19978883503332e-02  -1.49028362235090e-02   0.00000000000000e+00   1.81222707423581e-01 
 -1.19764317063222e-02  -1.46024989183068e-02   0.00000000000000e+00   1.83406113537118e-01 
 -1.19372583895288e-02  -1.43128996471635e-02   0.00000000000000e+00   1.85589519650655e-01 
 -1.18820881210789e-02  -1.40341094181372e-02   0.00000000000000e+00   1.87772925764192e-01 
 -1.18126435360919e-02  -1.37661952732298e-02   0.00000000000000e+00   1.89956331877729e-01 
 -1.17306472696874e-02  -1.35092242544431e-02   0.00000000000000e+00   1.92139737991266e-01 
 -1.16378219569849e-02  -1.32632634037789e-02   0.00000000000000e+00   1.94323144104803e-01 
 -1.15358902331039e-02  -1.30283797632391e-02   0.00000000000000e+00   1.96506550218341e-01 
 -1.14265747331639e-02  -1.28046403748257e-02   0.00000000000000e+00   1.98689956331878e-01 
 -1.13114920247329e-02  -1.25920773436422e-02   0.00000000000000e+00   2.00873362445415e-01 
 -1.11913591683890e-02  -1.23904264920590e-02   0.00000000000000e+00   2.03056768558952e-01 
 -1.10664399209794e-02  -1.21992743316906e-02   0.00000000000000e+00   2.05240174672489e-01 
 -1.09369945771494e-02  -1.20182062337593e-02   0.00000000000000e+00   2.07423580786026e-01 
 -1.08032834315439e-02  -1.18468075694875e-02   0.00000000000000e+00   2.09606986899563e-01 
 -1.06655667788081e-02  -1.16846637100974e-02   0.00000000000000e+00   2.11790393013100e-01 
 -1.05241049135871e-02  -1.15313600268115e-02   0.00000000000000e+00   2.13973799126638e-01 
 -1.03791581305260e-02  -1.13864818908520e-02   0.00000000000000e+00   2.16157205240175e-01 
 -1.02309867242699e-02  -1.12496146734414e-02   0.00000000000000e+00   2.18340611353712e-01 
 -1.00798509894639e-02  -1.11203437458018e-02   0.00000000000000e+00   2.20524017467249e-01 
 -9.92601122075304e-03  -1.09982544791558e-02   0.00000000000000e+00   2.22707423580786e-01 
 -9.76972771278250e-03  -1.08829322447256e-02   0.00000000000000e+00   2.24890829694323e-01 
 -9.61126076019735e-03  -1.07739624137335e-02   0.00000000000000e+00   2.27074235807860e-01 
 -9.45087065764269e-03  -1.06709303574019e-02   0.00000000000000e+00   2.29257641921397e-01 
 -9.28881769976363e-03  -1.05734214469532e-02   0.00000000000000e+00   2.31441048034934e-01 
 -9.12536218120527e-03  -1.04810210536096e-02   0.00000000000000e+00   2.33624454148472e-01 
 -8.96075655680242e-03  -1.03933252398510e-02   0.00000000000000e+00   2.35807860262009e-01 
 -8.79515861024179e-03  -1.03100591725068e-02   0.00000000000000e+00   2.37991266375546e-01 
 -8.62866332630651e-03  -1.02310336581376e-02   0.00000000000000e+00   2.40174672489083e-01 
 -8.46136456303449e-03  -1.01560610398615e-02   0.00000000000000e+00   2.42358078602620e-01 
 -8.29335617846364e-03  -1.00849536607968e-02   0.00000000000000e+00   2.44541484716157e-01 
 -8.12473203063188e-03  -1.00175238640619e-02   0.00000000000000e+00   2.46724890829694e-01 
 -7.95558597757713e-03  -9.95358399277496e-03   0.00000000000000e+00   2.48908296943231e-01 
 -7.78601187733731e-03  -9.89294639005437e-03   0.00000000000000e+00   2.51091703056769e-01 
 -7.61610358795031e-03  -9.83542339901839e-03   0.00000000000000e+00   2.53275109170306e-01 
 -7.44595496745406e-03  -9.78082736278530e-03   0.00000000000000e+00   2.55458515283843e-01 
 -7.27565987388648e-03  -9.72897062447341e-03   0.00000000000000e+00   2.57641921397380e-01 
 -7.10531216528548e-03  -9.67966552720099e-03   0.00000000000000e+00   2.59825327510917e-01 
 -6.93500569968897e-03  -9.63272441408635e-03   0.00000000000000e+00   2.62008733624454e-01 
 -6.76483433513487e-03  -9.58795962824776e-03   0.00000000000000e+00   2.64192139737991e-01 
 -6.59489192966109e-03  -9.54518351280353e-03   0.00000000000000e+00   2.66375545851528e-01 
 -6.42527234130555e-03  -9.50420841087195e-03   0.00000000000000e+00   2.68558951965065e-01 
 -6.25606942810616e-03  -9.46484666557130e-03   0.00000000000000e+00   2.70742358078603e-01 
 -6.08737704810084e-03  -9.42691062001988e-03   0.00000000000000e+00   2.72925764192140e-01 
 -5.91929578150250e-03  -9.39019275705266e-03   0.00000000000000e+00   2.75109170305677e-01 
 -5.75205412206922e-03  -9.35410764621820e-03   0.00000000000000e+00   2.77292576419214e-01 
 -5.58599519865319e-03  -9.31773117420622e-03   0.00000000000000e+00   2.79475982532751e-01 
 -5.42146619658711e-03  -9.28012724306574e-03   0.00000000000000e+00   2.81659388646288e-01 
 -5.25881430120369e-03  -9.24035975484577e-03   0.00000000000000e+00   2.83842794759825e-01 
 -5.09838669783564e-03  -9.19749261159535e-03   0.00000000000000e+00   2.86026200873362e-01 
 -4.94051932048615e-03  -9.15061114198355e-03   0.00000000000000e+00   2.88209606986900e-01 
 -4.78529400814052e-03  -9.09928456393098e-03   0.00000000000000e+00   2.90393013100437e-01 
 -4.63254108091294e-03  -9.04356107869018e-03   0.00000000000000e+00   2.92576419213974e-01 
 -4.48208012283419e-03  -8.98350933291786e-03   0.00000000000000e+00   2.94759825327511e-01 
 -4.33373071793508e-03  -8.91919797327073e-03   0.00000000000000e+00   2.96943231441048e-01 
 -4.18731245024642e-03  -8.85069564640550e-03   0.00000000000000e+00   2.99126637554585e-01 
 -4.04264490379902e-03  -8.77807099897889e-03   0.00000000000000e+00   3.01310043668122e-01 
 -3.89954766262368e-03  -8.70139267764761e-03   0.00000000000000e+00   3.03493449781659e-01 
 -3.75784431941881e-03  -8.62073381654795e-03   0.00000000000000e+00   3.05676855895196e-01 
 -3.61747463934901e-03  -8.53629759840597e-03   0.00000000000000e+00   3.07860262008734e-01 
 -3.47850968118178e-03  -8.44843418180575e-03   0.00000000000000e+00   3.10043668122271e-01 
 -3.34102755078056e-03  -8.35750161416191e-03   0.00000000000000e+00   3.12227074235808e-01 
 -3.20510635400883e-03  -8.26385794288904e-03   0.00000000000000e+00   3.14410480349345e-01 
 -3.07082419673005e-03  -8.16786121540173e-03   0.00000000000000e+00   3.16593886462882e-01 
 -2.93825918480769e-03  -8.06986947911459e-03   0.00000000000000e+00   3.18777292576419e-01 
 -2.80748942410520e-03  -7.97024078144220e-03   0.00000000000000e+00   3.20960698689956e-01 
 -2.67859302048606e-03  -7.86933316979918e-03   0.00000000000000e+00   3.23144104803493e-01 
 -2.55164807981373e-03  -7.76750469160012e-03   0.00000000000000e+00   3.25327510917031e-01 
 -2.42673270795167e-03  -7.66511339425962e-03   0.00000000000000e+00   3.27510917030568e-01 
 -2.30392501076334e-03  -7.56251732519228e-03   0.00000000000000e+00   3.29694323144105e-01 
 -2.18330309411222e-03  -7.46007453181269e-03   0.00000000000000e+00   3.31877729257642e-01 
 -2.06494506386177e-03  -7.35814306153545e-03   0.00000000000000e+00   3.34061135371179e-01 
 -1.94892902587544e-03  -7.25708096177516e-03   0.00000000000000e+00   3.36244541484716e-01 
 -1.83533308601672e-03  -7.15724627994643e-03   0.00000000000000e+00   3.38427947598253e-01 
 -1.72423090249849e-03  -7.05900604049387e-03   0.00000000000000e+00   3.40611353711790e-01 
 -1.61546120889959e-03  -6.96320143404666e-03   0.00000000000000e+00   3.42794759825327e-01 
 -1.50851586925279e-03  -6.87137376431412e-03   0.00000000000000e+00   3.44978165938865e-01 
 -1.40285883967570e-03  -6.78512066366482e-03   0.00000000000000e+00   3.47161572052402e-01 
 -1.29795649887961e-03  -6.70599664944236e-03   0.00000000000000e+00   3.49344978165939e-01 
 -1.19342836747575e-03  -6.63283076468548e-03   0.00000000000000e+00   3.51528384279476e-01 
 -1.08913592479146e-03  -6.56014590066171e-03   0.00000000000000e+00   3.53711790393013e-01 
 -9.84962009524720e-04  -6.48208481481567e-03   0.00000000000000e+00   3.55895196506550e-01 
 -8.80865715889012e-04  -6.39282984882593e-03   0.00000000000000e+00   3.58078602620087e-01 
 -7.82668937389578e-04  -6.28960672316716e-03   0.00000000000000e+00   3.60262008733624e-01 
 -7.06110497493289e-04  -6.17478903612208e-03   0.00000000000000e+00   3.62445414847162e-01 
 -6.67887203497088e-04  -6.05124767532795e-03   0.00000000000000e+00   3.64628820960699e-01 
 -6.84583434959806e-04  -5.92186188490681e-03   0.00000000000000e+00   3.66812227074236e-01 
 -7.62065789641476e-04  -5.79030753606171e-03   0.00000000000000e+00   3.68995633187773e-01 
 -8.86780990293622e-04  -5.66170393284695e-03   0.00000000000000e+00   3.71179039301310e-01 
 -1.04312772235703e-03  -5.54132260503061e-03   0.00000000000000e+00   3.73362445414847e-01 
 -1.21554163848918e-03  -5.43441603475591e-03   0.00000000000000e+00   3.75545851528384e-01 
 -1.39293142456914e-03  -5.34393194155801e-03   0.00000000000000e+00   3.77729257641921e-01 
 -1.57289306240213e-03  -5.26834185312988e-03   0.00000000000000e+00   3.79912663755459e-01 
 -1.75402064864449e-03  -5.20560301129329e-03   0.00000000000000e+00   3.82096069868996e-01 
 -1.93490827995253e-03  -5.15367265786998e-03   0.00000000000000e+00   3.84279475982533e-01 
 -2.11415005298257e-03  -5.11050803468173e-03   0.00000000000000e+00   3.86462882096070e-01 
 -2.29034006439096e-03  -5.07406638355030e-03   0.00000000000000e+00   3.88646288209607e-01 
 -2.46207269528383e-03  -5.04230518059825e-03   0.00000000000000e+00   3.90829694323144e-01 
 -2.62839288475763e-03  -5.01355302578043e-03   0.00000000000000e+00   3.93013100436681e-01 
 -2.78970908742064e-03  -4.98726164440497e-03   0.00000000000000e+00   3.95196506550218e-01 
 -2.94668670035603e-03  -4.96309440484932e-03   0.00000000000000e+00   3.97379912663755e-01 
 -3.09999112064702e-03  -4.94071467549093e-03   0.00000000000000e+00   3.99563318777293e-01 
 -3.25028774537680e-03  -4.91978582470723e-03   0.00000000000000e+00   4.01746724890830e-01 
 -3.39824197162855e-03  -4.89997122087568e-03   0.00000000000000e+00   4.03930131004367e-01 
 -3.54451919648549e-03  -4.88093423237372e-03   0.00000000000000e+00   4.06113537117904e-01 
 -3.68971964099474e-03  -4.86233021962978e-03   0.00000000000000e+00   4.08296943231441e-01 
 -3.83412892389138e-03  -4.84377588899910e-03   0.00000000000000e+00   4.10480349344978e-01 
 -3.97793786415904e-03  -4.82487629912677e-03   0.00000000000000e+00   4.12663755458515e-01 
 -4.12133726146997e-03  -4.80523650628516e-03   0.00000000000000e+00   4.14847161572052e-01 
 -4.26451791549641e-03  -4.78446156674666e-03   0.00000000000000e+00   4.17030567685589e-01 
 -4.40767062591058e-03  -4.76215653678365e-03   0.00000000000000e+00   4.19213973799127e-01 
 -4.55098619238473e-03  -4.73792647266851e-03   0.00000000000000e+00   4.21397379912664e-01 
 -4.69465541459109e-03  -4.71137643067360e-03   0.00000000000000e+00   4.23580786026201e-01 
 -4.83886909220189e-03  -4.68211146707132e-03   0.00000000000000e+00   4.25764192139738e-01 
 -4.98381802488938e-03  -4.64973663813403e-03   0.00000000000000e+00   4.27947598253275e-01 
 -5.12969301232579e-03  -4.61385700013411e-03   0.00000000000000e+00   4.30131004366812e-01 
 -5.27668485418335e-03  -4.57407760934396e-03   0.00000000000000e+00   4.32314410480349e-01 
 -5.42498435013431e-03  -4.53000352203593e-03   0.00000000000000e+00   4.34497816593886e-01 
 -5.57478229985089e-03  -4.48123979448241e-03   0.00000000000000e+00   4.36681222707424e-01 
 -5.72623487359358e-03  -4.42739386453794e-03   0.00000000000000e+00   4.38864628820961e-01 
 -5.87902811272890e-03  -4.36810550241649e-03   0.00000000000000e+00   4.41048034934498e-01 
 -6.03250924445877e-03  -4.30303777973189e-03   0.00000000000000e+00   4.43231441048035e-01 
 -6.18601801603218e-03  -4.23185428251974e-03   0.00000000000000e+00   4.45414847161572e-01 
 -6.33889417469811e-03  -4.15421859681562e-03   0.00000000000000e+00   4.47598253275109e-01 
 -6.49047746770554e-03  -4.06979430865512e-03   0.00000000000000e+00   4.49781659388646e-01 
 -6.64010764230346e-03  -3.97824500407381e-03   0.00000000000000e+00   4.51965065502183e-01 
 -6.78714642949174e-03  -3.87924952455266e-03   0.00000000000000e+00   4.54148471615720e-01 
 -6.93154389755367e-03  -3.77289498345147e-03   0.00000000000000e+00   4.56331877729258e-01 
 -7.07388843822019e-03  -3.65971145350156e-03   0.00000000000000e+00   4.58515283842795e-01 
 -7.21480044504985e-03  -3.54025121484256e-03   0.00000000000000e+00   4.60698689956332e-01 
 -7.35490031160117e-03  -3.41506654761410e-03   0.00000000000000e+00   4.62882096069869e-01 
 -7.49480843143270e-03  -3.28470973195582e-03   0.00000000000000e+00   4.65065502183406e-01 
 -7.63514519810296e-03  -3.14973304800735e-03   0.00000000000000e+00   4.67248908296943e-01 
 -7.77651977114645e-03  -3.01067748593186e-03   0.00000000000000e+00   4.69432314410480e-01 
 -7.91875393981945e-03  -2.86729274402216e-03   0.00000000000000e+00   4.71615720524017e-01 
 -8.06037901856667e-03  -2.71803161839474e-03   0.00000000000000e+00   4.73799126637555e-01 
 -8.19980670194466e-03  -2.56122668949674e-03   0.00000000000000e+00   4.75982532751092e-01 
 -8.33544868450994e-03  -2.39521053777529e-03   0.00000000000000e+00   4.78165938864629e-01 
 -8.46571666081905e-03  -2.21831574367750e-03   0.00000000000000e+00   4.80349344978166e-01 
 -8.58902232542853e-03  -2.02887488765051e-03   0.00000000000000e+00   4.82532751091703e-01 
 -8.70377737289493e-03  -1.82522055014143e-03   0.00000000000000e+00   4.84716157205240e-01 
 -8.80839349777476e-03  -1.60568531159740e-03   0.00000000000000e+00   4.86899563318777e-01 
 -8.90128239462458e-03  -1.36860175246554e-03   0.00000000000000e+00   4.89082969432314e-01 
 -8.98085575800091e-03  -1.11230245319297e-03   0.00000000000000e+00   4.91266375545852e-01 
 -9.04552242959729e-03  -8.35479625621334e-04   0.00000000000000e+00   4.93449781659389e-01 
 -9.09364463425664e-03  -5.42701993334782e-04   0.00000000000000e+00   4.95633187772926e-01 
 -9.12354658874300e-03  -2.43329571462726e-04   0.00000000000000e+00   4.97816593886463e-01 
 -9.13355140124037e-03   5.31378774716243e-05   0.00000000000000e+00   5.00000000000000e-01 
 -9.12253217258623e-03   3.38830171893950e-04   0.00000000000000e+00   5.02183406113537e-01 
 -9.09156197423183e-03   6.12395454025565e-04   0.00000000000000e+00   5.04366812227074e-01 
 -9.04226387028188e-03   8.74111447036639e-04   0.00000000000000e+00   5.06550218340611e-01 
 -8.97626092484106e-03   1.12425587409739e-03   0.00000000000000e+00   5.08733624454148e-01 
 -8.89517620201408e-03   1.36310645837799e-03   0.00000000000000e+00   5.10917030567686e-01 
 -8.80063276590565e-03   1.59094092304864e-03   0.00000000000000e+00   5.13100436681223e-01 
 -8.69425368062045e-03   1.80803699127956e-03   0.00000000000000e+00   5.15283842794760e-01 
 -8.57766201026320e-03   2.01467238624091e-03   0.00000000000000e+00   5.17467248908297e-01 
 -8.45248081893858e-03   2.21112483110291e-03   0.00000000000000e+00   5.19650655021834e-01 
 -8.32033317075131e-03   2.39767204903573e-03   0.00000000000000e+00   5.21834061135371e-01 
 -8.18284212980607e-03   2.57459176320959e-03   0.00000000000000e+00   5.24017467248908e-01 
 -8.04163076020759e-03   2.74216169679466e-03   0.00000000000000e+00   5.26200873362445e-01 
 -7.89832212606053e-03   2.90065957296116e-03   0.00000000000000e+00   5.28384279475983e-01 
 -7.75453929146963e-03   3.05036311487927e-03   0.00000000000000e+00   5.30567685589520e-01 
 -7.61178636204962e-03   3.19155965693314e-03   0.00000000000000e+00   5.32751091703057e-01 
 -7.47028410385331e-03   3.32464022052504e-03   0.00000000000000e+00   5.34934497816594e-01 
 -7.32947026615637e-03   3.45005909065264e-03   0.00000000000000e+00   5.37117903930131e-01 
 -7.18877142632521e-03   3.56827145494449e-03   0.00000000000000e+00   5.39301310043668e-01 
 -7.04761416172623e-03   3.67973250102915e-03   0.00000000000000e+00   5.41484716157205e-01 
 -6.90542504972584e-03   3.78489741653519e-03   0.00000000000000e+00   5.43668122270742e-01 
 -6.76163066769045e-03   3.88422138909117e-03   0.00000000000000e+00   5.45851528384279e-01 
 -6.61568499261796e-03   3.97814581553743e-03   0.00000000000000e+00   5.48034934497817e-01 
 -6.46758852739446e-03   4.06683701519082e-03   0.00000000000000e+00   5.50218340611354e-01 
 -6.31784550316093e-03   4.15020777075838e-03   0.00000000000000e+00   5.52401746724891e-01 
 -6.16697897331694e-03   4.22816139132404e-03   0.00000000000000e+00   5.54585152838428e-01 
 -6.01551199126203e-03   4.30060118597174e-03   0.00000000000000e+00   5.56768558951965e-01 
 -5.86396761039578e-03   4.36743046378540e-03   0.00000000000000e+00   5.58951965065502e-01 
 -5.71286888411774e-03   4.42855253384897e-03   0.00000000000000e+00   5.61135371179039e-01 
 -5.56273281411457e-03   4.48387573831698e-03   0.00000000000000e+00   5.63318777292576e-01 
 -5.41380228189366e-03   4.53353639880057e-03   0.00000000000000e+00   5.65502183406113e-01 
 -5.26593980760151e-03   4.57798717471785e-03   0.00000000000000e+00   5.67685589519651e-01 
 -5.11897989419542e-03   4.61770402673964e-03   0.00000000000000e+00   5.69868995633188e-01 
 -4.97275704463268e-03   4.65316291553679e-03   0.00000000000000e+00   5.72052401746725e-01 
 -4.82710576187059e-03   4.68483980178011e-03   0.00000000000000e+00   5.74235807860262e-01 
 -4.68186054886643e-03   4.71321064614042e-03   0.00000000000000e+00   5.76419213973799e-01 
 -4.53685590857751e-03   4.73875140928857e-03   0.00000000000000e+00   5.78602620087336e-01 
 -4.39192634396112e-03   4.76193805189537e-03   0.00000000000000e+00   5.80786026200873e-01 
 -4.24690635797456e-03   4.78324653463165e-03   0.00000000000000e+00   5.82969432314410e-01 
 -4.10163045357511e-03   4.80315281816824e-03   0.00000000000000e+00   5.85152838427948e-01 
 -3.95593313372007e-03   4.82213286317597e-03   0.00000000000000e+00   5.87336244541485e-01 
 -3.80964890136675e-03   4.84066263032566e-03   0.00000000000000e+00   5.89519650655022e-01 
 -3.66261225947241e-03   4.85921808028815e-03   0.00000000000000e+00   5.91703056768559e-01 
 -3.51465768910928e-03   4.87827516379705e-03   0.00000000000000e+00   5.93886462882096e-01 
 -3.36551223739878e-03   4.89826104988465e-03   0.00000000000000e+00   5.96069868995633e-01 
 -3.21454642131537e-03   4.91944102070264e-03   0.00000000000000e+00   5.98253275109170e-01 
 -3.06105689562450e-03   4.94204682036193e-03   0.00000000000000e+00   6.00436681222707e-01 
 -2.90434031509166e-03   4.96631019297346e-03   0.00000000000000e+00   6.02620087336245e-01 
 -2.74369333448231e-03   4.99246288264815e-03   0.00000000000000e+00   6.04803493449782e-01 
 -2.57841260856195e-03   5.02073663349694e-03   0.00000000000000e+00   6.06986899563319e-01 
 -2.40779479209603e-03   5.05136318963075e-03   0.00000000000000e+00   6.09170305676856e-01 
 -2.23148397180749e-03   5.08482551949294e-03   0.00000000000000e+00   6.11353711790393e-01 
 -2.05096795007359e-03   5.12293976259675e-03   0.00000000000000e+00   6.13537117903930e-01 
 -1.86834376386606e-03   5.16796258947455e-03   0.00000000000000e+00   6.15720524017467e-01 
 -1.68570883478342e-03   5.22215094877819e-03   0.00000000000000e+00   6.17903930131004e-01 
 -1.50516058442419e-03   5.28776178915955e-03   0.00000000000000e+00   6.20087336244541e-01 
 -1.32879643438689e-03   5.36705205927050e-03   0.00000000000000e+00   6.22270742358079e-01 
 -1.15871380627004e-03   5.46227870776292e-03   0.00000000000000e+00   6.24454148471616e-01 
 -9.97730461578000e-04   5.57510081027486e-03   0.00000000000000e+00   6.26637554585153e-01 
 -8.54933786921328e-04   5.70197373287979e-03   0.00000000000000e+00   6.28820960698690e-01 
 -7.42639358858915e-04   5.83667348481153e-03   0.00000000000000e+00   6.31004366812227e-01 
 -6.73189433205433e-04   5.97295393185892e-03   0.00000000000000e+00   6.33187772925764e-01 
 -6.58926265775540e-04   6.10456893981083e-03   0.00000000000000e+00   6.35371179039301e-01 
 -7.11607484374555e-04   6.22532953367849e-03   0.00000000000000e+00   6.37554585152838e-01 
 -8.17773546007813e-04   6.33151222738360e-03   0.00000000000000e+00   6.39737991266376e-01 
 -9.31636877143995e-04   6.42295630834420e-03   0.00000000000000e+00   6.41921397379913e-01 
 -1.03483923441179e-03   6.50298668090488e-03   0.00000000000000e+00   6.44104803493450e-01 
 -1.13240475773230e-03   6.57746849725359e-03   0.00000000000000e+00   6.46288209606987e-01 
 -1.22998149526200e-03   6.65233468658367e-03   0.00000000000000e+00   6.48471615720524e-01 
 -1.33200437782153e-03   6.73228670964139e-03   0.00000000000000e+00   6.50655021834061e-01 
 -1.43827801471263e-03   6.81732566169165e-03   0.00000000000000e+00   6.52838427947598e-01 
 -1.54750245167318e-03   6.90633136544269e-03   0.00000000000000e+00   6.55021834061135e-01 
 -1.65839712502442e-03   6.99819479686236e-03   0.00000000000000e+00   6.57205240174672e-01 
 -1.77029173740675e-03   7.09215795068761e-03   0.00000000000000e+00   6.59388646288210e-01 
 -1.88323446062681e-03   7.18787607756424e-03   0.00000000000000e+00   6.61572052401747e-01 
 -1.99731467854748e-03   7.28502813287937e-03   0.00000000000000e+00   6.63755458515284e-01 
 -2.11262177503161e-03   7.38329307202012e-03   0.00000000000000e+00   6.65938864628821e-01 
 -2.22924513394205e-03   7.48234985037361e-03   0.00000000000000e+00   6.68122270742358e-01 
 -2.34727413914167e-03   7.58187742332697e-03   0.00000000000000e+00   6.70305676855895e-01 
 -2.46679817449333e-03   7.68155474626732e-03   0.00000000000000e+00   6.72489082969432e-01 
 -2.58790662385989e-03   7.78106077458179e-03   0.00000000000000e+00   6.74672489082969e-01 
 -2.71068887110419e-03   7.88007446365749e-03   0.00000000000000e+00   6.76855895196506e-01 
 -2.83523430008912e-03   7.97827476888156e-03   0.00000000000000e+00   6.79039301310044e-01 
 -2.96163229467752e-03   8.07534064564111e-03   0.00000000000000e+00   6.81222707423581e-01 
 -3.08997223873225e-03   8.17095104932327e-03   0.00000000000000e+00   6.83406113537118e-01 
 -3.22034351611617e-03   8.26478493531516e-03   0.00000000000000e+00   6.85589519650655e-01 
 -3.35283545986394e-03   8.35652119814184e-03   0.00000000000000e+00   6.87772925764192e-01 
 -3.48750055256321e-03   8.44579460732979e-03   0.00000000000000e+00   6.89956331877729e-01 
 -3.62428946791154e-03   8.53211802568529e-03   0.00000000000000e+00   6.92139737991266e-01 
 -3.76313544553290e-03   8.61498344032562e-03   0.00000000000000e+00   6.94323144104803e-01 
 -3.90397172505129e-03   8.69388283836810e-03   0.00000000000000e+00   6.96506550218341e-01 
 -4.04673154609070e-03   8.76830820692999e-03   0.00000000000000e+00   6.98689956331878e-01 
 -4.19135204261722e-03   8.83781770033522e-03   0.00000000000000e+00   7.00873362445415e-01 
 -4.33780337460610e-03   8.90253060460095e-03   0.00000000000000e+00   7.03056768558952e-01 
 -4.48607234538646e-03   8.96284898630417e-03   0.00000000000000e+00   7.05240174672489e-01 
 -4.63614588540456e-03   9.01917707181760e-03   0.00000000000000e+00   7.07423580786026e-01 
 -4.78801092510664e-03   9.07191908751396e-03   0.00000000000000e+00   7.09606986899563e-01 
 -4.94165439493894e-03   9.12147925976598e-03   0.00000000000000e+00   7.11790393013100e-01 
 -5.09706322534770e-03   9.16826181494636e-03   0.00000000000000e+00   7.13973799126637e-01 
 -5.25422434677917e-03   9.21267097942784e-03   0.00000000000000e+00   7.16157205240175e-01 
 -5.41312468967959e-03   9.25511097958313e-03   0.00000000000000e+00   7.18340611353712e-01 
 -5.57375118449521e-03   9.29598604178494e-03   0.00000000000000e+00   7.20524017467249e-01 
 -5.73609076167227e-03   9.33570039240601e-03   0.00000000000000e+00   7.22707423580786e-01 
 -5.90013035165700e-03   9.37465825781905e-03   0.00000000000000e+00   7.24890829694323e-01 
 -6.06585688489567e-03   9.41326386439678e-03   0.00000000000000e+00   7.27074235807860e-01 
 -6.23325729183450e-03   9.45192143851192e-03   0.00000000000000e+00   7.29257641921397e-01 
 -6.40231850291975e-03   9.49103520653720e-03   0.00000000000000e+00   7.31441048034934e-01 
 -6.57302744859765e-03   9.53100939484532e-03   0.00000000000000e+00   7.33624454148472e-01 
 -6.74535137748526e-03   9.57225028767589e-03   0.00000000000000e+00   7.35807860262009e-01 
 -6.91901986645749e-03   9.61518901943855e-03   0.00000000000000e+00   7.37991266375546e-01 
 -7.09360483585811e-03   9.66027320858766e-03   0.00000000000000e+00   7.40174672489083e-01 
 -7.26867537733910e-03   9.70795076933617e-03   0.00000000000000e+00   7.42358078602620e-01 
 -7.44380058255246e-03   9.75866961589707e-03   0.00000000000000e+00   7.44541484716157e-01 
 -7.61854954315014e-03   9.81287766248333e-03   0.00000000000000e+00   7.46724890829694e-01 
 -7.79249135078415e-03   9.87102282330793e-03   0.00000000000000e+00   7.48908296943231e-01 
 -7.96520515308886e-03   9.93353884990915e-03   0.00000000000000e+00   7.51091703056769e-01 
 -8.13650138529356e-03   1.00005337523073e-02   0.00000000000000e+00   7.53275109170306e-01 
 -8.30642177022249e-03   1.00717897990045e-02   0.00000000000000e+00   7.55458515283843e-01 
 -8.47501808668227e-03   1.01470750958285e-02   0.00000000000000e+00   7.57641921397380e-01 
 -8.64234211347954e-03   1.02261577486067e-02   0.00000000000000e+00   7.59825327510917e-01 
 -8.80844562942089e-03   1.03088058631668e-02   0.00000000000000e+00   7.62008733624454e-01 
 -8.97338041331298e-03   1.03947875453363e-02   0.00000000000000e+00   7.64192139737991e-01 
 -9.13719605123635e-03   1.04838776938631e-02   0.00000000000000e+00   7.66375545851528e-01 
 -9.29981991815473e-03   1.05762298094541e-02   0.00000000000000e+00   7.68558951965066e-01 
 -9.46099515226818e-03   1.06725681461277e-02   0.00000000000000e+00   7.70742358078603e-01 
 -9.62044963495043e-03   1.07736642225415e-02   0.00000000000000e+00   7.72925764192140e-01 
 -9.77791124757515e-03   1.08802895573531e-02   0.00000000000000e+00   7.75109170305677e-01 
 -9.93310787151605e-03   1.09932156692203e-02   0.00000000000000e+00   7.77292576419214e-01 
 -1.00857673881468e-02   1.11132140768007e-02   0.00000000000000e+00   7.79475982532751e-01 
 -1.02356179067509e-02   1.12410557914702e-02   0.00000000000000e+00   7.81659388646288e-01 
 -1.03824445224866e-02   1.13773849853858e-02   0.00000000000000e+00   7.83842794759825e-01 
 -1.05261640201342e-02   1.15225527158094e-02   0.00000000000000e+00   7.86026200873362e-01 
 -1.06667117295734e-02   1.16768687623014e-02   0.00000000000000e+00   7.88209606986900e-01 
 -1.08040229806838e-02   1.18406429044219e-02   0.00000000000000e+00   7.90393013100437e-01 
 -1.09380331033452e-02   1.20141849217314e-02   0.00000000000000e+00   7.92576419213974e-01 
 -1.10686774274372e-02   1.21978045937900e-02   0.00000000000000e+00   7.94759825327511e-01 
 -1.11958912745631e-02   1.23918116991079e-02   0.00000000000000e+00   7.96943231441048e-01 
 -1.13193125696339e-02   1.25964782812572e-02   0.00000000000000e+00   7.99126637554585e-01 
 -1.14374959945439e-02   1.28119389373982e-02   0.00000000000000e+00   8.01310043668122e-01 
 -1.15487496682827e-02   1.30382969797574e-02   0.00000000000000e+00   8.03493449781659e-01 
 -1.16513817098399e-02   1.32756557205611e-02   0.00000000000000e+00   8.05676855895196e-01 
 -1.17437002382051e-02   1.35241184720355e-02   0.00000000000000e+00   8.07860262008734e-01 
 -1.18240133723676e-02   1.37837885464069e-02   0.00000000000000e+00   8.10043668122271e-01 
 -1.18906292313172e-02   1.40547692559016e-02   0.00000000000000e+00   8.12227074235808e-01 
 -1.19420067528084e-02   1.43369492327924e-02   0.00000000000000e+00   8.14410480349345e-01 
 -1.19774856034193e-02   1.46289634535291e-02   0.00000000000000e+00   8.16593886462882e-01 
 -1.19967242357475e-02   1.49289931249808e-02   0.00000000000000e+00   8.18777292576419e-01 
 -1.19993815420955e-02   1.52352188281268e-02   0.00000000000000e+00   8.20960698689956e-01 
 -1.19851164147657e-02   1.55458211439471e-02   0.00000000000000e+00   8.23144104803493e-01 
 -1.19535877460605e-02   1.58589806534212e-02   0.00000000000000e+00   8.25327510917030e-01 
 -1.19044544282824e-02   1.61728779375288e-02   0.00000000000000e+00   8.27510917030568e-01 
 -1.18375126901659e-02   1.64856079415602e-02   0.00000000000000e+00   8.29694323144105e-01 
 -1.17538873919405e-02   1.67944371469201e-02   0.00000000000000e+00   8.31877729257642e-01 
 -1.16554484329743e-02   1.70961674682605e-02   0.00000000000000e+00   8.34061135371179e-01 
 -1.15440739413076e-02   1.73875956892712e-02   0.00000000000000e+00   8.36244541484716e-01 
 -1.14216420449809e-02   1.76655185936421e-02   0.00000000000000e+00   8.38427947598253e-01 
 -1.12900308720347e-02   1.79267329650627e-02   0.00000000000000e+00   8.40611353711790e-01 
 -1.11511185505093e-02   1.81680355872231e-02   0.00000000000000e+00   8.42794759825327e-01 
 -1.10067141973064e-02   1.83865649603823e-02   0.00000000000000e+00   8.44978165938865e-01 
 -1.08574238256731e-02   1.85854168905354e-02   0.00000000000000e+00   8.47161572052402e-01 
 -1.07028315349413e-02   1.87727473076381e-02   0.00000000000000e+00   8.49344978165939e-01 
 -1.05424889541815e-02   1.89568729218701e-02   0.00000000000000e+00   8.51528384279476e-01 
 -1.03756930950330e-02   1.91445875658387e-02   0.00000000000000e+00   8.53711790393013e-01 
 -1.02006736149247e-02   1.93363011816947e-02   0.00000000000000e+00   8.55895196506550e-01 
 -1.00153805306840e-02   1.95307511693792e-02   0.00000000000000e+00   8.58078602620087e-01 
 -9.81780570109568e-03   1.97266528246150e-02   0.00000000000000e+00   8.60262008733624e-01 
 -9.60750913474984e-03   1.99218932712612e-02   0.00000000000000e+00   8.62445414847162e-01 
 -9.38605471312133e-03   2.01133013470772e-02   0.00000000000000e+00   8.64628820960699e-01 
 -9.15513695080875e-03   2.02976368998079e-02   0.00000000000000e+00   8.66812227074236e-01 
 -8.91645036241077e-03   2.04716597771981e-02   0.00000000000000e+00   8.68995633187773e-01 
 -8.67168946252601e-03   2.06321298269928e-02   0.00000000000000e+00   8.71179039301310e-01 
 -8.42254876575312e-03   2.07758068969368e-02   0.00000000000000e+00   8.73362445414847e-01 
 -8.17072365616881e-03   2.08994629010817e-02   0.00000000000000e+00   8.75545851528384e-01 
 -7.91801472469924e-03   2.10013297765685e-02   0.00000000000000e+00   8.77729257641921e-01 
 -7.66642688962263e-03   2.10824750425716e-02   0.00000000000000e+00   8.79912663755459e-01 
 -7.41798854512583e-03   2.11442920085419e-02   0.00000000000000e+00   8.82096069868996e-01 
 -7.17472808539559e-03   2.11881739839300e-02   0.00000000000000e+00   8.84279475982533e-01 
 -6.93867390461876e-03   2.12155142781868e-02   0.00000000000000e+00   8.86462882096070e-01 
 -6.71185439698213e-03   2.12277062007628e-02   0.00000000000000e+00   8.88646288209607e-01 
 -6.49629759526161e-03   2.12261429886159e-02   0.00000000000000e+00   8.90829694323144e-01 
 -6.29345907080483e-03   2.12121030522922e-02   0.00000000000000e+00   8.93013100436681e-01 
 -6.10306196527375e-03   2.11865173052424e-02   0.00000000000000e+00   8.95196506550218e-01 
 -5.92450295923244e-03   2.11502511781537e-02   0.00000000000000e+00   8.97379912663755e-01 
 -5.75717873324494e-03   2.11041701017134e-02   0.00000000000000e+00   8.99563318777293e-01 
 -5.60048596787530e-03   2.10491395066087e-02   0.00000000000000e+00   9.01746724890830e-01 
 -5.45382134368756e-03   2.09860248235268e-02   0.00000000000000e+00   9.03930131004367e-01 
 -5.31658154124578e-03   2.09156914831549e-02   0.00000000000000e+00   9.06113537117904e-01 
 -5.18816324111400e-03   2.08390049161802e-02   0.00000000000000e+00   9.08296943231441e-01 
 -5.06796312385626e-03   2.07568305532900e-02   0.00000000000000e+00   9.10480349344978e-01 
 -4.95537787003663e-03   2.06700338251713e-02   0.00000000000000e+00   9.12663755458515e-01 
 -4.84979781846004e-03   2.05795006461174e-02   0.00000000000000e+00   9.14847161572052e-01 
 -4.75029544595592e-03   2.04871436107636e-02   0.00000000000000e+00   9.17030567685589e-01 
 -4.65548353860358e-03   2.03963600948555e-02   0.00000000000000e+00   9.19213973799127e-01 
 -4.56410062455646e-03   2.03103003222871e-02   0.00000000000000e+00   9.21397379912664e-01 
 -4.47670376296861e-03   2.02280291711805e-02   0.00000000000000e+00   9.23580786026201e-01 
 -4.39499500550643e-03   2.01460392839806e-02   0.00000000000000e+00   9.25764192139738e-01 
 -4.32024337710601e-03   2.00616249756837e-02   0.00000000000000e+00   9.27947598253275e-01 
 -4.25187161266793e-03   1.99755275317459e-02   0.00000000000000e+00   9.30131004366812e-01 
 -4.18882992953075e-03   1.98893704143384e-02   0.00000000000000e+00   9.32314410480349e-01 
 -4.13006854481289e-03   1.98047770860432e-02   0.00000000000000e+00   9.34497816593886e-01 
 -4.07453767563280e-03   1.97233710094422e-02   0.00000000000000e+00   9.36681222707423e-01 
 -4.02115491930018e-03   1.96466689383730e-02   0.00000000000000e+00   9.38864628820961e-01 
 -3.96839502660145e-03   1.95747389487559e-02   0.00000000000000e+00   9.41048034934498e-01 
 -3.91441359611443e-03   1.95066050781536e-02   0.00000000000000e+00   9.43231441048035e-01 
 -3.85735918053826e-03   1.94412683150402e-02   0.00000000000000e+00   9.45414847161572e-01 
 -3.79538033257207e-03   1.93777296478896e-02   0.00000000000000e+00   9.47598253275109e-01 
 -3.72665179088744e-03   1.93149954388694e-02   0.00000000000000e+00   9.49781659388646e-01 
 -3.65228446690340e-03   1.92526745900027e-02   0.00000000000000e+00   9.51965065502183e-01 
 -3.57884251931907e-03   1.91915076390908e-02   0.00000000000000e+00   9.54148471615720e-01 
 -3.51007956527789e-03   1.91319945094066e-02   0.00000000000000e+00   9.56331877729258e-01 
 -3.44602207535450e-03   1.90742349701312e-02   0.00000000000000e+00   9.58515283842795e-01 
 -3.38650966265759e-03   1.90183087290450e-02   0.00000000000000e+00   9.60698689956332e-01 
 -3.33138194029584e-03   1.89642954939286e-02   0.00000000000000e+00   9.62882096069869e-01 
 -3.28047852137794e-03   1.89122749725627e-02   0.00000000000000e+00   9.65065502183406e-01 
 -3.23363901901255e-03   1.88623268727277e-02   0.00000000000000e+00   9.67248908296943e-01 
 -3.19070304630838e-03   1.88145309022042e-02   0.00000000000000e+00   9.69432314410480e-01 
 -3.15151021637409e-03   1.87689667687728e-02   0.00000000000000e+00   9.71615720524017e-01 
 -3.11590014231836e-03   1.87257141802140e-02   0.00000000000000e+00   9.73799126637555e-01 
 -3.08371243724989e-03   1.86848528443084e-02   0.00000000000000e+00   9.75982532751092e-01 
 -3.05478671427735e-03   1.86464624688365e-02   0.00000000000000e+00   9.78165938864629e-01 
 -3.02896258650942e-03   1.86106227615790e-02   0.00000000000000e+00   9.80349344978166e-01 
 -3.00607966705478e-03   1.85774134303163e-02   0.00000000000000e+00   9.82532751091703e-01 
 -2.98597756902211e-03   1.85469141828290e-02   0.00000000000000e+00   9.84716157205240e-01 
 -2.96849590552010e-03   1.85192047268978e-02   0.00000000000000e+00   9.86899563318777e-01 
 -2.95347428965743e-03   1.84943647703030e-02   0.00000000000000e+00   9.89082969432314e-01 
 -2.94075233454278e-03   1.84724740208254e-02   0.00000000000000e+00   9.91266375545852e-01 
 -2.93016965328483e-03   1.84536121862454e-02   0.00000000000000e+00   9.93449781659389e-01 
 -2.92156585899226e-03   1.84378589743436e-02   0.00000000000000e+00   9.95633187772926e-01 
 -2.91478056477375e-03   1.84252940929007e-02   0.00000000000000e+00   9.97816593886463e-01 
 -2.90965338373799e-03   1.84159972496970e-02   0.00000000000000e+00   1.00000000000000e+00 
