 -2.90949568545124e-03  -1.84159682226139e-02   0.00000000000000e+00   0.00000000000000e+00 
 -2.91661579433077e-03  -1.84260246876975e-02   0.00000000000000e+00   2.18340611353712e-03 
 -2.92429683608486e-03  -1.84389585778646e-02   0.00000000000000e+00   4.36681222707424e-03 
 -2.93289599753286e-03  -1.84547555922826e-02   0.00000000000000e+00   6.55021834061135e-03 
 -2.94277046549409e-03  -1.84734014301190e-02   0.00000000000000e+00   8.73362445414847e-03 
 -2.95427742678790e-03  -1.84948817905412e-02   0.00000000000000e+00   1.09170305676856e-02 
 -2.96777406823361e-03  -1.85191823727168e-02   0.00000000000000e+00   1.31004366812227e-02 
 -2.98361757665056e-03  -1.85462888758131e-02   0.00000000000000e+00   1.52838427947598e-02 
 -3.00216513885808e-03  -1.85761869989977e-02   0.00000000000000e+00   1.74672489082969e-02 
 -3.02377394167550e-03  -1.86088624414380e-02   0.00000000000000e+00   1.96506550218341e-02 
 -3.04880117192217e-03  -1.86443009023015e-02   0.00000000000000e+00   2.18340611353712e-02 
 -3.07760401641742e-03  -1.86824880807556e-02   0.00000000000000e+00   2.40174672489083e-02 
 -3.11053966198057e-03  -1.87234096759678e-02   0.00000000000000e+00   2.62008733624454e-02 
 -3.14796529543097e-03  -1.87670513871055e-02   0.00000000000000e+00   2.83842794759825e-02 
 -3.19023810358795e-03  -1.88133989133363e-02   0.00000000000000e+00   3.05676855895196e-02 
 -3.23764787195390e-03  -1.88624200715934e-02   0.00000000000000e+00   3.27510917030568e-02 
 -3.28975725191395e-03  -1.89138897629584e-02   0.00000000000000e+00   3.49344978165939e-02 
 -3.34568524125615e-03  -1.89674651828382e-02   0.00000000000000e+00   3.71179039301310e-02 
 -3.40454450781764e-03  -1.90228018472415e-02   0.00000000000000e+00   3.93013100436681e-02 
 -3.46544771943556e-03  -1.90795552721769e-02   0.00000000000000e+00   4.14847161572052e-02 
 -3.52750754394706e-03  -1.91373809736530e-02   0.00000000000000e+00   4.36681222707424e-02 
 -3.58983664918928e-03  -1.91959344676784e-02   0.00000000000000e+00   4.58515283842795e-02 
 -3.65157693262204e-03  -1.92548951175067e-02   0.00000000000000e+00   4.80349344978166e-02 
 -3.71245331945436e-03  -1.93144179547161e-02   0.00000000000000e+00   5.02183406113537e-02 
 -3.77272810660454e-03  -1.93750964303264e-02   0.00000000000000e+00   5.24017467248908e-02 
 -3.83268367036730e-03  -1.94375403772936e-02   0.00000000000000e+00   5.45851528384279e-02 
 -3.89260238703740e-03  -1.95023596285738e-02   0.00000000000000e+00   5.67685589519651e-02 
 -3.95276663290955e-03  -1.95701640171231e-02   0.00000000000000e+00   5.89519650655022e-02 
 -4.01345878427852e-03  -1.96415633758974e-02   0.00000000000000e+00   6.11353711790393e-02 
 -4.07496364854665e-03  -1.97171560118394e-02   0.00000000000000e+00   6.33187772925764e-02 
 -4.13767615328748e-03  -1.97970181461704e-02   0.00000000000000e+00   6.55021834061135e-02 
 -4.20214402569064e-03  -1.98805015688208e-02   0.00000000000000e+00   6.76855895196506e-02 
 -4.26892624807366e-03  -1.99669047085476e-02   0.00000000000000e+00   6.98689956331878e-02 
 -4.33858180275405e-03  -2.00555259941077e-02   0.00000000000000e+00   7.20524017467249e-02 
 -4.41166967204932e-03  -2.01456638542580e-02   0.00000000000000e+00   7.42358078602620e-02 
 -4.48874883827700e-03  -2.02366167177556e-02   0.00000000000000e+00   7.64192139737991e-02 
 -4.57037828375459e-03  -2.03276830133572e-02   0.00000000000000e+00   7.86026200873362e-02 
 -4.65711699079960e-03  -2.04181611698198e-02   0.00000000000000e+00   8.07860262008734e-02 
 -4.74952394172957e-03  -2.05073496159004e-02   0.00000000000000e+00   8.29694323144105e-02 
 -4.84815811886200e-03  -2.05945467803560e-02   0.00000000000000e+00   8.51528384279476e-02 
 -4.95357850451441e-03  -2.06790510919434e-02   0.00000000000000e+00   8.73362445414847e-02 
 -5.06634408100431e-03  -2.07601609794195e-02   0.00000000000000e+00   8.95196506550218e-02 
 -5.18701383064922e-03  -2.08371748715414e-02   0.00000000000000e+00   9.17030567685589e-02 
 -5.31614673576666e-03  -2.09093911970659e-02   0.00000000000000e+00   9.38864628820961e-02 
 -5.45430177867414e-03  -2.09761083847500e-02   0.00000000000000e+00   9.60698689956332e-02 
 -5.60203794168918e-03  -2.10366248633506e-02   0.00000000000000e+00   9.82532751091703e-02 
 -5.75991420712928e-03  -2.10902390616247e-02   0.00000000000000e+00   1.00436681222707e-01 
 -5.92848955731198e-03  -2.11362494083291e-02   0.00000000000000e+00   1.02620087336245e-01 
 -6.10832297455478e-03  -2.11739543322209e-02   0.00000000000000e+00   1.04803493449782e-01 
 -6.29997344117520e-03  -2.12026522620569e-02   0.00000000000000e+00   1.06986899563319e-01 
 -6.50399993949076e-03  -2.12216416265941e-02   0.00000000000000e+00   1.09170305676856e-01 
 -6.72066215258194e-03  -2.12299086414587e-02   0.00000000000000e+00   1.11353711790393e-01 
 -6.94863147357263e-03  -2.12247827022167e-02   0.00000000000000e+00   1.13537117903930e-01 
 -7.18605446347100e-03  -2.12030457273356e-02   0.00000000000000e+00   1.15720524017467e-01 
 -7.43107735194408e-03  -2.11614792896450e-02   0.00000000000000e+00   1.17903930131004e-01 
 -7.68184636865889e-03  -2.10968649619747e-02   0.00000000000000e+00   1.20087336244541e-01 
 -7.93648714042027e-03  -2.10061824661922e-02   0.00000000000000e+00   1.22270742358079e-01 
 -8.19272821613353e-03  -2.08902304403412e-02   0.00000000000000e+00   1.24454148471616e-01 
 -8.44793955264926e-03  -2.07532562991419e-02   0.00000000000000e+00   1.26637554585153e-01 
 -8.69947822621133e-03  -2.05996313371812e-02   0.00000000000000e+00   1.28820960698690e-01 
 -8.94470131306360e-03  -2.04337268490463e-02   0.00000000000000e+00   1.31004366812227e-01 
 -9.18096854604814e-03  -2.02599109394094e-02   0.00000000000000e+00   1.33187772925764e-01 
 -9.40647106945472e-03  -2.00815533942540e-02   0.00000000000000e+00   1.35371179039301e-01 
 -9.62140815434417e-03  -1.98996127379785e-02   0.00000000000000e+00   1.37554585152838e-01 
 -9.82627622156716e-03  -1.97146906918736e-02   0.00000000000000e+00   1.39737991266376e-01 
 -1.00215716919743e-02  -1.95273889772297e-02   0.00000000000000e+00   1.41921397379913e-01 
 -1.02077909864164e-02  -1.93383093153374e-02   0.00000000000000e+00   1.44104803493450e-01 
 -1.03854390314181e-02  -1.91478306216917e-02   0.00000000000000e+00   1.46288209606987e-01 
 -1.05550826781627e-02  -1.89547096978316e-02   0.00000000000000e+00   1.48471615720524e-01 
 -1.07173161699655e-02  -1.87569858094886e-02   0.00000000000000e+00   1.50655021834061e-01 
 -1.08727338717653e-02  -1.85526950364746e-02   0.00000000000000e+00   1.52838427947598e-01 
 -1.10219301485007e-02  -1.83398734586016e-02   0.00000000000000e+00   1.55021834061135e-01 
 -1.11654665546529e-02  -1.81165720372650e-02   0.00000000000000e+00   1.57205240174672e-01 
 -1.13028720240283e-02  -1.78813100915742e-02   0.00000000000000e+00   1.59388646288210e-01 
 -1.14324597816661e-02  -1.76331583401922e-02   0.00000000000000e+00   1.61572052401747e-01 
 -1.15524733184251e-02  -1.73712191305705e-02   0.00000000000000e+00   1.63755458515284e-01 
 -1.16611561251643e-02  -1.70945948101609e-02   0.00000000000000e+00   1.65938864628821e-01 
 -1.17567517504256e-02  -1.68023880772342e-02   0.00000000000000e+00   1.68122270742358e-01 
 -1.18377069724927e-02  -1.64949376480646e-02   0.00000000000000e+00   1.70305676855895e-01 
 -1.19031275761150e-02  -1.61765902342453e-02   0.00000000000000e+00   1.72489082969432e-01 
 -1.19522526856677e-02  -1.58525035023834e-02   0.00000000000000e+00   1.74672489082969e-01 
 -1.19843214255260e-02  -1.55278351190856e-02   0.00000000000000e+00   1.76855895196507e-01 
 -1.19985729200650e-02  -1.52077427509590e-02   0.00000000000000e+00   1.79039301310044e-01 
 -1.19943686371415e-02  -1.48970805543019e-02   0.00000000000000e+00   1.81222707423581e-01 
 -1.19723193632125e-02  -1.45976033697037e-02   0.00000000000000e+00   1.83406113537118e-01 
 -1.19337667247508e-02  -1.43092529662586e-02   0.00000000000000e+00   1.85589519650655e-01 
 -1.18800615570520e-02  -1.40319482677689e-02   0.00000000000000e+00   1.87772925764192e-01 
 -1.18125546954114e-02  -1.37656081980372e-02   0.00000000000000e+00   1.89956331877729e-01 
 -1.17325969751245e-02  -1.35101516808658e-02   0.00000000000000e+00   1.92139737991266e-01 
 -1.16415392314865e-02  -1.32654976400572e-02   0.00000000000000e+00   1.94323144104803e-01 
 -1.15407322997930e-02  -1.30315649994139e-02   0.00000000000000e+00   1.96506550218341e-01 
 -1.14315270153394e-02  -1.28082726827383e-02   0.00000000000000e+00   1.98689956331878e-01 
 -1.13152742134210e-02  -1.25955396138329e-02   0.00000000000000e+00   2.00873362445415e-01 
 -1.11933247293332e-02  -1.23932847165000e-02   0.00000000000000e+00   2.03056768558952e-01 
 -1.10668562989730e-02  -1.22013811562240e-02   0.00000000000000e+00   2.05240174672489e-01 
 -1.09362861678688e-02  -1.20195010650920e-02   0.00000000000000e+00   2.07423580786026e-01 
 -1.08018227943083e-02  -1.18472613828962e-02   0.00000000000000e+00   2.09606986899563e-01 
 -1.06636746307689e-02  -1.16842790478933e-02   0.00000000000000e+00   2.11790393013100e-01 
 -1.05220501297278e-02  -1.15301709983398e-02   0.00000000000000e+00   2.13973799126638e-01 
 -1.03771577436624e-02  -1.13845541724921e-02   0.00000000000000e+00   2.16157205240175e-01 
 -1.02292059250499e-02  -1.12470455086067e-02   0.00000000000000e+00   2.18340611353712e-01 
 -1.00784031263678e-02  -1.11172619449403e-02   0.00000000000000e+00   2.20524017467249e-01 
 -9.92495780009330e-03  -1.09948204197492e-02   0.00000000000000e+00   2.22707423580786e-01 
 -9.76907839870370e-03  -1.08793378712900e-02   0.00000000000000e+00   2.24890829694323e-01 
 -9.61097337467634e-03  -1.07704312378191e-02   0.00000000000000e+00   2.27074235807860e-01 
 -9.45085118048852e-03  -1.06677174575932e-02   0.00000000000000e+00   2.29257641921397e-01 
 -9.28892026861755e-03  -1.05708134688686e-02   0.00000000000000e+00   2.31441048034934e-01 
 -9.12538909154076e-03  -1.04793362099019e-02   0.00000000000000e+00   2.33624454148472e-01 
 -8.96046610173544e-03  -1.03929026189497e-02   0.00000000000000e+00   2.35807860262009e-01 
 -8.79435975167891e-03  -1.03111296342683e-02   0.00000000000000e+00   2.37991266375546e-01 
 -8.62727849384849e-03  -1.02336341941144e-02   0.00000000000000e+00   2.40174672489083e-01 
 -8.45943078072149e-03  -1.01600332367443e-02   0.00000000000000e+00   2.42358078602620e-01 
 -8.29102506477521e-03  -1.00899437004147e-02   0.00000000000000e+00   2.44541484716157e-01 
 -8.12226979848697e-03  -1.00229825233821e-02   0.00000000000000e+00   2.46724890829694e-01 
 -7.95337343433409e-03  -9.95876664390282e-03   0.00000000000000e+00   2.48908296943231e-01 
 -7.78453782298354e-03  -9.89692538114982e-03   0.00000000000000e+00   2.51091703056769e-01 
 -7.61581297346466e-03  -9.83737281537062e-03   0.00000000000000e+00   2.53275109170306e-01 
 -7.44709705316917e-03  -9.78030778788759e-03   0.00000000000000e+00   2.55458515283843e-01 
 -7.27828162767846e-03  -9.72594152093935e-03   0.00000000000000e+00   2.57641921397380e-01 
 -7.10925826257389e-03  -9.67448523676457e-03   0.00000000000000e+00   2.59825327510917e-01 
 -6.93991852343686e-03  -9.62615015760187e-03   0.00000000000000e+00   2.62008733624454e-01 
 -6.77015397584874e-03  -9.58114750568991e-03   0.00000000000000e+00   2.64192139737991e-01 
 -6.59985981862304e-03  -9.53968027549432e-03   0.00000000000000e+00   2.66375545851528e-01 
 -6.42913374798836e-03  -9.50149288831364e-03   0.00000000000000e+00   2.68558951965065e-01 
 -6.25837873083390e-03  -9.46563845324557e-03   0.00000000000000e+00   2.70742358078603e-01 
 -6.08802301381058e-03  -9.43111283114897e-03   0.00000000000000e+00   2.72925764192140e-01 
 -5.91849484356931e-03  -9.39691188288274e-03   0.00000000000000e+00   2.75109170305677e-01 
 -5.75022246676100e-03  -9.36203146930575e-03   0.00000000000000e+00   2.77292576419214e-01 
 -5.58363413003655e-03  -9.32546745127686e-03   0.00000000000000e+00   2.79475982532751e-01 
 -5.41915753287979e-03  -9.28621677692874e-03   0.00000000000000e+00   2.81659388646288e-01 
 -5.25708356274036e-03  -9.24354825310720e-03   0.00000000000000e+00   2.83842794759825e-01 
 -5.09738694582567e-03  -9.19735892955301e-03   0.00000000000000e+00   2.86026200873362e-01 
 -4.93999788515562e-03  -9.14763432787674e-03   0.00000000000000e+00   2.88209606986900e-01 
 -4.78484658375011e-03  -9.09435996968894e-03   0.00000000000000e+00   2.90393013100437e-01 
 -4.63186324462902e-03  -9.03752137660018e-03   0.00000000000000e+00   2.92576419213974e-01 
 -4.48097807081224e-03  -8.97710407022098e-03   0.00000000000000e+00   2.94759825327511e-01 
 -4.33212126531965e-03  -8.91309357216193e-03   0.00000000000000e+00   2.96943231441048e-01 
 -4.18522303117114e-03  -8.84547540403357e-03   0.00000000000000e+00   2.99126637554585e-01 
 -4.04021357138661e-03  -8.77423508744646e-03   0.00000000000000e+00   3.01310043668122e-01 
 -3.89702308898594e-03  -8.69935814401116e-03   0.00000000000000e+00   3.03493449781659e-01 
 -3.75558178698902e-03  -8.62083009533821e-03   0.00000000000000e+00   3.05676855895196e-01 
 -3.61581986841574e-03  -8.53863646303817e-03   0.00000000000000e+00   3.07860262008734e-01 
 -3.47766753628599e-03  -8.45276276872161e-03   0.00000000000000e+00   3.10043668122271e-01 
 -3.34105499361965e-03  -8.36319453399907e-03   0.00000000000000e+00   3.12227074235808e-01 
 -3.20592773930383e-03  -8.26998080939675e-03   0.00000000000000e+00   3.14410480349345e-01 
 -3.07232059473885e-03  -8.17354163208235e-03   0.00000000000000e+00   3.16593886462882e-01 
 -2.94030071223967e-03  -8.07443132045924e-03   0.00000000000000e+00   3.18777292576419e-01 
 -2.80993528871566e-03  -7.97320437814631e-03   0.00000000000000e+00   3.20960698689956e-01 
 -2.68129152107615e-03  -7.87041530876242e-03   0.00000000000000e+00   3.23144104803493e-01 
 -2.55443660623050e-03  -7.76661861592646e-03   0.00000000000000e+00   3.25327510917031e-01 
 -2.42943774108805e-03  -7.66236880325731e-03   0.00000000000000e+00   3.27510917030568e-01 
 -2.30636212255814e-03  -7.55822037437384e-03   0.00000000000000e+00   3.29694323144105e-01 
 -2.18527694755012e-03  -7.45472783289492e-03   0.00000000000000e+00   3.31877729257642e-01 
 -2.06624941297335e-03  -7.35244568243944e-03   0.00000000000000e+00   3.34061135371179e-01 
 -1.94934671573715e-03  -7.25192842662628e-03   0.00000000000000e+00   3.36244541484716e-01 
 -1.83463605275089e-03  -7.15373056907431e-03   0.00000000000000e+00   3.38427947598253e-01 
 -1.72218462092390e-03  -7.05840661340240e-03   0.00000000000000e+00   3.40611353711790e-01 
 -1.61205961716554e-03  -6.96651106322944e-03   0.00000000000000e+00   3.42794759825327e-01 
 -1.50431318878573e-03  -6.87854654033963e-03   0.00000000000000e+00   3.44978165938865e-01 
 -1.39873511634681e-03  -6.79411118608258e-03   0.00000000000000e+00   3.47161572052402e-01 
 -1.29489232660356e-03  -6.71203487787751e-03   0.00000000000000e+00   3.49344978165939e-01 
 -1.19234466536071e-03  -6.63112308234897e-03   0.00000000000000e+00   3.51528384279476e-01 
 -1.09065197842297e-03  -6.55018126612153e-03   0.00000000000000e+00   3.53711790393013e-01 
 -9.89374111595041e-04  -6.46801489581977e-03   0.00000000000000e+00   3.55895196506550e-01 
 -8.88070910681656e-04  -6.38342943806825e-03   0.00000000000000e+00   3.58078602620087e-01 
 -7.86712347091096e-04  -6.29503305605621e-03   0.00000000000000e+00   3.60262008733624e-01 
 -7.00638675263667e-04  -6.19403956934332e-03   0.00000000000000e+00   3.62445414847162e-01 
 -6.63227736881958e-04  -6.06411956579612e-03   0.00000000000000e+00   3.64628820960699e-01 
 -6.86705565197550e-04  -5.91498814744832e-03   0.00000000000000e+00   3.66812227074236e-01 
 -7.65916316862809e-04  -5.77311463389920e-03   0.00000000000000e+00   3.68995633187773e-01 
 -8.89386494049936e-04  -5.64609379348132e-03   0.00000000000000e+00   3.71179039301310e-01 
 -1.04318535422167e-03  -5.53351761759136e-03   0.00000000000000e+00   3.73362445414847e-01 
 -1.21340599459068e-03  -5.43495007090998e-03   0.00000000000000e+00   3.75545851528384e-01 
 -1.38997616596530e-03  -5.34965799695052e-03   0.00000000000000e+00   3.77729257641921e-01 
 -1.57027108688098e-03  -5.27633118571956e-03   0.00000000000000e+00   3.79912663755459e-01 
 -1.75252164237801e-03  -5.21359312745909e-03   0.00000000000000e+00   3.82096069868996e-01 
 -1.93495871749665e-03  -5.16006731241109e-03   0.00000000000000e+00   3.84279475982533e-01 
 -2.11581319727718e-03  -5.11437723081755e-03   0.00000000000000e+00   3.86462882096070e-01 
 -2.29331596675988e-03  -5.07514637292042e-03   0.00000000000000e+00   3.88646288209607e-01 
 -2.46569827895172e-03  -5.04099834891513e-03   0.00000000000000e+00   3.90829694323144e-01 
 -2.63177423245650e-03  -5.01074677075710e-03   0.00000000000000e+00   3.93013100436681e-01 
 -2.79212178098538e-03  -4.98378024929801e-03   0.00000000000000e+00   3.95196506550218e-01 
 -2.94765126119108e-03  -4.95959574886127e-03   0.00000000000000e+00   3.97379912663755e-01 
 -3.09927300972630e-03  -4.93769023377028e-03   0.00000000000000e+00   3.99563318777293e-01 
 -3.24789736324376e-03  -4.91756066834846e-03   0.00000000000000e+00   4.01746724890830e-01 
 -3.39443465839618e-03  -4.89870401691922e-03   0.00000000000000e+00   4.03930131004367e-01 
 -3.53979523183626e-03  -4.88061724380597e-03   0.00000000000000e+00   4.06113537117904e-01 
 -3.68477326497616e-03  -4.86281325696196e-03   0.00000000000000e+00   4.08296943231441e-01 
 -3.82960226218389e-03  -4.84488192365126e-03   0.00000000000000e+00   4.10480349344978e-01 
 -3.97434677787903e-03  -4.82643630144281e-03   0.00000000000000e+00   4.12663755458515e-01 
 -4.11907133206482e-03  -4.80708945262958e-03   0.00000000000000e+00   4.14847161572052e-01 
 -4.26384044474447e-03  -4.78645443950455e-03   0.00000000000000e+00   4.17030567685589e-01 
 -4.40871863592121e-03  -4.76414432436069e-03   0.00000000000000e+00   4.19213973799127e-01 
 -4.55377042559826e-03  -4.73977216949097e-03   0.00000000000000e+00   4.21397379912664e-01 
 -4.69906033377884e-03  -4.71295103718837e-03   0.00000000000000e+00   4.23580786026201e-01 
 -4.84465288046617e-03  -4.68329398974586e-03   0.00000000000000e+00   4.25764192139738e-01 
 -4.99061258566348e-03  -4.65041408945642e-03   0.00000000000000e+00   4.27947598253275e-01 
 -5.13700396937399e-03  -4.61392439861302e-03   0.00000000000000e+00   4.30131004366812e-01 
 -5.28389155160093e-03  -4.57343797950864e-03   0.00000000000000e+00   4.32314410480349e-01 
 -5.43133985234751e-03  -4.52856789443625e-03   0.00000000000000e+00   4.34497816593886e-01 
 -5.57941339161696e-03  -4.47892720568882e-03   0.00000000000000e+00   4.36681222707424e-01 
 -5.72816669505657e-03  -4.42413841090195e-03   0.00000000000000e+00   4.38864628820961e-01 
 -5.87751860493750e-03  -4.36395210192261e-03   0.00000000000000e+00   4.41048034934498e-01 
 -6.02729017875249e-03  -4.29821118598996e-03   0.00000000000000e+00   4.43231441048035e-01 
 -6.17730031521336e-03  -4.22676060837714e-03   0.00000000000000e+00   4.45414847161572e-01 
 -6.32736791303199e-03  -4.14944531435732e-03   0.00000000000000e+00   4.47598253275109e-01 
 -6.47731187092019e-03  -4.06611024920365e-03   0.00000000000000e+00   4.49781659388646e-01 
 -6.62695108758984e-03  -3.97660035818929e-03   0.00000000000000e+00   4.51965065502183e-01 
 -6.77610446175276e-03  -3.88076058658739e-03   0.00000000000000e+00   4.54148471615720e-01 
 -6.92459089212081e-03  -3.77843587967110e-03   0.00000000000000e+00   4.56331877729258e-01 
 -7.07222927740584e-03  -3.66947118271359e-03   0.00000000000000e+00   4.58515283842795e-01 
 -7.21883851631968e-03  -3.55371144098801e-03   0.00000000000000e+00   4.60698689956332e-01 
 -7.36423750757419e-03  -3.43100159976752e-03   0.00000000000000e+00   4.62882096069869e-01 
 -7.50824514988122e-03  -3.30118660432527e-03   0.00000000000000e+00   4.65065502183406e-01 
 -7.65068034195260e-03  -3.16411139993441e-03   0.00000000000000e+00   4.67248908296943e-01 
 -7.79136026164451e-03  -3.01962234837174e-03   0.00000000000000e+00   4.69432314410480e-01 
 -7.92998147548040e-03  -2.86766509132018e-03   0.00000000000000e+00   4.71615720524017e-01 
 -8.06604287185039e-03  -2.70834798706723e-03   0.00000000000000e+00   4.73799126637555e-01 
 -8.19902501547332e-03  -2.54179447683098e-03   0.00000000000000e+00   4.75982532751092e-01 
 -8.32840847106805e-03  -2.36812800182955e-03   0.00000000000000e+00   4.78165938864629e-01 
 -8.45367380335342e-03  -2.18747200328102e-03   0.00000000000000e+00   4.80349344978166e-01 
 -8.57430157704830e-03  -1.99994992240350e-03   0.00000000000000e+00   4.82532751091703e-01 
 -8.68977046637752e-03  -1.80568031119977e-03   0.00000000000000e+00   4.84716157205240e-01 
 -8.79880063399876e-03  -1.60282005114436e-03   0.00000000000000e+00   4.86899563318777e-01 
 -8.89819683941435e-03  -1.38457238808897e-03   0.00000000000000e+00   4.89082969432314e-01 
 -8.98446615737845e-03  -1.14337069248388e-03   0.00000000000000e+00   4.91266375545852e-01 
 -9.05418534245517e-03  -8.72329102766478e-04   0.00000000000000e+00   4.93449781659389e-01 
 -9.10506974341299e-03  -5.75685761371583e-04   0.00000000000000e+00   4.95633187772926e-01 
 -9.13576303810810e-03  -2.66748535876681e-04   0.00000000000000e+00   4.97816593886463e-01 
 -9.14493598093118e-03   4.09101698587735e-05   0.00000000000000e+00   5.00000000000000e-01 
 -9.13181599830146e-03   3.36055839607525e-04   0.00000000000000e+00   5.02183406113537e-01 
 -9.09785720475253e-03   6.16805507671164e-04   0.00000000000000e+00   5.04366812227074e-01 
 -9.04507038684656e-03   8.83614095983435e-04   0.00000000000000e+00   5.06550218340611e-01 
 -8.97546633114574e-03   1.13693652647814e-03   0.00000000000000e+00   5.08733624454148e-01 
 -8.89105582421222e-03   1.37722772108902e-03   0.00000000000000e+00   5.10917030567686e-01 
 -8.79384965260820e-03   1.60494260174987e-03   0.00000000000000e+00   5.13100436681223e-01 
 -8.68585860289585e-03   1.82053609039447e-03   0.00000000000000e+00   5.15283842794760e-01 
 -8.56902193392638e-03   2.02448650628181e-03   0.00000000000000e+00   5.17467248908297e-01 
 -8.44481867135440e-03   2.21742271488083e-03   0.00000000000000e+00   5.19650655021834e-01 
 -8.31454558562508e-03   2.40003319889627e-03   0.00000000000000e+00   5.21834061135371e-01 
 -8.17949899293555e-03   2.57300658962129e-03   0.00000000000000e+00   5.24017467248908e-01 
 -8.04097520948296e-03   2.73703151834905e-03   0.00000000000000e+00   5.26200873362445e-01 
 -7.90027055146444e-03   2.89279661637271e-03   0.00000000000000e+00   5.28384279475983e-01 
 -7.75868133507714e-03   3.04099051498542e-03   0.00000000000000e+00   5.30567685589520e-01 
 -7.61740839319070e-03   3.18226473014362e-03   0.00000000000000e+00   5.32751091703057e-01 
 -7.47662247219880e-03   3.31687037275479e-03   0.00000000000000e+00   5.34934497816594e-01 
 -7.33586582155134e-03   3.44481425059716e-03   0.00000000000000e+00   5.37117903930131e-01 
 -7.19467172344352e-03   3.56609968578619e-03   0.00000000000000e+00   5.39301310043668e-01 
 -7.05257346007062e-03   3.68073000043735e-03   0.00000000000000e+00   5.41484716157205e-01 
 -6.90910431362786e-03   3.78870851666612e-03   0.00000000000000e+00   5.43668122270742e-01 
 -6.76379756631048e-03   3.89003855658798e-03   0.00000000000000e+00   5.45851528384279e-01 
 -6.61621376892362e-03   3.98472936902932e-03   0.00000000000000e+00   5.48034934497817e-01 
 -6.46645738474220e-03   4.07290841976962e-03   0.00000000000000e+00   5.50218340611354e-01 
 -6.31513419653061e-03   4.15481213414689e-03   0.00000000000000e+00   5.52401746724891e-01 
 -6.16286871930613e-03   4.23068100887085e-03   0.00000000000000e+00   5.54585152838428e-01 
 -6.01028546808601e-03   4.30075554065122e-03   0.00000000000000e+00   5.56768558951965e-01 
 -5.85800895788755e-03   4.36527622619774e-03   0.00000000000000e+00   5.58951965065502e-01 
 -5.70666370372800e-03   4.42448356222013e-03   0.00000000000000e+00   5.61135371179039e-01 
 -5.55686611701807e-03   4.47861881073898e-03   0.00000000000000e+00   5.63318777292576e-01 
 -5.40886554580495e-03   4.52795789952190e-03   0.00000000000000e+00   5.65502183406113e-01 
 -5.26240201145720e-03   4.57282485754071e-03   0.00000000000000e+00   5.67685589519651e-01 
 -5.11717801864639e-03   4.61354725687300e-03   0.00000000000000e+00   5.69868995633188e-01 
 -4.97289607204407e-03   4.65045266959638e-03   0.00000000000000e+00   5.72052401746725e-01 
 -4.82925867632182e-03   4.68386866778844e-03   0.00000000000000e+00   5.74235807860262e-01 
 -4.68596833615119e-03   4.71412282352679e-03   0.00000000000000e+00   5.76419213973799e-01 
 -4.54272755620375e-03   4.74154270888903e-03   0.00000000000000e+00   5.78602620087336e-01 
 -4.39923884115105e-03   4.76645589595275e-03   0.00000000000000e+00   5.80786026200873e-01 
 -4.25520469566467e-03   4.78918995679556e-03   0.00000000000000e+00   5.82969432314410e-01 
 -4.11032762441615e-03   4.81007246349506e-03   0.00000000000000e+00   5.85152838427948e-01 
 -3.96431013207706e-03   4.82943098812884e-03   0.00000000000000e+00   5.87336244541485e-01 
 -3.81685472331898e-03   4.84759310277452e-03   0.00000000000000e+00   5.89519650655022e-01 
 -3.66766390281344e-03   4.86488637950968e-03   0.00000000000000e+00   5.91703056768559e-01 
 -3.51644018881879e-03   4.88163841080789e-03   0.00000000000000e+00   5.93886462882096e-01 
 -3.36295279700263e-03   4.89827691294749e-03   0.00000000000000e+00   5.96069868995633e-01 
 -3.20719228495452e-03   4.91556187291428e-03   0.00000000000000e+00   5.98253275109170e-01 
 -3.04919506558207e-03   4.93432211408463e-03   0.00000000000000e+00   6.00436681222707e-01 
 -2.88899755179290e-03   4.95538645983487e-03   0.00000000000000e+00   6.02620087336245e-01 
 -2.72663615649460e-03   4.97958373354135e-03   0.00000000000000e+00   6.04803493449782e-01 
 -2.56214729259482e-03   5.00774275858042e-03   0.00000000000000e+00   6.06986899563319e-01 
 -2.39556737300114e-03   5.04069235832841e-03   0.00000000000000e+00   6.09170305676856e-01 
 -2.22693281062119e-03   5.07926135616168e-03   0.00000000000000e+00   6.11353711790393e-01 
 -2.05628001836258e-03   5.12427857545657e-03   0.00000000000000e+00   6.13537117903930e-01 
 -1.88364540913292e-03   5.17657283958942e-03   0.00000000000000e+00   6.15720524017467e-01 
 -1.70906539583984e-03   5.23697297193658e-03   0.00000000000000e+00   6.17903930131004e-01 
 -1.53257639139092e-03   5.30630779587440e-03   0.00000000000000e+00   6.20087336244541e-01 
 -1.35421480869381e-03   5.38540613477921e-03   0.00000000000000e+00   6.22270742358079e-01 
 -1.17401706065609e-03   5.47509681202737e-03   0.00000000000000e+00   6.24454148471616e-01 
 -9.93765278967644e-04   5.57624552381594e-03   0.00000000000000e+00   6.26637554585153e-01 
 -8.30435814348973e-04   5.69003889644836e-03   0.00000000000000e+00   6.28820960698690e-01 
 -7.08828423915085e-04   5.81782880109132e-03   0.00000000000000e+00   6.31004366812227e-01 
 -6.53756266394291e-04   5.96093851077767e-03   0.00000000000000e+00   6.33187772925764e-01 
 -6.73991801283444e-04   6.11131380169960e-03   0.00000000000000e+00   6.35371179039301e-01 
 -7.39799062923111e-04   6.23879232699773e-03   0.00000000000000e+00   6.37554585152838e-01 
 -8.25847070275667e-04   6.33321950037005e-03   0.00000000000000e+00   6.39737991266376e-01 
 -9.20931332661220e-04   6.41538564140336e-03   0.00000000000000e+00   6.41921397379913e-01 
 -1.02014980508207e-03   6.49599106738790e-03   0.00000000000000e+00   6.44104803493450e-01 
 -1.12276167425157e-03   6.57606402398425e-03   0.00000000000000e+00   6.46288209606987e-01 
 -1.22813716112130e-03   6.65637467675088e-03   0.00000000000000e+00   6.48471615720524e-01 
 -1.33564648664278e-03   6.73769319124622e-03   0.00000000000000e+00   6.50655021834061e-01 
 -1.44465987176758e-03   6.82078973302872e-03   0.00000000000000e+00   6.52838427947598e-01 
 -1.55454753744726e-03   6.90643446765684e-03   0.00000000000000e+00   6.55021834061135e-01 
 -1.66469409293634e-03   6.99537882539541e-03   0.00000000000000e+00   6.57205240174672e-01 
 -1.77493698052379e-03   7.08778459366889e-03   0.00000000000000e+00   6.59388646288210e-01 
 -1.88564676478055e-03   7.18311937084571e-03   0.00000000000000e+00   6.61572052401747e-01 
 -1.99722459066497e-03   7.28081093596775e-03   0.00000000000000e+00   6.63755458515284e-01 
 -2.11007160313541e-03   7.38028706807685e-03   0.00000000000000e+00   6.65938864628821e-01 
 -2.22458894715023e-03   7.48097554621487e-03   0.00000000000000e+00   6.68122270742358e-01 
 -2.34117776766778e-03   7.58230414942367e-03   0.00000000000000e+00   6.70305676855895e-01 
 -2.46023700195241e-03   7.68370128901791e-03   0.00000000000000e+00   6.72489082969432e-01 
 -2.58196569859434e-03   7.78465262345359e-03   0.00000000000000e+00   6.74672489082969e-01 
 -2.70620644385272e-03   7.88474590025983e-03   0.00000000000000e+00   6.76855895196506e-01 
 -2.83276497760388e-03   7.98357941959006e-03   0.00000000000000e+00   6.79039301310044e-01 
 -2.96144703972414e-03   8.08075148159770e-03   0.00000000000000e+00   6.81222707423581e-01 
 -3.09205837008983e-03   8.17586038643619e-03   0.00000000000000e+00   6.83406113537118e-01 
 -3.22440470857727e-03   8.26850443425895e-03   0.00000000000000e+00   6.85589519650655e-01 
 -3.35829187950017e-03   8.35828204774062e-03   0.00000000000000e+00   6.87772925764192e-01 
 -3.49358692426627e-03   8.44488047741515e-03   0.00000000000000e+00   6.89956331877729e-01 
 -3.63032601233767e-03   8.52823238375079e-03   0.00000000000000e+00   6.92139737991266e-01 
 -3.76857427519476e-03   8.60831245198232e-03   0.00000000000000e+00   6.94323144104803e-01 
 -3.90839684431792e-03   8.68509536734455e-03   0.00000000000000e+00   6.96506550218341e-01 
 -4.04985885118755e-03   8.75855581507225e-03   0.00000000000000e+00   6.98689956331878e-01 
 -4.19302542728402e-03   8.82866848040022e-03   0.00000000000000e+00   7.00873362445415e-01 
 -4.33796170408773e-03   8.89540804856327e-03   0.00000000000000e+00   7.03056768558952e-01 
 -4.48473281307906e-03   8.95874920479617e-03   0.00000000000000e+00   7.05240174672489e-01 
 -4.63340388573840e-03   9.01866663433372e-03   0.00000000000000e+00   7.07423580786026e-01 
 -4.78404005354614e-03   9.07513502241072e-03   0.00000000000000e+00   7.09606986899563e-01 
 -4.93670644798266e-03   9.12812905426196e-03   0.00000000000000e+00   7.11790393013100e-01 
 -5.09146820052835e-03   9.17762341512223e-03   0.00000000000000e+00   7.13973799126637e-01 
 -5.24839044266361e-03   9.22359279022632e-03   0.00000000000000e+00   7.16157205240175e-01 
 -5.40753830586880e-03   9.26601186480903e-03   0.00000000000000e+00   7.18340611353712e-01 
 -5.56895625659492e-03   9.30495159185504e-03   0.00000000000000e+00   7.20524017467249e-01 
 -5.73254201795029e-03   9.34116652615422e-03   0.00000000000000e+00   7.22707423580786e-01 
 -5.89812981299157e-03   9.37570703659729e-03   0.00000000000000e+00   7.24890829694323e-01 
 -6.06555361081284e-03   9.40962467515608e-03   0.00000000000000e+00   7.27074235807860e-01 
 -6.23464738050816e-03   9.44397099380241e-03   0.00000000000000e+00   7.29257641921397e-01 
 -6.40524509117161e-03   9.47979754450813e-03   0.00000000000000e+00   7.31441048034934e-01 
 -6.57718071189726e-03   9.51815587924506e-03   0.00000000000000e+00   7.33624454148472e-01 
 -6.75027965875778e-03   9.56003623373509e-03   0.00000000000000e+00   7.35807860262009e-01 
 -6.92426406415849e-03   9.60568840744254e-03   0.00000000000000e+00   7.37991266375546e-01 
 -7.09878754859596e-03   9.65487104084563e-03   0.00000000000000e+00   7.40174672489083e-01 
 -7.27350250331810e-03   9.70733396199103e-03   0.00000000000000e+00   7.42358078602620e-01 
 -7.44806131957287e-03   9.76282699892540e-03   0.00000000000000e+00   7.44541484716157e-01 
 -7.62211638860818e-03   9.82109997969539e-03   0.00000000000000e+00   7.46724890829694e-01 
 -7.79532010167197e-03   9.88190273234766e-03   0.00000000000000e+00   7.48908296943231e-01 
 -7.96733202681562e-03   9.94499816053761e-03   0.00000000000000e+00   7.51091703056769e-01 
 -8.13797679856932e-03   1.00104499069217e-02   0.00000000000000e+00   7.53275109170306e-01 
 -8.30724411794217e-03   1.00786223531576e-02   0.00000000000000e+00   7.55458515283843e-01 
 -8.47513086274666e-03   1.01498929565115e-02   0.00000000000000e+00   7.57641921397380e-01 
 -8.64163391079533e-03   1.02246391742498e-02   0.00000000000000e+00   7.59825327510917e-01 
 -8.80675013990065e-03   1.03032384636388e-02   0.00000000000000e+00   7.62008733624454e-01 
 -8.97047642787515e-03   1.03860682819448e-02   0.00000000000000e+00   7.64192139737991e-01 
 -9.13280965253133e-03   1.04735060864341e-02   0.00000000000000e+00   7.66375545851528e-01 
 -9.29374669168170e-03   1.05659293343730e-02   0.00000000000000e+00   7.68558951965066e-01 
 -9.45328442313877e-03   1.06637154830278e-02   0.00000000000000e+00   7.70742358078603e-01 
 -9.61141972471504e-03   1.07672419896650e-02   0.00000000000000e+00   7.72925764192140e-01 
 -9.76814947422303e-03   1.08768863115506e-02   0.00000000000000e+00   7.75109170305677e-01 
 -9.92347054947523e-03   1.09930259059512e-02   0.00000000000000e+00   7.77292576419214e-01 
 -1.00773798282842e-02   1.11160382301330e-02   0.00000000000000e+00   7.79475982532751e-01 
 -1.02298733957601e-02   1.12463007557083e-02   0.00000000000000e+00   7.81659388646288e-01 
 -1.03807491320912e-02   1.13841945413343e-02   0.00000000000000e+00   7.83842794759825e-01 
 -1.05293468823614e-02   1.15301089350305e-02   0.00000000000000e+00   7.86026200873362e-01 
 -1.06749419891788e-02   1.16844344521599e-02   0.00000000000000e+00   7.88209606986900e-01 
 -1.08168097951516e-02   1.18475616080857e-02   0.00000000000000e+00   7.90393013100437e-01 
 -1.09542256428880e-02   1.20198809181710e-02   0.00000000000000e+00   7.92576419213974e-01 
 -1.10864648749961e-02   1.22017828977789e-02   0.00000000000000e+00   7.94759825327511e-01 
 -1.12128028340841e-02   1.23936580622727e-02   0.00000000000000e+00   7.96943231441048e-01 
 -1.13325148627601e-02   1.25958969270154e-02   0.00000000000000e+00   7.99126637554585e-01 
 -1.14448763036323e-02   1.28088900073702e-02   0.00000000000000e+00   8.01310043668122e-01 
 -1.15491624993089e-02   1.30330278187001e-02   0.00000000000000e+00   8.03493449781659e-01 
 -1.16446487923980e-02   1.32687008763685e-02   0.00000000000000e+00   8.05676855895196e-01 
 -1.17306105255077e-02   1.35162996957383e-02   0.00000000000000e+00   8.07860262008734e-01 
 -1.18063230412463e-02   1.37762147921727e-02   0.00000000000000e+00   8.10043668122271e-01 
 -1.18710616822219e-02   1.40488366810349e-02   0.00000000000000e+00   8.12227074235808e-01 
 -1.19240274241970e-02   1.43342272722579e-02   0.00000000000000e+00   8.14410480349345e-01 
 -1.19639869665741e-02   1.46305295350282e-02   0.00000000000000e+00   8.16593886462882e-01 
 -1.19895498193588e-02   1.49351918643722e-02   0.00000000000000e+00   8.18777292576419e-01 
 -1.19993252757440e-02   1.52456616972833e-02   0.00000000000000e+00   8.20960698689956e-01 
 -1.19919226289223e-02   1.55593864707550e-02   0.00000000000000e+00   8.23144104803493e-01 
 -1.19659511720867e-02   1.58738136217804e-02   0.00000000000000e+00   8.25327510917030e-01 
 -1.19200201984300e-02   1.61863905873530e-02   0.00000000000000e+00   8.27510917030568e-01 
 -1.18530057875401e-02   1.64946174283336e-02   0.00000000000000e+00   8.29694323144105e-01 
 -1.17663649860662e-02   1.67965033037633e-02   0.00000000000000e+00   8.31877729257642e-01 
 -1.16630021354728e-02   1.70903428529473e-02   0.00000000000000e+00   8.34061135371179e-01 
 -1.15458375620428e-02   1.73744338682109e-02   0.00000000000000e+00   8.36244541484716e-01 
 -1.14177915920590e-02   1.76470741418797e-02   0.00000000000000e+00   8.38427947598253e-01 
 -1.12817845518039e-02   1.79065614662791e-02   0.00000000000000e+00   8.40611353711790e-01 
 -1.11407367675606e-02   1.81511936337346e-02   0.00000000000000e+00   8.42794759825327e-01 
 -1.09974214071181e-02   1.83794119490674e-02   0.00000000000000e+00   8.44978165938865e-01 
 -1.08520461550090e-02   1.85921596379630e-02   0.00000000000000e+00   8.47161572052402e-01 
 -1.07026395792532e-02   1.87925050528462e-02   0.00000000000000e+00   8.49344978165939e-01 
 -1.05471610086895e-02   1.89835840698538e-02   0.00000000000000e+00   8.51528384279476e-01 
 -1.03835697721564e-02   1.91685325651226e-02   0.00000000000000e+00   8.53711790393013e-01 
 -1.02098251984925e-02   1.93504864147893e-02   0.00000000000000e+00   8.55895196506550e-01 
 -1.00238866165364e-02   1.95325814949908e-02   0.00000000000000e+00   8.58078602620087e-01 
 -9.82376421921733e-03   1.97178771071441e-02   0.00000000000000e+00   8.60262008733624e-01 
 -9.60937443370767e-03   1.99065627608209e-02   0.00000000000000e+00   8.62445414847162e-01 
 -9.38306958399278e-03   2.00951607789198e-02   0.00000000000000e+00   8.64628820960699e-01 
 -9.14736079096191e-03   2.02799544192504e-02   0.00000000000000e+00   8.66812227074236e-01 
 -8.90475917550430e-03   2.04572269396221e-02   0.00000000000000e+00   8.68995633187773e-01 
 -8.65777585850916e-03   2.06232615978443e-02   0.00000000000000e+00   8.71179039301310e-01 
 -8.40892196086576e-03   2.07743416517264e-02   0.00000000000000e+00   8.73362445414847e-01 
 -8.16070189523856e-03   2.09067541502756e-02   0.00000000000000e+00   8.75545851528384e-01 
 -7.91480837909819e-03   2.10172448774197e-02   0.00000000000000e+00   8.77729257641921e-01 
 -7.67135769710065e-03   2.11034505485441e-02   0.00000000000000e+00   8.79912663755459e-01 
 -7.43028501183391e-03   2.11631102413720e-02   0.00000000000000e+00   8.82096069868996e-01 
 -7.19162364563776e-03   2.11945818644056e-02   0.00000000000000e+00   8.84279475982533e-01 
 -6.95652672624437e-03   2.12032829410148e-02   0.00000000000000e+00   8.86462882096070e-01 
 -6.72685984856179e-03   2.11991226177587e-02   0.00000000000000e+00   8.88646288209607e-01 
 -6.50450023174036e-03   2.11920795977340e-02   0.00000000000000e+00   8.90829694323144e-01 
 -6.29162694114515e-03   2.11881329770208e-02   0.00000000000000e+00   8.93013100436681e-01 
 -6.09133251389136e-03   2.11811579131921e-02   0.00000000000000e+00   8.95196506550218e-01 
 -5.90688162279070e-03   2.11627486833397e-02   0.00000000000000e+00   8.97379912663755e-01 
 -5.74134174867871e-03   2.11248353665091e-02   0.00000000000000e+00   8.99563318777293e-01 
 -5.59356115987349e-03   2.10665330187050e-02   0.00000000000000e+00   9.01746724890830e-01 
 -5.45833744472852e-03   2.09938546756131e-02   0.00000000000000e+00   9.03930131004367e-01 
 -5.33030472369072e-03   2.09130917455153e-02   0.00000000000000e+00   9.06113537117904e-01 
 -5.20499554811973e-03   2.08297058160015e-02   0.00000000000000e+00   9.08296943231441e-01 
 -5.08227916211595e-03   2.07451529609152e-02   0.00000000000000e+00   9.10480349344978e-01 
 -4.96333159418001e-03   2.06596822645360e-02   0.00000000000000e+00   9.12663755458515e-01 
 -4.84932913901432e-03   2.05735425652709e-02   0.00000000000000e+00   9.14847161572052e-01 
 -4.74144809132125e-03   2.04869827015268e-02   0.00000000000000e+00   9.17030567685589e-01 
 -4.64086474580320e-03   2.04002515117106e-02   0.00000000000000e+00   9.19213973799127e-01 
 -4.54875539716256e-03   2.03135978342292e-02   0.00000000000000e+00   9.21397379912664e-01 
 -4.46606472809287e-03   2.02272729536151e-02   0.00000000000000e+00   9.23580786026201e-01 
 -4.39191872226678e-03   2.01415473622385e-02   0.00000000000000e+00   9.25764192139738e-01 
 -4.32458440520803e-03   2.00567006241902e-02   0.00000000000000e+00   9.27947598253275e-01 
 -4.26232371809353e-03   1.99730123572584e-02   0.00000000000000e+00   9.30131004366812e-01 
 -4.20339860210021e-03   1.98907621792310e-02   0.00000000000000e+00   9.32314410480349e-01 
 -4.14607099840499e-03   1.98102297078962e-02   0.00000000000000e+00   9.34497816593886e-01 
 -4.08860284818478e-03   1.97316945610420e-02   0.00000000000000e+00   9.36681222707423e-01 
 -4.02934692461660e-03   1.96554233308348e-02   0.00000000000000e+00   9.38864628820961e-01 
 -3.96788913611076e-03   1.95815057736003e-02   0.00000000000000e+00   9.41048034934498e-01 
 -3.90470409136652e-03   1.95099042029811e-02   0.00000000000000e+00   9.43231441048035e-01 
 -3.84028601879513e-03   1.94405781190856e-02   0.00000000000000e+00   9.45414847161572e-01 
 -3.77512914680786e-03   1.93734870220221e-02   0.00000000000000e+00   9.47598253275109e-01 
 -3.70972770381598e-03   1.93085904118990e-02   0.00000000000000e+00   9.49781659388646e-01 
 -3.64457591823076e-03   1.92458477888247e-02   0.00000000000000e+00   9.51965065502183e-01 
 -3.58016801846347e-03   1.91852186529074e-02   0.00000000000000e+00   9.54148471615720e-01 
 -3.51699823292537e-03   1.91266625042556e-02   0.00000000000000e+00   9.56331877729258e-01 
 -3.45556079002773e-03   1.90701388429776e-02   0.00000000000000e+00   9.58515283842795e-01 
 -3.39634991818181e-03   1.90156071691817e-02   0.00000000000000e+00   9.60698689956332e-01 
 -3.33985984579889e-03   1.89630269829763e-02   0.00000000000000e+00   9.62882096069869e-01 
 -3.28658480129023e-03   1.89123577844698e-02   0.00000000000000e+00   9.65065502183406e-01 
 -3.23701901306709e-03   1.88635590737705e-02   0.00000000000000e+00   9.67248908296943e-01 
 -3.19165290962804e-03   1.88165912617651e-02   0.00000000000000e+00   9.69432314410480e-01 
 -3.15071059118929e-03   1.87714785939797e-02   0.00000000000000e+00   9.71615720524017e-01 
 -3.11397965439374e-03   1.87283499388807e-02   0.00000000000000e+00   9.73799126637555e-01 
 -3.08120723441370e-03   1.86873438629034e-02   0.00000000000000e+00   9.75982532751092e-01 
 -3.05214046642148e-03   1.86485989324833e-02   0.00000000000000e+00   9.78165938864629e-01 
 -3.02652648558940e-03   1.86122537140556e-02   0.00000000000000e+00   9.80349344978166e-01 
 -3.00411242708976e-03   1.85784467740557e-02   0.00000000000000e+00   9.82532751091703e-01 
 -2.98464542609488e-03   1.85473166789189e-02   0.00000000000000e+00   9.84716157205240e-01 
 -2.96787261777706e-03   1.85190019950805e-02   0.00000000000000e+00   9.86899563318777e-01 
 -2.95354113730862e-03   1.84936412889760e-02   0.00000000000000e+00   9.89082969432314e-01 
 -2.94139811986187e-03   1.84713731270406e-02   0.00000000000000e+00   9.91266375545852e-01 
 -2.93119070060912e-03   1.84523360757096e-02   0.00000000000000e+00   9.93449781659389e-01 
 -2.92266601472268e-03   1.84366687014185e-02   0.00000000000000e+00   9.95633187772926e-01 
 -2.91557119737487e-03   1.84245095706025e-02   0.00000000000000e+00   9.97816593886463e-01 
 -2.90965338373799e-03   1.84159972496970e-02   0.00000000000000e+00   1.00000000000000e+00 
