 -2.90949568545124e-03  -1.84159682226139e-02   0.00000000000000e+00   0.00000000000000e+00 
 -2.91402513544405e-03  -1.84254602659716e-02   0.00000000000000e+00   2.18340611353712e-03 
 -2.92037553849053e-03  -1.84380974271374e-02   0.00000000000000e+00   4.36681222707424e-03 
 -2.92942783399759e-03  -1.84538736188741e-02   0.00000000000000e+00   6.55021834061135e-03 
 -2.93917922113604e-03  -1.84726265047396e-02   0.00000000000000e+00   8.73362445414847e-03 
 -2.95394482286509e-03  -1.84945121002921e-02   0.00000000000000e+00   1.09170305676856e-02 
 -2.96824066938634e-03  -1.85191836004030e-02   0.00000000000000e+00   1.31004366812227e-02 
 -2.98352771499718e-03  -1.85466423828054e-02   0.00000000000000e+00   1.52838427947598e-02 
 -3.00448181854795e-03  -1.85770514147468e-02   0.00000000000000e+00   1.74672489082969e-02 
 -3.03086615949820e-03  -1.86103241929962e-02   0.00000000000000e+00   1.96506550218341e-02 
 -3.05976119097570e-03  -1.86462379859477e-02   0.00000000000000e+00   2.18340611353712e-02 
 -3.08905338783744e-03  -1.86846065972614e-02   0.00000000000000e+00   2.40174672489083e-02 
 -3.11937387488321e-03  -1.87253687227426e-02   0.00000000000000e+00   2.62008733624454e-02 
 -3.15191831331406e-03  -1.87684887467782e-02   0.00000000000000e+00   2.83842794759825e-02 
 -3.18788236433105e-03  -1.88139310537545e-02   0.00000000000000e+00   3.05676855895196e-02 
 -3.22846168913524e-03  -1.88616600280583e-02   0.00000000000000e+00   3.27510917030568e-02 
 -3.27485194892768e-03  -1.89116400540761e-02   0.00000000000000e+00   3.49344978165939e-02 
 -3.32788420159931e-03  -1.89638201657355e-02   0.00000000000000e+00   3.71179039301310e-02 
 -3.38674756995523e-03  -1.90180802685257e-02   0.00000000000000e+00   3.93013100436681e-02 
 -3.45016918223077e-03  -1.90742808171287e-02   0.00000000000000e+00   4.14847161572052e-02 
 -3.51687614135666e-03  -1.91322822651611e-02   0.00000000000000e+00   4.36681222707424e-02 
 -3.58559555026368e-03  -1.91919450662393e-02   0.00000000000000e+00   4.58515283842795e-02 
 -3.65505451188256e-03  -1.92531296739800e-02   0.00000000000000e+00   4.80349344978166e-02 
 -3.72398012914408e-03  -1.93156965419998e-02   0.00000000000000e+00   5.02183406113537e-02 
 -3.79109950497897e-03  -1.93795061239153e-02   0.00000000000000e+00   5.24017467248908e-02 
 -3.85513974231801e-03  -1.94444188733429e-02   0.00000000000000e+00   5.45851528384279e-02 
 -3.91483623257130e-03  -1.95102979793931e-02   0.00000000000000e+00   5.67685589519651e-02 
 -3.97005763435997e-03  -1.95773806497758e-02   0.00000000000000e+00   5.89519650655022e-02 
 -4.02294743156353e-03  -1.96466548656718e-02   0.00000000000000e+00   6.11353711790393e-02 
 -4.07592108168184e-03  -1.97191983692568e-02   0.00000000000000e+00   6.33187772925764e-02 
 -4.13135014061227e-03  -1.97960492730519e-02   0.00000000000000e+00   6.55021834061135e-02 
 -4.19060856820327e-03  -1.98773451669319e-02   0.00000000000000e+00   6.76855895196506e-02 
 -4.25407942689160e-03  -1.99623291649365e-02   0.00000000000000e+00   6.98689956331878e-02 
 -4.32210321725802e-03  -2.00502059608301e-02   0.00000000000000e+00   7.20524017467249e-02 
 -4.39502043988330e-03  -2.01401802483766e-02   0.00000000000000e+00   7.42358078602620e-02 
 -4.47317159534820e-03  -2.02314567213402e-02   0.00000000000000e+00   7.64192139737991e-02 
 -4.55689718423349e-03  -2.03232400734852e-02   0.00000000000000e+00   7.86026200873362e-02 
 -4.64653770711994e-03  -2.04147349985756e-02   0.00000000000000e+00   8.07860262008734e-02 
 -4.74243366458830e-03  -2.05051461903755e-02   0.00000000000000e+00   8.29694323144105e-02 
 -4.84492555721935e-03  -2.05936783426492e-02   0.00000000000000e+00   8.51528384279476e-02 
 -4.95435388559386e-03  -2.06795361491608e-02   0.00000000000000e+00   8.73362445414847e-02 
 -5.07105915029257e-03  -2.07619243036744e-02   0.00000000000000e+00   8.95196506550218e-02 
 -5.19538185189627e-03  -2.08400474999541e-02   0.00000000000000e+00   9.17030567685589e-02 
 -5.32766249098572e-03  -2.09131104317641e-02   0.00000000000000e+00   9.38864628820961e-02 
 -5.46824156814167e-03  -2.09803177928686e-02   0.00000000000000e+00   9.60698689956332e-02 
 -5.61745958394491e-03  -2.10408742770317e-02   0.00000000000000e+00   9.82532751091703e-02 
 -5.77565703897619e-03  -2.10939845780175e-02   0.00000000000000e+00   1.00436681222707e-01 
 -5.94317443381627e-03  -2.11388533895902e-02   0.00000000000000e+00   1.02620087336245e-01 
 -6.12035226904593e-03  -2.11746854055139e-02   0.00000000000000e+00   1.04803493449782e-01 
 -6.30753104524594e-03  -2.12006853195528e-02   0.00000000000000e+00   1.06986899563319e-01 
 -6.50505126299704e-03  -2.12160578254711e-02   0.00000000000000e+00   1.09170305676856e-01 
 -6.71325342288002e-03  -2.12200076170328e-02   0.00000000000000e+00   1.11353711790393e-01 
 -6.93247802547563e-03  -2.12117393880021e-02   0.00000000000000e+00   1.13537117903930e-01 
 -7.16306557136464e-03  -2.11904578321431e-02   0.00000000000000e+00   1.15720524017467e-01 
 -7.40535653185399e-03  -2.11553675813060e-02   0.00000000000000e+00   1.17903930131004e-01 
 -7.65894497488291e-03  -2.11040946239937e-02   0.00000000000000e+00   1.20087336244541e-01 
 -7.92073791716752e-03  -2.10285818345661e-02   0.00000000000000e+00   1.22270742358079e-01 
 -8.18703792275145e-03  -2.09194936697989e-02   0.00000000000000e+00   1.24454148471616e-01 
 -8.45394127517059e-03  -2.07700365550275e-02   0.00000000000000e+00   1.26637554585153e-01 
 -8.71603610850450e-03  -2.05920016502374e-02   0.00000000000000e+00   1.28820960698690e-01 
 -8.96724406987774e-03  -2.04054222107027e-02   0.00000000000000e+00   1.31004366812227e-01 
 -9.20331501809504e-03  -2.02249224017133e-02   0.00000000000000e+00   1.33187772925764e-01 
 -9.42491250814182e-03  -2.00505123471620e-02   0.00000000000000e+00   1.35371179039301e-01 
 -9.63351569119087e-03  -1.98797764702050e-02   0.00000000000000e+00   1.37554585152838e-01 
 -9.83060371841499e-03  -1.97102991939983e-02   0.00000000000000e+00   1.39737991266376e-01 
 -1.00176557409870e-02  -1.95396649416981e-02   0.00000000000000e+00   1.41921397379913e-01 
 -1.01961509100796e-02  -1.93654581364606e-02   0.00000000000000e+00   1.44104803493450e-01 
 -1.03675683768656e-02  -1.91852632014418e-02   0.00000000000000e+00   1.46288209606987e-01 
 -1.05333872925179e-02  -1.89966645597978e-02   0.00000000000000e+00   1.48471615720524e-01 
 -1.06950868082093e-02  -1.87972466346849e-02   0.00000000000000e+00   1.50655021834061e-01 
 -1.08541460751124e-02  -1.85845938492590e-02   0.00000000000000e+00   1.52838427947598e-01 
 -1.10117164074717e-02  -1.83565991569590e-02   0.00000000000000e+00   1.55021834061135e-01 
 -1.11661922195039e-02  -1.81137500546397e-02   0.00000000000000e+00   1.57205240174672e-01 
 -1.13145883043094e-02  -1.78578324129996e-02   0.00000000000000e+00   1.59388646288210e-01 
 -1.14539091914099e-02  -1.75906417618832e-02   0.00000000000000e+00   1.61572052401747e-01 
 -1.15811594103271e-02  -1.73139736311351e-02   0.00000000000000e+00   1.63755458515284e-01 
 -1.16933434905826e-02  -1.70296235506000e-02   0.00000000000000e+00   1.65938864628821e-01 
 -1.17875038963222e-02  -1.67393816255975e-02   0.00000000000000e+00   1.68122270742358e-01 
 -1.18622474277672e-02  -1.64448142665929e-02   0.00000000000000e+00   1.70305676855895e-01 
 -1.19182664400183e-02  -1.61471896566428e-02   0.00000000000000e+00   1.72489082969432e-01 
 -1.19563981764765e-02  -1.58477552602587e-02   0.00000000000000e+00   1.74672489082969e-01 
 -1.19774798805428e-02  -1.55477585419522e-02   0.00000000000000e+00   1.76855895196507e-01 
 -1.19823487956181e-02  -1.52484469662350e-02   0.00000000000000e+00   1.79039301310044e-01 
 -1.19718421651036e-02  -1.49510679976186e-02   0.00000000000000e+00   1.81222707423581e-01 
 -1.19467972324000e-02  -1.46568691006146e-02   0.00000000000000e+00   1.83406113537118e-01 
 -1.19080512409084e-02  -1.43670977397347e-02   0.00000000000000e+00   1.85589519650655e-01 
 -1.18564414340299e-02  -1.40830013794903e-02   0.00000000000000e+00   1.87772925764192e-01 
 -1.17928050551653e-02  -1.38058274843932e-02   0.00000000000000e+00   1.89956331877729e-01 
 -1.17179793477157e-02  -1.35368235189548e-02   0.00000000000000e+00   1.92139737991266e-01 
 -1.16328015550820e-02  -1.32772369476868e-02   0.00000000000000e+00   1.94323144104803e-01 
 -1.15381089206652e-02  -1.30283152351009e-02   0.00000000000000e+00   1.96506550218341e-01 
 -1.14347386878663e-02  -1.27913058457085e-02   0.00000000000000e+00   1.98689956331878e-01 
 -1.13235281000863e-02  -1.25674562440212e-02   0.00000000000000e+00   2.00873362445415e-01 
 -1.12053143898433e-02  -1.23580138159689e-02   0.00000000000000e+00   2.03056768558952e-01 
 -1.10808666082368e-02  -1.21637336290258e-02   0.00000000000000e+00   2.05240174672489e-01 
 -1.09507240489530e-02  -1.19837117383320e-02   0.00000000000000e+00   2.07423580786026e-01 
 -1.08153776601892e-02  -1.18166951101242e-02   0.00000000000000e+00   2.09606986899563e-01 
 -1.06753183901422e-02  -1.16614307106391e-02   0.00000000000000e+00   2.11790393013100e-01 
 -1.05310371870090e-02  -1.15166655061133e-02   0.00000000000000e+00   2.13973799126638e-01 
 -1.03830249989867e-02  -1.13811464627836e-02   0.00000000000000e+00   2.16157205240175e-01 
 -1.02317727742722e-02  -1.12536205468867e-02   0.00000000000000e+00   2.18340611353712e-01 
 -1.00777714610625e-02  -1.11328347246592e-02   0.00000000000000e+00   2.20524017467249e-01 
 -9.92151200755465e-03  -1.10175359623379e-02   0.00000000000000e+00   2.22707423580786e-01 
 -9.76348536194556e-03  -1.09064712261593e-02   0.00000000000000e+00   2.24890829694323e-01 
 -9.60418134703461e-03  -1.07983916024763e-02   0.00000000000000e+00   2.27074235807860e-01 
 -9.44392748455207e-03  -1.06926423669260e-02   0.00000000000000e+00   2.29257641921397e-01 
 -9.28272095039674e-03  -1.05897782015559e-02   0.00000000000000e+00   2.31441048034934e-01 
 -9.12051876490614e-03  -1.04905007991778e-02   0.00000000000000e+00   2.33624454148472e-01 
 -8.95727794841779e-03  -1.03955118526035e-02   0.00000000000000e+00   2.35807860262009e-01 
 -8.79295552126918e-03  -1.03055130546450e-02   0.00000000000000e+00   2.37991266375546e-01 
 -8.62750981464506e-03  -1.02211978183021e-02   0.00000000000000e+00   2.40174672489083e-01 
 -8.46096723694629e-03  -1.01428295548598e-02   0.00000000000000e+00   2.42358078602620e-01 
 -8.29345404775134e-03  -1.00700409774045e-02   0.00000000000000e+00   2.44541484716157e-01 
 -8.12510446601067e-03  -1.00024145245873e-02   0.00000000000000e+00   2.46724890829694e-01 
 -7.95605271067470e-03  -9.93953263505937e-03   0.00000000000000e+00   2.48908296943231e-01 
 -7.78643300069390e-03  -9.88097774747174e-03   0.00000000000000e+00   2.51091703056769e-01 
 -7.61637955501870e-03  -9.82633230047551e-03   0.00000000000000e+00   2.53275109170306e-01 
 -7.44602659259954e-03  -9.77517873272181e-03   0.00000000000000e+00   2.55458515283843e-01 
 -7.27550833238687e-03  -9.72709948286172e-03   0.00000000000000e+00   2.57641921397380e-01 
 -7.10495899333114e-03  -9.68167698954636e-03   0.00000000000000e+00   2.59825327510917e-01 
 -6.93451279438279e-03  -9.63849369142682e-03   0.00000000000000e+00   2.62008733624454e-01 
 -6.76430395449225e-03  -9.59713202715421e-03   0.00000000000000e+00   2.64192139737991e-01 
 -6.59446669260998e-03  -9.55717443537962e-03   0.00000000000000e+00   2.66375545851528e-01 
 -6.42513522768642e-03  -9.51820335475415e-03   0.00000000000000e+00   2.68558951965065e-01 
 -6.25644377867202e-03  -9.47980122392892e-03   0.00000000000000e+00   2.70742358078603e-01 
 -6.08852656451721e-03  -9.44155048155502e-03   0.00000000000000e+00   2.72925764192140e-01 
 -5.92151780417244e-03  -9.40303356628355e-03   0.00000000000000e+00   2.75109170305677e-01 
 -5.75555171658815e-03  -9.36383291676562e-03   0.00000000000000e+00   2.77292576419214e-01 
 -5.59076252071480e-03  -9.32353097165231e-03   0.00000000000000e+00   2.79475982532751e-01 
 -5.42728443550281e-03  -9.28171016959475e-03   0.00000000000000e+00   2.81659388646288e-01 
 -5.26525167990265e-03  -9.23795294924402e-03   0.00000000000000e+00   2.83842794759825e-01 
 -5.10479847286474e-03  -9.19184174925123e-03   0.00000000000000e+00   2.86026200873362e-01 
 -4.94605903333954e-03  -9.14295900826749e-03   0.00000000000000e+00   2.88209606986900e-01 
 -4.78916758027748e-03  -9.09088716494388e-03   0.00000000000000e+00   2.90393013100437e-01 
 -4.63425833262902e-03  -9.03520865793152e-03   0.00000000000000e+00   2.92576419213974e-01 
 -4.48146291679781e-03  -8.97551490455208e-03   0.00000000000000e+00   2.94759825327511e-01 
 -4.33083844297280e-03  -8.91165539135274e-03   0.00000000000000e+00   2.96943231441048e-01 
 -4.18235815573048e-03  -8.84377005352689e-03   0.00000000000000e+00   2.99126637554585e-01 
 -4.03599082902779e-03  -8.77201430919765e-03   0.00000000000000e+00   3.01310043668122e-01 
 -3.89170523682166e-03  -8.69654357648816e-03   0.00000000000000e+00   3.03493449781659e-01 
 -3.74947015306903e-03  -8.61751327352154e-03   0.00000000000000e+00   3.05676855895196e-01 
 -3.60925435172686e-03  -8.53507881842092e-03   0.00000000000000e+00   3.07860262008734e-01 
 -3.47102660675208e-03  -8.44939562930944e-03   0.00000000000000e+00   3.10043668122271e-01 
 -3.33475569210164e-03  -8.36061912431022e-03   0.00000000000000e+00   3.12227074235808e-01 
 -3.20041038173247e-03  -8.26890472154640e-03   0.00000000000000e+00   3.14410480349345e-01 
 -3.06795944960153e-03  -8.17440783914109e-03   0.00000000000000e+00   3.16593886462882e-01 
 -2.93737166966574e-03  -8.07728389521744e-03   0.00000000000000e+00   3.18777292576419e-01 
 -2.80861581588206e-03  -7.97768830789857e-03   0.00000000000000e+00   3.20960698689956e-01 
 -2.68166066220674e-03  -7.87577649536956e-03   0.00000000000000e+00   3.23144104803493e-01 
 -2.55647369497896e-03  -7.77182164701958e-03   0.00000000000000e+00   3.25327510917031e-01 
 -2.43301737427782e-03  -7.66655667640265e-03   0.00000000000000e+00   3.27510917030568e-01 
 -2.31125293392424e-03  -7.56082665611797e-03   0.00000000000000e+00   3.29694323144105e-01 
 -2.19114160773912e-03  -7.45547665876476e-03   0.00000000000000e+00   3.31877729257642e-01 
 -2.07264462954338e-03  -7.35135175694224e-03   0.00000000000000e+00   3.34061135371179e-01 
 -1.95572323315792e-03  -7.24929702324962e-03   0.00000000000000e+00   3.36244541484716e-01 
 -1.84033865240366e-03  -7.15015753028612e-03   0.00000000000000e+00   3.38427947598253e-01 
 -1.72645212110151e-03  -7.05477835065095e-03   0.00000000000000e+00   3.40611353711790e-01 
 -1.61402777709726e-03  -6.96398868937745e-03   0.00000000000000e+00   3.42794759825327e-01 
 -1.50318546324244e-03  -6.87776698074235e-03   0.00000000000000e+00   3.44978165938865e-01 
 -1.39427627032676e-03  -6.79482812236016e-03   0.00000000000000e+00   3.47161572052402e-01 
 -1.28767004663915e-03  -6.71378452103739e-03   0.00000000000000e+00   3.49344978165939e-01 
 -1.18373664046858e-03  -6.63324858358057e-03   0.00000000000000e+00   3.51528384279476e-01 
 -1.08284590010400e-03  -6.55183271679623e-03   0.00000000000000e+00   3.53711790393013e-01 
 -9.85367673834357e-04  -6.46814932749088e-03   0.00000000000000e+00   3.55895196506550e-01 
 -8.91671809948616e-04  -6.38081082247104e-03   0.00000000000000e+00   3.58078602620087e-01 
 -8.02128156735727e-04  -6.28842960854325e-03   0.00000000000000e+00   3.60262008733624e-01 
 -7.19239463423463e-04  -6.18881315254722e-03   0.00000000000000e+00   3.62445414847162e-01 
 -6.65859222353856e-04  -6.07208871161916e-03   0.00000000000000e+00   3.64628820960699e-01 
 -6.72165373348148e-04  -5.92797053044967e-03   0.00000000000000e+00   3.66812227074236e-01 
 -7.41179748721466e-04  -5.77260467544915e-03   0.00000000000000e+00   3.68995633187773e-01 
 -8.64343504400383e-04  -5.63292501237923e-03   0.00000000000000e+00   3.71179039301310e-01 
 -1.02896383204862e-03  -5.52135623657885e-03   0.00000000000000e+00   3.73362445414847e-01 
 -1.21691302537831e-03  -5.43101014890785e-03   0.00000000000000e+00   3.75545851528384e-01 
 -1.40992942591347e-03  -5.35376325820506e-03   0.00000000000000e+00   3.77729257641921e-01 
 -1.59787648552484e-03  -5.28479208255804e-03   0.00000000000000e+00   3.79912663755459e-01 
 -1.78049968027356e-03  -5.22328671892683e-03   0.00000000000000e+00   3.82096069868996e-01 
 -1.95814134410647e-03  -5.16867967778454e-03   0.00000000000000e+00   3.84279475982533e-01 
 -2.13114381097044e-03  -5.12040346960425e-03   0.00000000000000e+00   3.86462882096070e-01 
 -2.29984941481233e-03  -5.07789060485906e-03   0.00000000000000e+00   3.88646288209607e-01 
 -2.46460048957900e-03  -5.04057359402206e-03   0.00000000000000e+00   3.90829694323144e-01 
 -2.62573936921729e-03  -5.00788494756635e-03   0.00000000000000e+00   3.93013100436681e-01 
 -2.78360838767408e-03  -4.97925717596502e-03   0.00000000000000e+00   3.95196506550218e-01 
 -2.93854987889621e-03  -4.95412278969118e-03   0.00000000000000e+00   3.97379912663755e-01 
 -3.09090617683054e-03  -4.93191429921790e-03   0.00000000000000e+00   3.99563318777293e-01 
 -3.24101961542394e-03  -4.91206421501829e-03   0.00000000000000e+00   4.01746724890830e-01 
 -3.38923252862326e-03  -4.89400504756544e-03   0.00000000000000e+00   4.03930131004367e-01 
 -3.53588725037535e-03  -4.87716930733244e-03   0.00000000000000e+00   4.06113537117904e-01 
 -3.68132611462708e-03  -4.86098950479240e-03   0.00000000000000e+00   4.08296943231441e-01 
 -3.82589145532530e-03  -4.84489815041841e-03   0.00000000000000e+00   4.10480349344978e-01 
 -3.96992560641688e-03  -4.82832775468355e-03   0.00000000000000e+00   4.12663755458515e-01 
 -4.11377090184866e-03  -4.81071082806093e-03   0.00000000000000e+00   4.14847161572052e-01 
 -4.25776967556750e-03  -4.79147988102363e-03   0.00000000000000e+00   4.17030567685589e-01 
 -4.40226426152028e-03  -4.77006742404476e-03   0.00000000000000e+00   4.19213973799127e-01 
 -4.54759567647728e-03  -4.74590696545059e-03   0.00000000000000e+00   4.21397379912664e-01 
 -4.69395430424345e-03  -4.71854612855362e-03   0.00000000000000e+00   4.23580786026201e-01 
 -4.84124256659512e-03  -4.68775068800420e-03   0.00000000000000e+00   4.25764192139738e-01 
 -4.98933043197198e-03  -4.65331100412061e-03   0.00000000000000e+00   4.27947598253275e-01 
 -5.13808786881373e-03  -4.61501743722115e-03   0.00000000000000e+00   4.30131004366812e-01 
 -5.28738484556003e-03  -4.57266034762410e-03   0.00000000000000e+00   4.32314410480349e-01 
 -5.43709133065058e-03  -4.52603009564773e-03   0.00000000000000e+00   4.34497816593886e-01 
 -5.58707729252507e-03  -4.47491704161033e-03   0.00000000000000e+00   4.36681222707424e-01 
 -5.73721269962318e-03  -4.41911154583019e-03   0.00000000000000e+00   4.38864628820961e-01 
 -5.88736752038460e-03  -4.35840396862560e-03   0.00000000000000e+00   4.41048034934498e-01 
 -6.03741172324900e-03  -4.29258467031483e-03   0.00000000000000e+00   4.43231441048035e-01 
 -6.18721527665609e-03  -4.22144401121617e-03   0.00000000000000e+00   4.45414847161572e-01 
 -6.33664814904553e-03  -4.14477235164790e-03   0.00000000000000e+00   4.47598253275109e-01 
 -6.48558030885703e-03  -4.06236005192831e-03   0.00000000000000e+00   4.49781659388646e-01 
 -6.63388172453026e-03  -3.97399747237568e-03   0.00000000000000e+00   4.51965065502183e-01 
 -6.78142236450491e-03  -3.87947497330830e-03   0.00000000000000e+00   4.54148471615720e-01 
 -6.92807219722067e-03  -3.77858291504445e-03   0.00000000000000e+00   4.56331877729258e-01 
 -7.07370119111722e-03  -3.67111165790241e-03   0.00000000000000e+00   4.58515283842795e-01 
 -7.21817931463424e-03  -3.55685156220047e-03   0.00000000000000e+00   4.60698689956332e-01 
 -7.36137653621143e-03  -3.43559298825692e-03   0.00000000000000e+00   4.62882096069869e-01 
 -7.50316282428847e-03  -3.30712629639002e-03   0.00000000000000e+00   4.65065502183406e-01 
 -7.64340814730504e-03  -3.17124184691808e-03   0.00000000000000e+00   4.67248908296943e-01 
 -7.78198247370084e-03  -3.02773000015938e-03   0.00000000000000e+00   4.69432314410480e-01 
 -7.91875577191554e-03  -2.87638111643219e-03   0.00000000000000e+00   4.71615720524017e-01 
 -8.05359801038883e-03  -2.71698555605480e-03   0.00000000000000e+00   4.73799126637555e-01 
 -8.18637915756040e-03  -2.54933367934550e-03   0.00000000000000e+00   4.75982532751092e-01 
 -8.31696918186992e-03  -2.37321584662258e-03   0.00000000000000e+00   4.78165938864629e-01 
 -8.44523805175710e-03  -2.18842241820430e-03   0.00000000000000e+00   4.80349344978166e-01 
 -8.57067023083095e-03  -1.99463753903688e-03   0.00000000000000e+00   4.82532751091703e-01 
 -8.69093674062339e-03  -1.79104570941963e-03   0.00000000000000e+00   4.84716157205240e-01 
 -8.80317585142070e-03  -1.57668464453461e-03   0.00000000000000e+00   4.86899563318777e-01 
 -8.90452576200031e-03  -1.35059203986153e-03   0.00000000000000e+00   4.89082969432314e-01 
 -8.99212467113967e-03  -1.11180559088011e-03   0.00000000000000e+00   4.91266375545852e-01 
 -9.06311077761623e-03  -8.59362993070078e-04   0.00000000000000e+00   4.93449781659389e-01 
 -9.11462228020742e-03  -5.92301941911159e-04   0.00000000000000e+00   4.95633187772926e-01 
 -9.14384433098665e-03  -3.09749225554596e-04   0.00000000000000e+00   4.97816593886463e-01 
 -9.14986091904467e-03  -1.44346265564269e-05   0.00000000000000e+00   5.00000000000000e-01 
 -9.13426609035078e-03   2.86149304155589e-04   0.00000000000000e+00   5.02183406113537e-01 
 -9.09882608021127e-03   5.84183290815217e-04   0.00000000000000e+00   5.04366812227074e-01 
 -9.04530712393249e-03   8.71848057656171e-04   0.00000000000000e+00   5.06550218340611e-01 
 -8.97547268720004e-03   1.14189782807441e-03   0.00000000000000e+00   5.08733624454148e-01 
 -8.89105932887100e-03   1.39265836228801e-03   0.00000000000000e+00   5.10917030567686e-01 
 -8.79378846946531e-03   1.62559008212428e-03   0.00000000000000e+00   5.13100436681223e-01 
 -8.68538136052391e-03   1.84218839952366e-03   0.00000000000000e+00   5.15283842794760e-01 
 -8.56755925358772e-03   2.04394872642656e-03   0.00000000000000e+00   5.17467248908297e-01 
 -8.44204340019764e-03   2.23236647477342e-03   0.00000000000000e+00   5.19650655021834e-01 
 -8.31055505189462e-03   2.40893705650465e-03   0.00000000000000e+00   5.21834061135371e-01 
 -8.17481546021954e-03   2.57515588356069e-03   0.00000000000000e+00   5.24017467248908e-01 
 -8.03654587671336e-03   2.73251836788196e-03   0.00000000000000e+00   5.26200873362445e-01 
 -7.89746755291698e-03   2.88251992140890e-03   0.00000000000000e+00   5.28384279475983e-01 
 -7.75930174037132e-03   3.02665595608192e-03   0.00000000000000e+00   5.30567685589520e-01 
 -7.62373018858887e-03   3.16640614852929e-03   0.00000000000000e+00   5.32751091703057e-01 
 -7.49018114828654e-03   3.30235251243713e-03   0.00000000000000e+00   5.34934497816594e-01 
 -7.35465540424514e-03   3.43371175827422e-03   0.00000000000000e+00   5.37117903930131e-01 
 -7.21287606634624e-03   3.55958640241271e-03   0.00000000000000e+00   5.39301310043668e-01 
 -7.06289438623144e-03   3.67914074298397e-03   0.00000000000000e+00   5.41484716157205e-01 
 -6.90810307309134e-03   3.79168082406031e-03   0.00000000000000e+00   5.43668122270742e-01 
 -6.75260226589792e-03   3.89654205538900e-03   0.00000000000000e+00   5.45851528384279e-01 
 -6.59877284473433e-03   3.99348528613839e-03   0.00000000000000e+00   5.48034934497817e-01 
 -6.44662841694210e-03   4.08285715924604e-03   0.00000000000000e+00   5.50218340611354e-01 
 -6.29601015611283e-03   4.16504698726442e-03   0.00000000000000e+00   5.52401746724891e-01 
 -6.14675923583814e-03   4.24044408274603e-03   0.00000000000000e+00   5.54585152838428e-01 
 -5.99871682970963e-03   4.30943775824334e-03   0.00000000000000e+00   5.56768558951965e-01 
 -5.85172411131892e-03   4.37241732630883e-03   0.00000000000000e+00   5.58951965065502e-01 
 -5.70562225425762e-03   4.42977209949499e-03   0.00000000000000e+00   5.61135371179039e-01 
 -5.56025243211733e-03   4.48189139035431e-03   0.00000000000000e+00   5.63318777292576e-01 
 -5.41545581848967e-03   4.52916451143926e-03   0.00000000000000e+00   5.65502183406113e-01 
 -5.27107358696623e-03   4.57198077530232e-03   0.00000000000000e+00   5.67685589519651e-01 
 -5.12694691113864e-03   4.61072949449598e-03   0.00000000000000e+00   5.69868995633188e-01 
 -4.98291696459850e-03   4.64579998157272e-03   0.00000000000000e+00   5.72052401746725e-01 
 -4.83882492093743e-03   4.67758154908502e-03   0.00000000000000e+00   5.74235807860262e-01 
 -4.69451195374703e-03   4.70646350958537e-03   0.00000000000000e+00   5.76419213973799e-01 
 -4.54981923661892e-03   4.73283517562624e-03   0.00000000000000e+00   5.78602620087336e-01 
 -4.40458794314469e-03   4.75708585976013e-03   0.00000000000000e+00   5.80786026200873e-01 
 -4.25865924691596e-03   4.77960487453950e-03   0.00000000000000e+00   5.82969432314410e-01 
 -4.11187432152435e-03   4.80078153251685e-03   0.00000000000000e+00   5.85152838427948e-01 
 -3.96407434056146e-03   4.82100514624465e-03   0.00000000000000e+00   5.87336244541485e-01 
 -3.81510047761890e-03   4.84066502827539e-03   0.00000000000000e+00   5.89519650655022e-01 
 -3.66479390628827e-03   4.86015049116155e-03   0.00000000000000e+00   5.91703056768559e-01 
 -3.51299580016120e-03   4.87985084745562e-03   0.00000000000000e+00   5.93886462882096e-01 
 -3.35954733282928e-03   4.90015540971007e-03   0.00000000000000e+00   5.96069868995633e-01 
 -3.20428967788414e-03   4.92145349047739e-03   0.00000000000000e+00   5.98253275109170e-01 
 -3.04706400891737e-03   4.94413440231005e-03   0.00000000000000e+00   6.00436681222707e-01 
 -2.88771149952059e-03   4.96858745776055e-03   0.00000000000000e+00   6.02620087336245e-01 
 -2.72607332328541e-03   4.99520196938137e-03   0.00000000000000e+00   6.04803493449782e-01 
 -2.56199065380344e-03   5.02436724972498e-03   0.00000000000000e+00   6.06986899563319e-01 
 -2.39530466466629e-03   5.05647261134387e-03   0.00000000000000e+00   6.09170305676856e-01 
 -2.22585652946555e-03   5.09190736679052e-03   0.00000000000000e+00   6.11353711790393e-01 
 -2.05351211531907e-03   5.13110859240167e-03   0.00000000000000e+00   6.13537117903930e-01 
 -1.87864727638295e-03   5.17549981378296e-03   0.00000000000000e+00   6.15720524017467e-01 
 -1.70211759005838e-03   5.22743246766087e-03   0.00000000000000e+00   6.17903930131004e-01 
 -1.52479726741206e-03   5.28929403317940e-03   0.00000000000000e+00   6.20087336244541e-01 
 -1.34756051951073e-03   5.36347198948255e-03   0.00000000000000e+00   6.22270742358079e-01 
 -1.17128155742109e-03   5.45235381571432e-03   0.00000000000000e+00   6.24454148471616e-01 
 -9.97090122213673e-04   5.55829881119594e-03   0.00000000000000e+00   6.26637554585153e-01 
 -8.36833745759000e-04   5.68248431837170e-03   0.00000000000000e+00   6.28820960698690e-01 
 -7.16754126684084e-04   5.82450029244325e-03   0.00000000000000e+00   6.31004366812227e-01 
 -6.62259722738146e-04   5.98236193965541e-03   0.00000000000000e+00   6.33187772925764e-01 
 -6.73753881887919e-04   6.13424384468399e-03   0.00000000000000e+00   6.35371179039301e-01 
 -7.33545606284582e-04   6.24820307166883e-03   0.00000000000000e+00   6.37554585152838e-01 
 -8.22746257855829e-04   6.32947727209369e-03   0.00000000000000e+00   6.39737991266376e-01 
 -9.22548729814800e-04   6.40246813645575e-03   0.00000000000000e+00   6.41921397379913e-01 
 -1.02387760931050e-03   6.47890155048226e-03   0.00000000000000e+00   6.44104803493450e-01 
 -1.12644929017979e-03   6.55889359829449e-03   0.00000000000000e+00   6.46288209606987e-01 
 -1.23029595749351e-03   6.64214335375571e-03   0.00000000000000e+00   6.48471615720524e-01 
 -1.33544979632248e-03   6.72834989072918e-03   0.00000000000000e+00   6.50655021834061e-01 
 -1.44194299173754e-03   6.81721228307816e-03   0.00000000000000e+00   6.52838427947598e-01 
 -1.54980772880953e-03   6.90842960466593e-03   0.00000000000000e+00   6.55021834061135e-01 
 -1.65907619260927e-03   7.00170092935573e-03   0.00000000000000e+00   6.57205240174672e-01 
 -1.76978056820761e-03   7.09672533101085e-03   0.00000000000000e+00   6.59388646288210e-01 
 -1.88195304067537e-03   7.19320188349453e-03   0.00000000000000e+00   6.61572052401747e-01 
 -1.99562579508339e-03   7.29082966067005e-03   0.00000000000000e+00   6.63755458515284e-01 
 -2.11083101650250e-03   7.38930773640067e-03   0.00000000000000e+00   6.65938864628821e-01 
 -2.22760089000355e-03   7.48833518454965e-03   0.00000000000000e+00   6.68122270742358e-01 
 -2.34596760065735e-03   7.58761107898025e-03   0.00000000000000e+00   6.70305676855895e-01 
 -2.46596333353475e-03   7.68683449355575e-03   0.00000000000000e+00   6.72489082969432e-01 
 -2.58762027370657e-03   7.78570450213940e-03   0.00000000000000e+00   6.74672489082969e-01 
 -2.71097060624366e-03   7.88392017859446e-03   0.00000000000000e+00   6.76855895196506e-01 
 -2.83604651621685e-03   7.98118059678421e-03   0.00000000000000e+00   6.79039301310044e-01 
 -2.96288018869696e-03   8.07718483057190e-03   0.00000000000000e+00   6.81222707423581e-01 
 -3.09150380875484e-03   8.17163195382080e-03   0.00000000000000e+00   6.83406113537118e-01 
 -3.22194956146131e-03   8.26422104039417e-03   0.00000000000000e+00   6.85589519650655e-01 
 -3.35424963188723e-03   8.35465116415528e-03   0.00000000000000e+00   6.87772925764192e-01 
 -3.48843620510340e-03   8.44262139896739e-03   0.00000000000000e+00   6.89956331877729e-01 
 -3.62454146618067e-03   8.52783081869376e-03   0.00000000000000e+00   6.92139737991266e-01 
 -3.76259760018987e-03   8.60997849719766e-03   0.00000000000000e+00   6.94323144104803e-01 
 -3.90263679220185e-03   8.68876350834236e-03   0.00000000000000e+00   6.96506550218341e-01 
 -4.04469122728742e-03   8.76388492599110e-03   0.00000000000000e+00   6.98689956331878e-01 
 -4.18879309051742e-03   8.83504182400716e-03   0.00000000000000e+00   7.00873362445415e-01 
 -4.33497456696270e-03   8.90193327625381e-03   0.00000000000000e+00   7.03056768558952e-01 
 -4.48326784169407e-03   8.96425835659431e-03   0.00000000000000e+00   7.05240174672489e-01 
 -4.63370509978239e-03   9.02171613889191e-03   0.00000000000000e+00   7.07423580786026e-01 
 -4.78631838240631e-03   9.07400772378428e-03   0.00000000000000e+00   7.09606986899563e-01 
 -4.94109850492007e-03   9.12141489292447e-03   0.00000000000000e+00   7.11790393013100e-01 
 -5.09793837891861e-03   9.16559843869745e-03   0.00000000000000e+00   7.13973799126637e-01 
 -5.25671475668538e-03   9.20819193484946e-03   0.00000000000000e+00   7.16157205240175e-01 
 -5.41729538892554e-03   9.24977503780206e-03   0.00000000000000e+00   7.18340611353712e-01 
 -5.57954542113841e-03   9.29062238283424e-03   0.00000000000000e+00   7.20524017467249e-01 
 -5.74332999855873e-03   9.33100857425679e-03   0.00000000000000e+00   7.22707423580786e-01 
 -5.90851426642129e-03   9.37120821638053e-03   0.00000000000000e+00   7.24890829694323e-01 
 -6.07496336996086e-03   9.41149591351627e-03   0.00000000000000e+00   7.27074235807860e-01 
 -6.24254245441221e-03   9.45214626997481e-03   0.00000000000000e+00   7.29257641921397e-01 
 -6.41111666501012e-03   9.49343389006697e-03   0.00000000000000e+00   7.31441048034934e-01 
 -6.58055114698934e-03   9.53563337810355e-03   0.00000000000000e+00   7.33624454148472e-01 
 -6.75071104558468e-03   9.57901933839536e-03   0.00000000000000e+00   7.35807860262009e-01 
 -6.92146150603087e-03   9.62386637525320e-03   0.00000000000000e+00   7.37991266375546e-01 
 -7.09266767356272e-03   9.67044909298790e-03   0.00000000000000e+00   7.40174672489083e-01 
 -7.26419469341498e-03   9.71904209591024e-03   0.00000000000000e+00   7.42358078602620e-01 
 -7.43590771082244e-03   9.76991998833105e-03   0.00000000000000e+00   7.44541484716157e-01 
 -7.60767187101985e-03   9.82335737456114e-03   0.00000000000000e+00   7.46724890829694e-01 
 -7.77935231924199e-03   9.87962885891130e-03   0.00000000000000e+00   7.48908296943231e-01 
 -7.95081420072365e-03   9.93900904569235e-03   0.00000000000000e+00   7.51091703056769e-01 
 -8.12192266069958e-03   1.00017725392151e-02   0.00000000000000e+00   7.53275109170306e-01 
 -8.29254284440457e-03   1.00681939437904e-02   0.00000000000000e+00   7.55458515283843e-01 
 -8.46253989707338e-03   1.01385478637289e-02   0.00000000000000e+00   7.57641921397380e-01 
 -8.63177896394080e-03   1.02131089033416e-02   0.00000000000000e+00   7.59825327510917e-01 
 -8.80012519024158e-03   1.02921516669392e-02   0.00000000000000e+00   7.62008733624454e-01 
 -8.96744372121051e-03   1.03759507588326e-02   0.00000000000000e+00   7.64192139737991e-01 
 -9.13359970208234e-03   1.04647807833325e-02   0.00000000000000e+00   7.66375545851528e-01 
 -9.29845827809188e-03   1.05589163447498e-02   0.00000000000000e+00   7.68558951965066e-01 
 -9.46188459447386e-03   1.06586320473952e-02   0.00000000000000e+00   7.70742358078603e-01 
 -9.62374379646309e-03   1.07642024955796e-02   0.00000000000000e+00   7.72925764192140e-01 
 -9.78387677318243e-03   1.08759076854729e-02   0.00000000000000e+00   7.75109170305677e-01 
 -9.94195300263978e-03   1.09940657159961e-02   0.00000000000000e+00   7.77292576419214e-01 
 -1.00975681060295e-02   1.11190111036039e-02   0.00000000000000e+00   7.79475982532751e-01 
 -1.02503174152824e-02   1.12510784290509e-02   0.00000000000000e+00   7.81659388646288e-01 
 -1.03997962623289e-02   1.13906022730919e-02   0.00000000000000e+00   7.83842794759825e-01 
 -1.05455999790999e-02   1.15379172164818e-02   0.00000000000000e+00   7.86026200873362e-01 
 -1.06873238975260e-02   1.16933578399751e-02   0.00000000000000e+00   7.88209606986900e-01 
 -1.08245633495377e-02   1.18572587243267e-02   0.00000000000000e+00   7.90393013100437e-01 
 -1.09569136670659e-02   1.20299544502914e-02   0.00000000000000e+00   7.92576419213974e-01 
 -1.10839701820411e-02   1.22117795986237e-02   0.00000000000000e+00   7.94759825327511e-01 
 -1.12053282263940e-02   1.24030687500786e-02   0.00000000000000e+00   7.96943231441048e-01 
 -1.13205831320553e-02   1.26041564854108e-02   0.00000000000000e+00   7.99126637554585e-01 
 -1.14293302309556e-02   1.28153773853749e-02   0.00000000000000e+00   8.01310043668122e-01 
 -1.15311648550257e-02   1.30370660307257e-02   0.00000000000000e+00   8.03493449781659e-01 
 -1.16256823361961e-02   1.32695570022181e-02   0.00000000000000e+00   8.05676855895196e-01 
 -1.17124780063976e-02   1.35131848806066e-02   0.00000000000000e+00   8.07860262008734e-01 
 -1.17911471975608e-02   1.37682842466461e-02   0.00000000000000e+00   8.10043668122271e-01 
 -1.18612852416163e-02   1.40351896810914e-02   0.00000000000000e+00   8.12227074235808e-01 
 -1.19224874704948e-02   1.43142357646971e-02   0.00000000000000e+00   8.14410480349345e-01 
 -1.19739941567337e-02   1.46056510801047e-02   0.00000000000000e+00   8.16593886462882e-01 
 -1.20110671482178e-02   1.49084765058281e-02   0.00000000000000e+00   8.18777292576419e-01 
 -1.20264798663988e-02   1.52210053218781e-02   0.00000000000000e+00   8.20960698689956e-01 
 -1.20156628733767e-02   1.55409448029453e-02   0.00000000000000e+00   8.23144104803493e-01 
 -1.19804751354491e-02   1.58646323216421e-02   0.00000000000000e+00   8.25327510917030e-01 
 -1.19237133927002e-02   1.61882054096534e-02   0.00000000000000e+00   8.27510917030568e-01 
 -1.18481743852139e-02   1.65078015986640e-02   0.00000000000000e+00   8.29694323144105e-01 
 -1.17566548530745e-02   1.68195584203588e-02   0.00000000000000e+00   8.31877729257642e-01 
 -1.16519515363660e-02   1.71196134064223e-02   0.00000000000000e+00   8.34061135371179e-01 
 -1.15368611751724e-02   1.74041040885396e-02   0.00000000000000e+00   8.36244541484716e-01 
 -1.14140592580073e-02   1.76694829562118e-02   0.00000000000000e+00   8.38427947598253e-01 
 -1.12847507108837e-02   1.79160223682556e-02   0.00000000000000e+00   8.40611353711790e-01 
 -1.11491619111851e-02   1.81465365189304e-02   0.00000000000000e+00   8.42794759825327e-01 
 -1.10075015345546e-02   1.83638855837683e-02   0.00000000000000e+00   8.44978165938865e-01 
 -1.08599718156891e-02   1.85709256854805e-02   0.00000000000000e+00   8.47161572052402e-01 
 -1.07063496151209e-02   1.87702452896088e-02   0.00000000000000e+00   8.49344978165939e-01 
 -1.05457290554548e-02   1.89640032641407e-02   0.00000000000000e+00   8.51528384279476e-01 
 -1.03771427054452e-02   1.91543197456814e-02   0.00000000000000e+00   8.53711790393013e-01 
 -1.01996231338466e-02   1.93433148708362e-02   0.00000000000000e+00   8.55895196506550e-01 
 -1.00122029094132e-02   1.95331087762103e-02   0.00000000000000e+00   8.58078602620087e-01 
 -9.81391460089958e-03   1.97258215984088e-02   0.00000000000000e+00   8.60262008733624e-01 
 -9.60414717049015e-03   1.99222958858032e-02   0.00000000000000e+00   8.62445414847162e-01 
 -9.38383778730779e-03   2.01178242220332e-02   0.00000000000000e+00   8.64628820960699e-01 
 -9.15434392269773e-03   2.03061925042269e-02   0.00000000000000e+00   8.66812227074236e-01 
 -8.91702305605991e-03   2.04811866006386e-02   0.00000000000000e+00   8.68995633187773e-01 
 -8.67329507341319e-03   2.06374524692793e-02   0.00000000000000e+00   8.71179039301310e-01 
 -8.42490578948450e-03   2.07741280266712e-02   0.00000000000000e+00   8.73362445414847e-01 
 -8.17370707205352e-03   2.08918128154569e-02   0.00000000000000e+00   8.75545851528384e-01 
 -7.92155084603002e-03   2.09911071656467e-02   0.00000000000000e+00   8.77729257641921e-01 
 -7.67028903632372e-03   2.10726114072512e-02   0.00000000000000e+00   8.79912663755459e-01 
 -7.42177356784438e-03   2.11369258702805e-02   0.00000000000000e+00   8.82096069868996e-01 
 -7.17785636550171e-03   2.11846508847453e-02   0.00000000000000e+00   8.84279475982533e-01 
 -6.94038935420549e-03   2.12163867806559e-02   0.00000000000000e+00   8.86462882096070e-01 
 -6.71122445886545e-03   2.12327338880226e-02   0.00000000000000e+00   8.88646288209607e-01 
 -6.49221360439131e-03   2.12342925368559e-02   0.00000000000000e+00   8.90829694323144e-01 
 -6.28520871569283e-03   2.12216630571661e-02   0.00000000000000e+00   8.93013100436681e-01 
 -6.09206171767975e-03   2.11954457789638e-02   0.00000000000000e+00   8.95196506550218e-01 
 -5.91462453526181e-03   2.11562410322591e-02   0.00000000000000e+00   8.97379912663755e-01 
 -5.75396017640990e-03   2.11049448855429e-02   0.00000000000000e+00   8.99563318777293e-01 
 -5.60551566258435e-03   2.10445584973924e-02   0.00000000000000e+00   9.01746724890830e-01 
 -5.46390670688072e-03   2.09782402595305e-02   0.00000000000000e+00   9.03930131004367e-01 
 -5.32835838074999e-03   2.09069764578443e-02   0.00000000000000e+00   9.06113537117904e-01 
 -5.19892142522525e-03   2.08313644610334e-02   0.00000000000000e+00   9.08296943231441e-01 
 -5.07564658133965e-03   2.07520016377974e-02   0.00000000000000e+00   9.10480349344978e-01 
 -4.95858459012633e-03   2.06694853568359e-02   0.00000000000000e+00   9.12663755458515e-01 
 -4.84778619261840e-03   2.05844129868486e-02   0.00000000000000e+00   9.14847161572052e-01 
 -4.74330212984901e-03   2.04973818965350e-02   0.00000000000000e+00   9.17030567685589e-01 
 -4.64518314285128e-03   2.04089894545948e-02   0.00000000000000e+00   9.19213973799127e-01 
 -4.55347997265835e-03   2.03198330297275e-02   0.00000000000000e+00   9.21397379912664e-01 
 -4.46824336030335e-03   2.02305099906329e-02   0.00000000000000e+00   9.23580786026201e-01 
 -4.38952404681940e-03   2.01416177060104e-02   0.00000000000000e+00   9.25764192139738e-01 
 -4.31737277323965e-03   2.00537535445598e-02   0.00000000000000e+00   9.27947598253275e-01 
 -4.25184028059721e-03   1.99675148749806e-02   0.00000000000000e+00   9.30131004366812e-01 
 -4.19297730992523e-03   1.98834990659724e-02   0.00000000000000e+00   9.32314410480349e-01 
 -4.14079965813954e-03   1.98022999881827e-02   0.00000000000000e+00   9.34497816593886e-01 
 -4.09299255554380e-03   1.97242782128064e-02   0.00000000000000e+00   9.36681222707423e-01 
 -4.04348751635236e-03   1.96494185483780e-02   0.00000000000000e+00   9.38864628820961e-01 
 -3.98588679768461e-03   1.95776712291173e-02   0.00000000000000e+00   9.41048034934498e-01 
 -3.91719708587022e-03   1.95088158940152e-02   0.00000000000000e+00   9.43231441048035e-01 
 -3.84266664023317e-03   1.94422191985802e-02   0.00000000000000e+00   9.45414847161572e-01 
 -3.76853590743293e-03   1.93772142502804e-02   0.00000000000000e+00   9.47598253275109e-01 
 -3.69755912404407e-03   1.93135534781226e-02   0.00000000000000e+00   9.49781659388646e-01 
 -3.62978721579881e-03   1.92513144654887e-02   0.00000000000000e+00   9.51965065502183e-01 
 -3.56520042713294e-03   1.91905832973108e-02   0.00000000000000e+00   9.54148471615720e-01 
 -3.50377900248221e-03   1.91314460585210e-02   0.00000000000000e+00   9.56331877729258e-01 
 -3.44550318628240e-03   1.90739888340515e-02   0.00000000000000e+00   9.58515283842795e-01 
 -3.39035322296929e-03   1.90182977088344e-02   0.00000000000000e+00   9.60698689956332e-01 
 -3.33830935697864e-03   1.89644587678018e-02   0.00000000000000e+00   9.62882096069869e-01 
 -3.28935183274624e-03   1.89125580958857e-02   0.00000000000000e+00   9.65065502183406e-01 
 -3.24346089470784e-03   1.88626817780185e-02   0.00000000000000e+00   9.67248908296943e-01 
 -3.20061678729922e-03   1.88149158991320e-02   0.00000000000000e+00   9.69432314410480e-01 
 -3.16079975495616e-03   1.87693465441585e-02   0.00000000000000e+00   9.71615720524017e-01 
 -3.12399004211442e-03   1.87260597980301e-02   0.00000000000000e+00   9.73799126637555e-01 
 -3.09016789320978e-03   1.86851417456789e-02   0.00000000000000e+00   9.75982532751092e-01 
 -3.05931355267801e-03   1.86466784720371e-02   0.00000000000000e+00   9.78165938864629e-01 
 -3.03140726495488e-03   1.86107560620366e-02   0.00000000000000e+00   9.80349344978166e-01 
 -3.00642927447617e-03   1.85774606006097e-02   0.00000000000000e+00   9.82532751091703e-01 
 -2.98435982567764e-03   1.85468781726885e-02   0.00000000000000e+00   9.84716157205240e-01 
 -2.96517916299507e-03   1.85190948632051e-02   0.00000000000000e+00   9.86899563318777e-01 
 -2.94886753086423e-03   1.84941967570916e-02   0.00000000000000e+00   9.89082969432314e-01 
 -2.93540517372089e-03   1.84722699392802e-02   0.00000000000000e+00   9.91266375545852e-01 
 -2.92477233600082e-03   1.84534004947029e-02   0.00000000000000e+00   9.93449781659389e-01 
 -2.91694926213980e-03   1.84376745082918e-02   0.00000000000000e+00   9.95633187772926e-01 
 -2.91191619657360e-03   1.84251780649792e-02   0.00000000000000e+00   9.97816593886463e-01 
 -2.90965338373799e-03   1.84159972496970e-02   0.00000000000000e+00   1.00000000000000e+00 
