 -2.90949568545124e-03  -1.84159682226139e-02   0.00000000000000e+00   0.00000000000000e+00 
 -2.91585946188195e-03  -1.84263069791199e-02   0.00000000000000e+00   2.18340611353712e-03 
 -2.92326158764508e-03  -1.84394368526269e-02   0.00000000000000e+00   4.36681222707424e-03 
 -2.93196456304238e-03  -1.84553483479645e-02   0.00000000000000e+00   6.55021834061135e-03 
 -2.94223088837558e-03  -1.84740319699622e-02   0.00000000000000e+00   8.73362445414847e-03 
 -2.95432306394644e-03  -1.84954782234496e-02   0.00000000000000e+00   1.09170305676856e-02 
 -2.96850359005668e-03  -1.85196776132564e-02   0.00000000000000e+00   1.31004366812227e-02 
 -2.98503496700806e-03  -1.85466206442121e-02   0.00000000000000e+00   1.52838427947598e-02 
 -3.00417969510232e-03  -1.85762978211462e-02   0.00000000000000e+00   1.74672489082969e-02 
 -3.02620027464119e-03  -1.86086996488885e-02   0.00000000000000e+00   1.96506550218341e-02 
 -3.05135920592643e-03  -1.86438166322684e-02   0.00000000000000e+00   2.18340611353712e-02 
 -3.07991898925977e-03  -1.86816392761156e-02   0.00000000000000e+00   2.40174672489083e-02 
 -3.11214212494295e-03  -1.87221580852596e-02   0.00000000000000e+00   2.62008733624454e-02 
 -3.14829111327772e-03  -1.87653635645301e-02   0.00000000000000e+00   2.83842794759825e-02 
 -3.18862845456582e-03  -1.88112462187566e-02   0.00000000000000e+00   3.05676855895196e-02 
 -3.23341664910899e-03  -1.88597965527687e-02   0.00000000000000e+00   3.27510917030568e-02 
 -3.28291819720898e-03  -1.89110050713960e-02   0.00000000000000e+00   3.49344978165939e-02 
 -3.33722769400077e-03  -1.89648135219214e-02   0.00000000000000e+00   3.71179039301310e-02 
 -3.39568359945348e-03  -1.90209440794942e-02   0.00000000000000e+00   3.93013100436681e-02 
 -3.45741161826734e-03  -1.90790571378119e-02   0.00000000000000e+00   4.14847161572052e-02 
 -3.52153744348946e-03  -1.91388130871883e-02   0.00000000000000e+00   4.36681222707424e-02 
 -3.58718676816695e-03  -1.91998723179370e-02   0.00000000000000e+00   4.58515283842795e-02 
 -3.65348528534692e-03  -1.92618952203715e-02   0.00000000000000e+00   4.80349344978166e-02 
 -3.71955868807648e-03  -1.93245421848057e-02   0.00000000000000e+00   5.02183406113537e-02 
 -3.78453266940276e-03  -1.93874736015530e-02   0.00000000000000e+00   5.24017467248908e-02 
 -3.84753292237285e-03  -1.94503498609272e-02   0.00000000000000e+00   5.45851528384279e-02 
 -3.90769090409959e-03  -1.95128365451096e-02   0.00000000000000e+00   5.67685589519651e-02 
 -3.96492618087694e-03  -1.95753091099719e-02   0.00000000000000e+00   5.89519650655022e-02 
 -4.02074030306595e-03  -1.96395679521107e-02   0.00000000000000e+00   6.11353711790393e-02 
 -4.07682395992197e-03  -1.97075838312247e-02   0.00000000000000e+00   6.33187772925764e-02 
 -4.13484119788109e-03  -1.97812645211322e-02   0.00000000000000e+00   6.55021834061135e-02 
 -4.19585064649900e-03  -1.98610865388909e-02   0.00000000000000e+00   6.76855895196506e-02 
 -4.26030958369168e-03  -1.99461047553715e-02   0.00000000000000e+00   6.98689956331878e-02 
 -4.32864945761557e-03  -2.00353129777058e-02   0.00000000000000e+00   7.20524017467249e-02 
 -4.40130171642708e-03  -2.01277050130261e-02   0.00000000000000e+00   7.42358078602620e-02 
 -4.47869780828265e-03  -2.02222746684643e-02   0.00000000000000e+00   7.64192139737991e-02 
 -4.56126918133870e-03  -2.03180157511526e-02   0.00000000000000e+00   7.86026200873362e-02 
 -4.64944728375166e-03  -2.04139220682231e-02   0.00000000000000e+00   8.07860262008734e-02 
 -4.74366356367796e-03  -2.05089874268077e-02   0.00000000000000e+00   8.29694323144105e-02 
 -4.84434946927403e-03  -2.06022056340387e-02   0.00000000000000e+00   8.51528384279476e-02 
 -4.95193644869629e-03  -2.06925704970481e-02   0.00000000000000e+00   8.73362445414847e-02 
 -5.06685595010118e-03  -2.07790758229679e-02   0.00000000000000e+00   8.95196506550218e-02 
 -5.18953942164511e-03  -2.08607154189302e-02   0.00000000000000e+00   9.17030567685589e-02 
 -5.32041831148452e-03  -2.09364830920672e-02   0.00000000000000e+00   9.38864628820961e-02 
 -5.45992406777584e-03  -2.10053726495109e-02   0.00000000000000e+00   9.60698689956332e-02 
 -5.60848813867549e-03  -2.10663778983933e-02   0.00000000000000e+00   9.82532751091703e-02 
 -5.76654197233990e-03  -2.11184926458466e-02   0.00000000000000e+00   1.00436681222707e-01 
 -5.93451701692550e-03  -2.11607106990029e-02   0.00000000000000e+00   1.02620087336245e-01 
 -6.11284472058872e-03  -2.11920258649941e-02   0.00000000000000e+00   1.04803493449782e-01 
 -6.30195653148598e-03  -2.12114319509524e-02   0.00000000000000e+00   1.06986899563319e-01 
 -6.50228389777371e-03  -2.12179227640100e-02   0.00000000000000e+00   1.09170305676856e-01 
 -6.71425826760834e-03  -2.12104921112987e-02   0.00000000000000e+00   1.11353711790393e-01 
 -6.93831108914630e-03  -2.11881337999508e-02   0.00000000000000e+00   1.13537117903930e-01 
 -7.17487381054401e-03  -2.11498416370983e-02   0.00000000000000e+00   1.15720524017467e-01 
 -7.42437782178172e-03  -2.10946094508212e-02   0.00000000000000e+00   1.17903930131004e-01 
 -7.68577117788513e-03  -2.10219651830730e-02   0.00000000000000e+00   1.20087336244541e-01 
 -7.95266192983323e-03  -2.09333595851080e-02   0.00000000000000e+00   1.22270742358079e-01 
 -8.21745689370143e-03  -2.08306759444904e-02   0.00000000000000e+00   1.24454148471616e-01 
 -8.47326817662478e-03  -2.07156657990757e-02   0.00000000000000e+00   1.26637554585153e-01 
 -8.71836438035596e-03  -2.05891174437378e-02   0.00000000000000e+00   1.28820960698690e-01 
 -8.95330351212016e-03  -2.04513915080631e-02   0.00000000000000e+00   1.31004366812227e-01 
 -9.17865392020817e-03  -2.03028466899074e-02   0.00000000000000e+00   1.33187772925764e-01 
 -9.39498395291074e-03  -2.01438416871261e-02   0.00000000000000e+00   1.35371179039301e-01 
 -9.60286195851867e-03  -1.99747351975752e-02   0.00000000000000e+00   1.37554585152838e-01 
 -9.80285628532273e-03  -1.97958859191101e-02   0.00000000000000e+00   1.39737991266376e-01 
 -9.99553528161369e-03  -1.96076525495868e-02   0.00000000000000e+00   1.41921397379913e-01 
 -1.01814672956823e-02  -1.94103937868607e-02   0.00000000000000e+00   1.44104803493450e-01 
 -1.03612206758194e-02  -1.92044683287876e-02   0.00000000000000e+00   1.46288209606987e-01 
 -1.05353637703157e-02  -1.89902348732232e-02   0.00000000000000e+00   1.48471615720524e-01 
 -1.07044649274621e-02  -1.87680521180232e-02   0.00000000000000e+00   1.50655021834061e-01 
 -1.08690924955492e-02  -1.85382787610432e-02   0.00000000000000e+00   1.52838427947598e-01 
 -1.10295954023468e-02  -1.83012514870385e-02   0.00000000000000e+00   1.55021834061135e-01 
 -1.11844773886193e-02  -1.80571218645920e-02   0.00000000000000e+00   1.57205240174672e-01 
 -1.13313188178114e-02  -1.78059488255648e-02   0.00000000000000e+00   1.59388646288210e-01 
 -1.14676931839781e-02  -1.75477906126550e-02   0.00000000000000e+00   1.61572052401747e-01 
 -1.15911739811742e-02  -1.72827054685604e-02   0.00000000000000e+00   1.63755458515284e-01 
 -1.16993347034545e-02  -1.70107516359790e-02   0.00000000000000e+00   1.65938864628821e-01 
 -1.17897807195962e-02  -1.67320003309523e-02   0.00000000000000e+00   1.68122270742358e-01 
 -1.18614318381374e-02  -1.64470577601719e-02   0.00000000000000e+00   1.70305676855895e-01 
 -1.19149602636010e-02  -1.61572433737170e-02   0.00000000000000e+00   1.72489082969432e-01 
 -1.19511599434944e-02  -1.58639261723273e-02   0.00000000000000e+00   1.74672489082969e-01 
 -1.19708248253248e-02  -1.55684751567425e-02   0.00000000000000e+00   1.76855895196507e-01 
 -1.19747488565997e-02  -1.52722593277023e-02   0.00000000000000e+00   1.79039301310044e-01 
 -1.19637259848264e-02  -1.49766476859464e-02   0.00000000000000e+00   1.81222707423581e-01 
 -1.19385501575122e-02  -1.46830092322146e-02   0.00000000000000e+00   1.83406113537118e-01 
 -1.19000153221646e-02  -1.43927129672466e-02   0.00000000000000e+00   1.85589519650655e-01 
 -1.18489154262908e-02  -1.41071278917820e-02   0.00000000000000e+00   1.87772925764192e-01 
 -1.17860444173983e-02  -1.38276230065605e-02   0.00000000000000e+00   1.89956331877729e-01 
 -1.17121962429943e-02  -1.35555673123220e-02   0.00000000000000e+00   1.92139737991266e-01 
 -1.16281648505863e-02  -1.32923298098061e-02   0.00000000000000e+00   1.94323144104803e-01 
 -1.15347441876816e-02  -1.30392794997525e-02   0.00000000000000e+00   1.96506550218341e-01 
 -1.14327282017875e-02  -1.27977853829009e-02   0.00000000000000e+00   1.98689956331878e-01 
 -1.13229108404114e-02  -1.25692164599910e-02   0.00000000000000e+00   2.00873362445415e-01 
 -1.12060860400555e-02  -1.23549416560859e-02   0.00000000000000e+00   2.03056768558952e-01 
 -1.10829787888633e-02  -1.21558557789029e-02   0.00000000000000e+00   2.05240174672489e-01 
 -1.09540817331361e-02  -1.19712559578358e-02   0.00000000000000e+00   2.07423580786026e-01 
 -1.08198386298706e-02  -1.18001031392603e-02   0.00000000000000e+00   2.09606986899563e-01 
 -1.06806932360634e-02  -1.16413582695519e-02   0.00000000000000e+00   2.11790393013100e-01 
 -1.05370893087115e-02  -1.14939822950863e-02   0.00000000000000e+00   2.13973799126638e-01 
 -1.03894706048114e-02  -1.13569361622391e-02   0.00000000000000e+00   2.16157205240175e-01 
 -1.02382808813600e-02  -1.12291808173858e-02   0.00000000000000e+00   2.18340611353712e-01 
 -1.00839638953540e-02  -1.11096772069021e-02   0.00000000000000e+00   2.20524017467249e-01 
 -9.92696340379004e-03  -1.09973862771635e-02   0.00000000000000e+00   2.22707423580786e-01 
 -9.76772316366499e-03  -1.08912689745456e-02   0.00000000000000e+00   2.24890829694323e-01 
 -9.60668693197555e-03  -1.07902862454241e-02   0.00000000000000e+00   2.27074235807860e-01 
 -9.44429846571846e-03  -1.06933990361745e-02   0.00000000000000e+00   2.29257641921397e-01 
 -9.28099495851564e-03  -1.05995867497546e-02   0.00000000000000e+00   2.31441048034934e-01 
 -9.11702656023920e-03  -1.05083547667510e-02   0.00000000000000e+00   2.33624454148472e-01 
 -8.95243381788208e-03  -1.04197978829302e-02   0.00000000000000e+00   2.35807860262009e-01 
 -8.78724618488872e-03  -1.03340420897460e-02   0.00000000000000e+00   2.37991266375546e-01 
 -8.62149311470357e-03  -1.02512133786521e-02   0.00000000000000e+00   2.40174672489083e-01 
 -8.45520406077107e-03  -1.01714377411023e-02   0.00000000000000e+00   2.42358078602620e-01 
 -8.28840847653567e-03  -1.00948411685504e-02   0.00000000000000e+00   2.44541484716157e-01 
 -8.12113581544182e-03  -1.00215496524501e-02   0.00000000000000e+00   2.46724890829694e-01 
 -7.95341553093397e-03  -9.95168918425526e-03   0.00000000000000e+00   2.48908296943231e-01 
 -7.78527707645657e-03  -9.88538575541953e-03   0.00000000000000e+00   2.51091703056769e-01 
 -7.61674990545405e-03  -9.82276535739671e-03   0.00000000000000e+00   2.53275109170306e-01 
 -7.44786347137087e-03  -9.76395398164057e-03   0.00000000000000e+00   2.55458515283843e-01 
 -7.27864722765148e-03  -9.70907761960488e-03   0.00000000000000e+00   2.57641921397380e-01 
 -7.10913062774031e-03  -9.65826226274340e-03   0.00000000000000e+00   2.59825327510917e-01 
 -6.93934312508184e-03  -9.61163390250989e-03   0.00000000000000e+00   2.62008733624454e-01 
 -6.76931417312048e-03  -9.56931853035812e-03   0.00000000000000e+00   2.64192139737991e-01 
 -6.59909018257771e-03  -9.53135529513335e-03   0.00000000000000e+00   2.66375545851528e-01 
 -6.42886882034770e-03  -9.49700872363577e-03   0.00000000000000e+00   2.68558951965065e-01 
 -6.25892721551524e-03  -9.46513639620210e-03   0.00000000000000e+00   2.70742358078603e-01 
 -6.08954320256394e-03  -9.43459228063876e-03   0.00000000000000e+00   2.72925764192140e-01 
 -5.92099461597744e-03  -9.40423034475221e-03   0.00000000000000e+00   2.75109170305677e-01 
 -5.75355929023937e-03  -9.37290455634887e-03   0.00000000000000e+00   2.77292576419214e-01 
 -5.58751505983334e-03  -9.33946888323519e-03   0.00000000000000e+00   2.79475982532751e-01 
 -5.42313975924299e-03  -9.30277729321761e-03   0.00000000000000e+00   2.81659388646288e-01 
 -5.26071114183633e-03  -9.26168412903488e-03   0.00000000000000e+00   2.83842794759825e-01 
 -5.10043610359268e-03  -9.21537125018393e-03   0.00000000000000e+00   2.86026200873362e-01 
 -4.94232096796789e-03  -9.16394760173315e-03   0.00000000000000e+00   2.88209606986900e-01 
 -4.78633681639564e-03  -9.10768502429449e-03   0.00000000000000e+00   2.90393013100437e-01 
 -4.63245473030966e-03  -9.04685535847985e-03   0.00000000000000e+00   2.92576419213974e-01 
 -4.48064579114363e-03  -8.98173044490117e-03   0.00000000000000e+00   2.94759825327511e-01 
 -4.33088108033125e-03  -8.91258212417036e-03   0.00000000000000e+00   2.96943231441048e-01 
 -4.18313167930623e-03  -8.83968223689936e-03   0.00000000000000e+00   2.99126637554585e-01 
 -4.03736866950227e-03  -8.76330262370008e-03   0.00000000000000e+00   3.01310043668122e-01 
 -3.89356313235306e-03  -8.68371512518444e-03   0.00000000000000e+00   3.03493449781659e-01 
 -3.75168614929232e-03  -8.60119158196438e-03   0.00000000000000e+00   3.05676855895196e-01 
 -3.61170880175374e-03  -8.51600383465181e-03   0.00000000000000e+00   3.07860262008734e-01 
 -3.47360217117102e-03  -8.42842372385866e-03   0.00000000000000e+00   3.10043668122271e-01 
 -3.33733733897787e-03  -8.33872309019685e-03   0.00000000000000e+00   3.12227074235808e-01 
 -3.20288538660799e-03  -8.24717377427830e-03   0.00000000000000e+00   3.14410480349345e-01 
 -3.07021739549506e-03  -8.15404761671494e-03   0.00000000000000e+00   3.16593886462882e-01 
 -2.93930444707281e-03  -8.05961645811869e-03   0.00000000000000e+00   3.18777292576419e-01 
 -2.81011762277493e-03  -7.96415213910148e-03   0.00000000000000e+00   3.20960698689956e-01 
 -2.68262800403932e-03  -7.86792650026100e-03   0.00000000000000e+00   3.23144104803493e-01 
 -2.55681466724472e-03  -7.77118433366347e-03   0.00000000000000e+00   3.25327510917031e-01 
 -2.43268789731126e-03  -7.67406484645194e-03   0.00000000000000e+00   3.27510917030568e-01 
 -2.31026559311644e-03  -7.57668148618340e-03   0.00000000000000e+00   3.29694323144105e-01 
 -2.18956565353778e-03  -7.47914770041486e-03   0.00000000000000e+00   3.31877729257642e-01 
 -2.07060597745278e-03  -7.38157693670333e-03   0.00000000000000e+00   3.34061135371179e-01 
 -1.95340446373897e-03  -7.28408264260581e-03   0.00000000000000e+00   3.36244541484716e-01 
 -1.83797901127385e-03  -7.18677826567930e-03   0.00000000000000e+00   3.38427947598253e-01 
 -1.72434751893494e-03  -7.08977725348080e-03   0.00000000000000e+00   3.40611353711790e-01 
 -1.61252788559974e-03  -6.99319305356733e-03   0.00000000000000e+00   3.42794759825327e-01 
 -1.50253801014577e-03  -6.89713911349588e-03   0.00000000000000e+00   3.44978165938865e-01 
 -1.39439579145054e-03  -6.80172888082346e-03   0.00000000000000e+00   3.47161572052402e-01 
 -1.28811912839156e-03  -6.70707580310708e-03   0.00000000000000e+00   3.49344978165939e-01 
 -1.18372591984635e-03  -6.61329332790374e-03   0.00000000000000e+00   3.51528384279476e-01 
 -1.08123406469241e-03  -6.52049490277043e-03   0.00000000000000e+00   3.53711790393013e-01 
 -9.80661461807268e-04  -6.42879397526418e-03   0.00000000000000e+00   3.55895196506550e-01 
 -8.83326068406843e-04  -6.33801463235387e-03   0.00000000000000e+00   3.58078602620087e-01 
 -7.96700358357794e-04  -6.24661111897527e-03   0.00000000000000e+00   3.60262008733624e-01 
 -7.30076226034406e-04  -6.15263272239988e-03   0.00000000000000e+00   3.62445414847162e-01 
 -6.92745838122446e-04  -6.05412866928947e-03   0.00000000000000e+00   3.64628820960699e-01 
 -6.94001361307682e-04  -5.94914818630582e-03   0.00000000000000e+00   3.66812227074236e-01 
 -7.43134962275885e-04  -5.83574050011068e-03   0.00000000000000e+00   3.68995633187773e-01 
 -8.49113394784264e-04  -5.71209160393085e-03   0.00000000000000e+00   3.71179039301310e-01 
 -1.00761458869057e-03  -5.58197260036754e-03   0.00000000000000e+00   3.73362445414847e-01 
 -1.19667514236751e-03  -5.45656900029465e-03   0.00000000000000e+00   3.75545851528384e-01 
 -1.39341420424505e-03  -5.34738554065200e-03   0.00000000000000e+00   3.77729257641921e-01 
 -1.58506915658475e-03  -5.25943925400748e-03   0.00000000000000e+00   3.79912663755459e-01 
 -1.77118350762325e-03  -5.18985661528642e-03   0.00000000000000e+00   3.82096069868996e-01 
 -1.95204403521374e-03  -5.13528752280788e-03   0.00000000000000e+00   3.84279475982533e-01 
 -2.12793751720941e-03  -5.09238187489091e-03   0.00000000000000e+00   3.86462882096070e-01 
 -2.29915073146347e-03  -5.05778956985457e-03   0.00000000000000e+00   3.88646288209607e-01 
 -2.46597341353720e-03  -5.02825355921441e-03   0.00000000000000e+00   3.90829694323144e-01 
 -2.62874358950146e-03  -5.00203607432827e-03   0.00000000000000e+00   3.93013100436681e-01 
 -2.78783863743977e-03  -4.97863741010229e-03   0.00000000000000e+00   3.95196506550218e-01 
 -2.94363708193230e-03  -4.95759393166072e-03   0.00000000000000e+00   3.97379912663755e-01 
 -3.09651744755921e-03  -4.93844200412779e-03   0.00000000000000e+00   3.99563318777293e-01 
 -3.24685825890066e-03  -4.92071799262775e-03   0.00000000000000e+00   4.01746724890830e-01 
 -3.39503804053680e-03  -4.90395826228485e-03   0.00000000000000e+00   4.03930131004367e-01 
 -3.54143531704780e-03  -4.88769917822333e-03   0.00000000000000e+00   4.06113537117904e-01 
 -3.68642861301381e-03  -4.87147710556745e-03   0.00000000000000e+00   4.08296943231441e-01 
 -3.83039645301501e-03  -4.85482840944144e-03   0.00000000000000e+00   4.10480349344978e-01 
 -3.97371736163154e-03  -4.83728945496955e-03   0.00000000000000e+00   4.12663755458515e-01 
 -4.11676986344357e-03  -4.81839660727603e-03   0.00000000000000e+00   4.14847161572052e-01 
 -4.25993248303126e-03  -4.79768623148511e-03   0.00000000000000e+00   4.17030567685589e-01 
 -4.40358374497477e-03  -4.77469469272106e-03   0.00000000000000e+00   4.19213973799127e-01 
 -4.54810076405840e-03  -4.74895908595651e-03   0.00000000000000e+00   4.21397379912664e-01 
 -4.69369943011114e-03  -4.72009997199053e-03   0.00000000000000e+00   4.23580786026201e-01 
 -4.84028742243800e-03  -4.68789747157393e-03   0.00000000000000e+00   4.25764192139738e-01 
 -4.98773768500074e-03  -4.65214968787300e-03   0.00000000000000e+00   4.27947598253275e-01 
 -5.13592316176114e-03  -4.61265472405400e-03   0.00000000000000e+00   4.30131004366812e-01 
 -5.28471679668098e-03  -4.56921068328321e-03   0.00000000000000e+00   4.32314410480349e-01 
 -5.43399153372204e-03  -4.52161566872691e-03   0.00000000000000e+00   4.34497816593886e-01 
 -5.58362031684608e-03  -4.46966778355136e-03   0.00000000000000e+00   4.36681222707424e-01 
 -5.73347609001490e-03  -4.41316513092286e-03   0.00000000000000e+00   4.38864628820961e-01 
 -5.88343179719025e-03  -4.35190581400765e-03   0.00000000000000e+00   4.41048034934498e-01 
 -6.03336038233393e-03  -4.28568793597203e-03   0.00000000000000e+00   4.43231441048035e-01 
 -6.18313478940770e-03  -4.21430959998227e-03   0.00000000000000e+00   4.45414847161572e-01 
 -6.33262796237334e-03  -4.13756890920464e-03   0.00000000000000e+00   4.47598253275109e-01 
 -6.48171284519263e-03  -4.05526396680541e-03   0.00000000000000e+00   4.49781659388646e-01 
 -6.63026238182735e-03  -3.96719287595086e-03   0.00000000000000e+00   4.51965065502183e-01 
 -6.77814951623926e-03  -3.87315373980727e-03   0.00000000000000e+00   4.54148471615720e-01 
 -6.92524719239015e-03  -3.77294466154090e-03   0.00000000000000e+00   4.56331877729258e-01 
 -7.07142835424179e-03  -3.66636374431804e-03   0.00000000000000e+00   4.58515283842795e-01 
 -7.21656594575597e-03  -3.55320909130495e-03   0.00000000000000e+00   4.60698689956332e-01 
 -7.36053291089444e-03  -3.43327880566792e-03   0.00000000000000e+00   4.62882096069869e-01 
 -7.50320219361900e-03  -3.30637099057321e-03   0.00000000000000e+00   4.65065502183406e-01 
 -7.64444673789142e-03  -3.17228374918710e-03   0.00000000000000e+00   4.67248908296943e-01 
 -7.78413948767346e-03  -3.03081518467586e-03   0.00000000000000e+00   4.69432314410480e-01 
 -7.92215338692693e-03  -2.88176340020577e-03   0.00000000000000e+00   4.71615720524017e-01 
 -8.05836137961357e-03  -2.72492649894311e-03   0.00000000000000e+00   4.73799126637555e-01 
 -8.19263640969518e-03  -2.56010258405414e-03   0.00000000000000e+00   4.75982532751092e-01 
 -8.32485142113352e-03  -2.38708975870515e-03   0.00000000000000e+00   4.78165938864629e-01 
 -8.45487935789038e-03  -2.20568612606240e-03   0.00000000000000e+00   4.80349344978166e-01 
 -8.58203966492332e-03  -2.01526446983753e-03   0.00000000000000e+00   4.82532751091703e-01 
 -8.70304808860046e-03  -1.81319684084893e-03   0.00000000000000e+00   4.84716157205240e-01 
 -8.81385546325635e-03  -1.59626751655589e-03   0.00000000000000e+00   4.86899563318777e-01 
 -8.91041800508409e-03  -1.36127108620562e-03   0.00000000000000e+00   4.89082969432314e-01 
 -8.98981064571558e-03  -1.10712159469305e-03   0.00000000000000e+00   4.91266375545852e-01 
 -9.05158304683585e-03  -8.37421571943021e-04   0.00000000000000e+00   4.93449781659389e-01 
 -9.09561644519372e-03  -5.56401731435542e-04   0.00000000000000e+00   4.95633187772926e-01 
 -9.12179207753800e-03  -2.68292786650609e-04   0.00000000000000e+00   4.97816593886463e-01 
 -9.12999118061749e-03   2.26745489317785e-05   0.00000000000000e+00   5.00000000000000e-01 
 -9.12009499118101e-03   3.12269561831614e-04   0.00000000000000e+00   5.02183406113537e-01 
 -9.09198474597737e-03   5.96261538568918e-04   0.00000000000000e+00   5.04366812227074e-01 
 -9.04554168175537e-03   8.70419765663665e-04   0.00000000000000e+00   5.06550218340611e-01 
 -8.98078602433953e-03   1.13081675724161e-03   0.00000000000000e+00   5.08733624454148e-01 
 -8.89908827659796e-03   1.37647087963224e-03   0.00000000000000e+00   5.10917030567686e-01 
 -8.80257863513232e-03   1.60805789641549e-03   0.00000000000000e+00   5.13100436681223e-01 
 -8.69339577649301e-03   1.82627207157886e-03   0.00000000000000e+00   5.15283842794760e-01 
 -8.57367837723041e-03   2.03180766910978e-03   0.00000000000000e+00   5.17467248908297e-01 
 -8.44556511389491e-03   2.22535895299576e-03   0.00000000000000e+00   5.19650655021834e-01 
 -8.31119466303692e-03   2.40762018722423e-03   0.00000000000000e+00   5.21834061135371e-01 
 -8.17270570120681e-03   2.57928563578270e-03   0.00000000000000e+00   5.24017467248908e-01 
 -8.03223690495499e-03   2.74104956265862e-03   0.00000000000000e+00   5.26200873362445e-01 
 -7.89192695083183e-03   2.89360623183947e-03   0.00000000000000e+00   5.28384279475983e-01 
 -7.75391451538773e-03   3.03764990731270e-03   0.00000000000000e+00   5.30567685589520e-01 
 -7.62028614394563e-03   3.17388287505414e-03   0.00000000000000e+00   5.32751091703057e-01 
 -7.49015441661750e-03   3.30346505680553e-03   0.00000000000000e+00   5.34934497816594e-01 
 -7.35810865196514e-03   3.42825241683680e-03   0.00000000000000e+00   5.37117903930131e-01 
 -7.21837157982007e-03   3.55015406420877e-03   0.00000000000000e+00   5.39301310043668e-01 
 -7.06820499290592e-03   3.66982273537670e-03   0.00000000000000e+00   5.41484716157205e-01 
 -6.91184320843135e-03   3.78502867009694e-03   0.00000000000000e+00   5.43668122270742e-01 
 -6.75444597165940e-03   3.89316705533367e-03   0.00000000000000e+00   5.45851528384279e-01 
 -6.59901672101598e-03   3.99285922039564e-03   0.00000000000000e+00   5.48034934497817e-01 
 -6.44558984446505e-03   4.08441478794190e-03   0.00000000000000e+00   5.50218340611354e-01 
 -6.29398346232387e-03   4.16826635706271e-03   0.00000000000000e+00   5.52401746724891e-01 
 -6.14401569490975e-03   4.24484652684830e-03   0.00000000000000e+00   5.54585152838428e-01 
 -5.99550466253996e-03   4.31458789638893e-03   0.00000000000000e+00   5.56768558951965e-01 
 -5.84826848553179e-03   4.37792306477482e-03   0.00000000000000e+00   5.58951965065502e-01 
 -5.70212528420252e-03   4.43528463109623e-03   0.00000000000000e+00   5.61135371179039e-01 
 -5.55689317886942e-03   4.48710519444339e-03   0.00000000000000e+00   5.63318777292576e-01 
 -5.41239028984980e-03   4.53381735390656e-03   0.00000000000000e+00   5.65502183406113e-01 
 -5.26843473746092e-03   4.57585370857596e-03   0.00000000000000e+00   5.67685589519651e-01 
 -5.12484464202008e-03   4.61364685754185e-03   0.00000000000000e+00   5.69868995633188e-01 
 -4.98143812384455e-03   4.64762939989446e-03   0.00000000000000e+00   5.72052401746725e-01 
 -4.83803330325163e-03   4.67823393472405e-03   0.00000000000000e+00   5.74235807860262e-01 
 -4.69444830055859e-03   4.70589306112084e-03   0.00000000000000e+00   5.76419213973799e-01 
 -4.55050123608272e-03   4.73103937817509e-03   0.00000000000000e+00   5.78602620087336e-01 
 -4.40601023014130e-03   4.75410548497703e-03   0.00000000000000e+00   5.80786026200873e-01 
 -4.26079340305161e-03   4.77552398061691e-03   0.00000000000000e+00   5.82969432314410e-01 
 -4.11466887513095e-03   4.79572746418496e-03   0.00000000000000e+00   5.85152838427948e-01 
 -3.96745476669658e-03   4.81514853477145e-03   0.00000000000000e+00   5.87336244541485e-01 
 -3.81896919806580e-03   4.83421979146659e-03   0.00000000000000e+00   5.89519650655022e-01 
 -3.66903028955589e-03   4.85337383336065e-03   0.00000000000000e+00   5.91703056768559e-01 
 -3.51745616148413e-03   4.87304325954385e-03   0.00000000000000e+00   5.93886462882096e-01 
 -3.36406493416781e-03   4.89366066910644e-03   0.00000000000000e+00   5.96069868995633e-01 
 -3.20867472792421e-03   4.91565866113867e-03   0.00000000000000e+00   5.98253275109170e-01 
 -3.05110366307061e-03   4.93946983473078e-03   0.00000000000000e+00   6.00436681222707e-01 
 -2.89116985992430e-03   4.96552678897301e-03   0.00000000000000e+00   6.02620087336245e-01 
 -2.72869143880255e-03   4.99426212295559e-03   0.00000000000000e+00   6.04803493449782e-01 
 -2.56348652002266e-03   5.02610843576878e-03   0.00000000000000e+00   6.06986899563319e-01 
 -2.39537322390192e-03   5.06149832650282e-03   0.00000000000000e+00   6.09170305676856e-01 
 -2.22416967075758e-03   5.10086439424795e-03   0.00000000000000e+00   6.11353711790393e-01 
 -2.04969398090696e-03   5.14463923809440e-03   0.00000000000000e+00   6.13537117903930e-01 
 -1.87176427466732e-03   5.19325545713243e-03   0.00000000000000e+00   6.15720524017467e-01 
 -1.69019867235596e-03   5.24714565045228e-03   0.00000000000000e+00   6.17903930131004e-01 
 -1.50507279440946e-03   5.30684823418543e-03   0.00000000000000e+00   6.20087336244541e-01 
 -1.32079622954965e-03   5.37468262441790e-03   0.00000000000000e+00   6.22270742358079e-01 
 -1.14537936803040e-03   5.45444794980923e-03   0.00000000000000e+00   6.24454148471616e-01 
 -9.86941886304114e-04   5.54998824906484e-03   0.00000000000000e+00   6.26637554585153e-01 
 -8.53603460823156e-04   5.66514756089016e-03   0.00000000000000e+00   6.28820960698690e-01 
 -7.53483768039897e-04   5.80376992399062e-03   0.00000000000000e+00   6.31004366812227e-01 
 -6.94688204762614e-04   5.96763752584785e-03   0.00000000000000e+00   6.33187772925764e-01 
 -6.85128548145427e-04   6.13057563024260e-03   0.00000000000000e+00   6.35371179039301e-01 
 -7.30286962883511e-04   6.25138324461797e-03   0.00000000000000e+00   6.37554585152838e-01 
 -8.15044917407172e-04   6.33432515863031e-03   0.00000000000000e+00   6.39737991266376e-01 
 -9.14071689817320e-04   6.40718868024602e-03   0.00000000000000e+00   6.41921397379913e-01 
 -1.01507741089361e-03   6.48336001151565e-03   0.00000000000000e+00   6.44104803493450e-01 
 -1.11763832678381e-03   6.56302097555320e-03   0.00000000000000e+00   6.46288209606987e-01 
 -1.22175690037902e-03   6.64587910989452e-03   0.00000000000000e+00   6.48471615720524e-01 
 -1.32743559457033e-03   6.73164195207545e-03   0.00000000000000e+00   6.50655021834061e-01 
 -1.43467687224886e-03   6.82001703963182e-03   0.00000000000000e+00   6.52838427947598e-01 
 -1.54348319630572e-03   6.91071191009948e-03   0.00000000000000e+00   6.55021834061135e-01 
 -1.65385702963200e-03   7.00343410101426e-03   0.00000000000000e+00   6.57205240174672e-01 
 -1.76580083511881e-03   7.09789114991200e-03   0.00000000000000e+00   6.59388646288210e-01 
 -1.87931707565724e-03   7.19379059432853e-03   0.00000000000000e+00   6.61572052401747e-01 
 -1.99440821413842e-03   7.29083997179970e-03   0.00000000000000e+00   6.63755458515284e-01 
 -2.11107671345342e-03   7.38874681986134e-03   0.00000000000000e+00   6.65938864628821e-01 
 -2.22932503649338e-03   7.48721867604930e-03   0.00000000000000e+00   6.68122270742358e-01 
 -2.34915564614938e-03   7.58596307789940e-03   0.00000000000000e+00   6.70305676855895e-01 
 -2.47057100531253e-03   7.68468756294749e-03   0.00000000000000e+00   6.72489082969432e-01 
 -2.59357357687392e-03   7.78309966872940e-03   0.00000000000000e+00   6.74672489082969e-01 
 -2.71816582372468e-03   7.88090693278098e-03   0.00000000000000e+00   6.76855895196506e-01 
 -2.84435020875590e-03   7.97781689263806e-03   0.00000000000000e+00   6.79039301310044e-01 
 -2.97212919485868e-03   8.07353708583648e-03   0.00000000000000e+00   6.81222707423581e-01 
 -3.10150524492413e-03   8.16777504991208e-03   0.00000000000000e+00   6.83406113537118e-01 
 -3.23248082184335e-03   8.26023832240070e-03   0.00000000000000e+00   6.85589519650655e-01 
 -3.36505838850745e-03   8.35063444083817e-03   0.00000000000000e+00   6.87772925764192e-01 
 -3.49924040780752e-03   8.43867094276033e-03   0.00000000000000e+00   6.89956331877729e-01 
 -3.63502934263468e-03   8.52405536570302e-03   0.00000000000000e+00   6.92139737991266e-01 
 -3.77242765588002e-03   8.60649524720208e-03   0.00000000000000e+00   6.94323144104803e-01 
 -3.91143781043466e-03   8.68569812479335e-03   0.00000000000000e+00   6.96506550218341e-01 
 -4.05206226918968e-03   8.76137153601266e-03   0.00000000000000e+00   6.98689956331878e-01 
 -4.19430349503620e-03   8.83322301839585e-03   0.00000000000000e+00   7.00873362445415e-01 
 -4.33816395086533e-03   8.90096010947877e-03   0.00000000000000e+00   7.03056768558952e-01 
 -4.48364609956816e-03   8.96429034679724e-03   0.00000000000000e+00   7.05240174672489e-01 
 -4.63075240403580e-03   9.02292126788711e-03   0.00000000000000e+00   7.07423580786026e-01 
 -4.77948589360014e-03   9.07656220691897e-03   0.00000000000000e+00   7.09606986899563e-01 
 -4.93001188571794e-03   9.12543724292057e-03   0.00000000000000e+00   7.11790393013100e-01 
 -5.08288110232772e-03   9.17099287938922e-03   0.00000000000000e+00   7.13973799126637e-01 
 -5.23858302941142e-03   9.21466305080711e-03   0.00000000000000e+00   7.16157205240175e-01 
 -5.39706412407587e-03   9.25700100293357e-03   0.00000000000000e+00   7.18340611353712e-01 
 -5.55811368187068e-03   9.29830509561396e-03   0.00000000000000e+00   7.20524017467249e-01 
 -5.72152098238914e-03   9.33887366281561e-03   0.00000000000000e+00   7.22707423580786e-01 
 -5.88707530522459e-03   9.37900503850582e-03   0.00000000000000e+00   7.24890829694323e-01 
 -6.05456592997033e-03   9.41899755665193e-03   0.00000000000000e+00   7.27074235807860e-01 
 -6.22378213621968e-03   9.45914955122125e-03   0.00000000000000e+00   7.29257641921397e-01 
 -6.39451320356595e-03   9.49975935618110e-03   0.00000000000000e+00   7.31441048034934e-01 
 -6.56654841160245e-03   9.54112530549880e-03   0.00000000000000e+00   7.33624454148472e-01 
 -6.73967703992251e-03   9.58354573314168e-03   0.00000000000000e+00   7.35807860262009e-01 
 -6.91368836811941e-03   9.62731897307705e-03   0.00000000000000e+00   7.37991266375546e-01 
 -7.08837167578651e-03   9.67274335927223e-03   0.00000000000000e+00   7.40174672489083e-01 
 -7.26351624251708e-03   9.72011722569454e-03   0.00000000000000e+00   7.42358078602620e-01 
 -7.43891134790447e-03   9.76973890631131e-03   0.00000000000000e+00   7.44541484716157e-01 
 -7.61434627154196e-03   9.82190673508986e-03   0.00000000000000e+00   7.46724890829694e-01 
 -7.78961029302288e-03   9.87691904599749e-03   0.00000000000000e+00   7.48908296943231e-01 
 -7.96449269194056e-03   9.93507417300155e-03   0.00000000000000e+00   7.51091703056769e-01 
 -8.13878274788828e-03   9.99667045006934e-03   0.00000000000000e+00   7.53275109170306e-01 
 -8.31226974045938e-03   1.00620062111682e-02   0.00000000000000e+00   7.55458515283843e-01 
 -8.48474294924717e-03   1.01313797902654e-02   0.00000000000000e+00   7.57641921397380e-01 
 -8.65599165384495e-03   1.02050895213283e-02   0.00000000000000e+00   7.59825327510917e-01 
 -8.82580513384604e-03   1.02834337383242e-02   0.00000000000000e+00   7.62008733624454e-01 
 -8.99397266884377e-03   1.03667107752205e-02   0.00000000000000e+00   7.64192139737991e-01 
 -9.16028353843142e-03   1.04552189659844e-02   0.00000000000000e+00   7.66375545851528e-01 
 -9.32452702220234e-03   1.05492566445833e-02   0.00000000000000e+00   7.68558951965066e-01 
 -9.48649239974982e-03   1.06491221449845e-02   0.00000000000000e+00   7.70742358078603e-01 
 -9.64596895066718e-03   1.07551138011553e-02   0.00000000000000e+00   7.72925764192140e-01 
 -9.80274595454773e-03   1.08675299470631e-02   0.00000000000000e+00   7.75109170305677e-01 
 -9.95661269098480e-03   1.09866689166751e-02   0.00000000000000e+00   7.77292576419214e-01 
 -1.01073584395717e-02   1.11128290439587e-02   0.00000000000000e+00   7.79475982532751e-01 
 -1.02547724799017e-02   1.12463086628812e-02   0.00000000000000e+00   7.81659388646288e-01 
 -1.03986440915682e-02   1.13874061074099e-02   0.00000000000000e+00   7.83842794759825e-01 
 -1.05387625541644e-02   1.15364197115122e-02   0.00000000000000e+00   7.86026200873362e-01 
 -1.06749171472837e-02   1.16936478091553e-02   0.00000000000000e+00   7.88209606986900e-01 
 -1.08068971505194e-02   1.18593887343066e-02   0.00000000000000e+00   7.90393013100437e-01 
 -1.09344918434648e-02   1.20339408209333e-02   0.00000000000000e+00   7.92576419213974e-01 
 -1.10574905057132e-02   1.22176024030030e-02   0.00000000000000e+00   7.94759825327511e-01 
 -1.11756824168580e-02   1.24106718144827e-02   0.00000000000000e+00   7.96943231441048e-01 
 -1.12888568564924e-02   1.26134473893399e-02   0.00000000000000e+00   7.99126637554585e-01 
 -1.13968031042097e-02   1.28262274615419e-02   0.00000000000000e+00   8.01310043668122e-01 
 -1.14993104396034e-02   1.30493103650560e-02   0.00000000000000e+00   8.03493449781659e-01 
 -1.15961681422666e-02   1.32829944338495e-02   0.00000000000000e+00   8.05676855895196e-01 
 -1.16871654917927e-02   1.35275780018898e-02   0.00000000000000e+00   8.07860262008734e-01 
 -1.17720917677750e-02   1.37833594031441e-02   0.00000000000000e+00   8.10043668122271e-01 
 -1.18507362498069e-02   1.40506369715798e-02   0.00000000000000e+00   8.12227074235808e-01 
 -1.19228882174816e-02   1.43297090411642e-02   0.00000000000000e+00   8.14410480349345e-01 
 -1.19877792936439e-02   1.46206978478631e-02   0.00000000000000e+00   8.16593886462882e-01 
 -1.20383925821661e-02   1.49217524573958e-02   0.00000000000000e+00   8.18777292576419e-01 
 -1.20638021685258e-02   1.52297838052725e-02   0.00000000000000e+00   8.20960698689956e-01 
 -1.20570527602946e-02   1.55418644030111e-02   0.00000000000000e+00   8.23144104803493e-01 
 -1.20208021937771e-02   1.58554977486543e-02   0.00000000000000e+00   8.25327510917030e-01 
 -1.19591106657791e-02   1.61682502124368e-02   0.00000000000000e+00   8.27510917030568e-01 
 -1.18760383731062e-02   1.64776881645934e-02   0.00000000000000e+00   8.29694323144105e-01 
 -1.17756455125642e-02   1.67813779753590e-02   0.00000000000000e+00   8.31877729257642e-01 
 -1.16619922809588e-02   1.70768860149682e-02   0.00000000000000e+00   8.34061135371179e-01 
 -1.15391388750956e-02   1.73617786536559e-02   0.00000000000000e+00   8.36244541484716e-01 
 -1.14109295781750e-02   1.76337742392058e-02   0.00000000000000e+00   8.38427947598253e-01 
 -1.12785900314308e-02   1.78924343325090e-02   0.00000000000000e+00   8.40611353711790e-01 
 -1.11416033670179e-02   1.81385470140097e-02   0.00000000000000e+00   8.42794759825327e-01 
 -1.09994211954657e-02   1.83729225516347e-02   0.00000000000000e+00   8.44978165938865e-01 
 -1.08514951273035e-02   1.85963712133108e-02   0.00000000000000e+00   8.47161572052402e-01 
 -1.06972767730605e-02   1.88097032669650e-02   0.00000000000000e+00   8.49344978165939e-01 
 -1.05362177432662e-02   1.90137289805241e-02   0.00000000000000e+00   8.51528384279476e-01 
 -1.03677696484497e-02   1.92092586219150e-02   0.00000000000000e+00   8.53711790393013e-01 
 -1.01913840991405e-02   1.93971024590646e-02   0.00000000000000e+00   8.55895196506550e-01 
 -1.00065127058678e-02   1.95780707598996e-02   0.00000000000000e+00   8.58078602620087e-01 
 -9.81260707916098e-03   1.97529737923471e-02   0.00000000000000e+00   8.60262008733624e-01 
 -9.60911882954931e-03   1.99226218243339e-02   0.00000000000000e+00   8.62445414847162e-01 
 -9.39549956756210e-03   2.00878251237868e-02   0.00000000000000e+00   8.64628820960699e-01 
 -9.17120090372867e-03   2.02493939586327e-02   0.00000000000000e+00   8.66812227074236e-01 
 -8.93567444857835e-03   2.04081385967985e-02   0.00000000000000e+00   8.68995633187773e-01 
 -8.68891499805270e-03   2.05642234554185e-02   0.00000000000000e+00   8.71179039301310e-01 
 -8.43375422217004e-03   2.07144398909200e-02   0.00000000000000e+00   8.73362445414847e-01 
 -8.17394687366229e-03   2.08544817087125e-02   0.00000000000000e+00   8.75545851528384e-01 
 -7.91324820251962e-03   2.09800421229622e-02   0.00000000000000e+00   8.77729257641921e-01 
 -7.65541345873213e-03   2.10868143478355e-02   0.00000000000000e+00   8.79912663755459e-01 
 -7.40419789113354e-03   2.11704915996534e-02   0.00000000000000e+00   8.82096069868996e-01 
 -7.16270876708427e-03   2.12279744425827e-02   0.00000000000000e+00   8.84279475982533e-01 
 -6.93155514995242e-03   2.12608182053670e-02   0.00000000000000e+00   8.86462882096070e-01 
 -6.71074414131530e-03   2.12716998186803e-02   0.00000000000000e+00   8.88646288209607e-01 
 -6.50028284275022e-03   2.12632962131968e-02   0.00000000000000e+00   8.90829694323144e-01 
 -6.30017835583453e-03   2.12382843195904e-02   0.00000000000000e+00   8.93013100436681e-01 
 -6.11043778214553e-03   2.11993410685353e-02   0.00000000000000e+00   8.95196506550218e-01 
 -5.93106822326055e-03   2.11491433907055e-02   0.00000000000000e+00   8.97379912663755e-01 
 -5.76207678075690e-03   2.10903682167750e-02   0.00000000000000e+00   8.99563318777293e-01 
 -5.60347042003428e-03   2.10256919434257e-02   0.00000000000000e+00   9.01746724890830e-01 
 -5.45512024374396e-03   2.09572582099674e-02   0.00000000000000e+00   9.03930131004367e-01 
 -5.31650646553580e-03   2.08856778661878e-02   0.00000000000000e+00   9.06113537117904e-01 
 -5.18703942900437e-03   2.08112877810556e-02   0.00000000000000e+00   9.08296943231441e-01 
 -5.06612947774421e-03   2.07344248235398e-02   0.00000000000000e+00   9.10480349344978e-01 
 -4.95318695534992e-03   2.06554258626091e-02   0.00000000000000e+00   9.12663755458515e-01 
 -4.84762220541603e-03   2.05746277672324e-02   0.00000000000000e+00   9.14847161572052e-01 
 -4.74884557153713e-03   2.04923674063786e-02   0.00000000000000e+00   9.17030567685589e-01 
 -4.65626739730776e-03   2.04089816490166e-02   0.00000000000000e+00   9.19213973799127e-01 
 -4.56929802632250e-03   2.03248073641150e-02   0.00000000000000e+00   9.21397379912664e-01 
 -4.48734780217590e-03   2.02401814206429e-02   0.00000000000000e+00   9.23580786026201e-01 
 -4.40982706846254e-03   2.01554406875691e-02   0.00000000000000e+00   9.25764192139738e-01 
 -4.33614616877697e-03   2.00709220338623e-02   0.00000000000000e+00   9.27947598253275e-01 
 -4.26571544671377e-03   1.99869623284915e-02   0.00000000000000e+00   9.30131004366812e-01 
 -4.19794524586748e-03   1.99038984404255e-02   0.00000000000000e+00   9.32314410480349e-01 
 -4.13224590983268e-03   1.98220672386331e-02   0.00000000000000e+00   9.34497816593886e-01 
 -4.06802778220393e-03   1.97418055920832e-02   0.00000000000000e+00   9.36681222707423e-01 
 -4.00470120657579e-03   1.96634503697446e-02   0.00000000000000e+00   9.38864628820961e-01 
 -3.94177507127567e-03   1.95872949810761e-02   0.00000000000000e+00   9.41048034934498e-01 
 -3.87925204761297e-03   1.95134150708125e-02   0.00000000000000e+00   9.43231441048035e-01 
 -3.81728914263381e-03   1.94418182196197e-02   0.00000000000000e+00   9.45414847161572e-01 
 -3.75604341558379e-03   1.93725119851428e-02   0.00000000000000e+00   9.47598253275109e-01 
 -3.69567192570853e-03   1.93055039250268e-02   0.00000000000000e+00   9.49781659388646e-01 
 -3.63633173225366e-03   1.92408015969169e-02   0.00000000000000e+00   9.51965065502183e-01 
 -3.57817989446480e-03   1.91784125584581e-02   0.00000000000000e+00   9.54148471615720e-01 
 -3.52137347158756e-03   1.91183443672955e-02   0.00000000000000e+00   9.56331877729258e-01 
 -3.46606952286756e-03   1.90606045810742e-02   0.00000000000000e+00   9.58515283842795e-01 
 -3.41242510755042e-03   1.90052007574394e-02   0.00000000000000e+00   9.60698689956332e-01 
 -3.36059728488177e-03   1.89521404540360e-02   0.00000000000000e+00   9.62882096069869e-01 
 -3.31074311410722e-03   1.89014312285093e-02   0.00000000000000e+00   9.65065502183406e-01 
 -3.26301965447240e-03   1.88530806385043e-02   0.00000000000000e+00   9.67248908296943e-01 
 -3.21758396522291e-03   1.88070962416660e-02   0.00000000000000e+00   9.69432314410480e-01 
 -3.17459310560439e-03   1.87634855956397e-02   0.00000000000000e+00   9.71615720524017e-01 
 -3.13420413486245e-03   1.87222562580703e-02   0.00000000000000e+00   9.73799126637555e-01 
 -3.09657411224271e-03   1.86834157866030e-02   0.00000000000000e+00   9.75982532751092e-01 
 -3.06186009699079e-03   1.86469717388829e-02   0.00000000000000e+00   9.78165938864629e-01 
 -3.03021914835231e-03   1.86129316725551e-02   0.00000000000000e+00   9.80349344978166e-01 
 -3.00180832557288e-03   1.85813031452646e-02   0.00000000000000e+00   9.82532751091703e-01 
 -2.97678468789814e-03   1.85520937146566e-02   0.00000000000000e+00   9.84716157205240e-01 
 -2.95530529457370e-03   1.85253109383761e-02   0.00000000000000e+00   9.86899563318777e-01 
 -2.93752720484517e-03   1.85009623740682e-02   0.00000000000000e+00   9.89082969432314e-01 
 -2.92360747795818e-03   1.84790555793781e-02   0.00000000000000e+00   9.91266375545852e-01 
 -2.91370317315835e-03   1.84595981119509e-02   0.00000000000000e+00   9.93449781659389e-01 
 -2.90797134969129e-03   1.84425975294315e-02   0.00000000000000e+00   9.95633187772926e-01 
 -2.90656906680263e-03   1.84280613894652e-02   0.00000000000000e+00   9.97816593886463e-01 
 -2.90965338373799e-03   1.84159972496970e-02   0.00000000000000e+00   1.00000000000000e+00 
