-0.00290949569	-0.01841596822	0.00000000000	0.00000000000
-0.00290970355	-0.01841656436	0.00000000000	0.00015650209
-0.00290993410	-0.01841720112	0.00000000000	0.00031948775
-0.00291018708	-0.01841787550	0.00000000000	0.00048773449
-0.00291046365	-0.01841858852	0.00000000000	0.00066109552
-0.00291076553	-0.01841934276	0.00000000000	0.00083978520
-0.00291109447	-0.01842014064	0.00000000000	0.00102395381
-0.00291145218	-0.01842098447	0.00000000000	0.00121369560
-0.00291184046	-0.01842187664	0.00000000000	0.00140910047
-0.00291226124	-0.01842281981	0.00000000000	0.00161029330
-0.00291271669	-0.01842381710	0.00000000000	0.00181746445
-0.00291320930	-0.01842487216	0.00000000000	0.00203088028
-0.00291374182	-0.01842598914	0.00000000000	0.00225086143
-0.00291431721	-0.01842717242	0.00000000000	0.00247772335
-0.00291493847	-0.01842842639	0.00000000000	0.00271172933
-0.00291560858	-0.01842975527	0.00000000000	0.00295307405
-0.00291633056	-0.01843116329	0.00000000000	0.00320190921
-0.00291710755	-0.01843265489	0.00000000000	0.00345839122
-0.00291794293	-0.01843423491	0.00000000000	0.00372270216
-0.00291884034	-0.01843590861	0.00000000000	0.00399505704
-0.00291980370	-0.01843768173	0.00000000000	0.00427570043
-0.00292083719	-0.01843956046	0.00000000000	0.00456489723
-0.00292194524	-0.01844155141	0.00000000000	0.00486292367
-0.00292313257	-0.01844366160	0.00000000000	0.00517006587
-0.00292440414	-0.01844589851	0.00000000000	0.00548661635
-0.00292576519	-0.01844827008	0.00000000000	0.00581287460
-0.00292722125	-0.01845078475	0.00000000000	0.00614914791
-0.00292877815	-0.01845345151	0.00000000000	0.00649575247
-0.00293044206	-0.01845627990	0.00000000000	0.00685301436
-0.00293221947	-0.01845928012	0.00000000000	0.00722126993
-0.00293411724	-0.01846246299	0.00000000000	0.00760086674
-0.00293614264	-0.01846584013	0.00000000000	0.00799216908
-0.00293830325	-0.01846942381	0.00000000000	0.00839554395
-0.00294060713	-0.01847322716	0.00000000000	0.00881137521
-0.00294306281	-0.01847726428	0.00000000000	0.00924007268
-0.00294567916	-0.01848155005	0.00000000000	0.00968203934
-0.00294846606	-0.01848610028	0.00000000000	0.01013770735
-0.00295143571	-0.01849093095	0.00000000000	0.01060751814
-0.00295460177	-0.01849605886	0.00000000000	0.01109193421
-0.00295797910	-0.01850150187	0.00000000000	0.01159144088
-0.00296158356	-0.01850727857	0.00000000000	0.01210651514
-0.00296543244	-0.01851340876	0.00000000000	0.01263766254
-0.00296954471	-0.01851991376	0.00000000000	0.01318543970
-0.00297394087	-0.01852681599	0.00000000000	0.01375041109
-0.00297864290	-0.01853413884	0.00000000000	0.01433313432
-0.00298367466	-0.01854190695	0.00000000000	0.01493418254
-0.00298906234	-0.01855014685	0.00000000000	0.01555418857
-0.00299483472	-0.01855888708	0.00000000000	0.01619384278
-0.00300102240	-0.01856815678	0.00000000000	0.01685378430
-0.00300765853	-0.01857798654	0.00000000000	0.01753466563
-0.00301478024	-0.01858841025	0.00000000000	0.01823727305
-0.00302242781	-0.01859946351	0.00000000000	0.01896240294
-0.00303064430	-0.01861118269	0.00000000000	0.01971080283
-0.00303947680	-0.01862360648	0.00000000000	0.02048326761
-0.00304897782	-0.01863677731	0.00000000000	0.02128072270
-0.00305920423	-0.01865073936	0.00000000000	0.02210408603
-0.00307021667	-0.01866553727	0.00000000000	0.02295419949
-0.00308208276	-0.01868122001	0.00000000000	0.02383204889
-0.00309487746	-0.01869784051	0.00000000000	0.02473872831
-0.00310868232	-0.01871545401	0.00000000000	0.02567533920
-0.00312358604	-0.01873411790	0.00000000000	0.02664298445
-0.00313968525	-0.01875389211	0.00000000000	0.02764278420
-0.00315708628	-0.01877484016	0.00000000000	0.02867593206
-0.00317590829	-0.01879703193	0.00000000000	0.02974381660
-0.00319628089	-0.01882053941	0.00000000000	0.03084780583
-0.00321834414	-0.01884543570	0.00000000000	0.03198920647
-0.00324224987	-0.01887179532	0.00000000000	0.03316929136
-0.00326816865	-0.01889970047	0.00000000000	0.03438957717
-0.00329629144	-0.01892924066	0.00000000000	0.03565179047
-0.00332682394	-0.01896050484	0.00000000000	0.03695752456
-0.00335999093	-0.01899358418	0.00000000000	0.03830837736
-0.00339604056	-0.01902857434	0.00000000000	0.03970605069
-0.00343525124	-0.01906557945	0.00000000000	0.04115250526
-0.00347791403	-0.01910469301	0.00000000000	0.04264922477
-0.00352434325	-0.01914600645	0.00000000000	0.04419759972
-0.00357491215	-0.01918963744	0.00000000000	0.04579998267
-0.00362999997	-0.01923567963	0.00000000000	0.04745782631
-0.00368999542	-0.01928420614	0.00000000000	0.04917191178
-0.00375421985	-0.01933527381	0.00000000000	0.05094464260
-0.00381689448	-0.01938865590	0.00000000000	0.05277781520
-0.00386969170	-0.01944396719	0.00000000000	0.05467246576
-0.00388897954	-0.01947011410	0.00000000000	0.05556608600
-0.00391803466	-0.01951132785	0.00000000000	0.05693168068
-0.00395298676	-0.01956109647	0.00000000000	0.05851100627
-0.00399053469	-0.01961445462	0.00000000000	0.06013499798
-0.00403094639	-0.01967142391	0.00000000000	0.06180459446
-0.00407453495	-0.01973202897	0.00000000000	0.06352145033
-0.00412167377	-0.01979630887	0.00000000000	0.06528823232
-0.00417277442	-0.01986427460	0.00000000000	0.06710747996
-0.00422829011	-0.01993590224	0.00000000000	0.06898159427
-0.00428868387	-0.02001108252	0.00000000000	0.07091172758
-0.00435451790	-0.02008972246	0.00000000000	0.07290059307
-0.00442631001	-0.02017156070	0.00000000000	0.07494793673
-0.00450491297	-0.02025658249	0.00000000000	0.07706111772
-0.00459135545	-0.02034476471	0.00000000000	0.07924890489
-0.00468644277	-0.02043565179	0.00000000000	0.08151144013
-0.00479127510	-0.02052887869	0.00000000000	0.08385362007
-0.00490714799	-0.02062400443	0.00000000000	0.08628148778
-0.00503557118	-0.02072047046	0.00000000000	0.08880189470
-0.00517832196	-0.02081757548	0.00000000000	0.09142277987
-0.00533752200	-0.02091444449	0.00000000000	0.09415361761
-0.00551574600	-0.02100998477	0.00000000000	0.09700602436
-0.00571864627	-0.02110058581	0.00000000000	0.09999433513
-0.00575147255	-0.02111271754	0.00000000000	0.10044557654
-0.00601250286	-0.02118451173	0.00000000000	0.10374352049
-0.00633311917	-0.02122756838	0.00000000000	0.10732056377
-0.00671640608	-0.02123136271	0.00000000000	0.11119534661
-0.00717047531	-0.02118153321	0.00000000000	0.11545538542
-0.00770209606	-0.02105600484	0.00000000000	0.12019889945
-0.00792680761	-0.02098139404	0.00000000000	0.12216566660
-0.00854826740	-0.02070329450	0.00000000000	0.12760127367
-0.00923417693	-0.02024957194	0.00000000000	0.13381749801
-0.00957115125	-0.01995605815	0.00000000000	0.13707537508
-0.01003397674	-0.01949832043	0.00000000000	0.14197798502
-0.01048319806	-0.01902745423	0.00000000000	0.14750965823
-0.01075286327	-0.01871224403	0.00000000000	0.15116974138
-0.01106102014	-0.01829091052	0.00000000000	0.15555359010
-0.01142519995	-0.01765363475	0.00000000000	0.16138176103
-0.01157817160	-0.01730072205	0.00000000000	0.16433247456
-0.01181692655	-0.01652535922	0.00000000000	0.17020837370
-0.01199990772	-0.01559322649	0.00000000000	0.17634488604
-0.01201263045	-0.01474619724	0.00000000000	0.18221526204
-0.01190573397	-0.01409875575	0.00000000000	0.18716513047
-0.01180683350	-0.01375023045	0.00000000000	0.19003585591
-0.01155854729	-0.01311849552	0.00000000000	0.19569964125
-0.01149993875	-0.01299366225	0.00000000000	0.19690197820
-0.01121883387	-0.01247135164	0.00000000000	0.20230060188
-0.01114909077	-0.01235796068	0.00000000000	0.20356252801
-0.01087655987	-0.01196277153	0.00000000000	0.20826713790
-0.01066793704	-0.01170281976	0.00000000000	0.21166949633
-0.01047830245	-0.01149239570	0.00000000000	0.21464318783
-0.01019596310	-0.01121685088	0.00000000000	0.21890021335
-0.00996960343	-0.01102324855	0.00000000000	0.22219270556
-0.00980030804	-0.01089197776	0.00000000000	0.22459706023
-0.00951653678	-0.01069431967	0.00000000000	0.22853401683
-0.00923422094	-0.01052158188	0.00000000000	0.23235518408
-0.00900883387	-0.01039830126	0.00000000000	0.23535047841
-0.00883926577	-0.01031306157	0.00000000000	0.23757720274
-0.00855826047	-0.01018430093	0.00000000000	0.24122601397
-0.00828024637	-0.01007028459	0.00000000000	0.24479637730
-0.00800511319	-0.00996859823	0.00000000000	0.24830226729
-0.00773299990	-0.00987725913	0.00000000000	0.25175293679
-0.00757091055	-0.00982658895	0.00000000000	0.25380441865
-0.00735784587	-0.00976362036	0.00000000000	0.25650054780
-0.00709448344	-0.00969059571	0.00000000000	0.25983849521
-0.00683576390	-0.00962294918	0.00000000000	0.26313112911
-0.00658239511	-0.00955954118	0.00000000000	0.26637685896
-0.00633468431	-0.00949921492	0.00000000000	0.26957774269
-0.00609218991	-0.00944067243	0.00000000000	0.27274189009
-0.00585476824	-0.00938275880	0.00000000000	0.27587272856
-0.00562221351	-0.00932437053	0.00000000000	0.27897451054
-0.00539404048	-0.00926437884	0.00000000000	0.28205534809
-0.00516996251	-0.00920172541	0.00000000000	0.28512092603
-0.00496888823	-0.00914135764	0.00000000000	0.28790903210
-0.00487872519	-0.00911275469	0.00000000000	0.28917159644
-0.00466268720	-0.00903965513	0.00000000000	0.29223045161
-0.00444921684	-0.00896000933	0.00000000000	0.29530353429
-0.00423910106	-0.00887298345	0.00000000000	0.29838267494
-0.00403226450	-0.00877740583	0.00000000000	0.30147214285
-0.00382847970	-0.00867194133	0.00000000000	0.30457894977
-0.00365030237	-0.00856905788	0.00000000000	0.30735210885
-0.00356128544	-0.00851345994	0.00000000000	0.30875917447
-0.00336908583	-0.00838269903	0.00000000000	0.31185078320
-0.00317878251	-0.00824149028	0.00000000000	0.31495599046
-0.00298318589	-0.00809989089	0.00000000000	0.31807488368
-0.00278722932	-0.00795957714	0.00000000000	0.32118118289
-0.00276168842	-0.00794102029	0.00000000000	0.32159008461
-0.00257417327	-0.00779990878	0.00000000000	0.32466258867
-0.00239866270	-0.00765388050	0.00000000000	0.32773819060
-0.00223832878	-0.00750254811	0.00000000000	0.33081519377
-0.00211190967	-0.00738028000	0.00000000000	0.33333279083
-0.00202843802	-0.00730373742	0.00000000000	0.33497652106
-0.00188180953	-0.00717780442	0.00000000000	0.33781802116
-0.00173487587	-0.00705949953	0.00000000000	0.34063565107
-0.00158930691	-0.00694708756	0.00000000000	0.34342825763
-0.00144669004	-0.00683891403	0.00000000000	0.34619465619
-0.00133209749	-0.00675157563	0.00000000000	0.34846079223
-0.00126224687	-0.00669743500	0.00000000000	0.34987001785
-0.00114240608	-0.00660155169	0.00000000000	0.35235521394
-0.00102931371	-0.00650555578	0.00000000000	0.35480596035
-0.00092348675	-0.00640816933	0.00000000000	0.35722923208
-0.00082484606	-0.00630750956	0.00000000000	0.35964724004
-0.00073337304	-0.00620135103	0.00000000000	0.36208730635
-0.00066771334	-0.00608870224	0.00000000000	0.36440314708
-0.00066041770	-0.00601466863	0.00000000000	0.36563039126
-0.00075986370	-0.00576279059	0.00000000000	0.36924425624
-0.00089024999	-0.00562210234	0.00000000000	0.37140308342
-0.00119880208	-0.00544159115	0.00000000000	0.37521184381
-0.00146695474	-0.00532641132	0.00000000000	0.37839042354
-0.00178495401	-0.00521237610	0.00000000000	0.38227552895
-0.00206066565	-0.00513159362	0.00000000000	0.38574843322
-0.00221949008	-0.00509187974	0.00000000000	0.38779390614
-0.00248893370	-0.00503434252	0.00000000000	0.39134004567
-0.00273438135	-0.00499072085	0.00000000000	0.39465413287
-0.00284367223	-0.00497334472	0.00000000000	0.39615549879
-0.00303692071	-0.00494486706	0.00000000000	0.39884843956
-0.00324730200	-0.00491647199	0.00000000000	0.40183316101
-0.00344907763	-0.00489101982	0.00000000000	0.40474395831
-0.00364340300	-0.00486735100	0.00000000000	0.40758755678
-0.00371416903	-0.00485877307	0.00000000000	0.40863197016
-0.00388691958	-0.00483755756	0.00000000000	0.41119924403
-0.00407102720	-0.00481392753	0.00000000000	0.41395922997
-0.00425334332	-0.00478870935	0.00000000000	0.41671154957
-0.00443468584	-0.00476103050	0.00000000000	0.41946257627
-0.00461564183	-0.00473003818	0.00000000000	0.42221531121
-0.00469306313	-0.00471555701	0.00000000000	0.42339391363
-0.00485782824	-0.00468194503	0.00000000000	0.42590105961
-0.00504289203	-0.00463910192	0.00000000000	0.42871068720
-0.00523186081	-0.00458908063	0.00000000000	0.43156644210
-0.00542582205	-0.00453043076	0.00000000000	0.43447728284
-0.00562100388	-0.00446329615	0.00000000000	0.43737928858
-0.00566585069	-0.00444666194	0.00000000000	0.43804163881
-0.00587951696	-0.00436102661	0.00000000000	0.44117681777
-0.00610072742	-0.00426096218	0.00000000000	0.44439612936
-0.00633058839	-0.00414413794	0.00000000000	0.44772553806
-0.00646361470	-0.00407025966	0.00000000000	0.44965002197
-0.00667245483	-0.00394448997	0.00000000000	0.45267502640
-0.00693064172	-0.00377134803	0.00000000000	0.45643402443
-0.00713735248	-0.00361742905	0.00000000000	0.45947100322
-0.00731027184	-0.00347724588	0.00000000000	0.46203874048
-0.00758828001	-0.00322762662	0.00000000000	0.46623783378
-0.00776849115	-0.00304793557	0.00000000000	0.46902025608
-0.00797823876	-0.00281853428	0.00000000000	0.47233591368
-0.00825316970	-0.00247930781	0.00000000000	0.47684346648
-0.00832504927	-0.00238230140	0.00000000000	0.47805911532
-0.00859655659	-0.00197224360	0.00000000000	0.48287518088
-0.00875976473	-0.00167067803	0.00000000000	0.48609122257
-0.00897371080	-0.00113569522	0.00000000000	0.49118801244
-0.00906214180	-0.00080296846	0.00000000000	0.49402021027
-0.00915713245	-0.00001735456	0.00000000000	0.49989518236
-0.00908952808	0.00082368069	0.00000000000	0.50577051475
-0.00897982105	0.00114137510	0.00000000000	0.50856342608
-0.00873956828	0.00166192891	0.00000000000	0.51368294164
-0.00857678960	0.00195995951	0.00000000000	0.51685949764
-0.00831057445	0.00237909800	0.00000000000	0.52170435558
-0.00824922235	0.00246590375	0.00000000000	0.52277246380
-0.00798121589	0.00281027229	0.00000000000	0.52727450546
-0.00777128437	0.00304637780	0.00000000000	0.53065106030
-0.00759780977	0.00322282436	0.00000000000	0.53336456007
-0.00732273599	0.00347297735	0.00000000000	0.53755728714
-0.00714469707	0.00361790628	0.00000000000	0.54021536877
-0.00694530659	0.00376621864	0.00000000000	0.54315369377
-0.00668826001	0.00393779643	0.00000000000	0.54689907027
-0.00647024205	0.00406767885	0.00000000000	0.55005299957
-0.00635076843	0.00413324065	0.00000000000	0.55177726899
-0.00612018609	0.00424928983	0.00000000000	0.55510578610
-0.00589780238	0.00434891957	0.00000000000	0.55832802678
-0.00568266130	0.00443453441	0.00000000000	0.56146926131
-0.00561034586	0.00446103402	0.00000000000	0.56253267281
-0.00542221663	0.00452480539	0.00000000000	0.56531979566
-0.00522794115	0.00458319466	0.00000000000	0.56822497644
-0.00503838955	0.00463339582	0.00000000000	0.57107948148
-0.00485209714	0.00467682942	0.00000000000	0.57389744509
-0.00467858569	0.00471260718	0.00000000000	0.57652725904
-0.00462027706	0.00472372221	0.00000000000	0.57741112377
-0.00443893385	0.00475572012	0.00000000000	0.58015715017
-0.00425670154	0.00478451793	0.00000000000	0.58290737543
-0.00407362425	0.00481080747	0.00000000000	0.58565474881
-0.00388898914	0.00483540082	0.00000000000	0.58840363326
-0.00370546367	0.00485867804	0.00000000000	0.59110869941
-0.00366651278	0.00486353648	0.00000000000	0.59167883116
-0.00347091568	0.00488785242	0.00000000000	0.59451837335
-0.00326738908	0.00491362206	0.00000000000	0.59742764495
-0.00305519094	0.00494185138	0.00000000000	0.60040657552
-0.00284960516	0.00497127295	0.00000000000	0.60323589591
-0.00276214666	0.00498456702	0.00000000000	0.60442183475
-0.00251414278	0.00502526544	0.00000000000	0.60772549816
-0.00224139087	0.00507700943	0.00000000000	0.61125759910
-0.00206167832	0.00511796040	0.00000000000	0.61353084171
-0.00179580432	0.00519293448	0.00000000000	0.61682191600
-0.00146056820	0.00531891991	0.00000000000	0.62085957299
-0.00121090984	0.00544032236	0.00000000000	0.62379260079
-0.00088454057	0.00564893474	0.00000000000	0.62779097947
-0.00074732733	0.00577971564	0.00000000000	0.63002774443
-0.00066637849	0.00599555986	0.00000000000	0.63361712423
-0.00068591073	0.00606361560	0.00000000000	0.63477499303
-0.00074520772	0.00619050247	0.00000000000	0.63710180711
-0.00082352496	0.00630978779	0.00000000000	0.63953736040
-0.00091529571	0.00641675826	0.00000000000	0.64195142258
-0.00101917417	0.00651519045	0.00000000000	0.64437213020
-0.00113402773	0.00660825937	0.00000000000	0.64682140641
-0.00125810940	0.00669851645	0.00000000000	0.64930548501
-0.00133874170	0.00675416839	0.00000000000	0.65086354738
-0.00145207822	0.00683105131	0.00000000000	0.65301061911
-0.00159941470	0.00693285803	0.00000000000	0.65577464035
-0.00174657841	0.00704226523	0.00000000000	0.65856484941
-0.00188998390	0.00716323682	0.00000000000	0.66138141679
-0.00202569434	0.00729978885	0.00000000000	0.66422126928
-0.00211088656	0.00739424962	0.00000000000	0.66607123656
-0.00223240909	0.00749859604	0.00000000000	0.66841309382
-0.00240631987	0.00762748065	0.00000000000	0.67148622068
-0.00257857861	0.00777524378	0.00000000000	0.67455688785
-0.00275051190	0.00792793481	0.00000000000	0.67762605415
-0.00281687666	0.00798179413	0.00000000000	0.67878766038
-0.00298704094	0.00810291363	0.00000000000	0.68168705107
-0.00317401786	0.00822988558	0.00000000000	0.68480310373
-0.00336352237	0.00835645473	0.00000000000	0.68790577869
-0.00355563629	0.00848044093	0.00000000000	0.69099648843
-0.00367634108	0.00855522773	0.00000000000	0.69291121523
-0.00383184002	0.00864717574	0.00000000000	0.69534799402
-0.00403298160	0.00875744464	0.00000000000	0.69845173972
-0.00423660728	0.00885749277	0.00000000000	0.70154041598
-0.00444303630	0.00894609830	0.00000000000	0.70461827476
-0.00465273892	0.00902488992	0.00000000000	0.70768880848
-0.00486575647	0.00909600122	0.00000000000	0.71074855956
-0.00503294563	0.00914712428	0.00000000000	0.71310757666
-0.00517288629	0.00918758023	0.00000000000	0.71505367647
-0.00539692602	0.00924888416	0.00000000000	0.71812077161
-0.00562586154	0.00930817888	0.00000000000	0.72120153801
-0.00585996963	0.00936645786	0.00000000000	0.72430503598
-0.00609943401	0.00942470791	0.00000000000	0.72743884584
-0.00634434076	0.00948393701	0.00000000000	0.73060925527
-0.00659407552	0.00954504886	0.00000000000	0.73381375583
-0.00684867611	0.00960918151	0.00000000000	0.73705862194
-0.00710811863	0.00967755504	0.00000000000	0.74034967083
-0.00737175658	0.00975133168	0.00000000000	0.74368531859
-0.00762188293	0.00982643618	0.00000000000	0.74684869581
-0.00771786472	0.00985680855	0.00000000000	0.74806360941
-0.00799041503	0.00994848951	0.00000000000	0.75152078838
-0.00826546961	0.01005039106	0.00000000000	0.75502744562
-0.00854314781	0.01016455046	0.00000000000	0.75859483698
-0.00882419056	0.01029363083	0.00000000000	0.76224365780
-0.00901654083	0.01039099527	0.00000000000	0.76476900595
-0.00922420876	0.01050543725	0.00000000000	0.76752642540
-0.00950812439	0.01067969224	0.00000000000	0.77135857337
-0.00979395964	0.01087920189	0.00000000000	0.77530508425
-0.00997005536	0.01101602637	0.00000000000	0.77778945643
-0.01019441759	0.01120804319	0.00000000000	0.78102413417
-0.01048038244	0.01148620160	0.00000000000	0.78528117522
-0.01067644607	0.01170244121	0.00000000000	0.78830458926
-0.01088651151	0.01196157859	0.00000000000	0.79165850264
-0.01116891837	0.01236438122	0.00000000000	0.79639804669
-0.01123186166	0.01246427860	0.00000000000	0.79749808530
-0.01152007886	0.01299022646	0.00000000000	0.80290060703
-0.01158371541	0.01312797986	0.00000000000	0.80422461087
-0.01181303756	0.01375637898	0.00000000000	0.80989222487
-0.01189267612	0.01407785998	0.00000000000	0.81259050298
-0.01198401073	0.01472822400	0.00000000000	0.81764151626
-0.01198609257	0.01557665623	0.00000000000	0.82350963286
-0.01184718024	0.01651638304	0.00000000000	0.82964588330
-0.01157674447	0.01732411428	0.00000000000	0.83556205619
-0.01141231965	0.01767041588	0.00000000000	0.83843327043
-0.01104950746	0.01828968400	0.00000000000	0.84428514776
-0.01077112254	0.01868988961	0.00000000000	0.84863932432
-0.01049252759	0.01903265940	0.00000000000	0.85235337813
-0.00998732869	0.01956830400	0.00000000000	0.85789857368
-0.00957529473	0.01994580828	0.00000000000	0.86274551208
-0.00926799856	0.02019156593	0.00000000000	0.86609333321
-0.00855690306	0.02069011139	0.00000000000	0.87228441606
-0.00789492286	0.02103436022	0.00000000000	0.87769869536
-0.00766905867	0.02110683524	0.00000000000	0.87969676576
-0.00717182125	0.02117917489	0.00000000000	0.88444175567
-0.00674119027	0.02118956298	0.00000000000	0.88870287020
-0.00634472353	0.02120032470	0.00000000000	0.89257830189
-0.00600390921	0.02118805375	0.00000000000	0.89615415081
-0.00574474736	0.02112720773	0.00000000000	0.89942822953
-0.00570579127	0.02110965304	0.00000000000	0.90001038662
-0.00551387798	0.02101348141	0.00000000000	0.90299816471
-0.00534039564	0.02091566925	0.00000000000	0.90585008801
-0.00518319958	0.02081735846	0.00000000000	0.90858036362
-0.00504051973	0.02071944738	0.00000000000	0.91120057098
-0.00491087162	0.02062264857	0.00000000000	0.91372029587
-0.00479299313	0.02052753007	0.00000000000	0.91614757865
-0.00468579604	0.02043454338	0.00000000000	0.91848929377
-0.00458833040	0.02034404400	0.00000000000	0.92075143759
-0.00449977631	0.02025632570	0.00000000000	0.92293888725
-0.00441953909	0.02017176347	0.00000000000	0.92505228958
-0.00434678635	0.02009035151	0.00000000000	0.92709994900
-0.00428082219	0.02001207819	0.00000000000	0.92908889760
-0.00422124972	0.01993717599	0.00000000000	0.93101874517
-0.00416759797	0.01986571435	0.00000000000	0.93289209408
-0.00411945530	0.01979776266	0.00000000000	0.93471055543
-0.00407641650	0.01973332864	0.00000000000	0.93647650495
-0.00403808399	0.01967235789	0.00000000000	0.93819334176
-0.00400412860	0.01961483570	0.00000000000	0.93986279363
-0.00397424872	0.01956073906	0.00000000000	0.94148624001
-0.00394166626	0.01951031416	0.00000000000	0.94306550268
-0.00389546489	0.01946958181	0.00000000000	0.94441485654
-0.00386117232	0.01944194173	0.00000000000	0.94534695572
-0.00379349081	0.01938633812	0.00000000000	0.94724155488
-0.00373057168	0.01933333120	0.00000000000	0.94907463840
-0.00367211092	0.01928287282	0.00000000000	0.95084723650
-0.00361779692	0.01923488540	0.00000000000	0.95256117497
-0.00356735683	0.01918930371	0.00000000000	0.95421765461
-0.00352050391	0.01914602979	0.00000000000	0.95581892115
-0.00347698136	0.01910497351	0.00000000000	0.95736685562
-0.00343657011	0.01906606330	0.00000000000	0.95886255829
-0.00339904907	0.01902921045	0.00000000000	0.96030771369
-0.00336419895	0.01899431290	0.00000000000	0.96170452522
-0.00333182387	0.01896127783	0.00000000000	0.96305486430
-0.00330175043	0.01893002290	0.00000000000	0.96436020000
-0.00327381534	0.01890046526	0.00000000000	0.96562205088
-0.00324786484	0.01887252195	0.00000000000	0.96684198916
-0.00322375600	0.01884611216	0.00000000000	0.96802155873
-0.00320135560	0.01882115702	0.00000000000	0.96916229430
-0.00318053976	0.01879758008	0.00000000000	0.97026571023
-0.00316119568	0.01877531017	0.00000000000	0.97133316700
-0.00314321971	0.01875428012	0.00000000000	0.97236592408
-0.00312651403	0.01873442356	0.00000000000	0.97336529759
-0.00311098807	0.01871567723	0.00000000000	0.97433255295
-0.00309655983	0.01869798312	0.00000000000	0.97526878665
-0.00308315137	0.01868128363	0.00000000000	0.97617517512
-0.00307069100	0.01866552464	0.00000000000	0.97705281664
-0.00305911470	0.01865065789	0.00000000000	0.97790258243
-0.00304836001	0.01863663361	0.00000000000	0.97872552840
-0.00303836852	0.01862340393	0.00000000000	0.97952271353
-0.00302908872	0.01861092703	0.00000000000	0.98029493977
-0.00302047194	0.01859916217	0.00000000000	0.98104303695
-0.00301247203	0.01858806944	0.00000000000	0.98176788362
-0.00300504661	0.01857761174	0.00000000000	0.98247028018
-0.00299815676	0.01856775463	0.00000000000	0.98315094664
-0.00299176565	0.01855846453	0.00000000000	0.98381063873
-0.00298583909	0.01854970982	0.00000000000	0.98445007319
-0.00298034587	0.01854146147	0.00000000000	0.98506987240
-0.00297525612	0.01853369073	0.00000000000	0.98567072759
-0.00297054233	0.01852637094	0.00000000000	0.98625326656
-0.00296617926	0.01851947739	0.00000000000	0.98681804778
-0.00296214289	0.01851298603	0.00000000000	0.98736566610
-0.00295841112	0.01850687448	0.00000000000	0.98789666116
-0.00295496320	0.01850112140	0.00000000000	0.98841156727
-0.00295177967	0.01849570639	0.00000000000	0.98891092147
-0.00294884265	0.01849061064	0.00000000000	0.98939519449
-0.00294613530	0.01848581611	0.00000000000	0.98986486728
-0.00294364191	0.01848130572	0.00000000000	0.99032040277
-0.00294134677	0.01847706303	0.00000000000	0.99076224259
-0.00293923118	0.01847307113	0.00000000000	0.99119081835
-0.00293727731	0.01846931403	0.00000000000	0.99160653256
-0.00293546906	0.01846577667	0.00000000000	0.99200979518
-0.00293379199	0.01846244512	0.00000000000	0.99240098976
-0.00293223316	0.01845930643	0.00000000000	0.99278048312
-0.00293078089	0.01845634845	0.00000000000	0.99314863936
-0.00292942471	0.01845355991	0.00000000000	0.99350580578
-0.00292815524	0.01845093025	0.00000000000	0.99385231865
-0.00292696403	0.01844844964	0.00000000000	0.99418850386
-0.00292584354	0.01844610890	0.00000000000	0.99451467746
-0.00292478696	0.01844389944	0.00000000000	0.99483114660
-0.00292378821	0.01844181320	0.00000000000	0.99513821065
-0.00292284182	0.01843984267	0.00000000000	0.99543616203
-0.00292194290	0.01843798080	0.00000000000	0.99572528647
-0.00292108705	0.01843622099	0.00000000000	0.99600586081
-0.00292027037	0.01843455710	0.00000000000	0.99627814893
-0.00291948938	0.01843298347	0.00000000000	0.99654239528
-0.00291874105	0.01843149489	0.00000000000	0.99679881507
-0.00291802274	0.01843008666	0.00000000000	0.99704758927
-0.00291733216	0.01842875443	0.00000000000	0.99728887437
-0.00291666728	0.01842749412	0.00000000000	0.99752282232
-0.00291602616	0.01842630162	0.00000000000	0.99774962845
-0.00291540687	0.01842517270	0.00000000000	0.99796955682
-0.00291480751	0.01842410311	0.00000000000	0.99818292330
-0.00291422632	0.01842308883	0.00000000000	0.99839004827
-0.00291366185	0.01842212634	0.00000000000	0.99859119737
-0.00291311296	0.01842121267	0.00000000000	0.99878656023
-0.00291257879	0.01842034530	0.00000000000	0.99897626126
-0.00291205870	0.01841952199	0.00000000000	0.99916039017
-0.00291155210	0.01841874058	0.00000000000	0.99933904123
-0.00291105830	0.01841799879	0.00000000000	0.99951236472
-0.00291057652	0.01841729415	0.00000000000	0.99968057514
-0.00291010705	0.01841662583	0.00000000000	0.99984352689
-0.00290965338	0.01841599725	0.00000000000	1.00000000000
