-161.05240075734	719.09997558594	0.00000000000
-156.36040888633	719.40179983544	0.00000000000
-147.45586003671	719.64538709434	0.00000000000
-136.52786060780	718.85860390941	0.00000000000
-122.96880506604	719.61632082872	0.00000000000
-109.48897856184	718.41812840669	0.00000000000
-97.00719754107	719.41244102487	0.00000000000
-85.60884037516	718.59808747387	0.00000000000
-74.15619979848	719.90595157259	0.00000000000
-51.52770886791	719.20174008256	0.00000000000
-29.57959047259	720.75841456557	0.00000000000
-9.26887388889	720.12324969399	0.00000000000
-1.09577523954	733.23351832329	0.00000000000
16.35635627345	712.92639644145	0.00000000000
37.88201921166	723.41263271597	0.00000000000
55.86675281759	719.19621474405	0.00000000000
68.34972506313	717.03512169798	0.00000000000
76.57548710677	731.92518052833	0.00000000000
86.48385940147	749.27558729645	0.00000000000
125.79450778774	745.27929217991	0.00000000000
164.70002528982	750.05067292757	0.00000000000
209.55844485171	751.03532611309	0.00000000000
226.00722811072	745.52485894418	0.00000000000
295.53227710876	745.44979725352	0.00000000000
360.02188165459	742.53321490730	0.00000000000
421.69350688231	752.08566062130	0.00000000000
441.21071027185	750.68845317729	0.00000000000
450.89411665031	793.00784210757	0.00000000000
464.07875983217	800.52864062875	0.00000000000
472.13396533677	762.06318379177	0.00000000000
505.12767447911	739.74882096707	0.00000000000
540.98447649197	758.76498100480	0.00000000000
562.88615053213	792.57283057568	0.00000000000
579.23110176492	794.20371296977	0.00000000000
600.49416866485	759.97386417971	0.00000000000
667.45661478712	746.17026433821	0.00000000000
745.83141751555	748.63113763360	0.00000000000
815.90940821792	747.92884454440	0.00000000000
865.66927390401	747.94323923909	0.00000000000
921.09584185816	751.93953363378	0.00000000000
973.68226749032	750.05296639013	0.00000000000
1024.69820278584	752.16353682770	0.00000000000
1067.78678441873	749.12123270975	0.00000000000
1139.97236714534	756.21625677360	0.00000000000
1224.75779558856	750.98452937235	0.00000000000
1372.68630464019	750.08334203238	0.00000000000
1605.66605139785	750.81210595011	0.00000000000
2197.58433374309	747.73845651347	0.00000000000
2948.01883647626	746.18456874271	0.00000000000
3543.80898523133	743.90167726751	0.00000000000
3785.05273100123	750.59997558594	0.00000000000
