1	3.59025e-05	3.59025e-05	3.59025e-06	0.00000e+00	0.00000e+00
3	3.29064e-05	3.29064e-05	3.29064e-06	0.00000e+00	0.00000e+00
5	3.28746e-05	3.28746e-05	3.28746e-06	0.00000e+00	0.00000e+00
7	3.26744e-05	3.26744e-05	3.26744e-06	0.00000e+00	0.00000e+00
8	2.84557e-05	2.84557e-05	2.84557e-06	0.00000e+00	0.00000e+00
9	2.52114e-05	2.52114e-05	2.52114e-06	0.00000e+00	0.00000e+00
11	2.45386e-05	2.45386e-05	2.45386e-06	0.00000e+00	0.00000e+00
12	1.80693e-05	1.80693e-05	1.80693e-06	0.00000e+00	0.00000e+00
13	1.57493e-05	1.57493e-05	1.57493e-06	0.00000e+00	0.00000e+00
15	1.52572e-05	1.52572e-05	1.52572e-06	0.00000e+00	0.00000e+00
17	1.46234e-05	1.46234e-05	1.46234e-06	0.00000e+00	0.00000e+00
19	1.38224e-05	1.38224e-05	1.38224e-06	0.00000e+00	0.00000e+00
21	1.35559e-05	1.35559e-05	1.35559e-06	0.00000e+00	0.00000e+00
22	1.21814e-05	1.21814e-05	1.21814e-06	0.00000e+00	0.00000e+00
24	1.19344e-05	1.19344e-05	1.19344e-06	0.00000e+00	0.00000e+00
25	9.86135e-06	9.86135e-06	1.00000e-06	0.00000e+00	0.00000e+00
27	9.82108e-06	9.82108e-06	1.00000e-06	0.00000e+00	0.00000e+00
29	9.62218e-06	9.62218e-06	1.00000e-06	0.00000e+00	0.00000e+00
31	8.96464e-06	8.96464e-06	1.00000e-06	0.00000e+00	0.00000e+00
33	8.86984e-06	8.86984e-06	1.00000e-06	0.00000e+00	0.00000e+00
35	8.33013e-06	8.33013e-06	1.00000e-06	0.00000e+00	0.00000e+00
37	8.16045e-06	8.16045e-06	1.00000e-06	0.00000e+00	0.00000e+00
39	8.08659e-06	8.08659e-06	1.00000e-06	0.00000e+00	0.00000e+00
41	7.98461e-06	7.98461e-06	1.00000e-06	0.00000e+00	0.00000e+00
43	7.98192e-06	7.98192e-06	1.00000e-06	0.00000e+00	0.00000e+00
45	7.37283e-06	7.37283e-06	1.00000e-06	0.00000e+00	0.00000e+00
47	7.05597e-06	7.05597e-06	1.00000e-06	0.00000e+00	0.00000e+00
49	7.02151e-06	7.02151e-06	1.00000e-06	0.00000e+00	0.00000e+00
51	6.87968e-06	6.87968e-06	1.00000e-06	0.00000e+00	0.00000e+00
53	6.80623e-06	6.80623e-06	1.00000e-06	0.00000e+00	0.00000e+00
55	6.77326e-06	6.77326e-06	1.00000e-06	0.00000e+00	0.00000e+00
57	6.66301e-06	6.66301e-06	1.00000e-06	0.00000e+00	0.00000e+00
60	6.64587e-06	6.64587e-06	1.00000e-06	0.00000e+00	0.00000e+00
63	6.61086e-06	6.61086e-06	1.00000e-06	0.00000e+00	0.00000e+00
66	6.59384e-06	6.59384e-06	1.00000e-06	0.00000e+00	0.00000e+00
69	6.54902e-06	6.54902e-06	1.00000e-06	0.00000e+00	0.00000e+00
72	6.53519e-06	6.53519e-06	1.00000e-06	0.00000e+00	0.00000e+00
75	6.53411e-06	6.53411e-06	1.00000e-06	0.00000e+00	0.00000e+00
78	6.49745e-06	6.49745e-06	1.00000e-06	0.00000e+00	0.00000e+00
81	6.47915e-06	6.47915e-06	1.00000e-06	0.00000e+00	0.00000e+00
84	6.47827e-06	6.47827e-06	1.00000e-06	0.00000e+00	0.00000e+00
87	6.45489e-06	6.45489e-06	1.00000e-06	0.00000e+00	0.00000e+00
90	6.45487e-06	6.45487e-06	1.00000e-06	0.00000e+00	0.00000e+00
93	6.45305e-06	6.45305e-06	1.00000e-06	0.00000e+00	0.00000e+00
96	6.45283e-06	6.45283e-06	1.00000e-06	0.00000e+00	0.00000e+00
99	6.45282e-06	6.45282e-06	1.00000e-06	0.00000e+00	0.00000e+00
