0.00000000000 -1.0
0.00000000000 -1.0
0.00000000000 -1.0
0.00000000000 -1.0
0.00297340560 -1.0
0.00561834541 -1.0
0.00694331310 -1.0
0.01157492903 -1.0
0.01421775785 -1.0
0.01487799236 -1.0
0.01883579760 -1.0
0.02148869737 -1.0
0.02937343988 -1.0
0.03280702349 -1.0
0.03435594934 -1.0
0.03595742048 -1.0
0.04595749721 -1.0
0.04661598641 -1.0
0.04858194182 -1.0
0.05262555005 -1.0
0.05507158704 -1.0
0.05649675579 -1.0
0.07959251023 -1.0
0.08163186013 -1.0
0.08559267543 -1.0
0.09097517059 -1.0
0.12720789893 -1.0
0.12789168134 -1.0
0.13332878236 -1.0
0.13916198548 -1.0
0.14076381072 -1.0
0.14380694830 -1.0
0.15005544218 -1.0
0.16445874513 -1.0
0.16843015962 -1.0
0.16976846612 -1.0
0.17585026816 -1.0
0.18739418749 -1.0
0.21702153087 -1.0
0.22866900999 -1.0
0.23731266614 -1.0
0.25165841932 -1.0
0.26758220015 -1.0
0.27543579810 -1.0
0.28707062613 -1.0
0.29989965146 -1.0
0.32617773847 -1.0
0.34970456778 -1.0
0.40518871860 -1.0
0.50284098436 -1.0
0.78627756758 -1.0
1.00000000000 -1.0
1.00000000000 -1.0
1.00000000000 -1.0
1.00000000000 -1.0
