-161.05240075734	719.09997558594	0.00000000000	0.00000000000
-157.95467915388	718.90622223725	0.00000000000	0.00066163793
-154.85792972240	718.74369750616	0.00000000000	0.00132182764
-151.75628424631	718.61044412608	0.00000000000	0.00198190852
-148.64382088397	718.50474354099	0.00000000000	0.00264322190
-145.53118370182	718.42544123150	0.00000000000	0.00330358931
-142.41087445664	718.37080011984	0.00000000000	0.00396468582
-139.29119823175	718.33942682887	0.00000000000	0.00462483577
-136.15202376705	718.32971146270	0.00000000000	0.00528837870
-133.02687614760	718.34022260144	0.00000000000	0.00594831211
-129.87438175608	718.36963316388	0.00000000000	0.00661345484
-126.74534527720	718.41593842591	0.00000000000	0.00727317136
-123.60541727411	718.47798874831	0.00000000000	0.00793479112
-120.47009124038	718.55398681325	0.00000000000	0.00859513199
-117.34060833937	718.64231113079	0.00000000000	0.00925401717
-114.16155925153	718.74323510699	0.00000000000	0.00992319288
-111.01304009458	718.85277924745	0.00000000000	0.01058588234
-107.88425863280	718.96958046373	0.00000000000	0.01124444160
-104.74450978934	719.09324863776	0.00000000000	0.01190541646
-101.59039596829	719.22248086248	0.00000000000	0.01256960737
-98.46586601297	719.35394371302	0.00000000000	0.01322784130
-95.33153932194	719.48776369481	0.00000000000	0.01388849524
-92.20938905881	719.62151032632	0.00000000000	0.01454702046
-89.07351563523	719.75478879881	0.00000000000	0.01520896427
-85.94103305366	719.88535362936	0.00000000000	0.01587080165
-82.82901790313	720.01101711695	0.00000000000	0.01652900242
-79.72115008739	720.13098199594	0.00000000000	0.01718709507
-76.60116287137	720.24433140593	0.00000000000	0.01784861329
-73.50277779088	720.34834876963	0.00000000000	0.01850648979
-70.40572428522	720.44227641178	0.00000000000	0.01916510541
-67.30884192457	720.52460877758	0.00000000000	0.01982479447
-64.19237869732	720.59417421956	0.00000000000	0.02048986574
-61.05823575600	720.64905415846	0.00000000000	0.02116002912
-57.99048449469	720.68667508054	0.00000000000	0.02181736562
-54.91322016566	720.70884183120	0.00000000000	0.02247813992
-51.86182476582	720.71706154818	0.00000000000	0.02313474890
-48.81105336195	720.71325021314	0.00000000000	0.02379261174
-45.77114950887	720.69916326088	0.00000000000	0.02444951663
-42.73814582684	720.67655668290	0.00000000000	0.02510631368
-39.71438131169	720.64720738810	0.00000000000	0.02576249022
-36.69510988044	720.61281844318	0.00000000000	0.02641907163
-33.68581275034	720.57519906947	0.00000000000	0.02707486089
-30.67085355785	720.53589346698	0.00000000000	0.02773326735
-27.67204534735	720.49693258019	0.00000000000	0.02838952508
-24.68000935469	720.45993919764	0.00000000000	0.02904567551
-21.69706300753	720.42667898763	0.00000000000	0.02970120425
-18.71850758991	720.39883841003	0.00000000000	0.03035713932
-15.67486627512	720.37778718825	0.00000000000	0.03102882796
-12.71218867097	720.36629611504	0.00000000000	0.03168403280
-9.46219348549	720.36605547795	0.00000000000	0.03240435441
-5.83742197179	720.38390905083	0.00000000000	0.03320969258
-2.22217659232	720.42400041427	0.00000000000	0.03401497275
0.83218072640	720.47773320375	0.00000000000	0.03469692594
4.72260178367	720.57599147109	0.00000000000	0.03556769070
8.19599309348	720.69523767733	0.00000000000	0.03634715027
11.30481045229	720.82987094917	0.00000000000	0.03704643123
14.29528569318	720.98646980154	0.00000000000	0.03772055555
17.20958861834	721.16663480406	0.00000000000	0.03837889343
20.09925882279	721.37405429842	0.00000000000	0.03903302072
22.98477862036	721.61167862300	0.00000000000	0.03968755814
25.86084404096	721.88076818972	0.00000000000	0.04034129738
28.73128108674	722.18334973248	0.00000000000	0.04099510185
31.60664153943	722.52246856315	0.00000000000	0.04165137876
34.46660244289	722.89748187335	0.00000000000	0.04230548649
37.32922016352	723.31247452823	0.00000000000	0.04296155004
40.17425446343	723.76617061701	0.00000000000	0.04361492439
43.07136794039	724.27245297119	0.00000000000	0.04428163625
46.07857004631	724.84557901912	0.00000000000	0.04497512534
48.91610685598	725.42852805490	0.00000000000	0.04563076495
51.73921807488	726.04667240060	0.00000000000	0.04628422946
54.60097044247	726.70961146151	0.00000000000	0.04694774336
57.41185676054	727.39388132139	0.00000000000	0.04760047345
60.22053495631	728.10788557707	0.00000000000	0.04825361667
63.04061190624	728.85268709211	0.00000000000	0.04891026696
65.88501541006	729.62960448272	0.00000000000	0.04957337362
68.75113352985	730.43583088555	0.00000000000	0.05024226704
72.80987899247	731.61227201634	0.00000000000	0.05119058030
76.80859310362	732.80411594310	0.00000000000	0.05212590479
81.07702019372	734.10352065291	0.00000000000	0.05312519530
85.04167281908	735.32747783362	0.00000000000	0.05405394248
87.82899875377	736.19355812071	0.00000000000	0.05470709900
90.93949028304	737.16179106211	0.00000000000	0.05543607508
94.07443010378	738.13586354854	0.00000000000	0.05617077210
96.85677849060	738.99584525099	0.00000000000	0.05682273947
99.69507232721	739.86586618006	0.00000000000	0.05748763773
102.67009363160	740.76690281562	0.00000000000	0.05818428291
105.47800364838	741.60425353645	0.00000000000	0.05884144711
108.26365683629	742.41972453831	0.00000000000	0.05949298745
111.35623692187	743.30409380092	0.00000000000	0.06021573787
114.24526325462	744.10732206017	0.00000000000	0.06089027887
117.19013415046	744.90025588190	0.00000000000	0.06157713522
120.10156715609	745.65565370580	0.00000000000	0.06225538876
123.46937441936	746.49031863344	0.00000000000	0.06303885234
126.98300452373	747.31187906691	0.00000000000	0.06385483985
130.12339692693	747.99970469769	0.00000000000	0.06458282382
132.97974694879	748.58424872730	0.00000000000	0.06524378904
135.82988654407	749.12594136080	0.00000000000	0.06590212598
138.68506698068	749.62449045688	0.00000000000	0.06656036160
141.51183706405	750.07223021917	0.00000000000	0.06721072960
144.34798020547	750.47329816882	0.00000000000	0.06786186792
147.68315561081	750.88134125304	0.00000000000	0.06862573650
150.72621114443	751.19560842290	0.00000000000	0.06932098676
153.73462775950	751.45443723807	0.00000000000	0.07000675458
156.60086025435	751.65529232130	0.00000000000	0.07065869382
159.46718953150	751.81361333965	0.00000000000	0.07130930249
162.33267002372	751.93139395915	0.00000000000	0.07195839635
165.20261965200	752.01078092341	0.00000000000	0.07260720690
168.15323018304	752.05423100764	0.00000000000	0.07327293111
171.10922155948	752.06106621850	0.00000000000	0.07393855672
174.01414592053	752.03403820391	0.00000000000	0.07459143275
176.91700311752	751.97559232204	0.00000000000	0.07524263467
179.95632258605	751.88283343228	0.00000000000	0.07592318414
182.85709832661	751.76617424014	0.00000000000	0.07657153307
185.94702627757	751.61384257626	0.00000000000	0.07726092398
188.86903330346	751.44514651988	0.00000000000	0.07791170646
191.89167093935	751.24747477305	0.00000000000	0.07858376029
194.83825471598	751.03404270715	0.00000000000	0.07923781510
198.03947965969	750.78118238707	0.00000000000	0.07994720535
201.13274748524	750.51827427559	0.00000000000	0.08063152836
204.14135105193	750.24709933616	0.00000000000	0.08129607127
207.18644949201	749.95911191157	0.00000000000	0.08196764899
210.13266240700	749.66939633758	0.00000000000	0.08261646148
213.35688117923	749.34199078531	0.00000000000	0.08332544757
216.30345610085	749.03523057124	0.00000000000	0.08397244952
219.26079789738	748.72192427746	0.00000000000	0.08462094578
222.21502886476	748.40527535638	0.00000000000	0.08526791385
225.18470921988	748.08502885662	0.00000000000	0.08591743702
228.25605064163	747.75363423121	0.00000000000	0.08658834704
231.72032038798	747.38200029280	0.00000000000	0.08734408621
234.76594954074	747.05925351586	0.00000000000	0.08800764774
237.86585484623	746.73657397940	0.00000000000	0.08868224451
240.85149386125	746.43313657309	0.00000000000	0.08933124526
243.85600587871	746.13682145005	0.00000000000	0.08998364925
246.86316033919	745.85099622257	0.00000000000	0.09063595037
249.99385072825	745.56574276852	0.00000000000	0.09131439080
252.98929599950	745.30487144519	0.00000000000	0.09196297340
256.01306508369	745.05378759468	0.00000000000	0.09261722172
259.00158400391	744.81801765337	0.00000000000	0.09326345710
262.03959074861	744.59126641319	0.00000000000	0.09392007692
265.04694585277	744.37993893384	0.00000000000	0.09456983270
268.05457597770	744.18197127577	0.00000000000	0.09521948487
271.04484036959	743.99872009389	0.00000000000	0.09586529811
274.03135525717	743.82952041079	0.00000000000	0.09651028716
277.01794460705	743.67444840075	0.00000000000	0.09715535076
280.11611026684	743.52886444010	0.00000000000	0.09782465314
283.11255671002	743.40320823233	0.00000000000	0.09847219214
286.12354457977	743.29229553187	0.00000000000	0.09912315830
289.14287004248	743.19688708774	0.00000000000	0.09977628930
292.14922340254	743.11798384202	0.00000000000	0.10042705047
295.27462294691	743.05338287433	0.00000000000	0.10110412390
298.27485525025	743.00847320452	0.00000000000	0.10175468149
301.24533334586	742.98090178116	0.00000000000	0.10239944269
304.34028178795	742.97047380722	0.00000000000	0.10307199619
307.32877459539	742.97854250523	0.00000000000	0.10372224667
310.33502255934	743.00506460760	0.00000000000	0.10437726403
313.33628438210	743.05039048907	0.00000000000	0.10503217968
316.30105118726	743.11409193419	0.00000000000	0.10568017772
319.26023572197	743.19687462411	0.00000000000	0.10632807260
322.22236858374	743.29940658515	0.00000000000	0.10697781177
325.18856091646	743.42226646545	0.00000000000	0.10762972612
328.29981000566	743.57337271765	0.00000000000	0.10831499514
331.21576362645	743.73617072291	0.00000000000	0.10895870645
334.21582665782	743.92558124194	0.00000000000	0.10962254712
337.34867484975	744.14769710001	0.00000000000	0.11031756086
340.31632087583	744.38160240653	0.00000000000	0.11097770972
343.19704054483	744.63108306182	0.00000000000	0.11162027438
346.11989181143	744.90735054160	0.00000000000	0.11227409329
349.17133982496	745.22068531536	0.00000000000	0.11295875715
352.17180870543	745.55277471471	0.00000000000	0.11363411143
355.09331639695	745.89811469578	0.00000000000	0.11429377563
357.95637832800	746.25677217568	0.00000000000	0.11494228912
360.78860048436	746.63046707604	0.00000000000	0.11558586126
363.60725644999	747.02024438635	0.00000000000	0.11622842068
366.41621382871	747.42562561373	0.00000000000	0.11687087554
369.39675343575	747.87337166682	0.00000000000	0.11755493283
372.19472265437	748.30933356573	0.00000000000	0.11819935589
375.01923777241	748.76394369793	0.00000000000	0.11885217746
377.80356788473	749.22552276140	0.00000000000	0.11949801479
380.70052736431	749.71902774056	0.00000000000	0.12017246726
383.44702455794	750.19852107214	0.00000000000	0.12081429532
386.34059910186	750.71498792913	0.00000000000	0.12149309239
389.61567406284	751.31229118884	0.00000000000	0.12226468957
392.32702998296	751.81600733231	0.00000000000	0.12290620413
395.04330221893	752.32808942713	0.00000000000	0.12355142629
397.85068675399	752.86424477269	0.00000000000	0.12422103608
400.57248946389	753.38981118962	0.00000000000	0.12487296569
403.43232900837	753.94710017591	0.00000000000	0.12556093303
406.08299996968	754.46731271910	0.00000000000	0.12620137570
408.73318429070	754.99003966170	0.00000000000	0.12684445721
411.71478305128	755.58009261453	0.00000000000	0.12757134065
414.33037071431	756.09838255935	0.00000000000	0.12821202203
416.93747323600	756.61462852543	0.00000000000	0.12885351635
419.67890151934	757.15602245282	0.00000000000	0.12953125751
422.48756782054	757.70796470765	0.00000000000	0.13022911017
425.23958221006	758.24487064974	0.00000000000	0.13091640702
427.99749885989	758.77779646926	0.00000000000	0.13160877170
430.63040207420	759.28058729854	0.00000000000	0.13227320220
433.20749677936	759.76593332128	0.00000000000	0.13292690222
436.35789418551	760.34847660547	0.00000000000	0.13373066249
440.33058057826	761.06305030755	0.00000000000	0.13475173602
442.94642308491	761.51957128601	0.00000000000	0.13542877573
447.58389565661	762.30007715569	0.00000000000	0.13663803202
451.27413306826	762.89421729344	0.00000000000	0.13760812941
455.38508533095	763.52730579463	0.00000000000	0.13869654283
458.87834346983	764.04095488676	0.00000000000	0.13962742813
461.26344539292	764.37862435487	0.00000000000	0.14026599487
464.96546689121	764.88149824297	0.00000000000	0.14126162657
468.11306425256	765.28850434804	0.00000000000	0.14211213800
472.46456683883	765.81968981863	0.00000000000	0.14329340941
476.23136121652	766.24968875136	0.00000000000	0.14432048719
479.31536227331	766.58098355229	0.00000000000	0.14516410900
483.01394273341	766.95351924923	0.00000000000	0.14617859665
485.67469952483	767.20475696745	0.00000000000	0.14690997544
488.68947051543	767.47244691302	0.00000000000	0.14773993389
491.15890544211	767.67828207693	0.00000000000	0.14842055453
493.48631418683	767.86122068119	0.00000000000	0.14906251249
495.91798415257	768.04091871059	0.00000000000	0.14973356346
498.25015060140	768.20232098220	0.00000000000	0.15037732091
500.85411513437	768.36993043672	0.00000000000	0.15109610768
503.33708287661	768.51743600014	0.00000000000	0.15178131276
505.64589615099	768.64387945252	0.00000000000	0.15241813612
508.38955679674	768.78081577583	0.00000000000	0.15317429152
511.15989478814	768.90454048296	0.00000000000	0.15393689499
513.47603838644	768.99688234591	0.00000000000	0.15457359473
515.90236299562	769.08289842445	0.00000000000	0.15523956296
518.36556725642	769.15913514264	0.00000000000	0.15591442360
521.22698196473	769.23386466411	0.00000000000	0.15669661130
523.79689595139	769.28850201817	0.00000000000	0.15739729256
526.13839000615	769.32816680860	0.00000000000	0.15803403726
528.62569792183	769.35990915769	0.00000000000	0.15870855108
531.08708127463	769.38096159668	0.00000000000	0.15937397772
534.24112303633	769.39317935124	0.00000000000	0.16022344218
536.61115512390	769.39167922830	0.00000000000	0.16085921172
539.89262635326	769.37481335495	0.00000000000	0.16173565912
542.93514871248	769.34391095289	0.00000000000	0.16254430518
545.88971209206	769.29977814148	0.00000000000	0.16332599292
548.30085460092	769.25340394763	0.00000000000	0.16396134975
552.09327487231	769.16153571370	0.00000000000	0.16495614052
555.37305121810	769.06333247080	0.00000000000	0.16581208506
557.81626939553	768.97881683170	0.00000000000	0.16644713287
560.63301005244	768.86928956269	0.00000000000	0.16717659690
564.03048148237	768.71987523230	0.00000000000	0.16805273009
566.97013938778	768.57525346335	0.00000000000	0.16880758916
569.45045074305	768.44210985709	0.00000000000	0.16944222503
572.00885454269	768.29406771174	0.00000000000	0.17009470720
575.43009127192	768.07903425642	0.00000000000	0.17096392160
578.43814006175	767.87376699451	0.00000000000	0.17172508756
581.14634441311	767.67593086699	0.00000000000	0.17240797365
584.87295536992	767.38342022928	0.00000000000	0.17334401034
587.81133656559	767.13614021220	0.00000000000	0.17407914999
590.97047893639	766.85383537101	0.00000000000	0.17486672121
593.59375741687	766.60640855702	0.00000000000	0.17551854163
596.27183237062	766.34158768834	0.00000000000	0.17618199468
600.55494018171	765.89225624646	0.00000000000	0.17723899692
603.39673051095	765.57652604136	0.00000000000	0.17793760004
606.39482091301	765.22813094394	0.00000000000	0.17867234086
609.27711144699	764.87831746742	0.00000000000	0.17937653315
612.16768229716	764.51279004310	0.00000000000	0.18008065440
615.40911206113	764.08529536338	0.00000000000	0.18086779798
618.06037549865	763.72174055816	0.00000000000	0.18150974279
620.99981049606	763.30399090794	0.00000000000	0.18221951928
623.67603696622	762.91016806289	0.00000000000	0.18286399542
626.58216256389	762.46790061798	0.00000000000	0.18356198737
629.23465722588	762.05089542185	0.00000000000	0.18419741374
632.52811950113	761.51533004360	0.00000000000	0.18498424194
635.77465727201	760.96801486067	0.00000000000	0.18575757845
638.47381385465	760.49827163459	0.00000000000	0.18639883773
641.26734412249	759.99858599534	0.00000000000	0.18706094945
644.08581737360	759.48200360550	0.00000000000	0.18772742552
646.81395522292	758.97157304798	0.00000000000	0.18837112694
649.49741878231	758.46090565757	0.00000000000	0.18900299356
652.46483965422	757.88788616408	0.00000000000	0.18970030045
655.39061624796	757.31603043564	0.00000000000	0.19038643323
658.09515966448	756.78280209467	0.00000000000	0.19101952246
660.81675792123	756.24309622597	0.00000000000	0.19165553725
663.88033852938	755.63347477799	0.00000000000	0.19237026193
666.64100353555	755.08370829042	0.00000000000	0.19301328526
669.39339528591	754.53658134534	0.00000000000	0.19365346774
672.17411145911	753.98618150723	0.00000000000	0.19429936974
674.94467907573	753.44148971852	0.00000000000	0.19494210367
677.70621364166	752.90357465060	0.00000000000	0.19558199310
680.43121066288	752.37895258107	0.00000000000	0.19621273743
683.28885046567	751.83675926082	0.00000000000	0.19687351757
686.27896681327	751.27970345320	0.00000000000	0.19756426456
689.01035108355	750.78140561577	0.00000000000	0.19819470364
691.75575969179	750.29200860153	0.00000000000	0.19882791567
694.49672085954	749.81612757910	0.00000000000	0.19945968964
697.29688260338	749.34440851167	0.00000000000	0.20010473712
700.11277684585	748.88610622378	0.00000000000	0.20075308450
702.94549631418	748.44270392894	0.00000000000	0.20140503346
705.68970402660	748.03134171615	0.00000000000	0.20203640370
708.43413937043	747.63913106809	0.00000000000	0.20266767307
711.22343410557	747.26148497726	0.00000000000	0.20330915604
713.96766732426	746.91187577266	0.00000000000	0.20394022378
717.06989431611	746.54448713231	0.00000000000	0.20465361796
720.22564355217	746.20292046305	0.00000000000	0.20537939446
723.02612112783	745.92856254599	0.00000000000	0.20602358789
725.81199211407	745.68390939276	0.00000000000	0.20666459286
728.58442324936	745.46981219848	0.00000000000	0.20730272797
731.31815985760	745.28874608426	0.00000000000	0.20793222534
734.09923667215	745.13608735729	0.00000000000	0.20857294100
736.83938869078	745.01595065358	0.00000000000	0.20920454971
739.85281664994	744.91701695729	0.00000000000	0.20989951733
742.64172674445	744.85500958141	0.00000000000	0.21054304975
745.36371382498	744.82057237640	0.00000000000	0.21117145874
748.08305514297	744.81064034296	0.00000000000	0.21179957146
750.91474220210	744.82494878403	0.00000000000	0.21245396795
753.74456803962	744.86297896090	0.00000000000	0.21310827496
756.74669527853	744.92767910540	0.00000000000	0.21380279348
760.10628352375	745.02776034996	0.00000000000	0.21458046231
763.29102136807	745.14753657303	0.00000000000	0.21531810050
766.47362927298	745.28937254995	0.00000000000	0.21605567641
769.26006971329	745.43011663616	0.00000000000	0.21670179351
772.01646254202	745.58314573791	0.00000000000	0.21734126823
774.83265316347	745.75227822591	0.00000000000	0.21799494976
777.54636371797	745.92615428163	0.00000000000	0.21862516337
780.43890494475	746.12180467442	0.00000000000	0.21929725246
783.17599298203	746.31536345203	0.00000000000	0.21993354953
785.88427881018	746.51362397746	0.00000000000	0.22056346473
788.58495800993	746.71671794313	0.00000000000	0.22119192162
791.28971254091	746.92422902334	0.00000000000	0.22182163802
793.98267327202	747.13364394035	0.00000000000	0.22244891801
796.98344649465	747.36873401629	0.00000000000	0.22314826143
799.93256671380	747.59990594474	0.00000000000	0.22383594041
802.69725254703	747.81522761174	0.00000000000	0.22448094907
805.57337527830	748.03626542554	0.00000000000	0.22515230162
808.27464978235	748.23972812565	0.00000000000	0.22578316137
810.96089317589	748.43676132109	0.00000000000	0.22641081883
813.69024774732	748.63021515435	0.00000000000	0.22704886417
816.53778107422	748.82334226391	0.00000000000	0.22771487445
819.27697628326	748.99931445273	0.00000000000	0.22835587131
821.95195242385	749.16054021785	0.00000000000	0.22898214868
824.65168295571	749.31129510675	0.00000000000	0.22961453059
827.43374688158	749.45277453873	0.00000000000	0.23026652222
830.16597970485	749.57784736139	0.00000000000	0.23090714737
833.79770066104	749.72376409432	0.00000000000	0.23175913037
836.72331327491	749.82525452589	0.00000000000	0.23244582252
839.45029821936	749.90761558192	0.00000000000	0.23308616567
842.32595090597	749.98231336511	0.00000000000	0.23376168813
845.11652132438	750.04349292803	0.00000000000	0.23441747369
847.80326504501	750.09244785049	0.00000000000	0.23504907881
850.45887738710	750.13178737715	0.00000000000	0.23567356367
853.32931060600	750.16480762105	0.00000000000	0.23634877209
856.07921242133	750.18778894008	0.00000000000	0.23699581540
858.77171538316	750.20266537893	0.00000000000	0.23762951688
861.55518945091	750.21070996975	0.00000000000	0.23828478548
864.31925245225	750.21192305587	0.00000000000	0.23893562748
866.97168869668	750.20730255575	0.00000000000	0.23956030588
869.62325476890	750.19756493286	0.00000000000	0.24018488458
872.51006222656	750.18177336141	0.00000000000	0.24086497936
875.54806262886	750.16005440363	0.00000000000	0.24158079361
878.34608696703	750.13611024174	0.00000000000	0.24224013946
880.99886797940	750.11051145705	0.00000000000	0.24286531139
883.66439732181	750.08250449158	0.00000000000	0.24349352573
886.38940075478	750.05207563186	0.00000000000	0.24413578290
889.08565262729	750.02075109345	0.00000000000	0.24477127588
891.74229949881	749.98925842689	0.00000000000	0.24539743297
894.51811842474	749.95627966381	0.00000000000	0.24605166297
897.27520654014	749.92405327732	0.00000000000	0.24670144858
900.33726721186	749.88962137356	0.00000000000	0.24742305731
903.39937011514	749.85742397387	0.00000000000	0.24814460197
906.05490406455	749.83195454306	0.00000000000	0.24877026881
908.79429423386	749.80867104502	0.00000000000	0.24941560551
911.44387848202	749.78959292349	0.00000000000	0.25003968852
914.12666641654	749.77427952105	0.00000000000	0.25067148151
916.96424974132	749.76308095790	0.00000000000	0.25133959276
919.67308391822	749.75777185375	0.00000000000	0.25197724588
922.55698208674	749.75818548054	0.00000000000	0.25265595741
925.51506519841	749.76483577046	0.00000000000	0.25335200008
928.44793803007	749.77732757041	0.00000000000	0.25404202025
931.56782211090	749.79669775526	0.00000000000	0.25477598181
934.23995361950	749.81798437515	0.00000000000	0.25540459491
937.17210000015	749.84602369630	0.00000000000	0.25609439702
939.89458327143	749.87617192968	0.00000000000	0.25673492616
942.87672399176	749.91343083022	0.00000000000	0.25743663886
945.52937812789	749.95003063435	0.00000000000	0.25806093421
948.17511459115	749.98953292835	0.00000000000	0.25868373573
950.92768688980	750.03355623537	0.00000000000	0.25933185814
953.63024715190	750.07943128558	0.00000000000	0.25996840494
956.48352924609	750.13043877536	0.00000000000	0.26064070014
959.45858493333	750.18612721257	0.00000000000	0.26134199631
962.13066871740	750.23805327408	0.00000000000	0.26197217498
964.76766403609	750.29082366665	0.00000000000	0.26259438671
967.40282810630	750.34483858922	0.00000000000	0.26321650024
970.11018455256	750.40142255016	0.00000000000	0.26385603413
972.84916083132	750.45953458298	0.00000000000	0.26450345710
975.78631129057	750.52252242808	0.00000000000	0.26519822859
978.41263502448	750.57917316858	0.00000000000	0.26581994964
981.20328653230	750.63943708342	0.00000000000	0.26648109537
984.40727282326	750.70835635106	0.00000000000	0.26724087548
987.28310173315	750.76963356677	0.00000000000	0.26792352483
989.98822708660	750.82648001669	0.00000000000	0.26856628244
992.59338756833	750.88024953788	0.00000000000	0.26918589481
995.20230803653	750.93289814564	0.00000000000	0.26980702800
997.80127031134	750.98391741409	0.00000000000	0.27042644306
1000.66069837807	751.03811970558	0.00000000000	0.27110872328
1003.44687329743	751.08869446985	0.00000000000	0.27177435554
1006.04192287056	751.13354920315	0.00000000000	0.27239509741
1008.62656108486	751.17582029656	0.00000000000	0.27301411844
1011.40111110163	751.21825224566	0.00000000000	0.27367951278
1014.59056045038	751.26300972666	0.00000000000	0.27444557077
1017.40150402084	751.29904982431	0.00000000000	0.27512169876
1020.00999151174	751.32984423476	0.00000000000	0.27574989744
1022.65551913396	751.35866124316	0.00000000000	0.27638772122
1025.29794521929	751.38520698278	0.00000000000	0.27702545532
1027.97077983418	751.40997995489	0.00000000000	0.27767114519
1030.57943426845	751.43233422545	0.00000000000	0.27830187804
1033.16310202592	751.45288523088	0.00000000000	0.27892705277
1036.05137470233	751.47421471562	0.00000000000	0.27962644208
1039.15423537875	751.49548099434	0.00000000000	0.28037831572
1041.83395576432	751.51271633013	0.00000000000	0.28102802631
1044.38746513274	751.52836704576	0.00000000000	0.28164740229
1046.94555885460	751.54347542810	0.00000000000	0.28226810088
1049.70471416254	751.55934255627	0.00000000000	0.28293776528
1052.28791408008	751.57399444821	0.00000000000	0.28356484025
1054.84340309766	751.58848610691	0.00000000000	0.28418524800
1057.38838943093	751.60309845506	0.00000000000	0.28480311601
1059.95972837913	751.61823020709	0.00000000000	0.28542734258
1062.65310212832	751.63468008781	0.00000000000	0.28608109809
1065.22463519325	751.65115302895	0.00000000000	0.28670513539
1068.23788237728	751.67166361993	0.00000000000	0.28743611687
1070.78815341678	751.69025145963	0.00000000000	0.28805452074
1073.54834240678	751.71185961525	0.00000000000	0.28872349429
1076.20766033689	751.73435036624	0.00000000000	0.28936763801
1079.28244383344	751.76266866387	0.00000000000	0.29011187711
1082.11901220652	751.79124883052	0.00000000000	0.29079787595
1085.22712894465	751.82556444718	0.00000000000	0.29154882730
1088.36696051068	751.86372531073	0.00000000000	0.29230659461
1091.42545910495	751.90457903456	0.00000000000	0.29304383338
1094.20199676058	751.94505986453	0.00000000000	0.29371227143
1096.89715220363	751.98765410711	0.00000000000	0.29436030025
1099.49117973519	752.03190351487	0.00000000000	0.29498320447
1102.27777873208	752.08319082020	0.00000000000	0.29565141352
1105.16600560042	752.14063263057	0.00000000000	0.29634291614
1107.74052971632	752.19533265463	0.00000000000	0.29695840942
1110.51564022420	752.25756666273	0.00000000000	0.29762097192
1113.12593054544	752.31881949221	0.00000000000	0.29824340678
1115.70787632715	752.38163406924	0.00000000000	0.29885840026
1118.69246412333	752.45654740386	0.00000000000	0.29956852621
1121.47867948196	752.52826289325	0.00000000000	0.30023077671
1124.16714659463	752.59868111210	0.00000000000	0.30086923990
1127.10513355843	752.67654664662	0.00000000000	0.30156641035
1129.70001785911	752.74572496240	0.00000000000	0.30218174825
1132.37617219658	752.81709200119	0.00000000000	0.30281600906
1134.97286380238	752.88601203912	0.00000000000	0.30343115315
1137.57009811180	752.95427993575	0.00000000000	0.30404620038
1140.18589143050	753.02201786428	0.00000000000	0.30466546873
1142.78353995540	753.08793364007	0.00000000000	0.30528032233
1145.39931802285	753.15260299964	0.00000000000	0.30589940113
1148.00696579852	753.21502259528	0.00000000000	0.30651654355
1150.68414742078	753.27661648225	0.00000000000	0.30715018604
1153.27725698085	753.33352112268	0.00000000000	0.30776402672
1155.95261211243	753.38902409559	0.00000000000	0.30839749282
1158.84047119297	753.44485160098	0.00000000000	0.30908151978
1161.51290820144	753.49233401955	0.00000000000	0.30971480963
1164.16817406081	753.53514596193	0.00000000000	0.31034436437
1167.02527410530	753.57592135711	0.00000000000	0.31102221134
1169.66210892971	753.60828876665	0.00000000000	0.31164826432
1172.36038052238	753.63577776148	0.00000000000	0.31228942640
1175.11618848195	753.65755394729	0.00000000000	0.31294486956
1177.91381060045	753.67270385371	0.00000000000	0.31361095560
1180.50594442558	753.68008481667	0.00000000000	0.31422880528
1183.08082055060	753.68070037045	0.00000000000	0.31484325437
1185.78146014913	753.67374875172	0.00000000000	0.31548853947
1188.40924641920	753.65911264595	0.00000000000	0.31611728905
1191.21090454431	753.63449580942	0.00000000000	0.31678865760
1193.96122776261	753.60081647529	0.00000000000	0.31744881578
1196.54900035731	753.56040615703	0.00000000000	0.31807097301
1199.41064443153	753.50632489358	0.00000000000	0.31876008843
1201.96924908897	753.45005864717	0.00000000000	0.31937718427
1205.03980796911	753.37326590954	0.00000000000	0.32011890006
1207.56925721396	753.30288398658	0.00000000000	0.32073080761
1210.19363565178	753.22352142886	0.00000000000	0.32136650350
1212.74579305787	753.14057814594	0.00000000000	0.32198547630
1215.26469069592	753.05355900369	0.00000000000	0.32259709485
1217.84721811416	752.95945492842	0.00000000000	0.32322486379
1220.40053418875	752.86198528613	0.00000000000	0.32384619447
1223.06463552644	752.75606394896	0.00000000000	0.32449514847
1225.61212020132	752.65119940719	0.00000000000	0.32511629409
1228.53826667700	752.52700701795	0.00000000000	0.32583044346
1231.38163538734	752.40310613860	0.00000000000	0.32652503348
1233.89351093455	752.29150940206	0.00000000000	0.32713913212
1236.42017597966	752.17768353967	0.00000000000	0.32775727091
1239.08986749793	752.05618761698	0.00000000000	0.32841082383
1242.14287470684	751.91636082301	0.00000000000	0.32915869395
1245.27924425661	751.77252024603	0.00000000000	0.32992745370
1247.98743408148	751.64880569049	0.00000000000	0.33059159147
1250.71749904295	751.52513810558	0.00000000000	0.33126135514
1253.28594733380	751.41025457752	0.00000000000	0.33189166801
1255.77434613620	751.30075817636	0.00000000000	0.33250248262
1258.29991700465	751.19188903387	0.00000000000	0.33312253249
1261.00321502641	751.07839000148	0.00000000000	0.33378629814
1263.49385445454	750.97705603255	0.00000000000	0.33439788494
1265.97979637430	750.87944764272	0.00000000000	0.33500831759
1268.70546643628	750.77698964392	0.00000000000	0.33567757394
1271.97876787166	750.66102052420	0.00000000000	0.33648117259
1274.83067295899	750.56698302379	0.00000000000	0.33718115053
1277.43034339443	750.48750771152	0.00000000000	0.33781903663
1280.25734705708	750.40841929059	0.00000000000	0.33851245795
1283.19262325411	750.33502899953	0.00000000000	0.33923211241
1285.81345953226	750.27742393418	0.00000000000	0.33987435713
1288.54376384502	750.22515153579	0.00000000000	0.34054310777
1291.27507044536	750.18037983507	0.00000000000	0.34121178630
1293.79312934020	750.14543452806	0.00000000000	0.34182798365
1296.43734631396	750.11493766112	0.00000000000	0.34247477818
1299.00922920831	750.09104277013	0.00000000000	0.34310361626
1301.50611693020	750.07298140826	0.00000000000	0.34371387643
1304.00356328405	750.05968489134	0.00000000000	0.34432404206
1306.67163383263	750.05042176450	0.00000000000	0.34497564598
1309.24603550885	750.04600015811	0.00000000000	0.34560413837
1311.74070941542	750.04564546608	0.00000000000	0.34621295292
1314.25407328254	750.04890634421	0.00000000000	0.34682612253
1316.86450693082	750.05582541690	0.00000000000	0.34746276163
1319.49445796668	750.06610887074	0.00000000000	0.34810394960
1322.08803272523	750.07918243169	0.00000000000	0.34873606878
1324.78216756000	750.09550284133	0.00000000000	0.34939249422
1327.34458124418	750.11329463074	0.00000000000	0.35001664135
1329.85252875814	750.13255122683	0.00000000000	0.35062735431
1332.40158824975	750.15369447421	0.00000000000	0.35124791546
1335.03405945903	750.17687504170	0.00000000000	0.35188861755
1337.57110773151	750.20020371524	0.00000000000	0.35250594302
1340.15040048053	750.22460740680	0.00000000000	0.35313340137
1342.67680137930	750.24888535357	0.00000000000	0.35374785656
1345.83096995117	750.27927209346	0.00000000000	0.35451481407
1348.46484706672	750.30433117654	0.00000000000	0.35515511506
1351.44763333579	750.33192338747	0.00000000000	0.35588008805
1354.04470752858	750.35491130917	0.00000000000	0.35651119232
1356.83910910059	750.37819152440	0.00000000000	0.35719013139
1359.40408304186	750.39790685225	0.00000000000	0.35781322840
1362.10229598427	750.41659673732	0.00000000000	0.35846859746
1364.71762756558	750.43238047565	0.00000000000	0.35910374968
1367.21662535818	750.44501979963	0.00000000000	0.35971057712
1369.78146134763	750.45521307744	0.00000000000	0.36033332509
1372.50276275232	750.46264570444	0.00000000000	0.36099399720
1375.01193963413	750.46641922454	0.00000000000	0.36160312323
1377.70988431620	750.46738643935	0.00000000000	0.36225804294
1381.10132946058	750.46439372857	0.00000000000	0.36308129197
1383.71546761523	750.45914427494	0.00000000000	0.36371586599
1386.29417244598	750.45167162995	0.00000000000	0.36434186721
1388.90732262111	750.44197302000	0.00000000000	0.36497627710
1391.40758102991	750.43087393916	0.00000000000	0.36558334032
1393.96888891521	750.41784502000	0.00000000000	0.36620530477
1396.54501397722	750.40323638698	0.00000000000	0.36683096445
1399.04917162247	750.38777168514	0.00000000000	0.36743925541
1401.89100416355	750.36893718977	0.00000000000	0.36812972350
1404.39322076183	750.35141951743	0.00000000000	0.36873782793
1407.15563446558	750.33128540419	0.00000000000	0.36940935191
1409.64226950979	750.31263782966	0.00000000000	0.37001401915
1412.15862109361	750.29344621946	0.00000000000	0.37062610595
1414.96854786030	750.27185390781	0.00000000000	0.37130985323
1417.91280734092	750.24931071565	0.00000000000	0.37202659548
1420.79999958479	750.22756055609	0.00000000000	0.37272977621
1423.28231414561	750.20935259476	0.00000000000	0.37333462947
1425.84498109802	750.19122774612	0.00000000000	0.37395935252
1428.32415103528	750.17452319027	0.00000000000	0.37456401843
1430.80166897639	750.15882185816	0.00000000000	0.37516859018
1433.39434026432	750.14364354477	0.00000000000	0.37580161017
1435.96702464614	750.13004480631	0.00000000000	0.37643012033
1438.45767858355	750.11845483271	0.00000000000	0.37703895896
1440.96715948729	750.10852959312	0.00000000000	0.37765278377
1443.43975924731	750.10065073652	0.00000000000	0.37825798107
1445.92443859763	750.09481457774	0.00000000000	0.37886654549
1448.40699798204	750.09124839471	0.00000000000	0.37947501856
1451.19079634086	750.09016823307	0.00000000000	0.38015785485
1454.05188670285	750.09253613402	0.00000000000	0.38086025828
1456.50590357656	750.09758879500	0.00000000000	0.38146323549
1459.11625608900	750.10623563417	0.00000000000	0.38210516374
1461.79044879994	750.11864082973	0.00000000000	0.38276337358
1464.30575563447	750.13339523868	0.00000000000	0.38338300255
1466.76333099023	750.15050627173	0.00000000000	0.38398889048
1469.20802237954	750.16998472644	0.00000000000	0.38459206184
1471.97133194405	750.19472028375	0.00000000000	0.38527438258
1474.47741113566	750.21943216911	0.00000000000	0.38589366748
1476.92605894705	750.24547221945	0.00000000000	0.38649918871
1479.49739008905	750.27462474569	0.00000000000	0.38713549076
1481.97046217273	750.30420950360	0.00000000000	0.38774789279
1484.69717586126	750.33834787213	0.00000000000	0.38842356044
1487.28257064887	750.37195664464	0.00000000000	0.38906463771
1490.65143711997	750.41718113759	0.00000000000	0.38990058622
1493.19325354891	750.45209533625	0.00000000000	0.39053174320
1495.79378120888	750.48827082780	0.00000000000	0.39117784744
1498.56195232298	750.52702426255	0.00000000000	0.39186599606
1501.03424114481	750.56162472349	0.00000000000	0.39248091865
1503.45059517393	750.59523155230	0.00000000000	0.39308221525
1506.02343442082	750.63057221813	0.00000000000	0.39372274987
1508.59479103492	750.66521295539	0.00000000000	0.39436320754
1511.46301995372	750.70277146579	0.00000000000	0.39507793484
1514.14548225129	750.73659362635	0.00000000000	0.39574666540
1516.82658928748	750.76887312063	0.00000000000	0.39641532475
1519.39244569343	750.79809613178	0.00000000000	0.39705547495
1522.17390833892	750.82766137867	0.00000000000	0.39774965722
1525.31952344388	750.85809022020	0.00000000000	0.39853500126
1527.82460576712	750.87976968217	0.00000000000	0.39916062171
1530.23509798995	750.89827701100	0.00000000000	0.39976276720
1532.81677457956	750.91531977606	0.00000000000	0.40040782147
1535.67467880283	750.93055755224	0.00000000000	0.40112205219
1538.08252640605	750.94021083622	0.00000000000	0.40172392183
1540.48964127849	750.94674835025	0.00000000000	0.40232569958
1542.91967738925	750.94999830454	0.00000000000	0.40293328737
1545.33955371636	750.94969731845	0.00000000000	0.40353840171
1547.89592412488	750.94540969194	0.00000000000	0.40417770901
1550.59085715021	750.93665507005	0.00000000000	0.40485173713
1553.28523403277	750.92383250457	0.00000000000	0.40552570008
1555.69476475183	750.90914762988	0.00000000000	0.40612847813
1558.29212695261	750.89015429323	0.00000000000	0.40677831741
1560.72899095026	750.86956825993	0.00000000000	0.40738807263
1563.24241745679	750.84575413265	0.00000000000	0.40801706070
1565.67798591325	750.82038981309	0.00000000000	0.40862664043
1568.07089559221	750.79347957333	0.00000000000	0.40922561871
1570.53198674270	750.76395328321	0.00000000000	0.40984174433
1573.12562954638	750.73104107323	0.00000000000	0.41049114533
1575.60087460838	750.69813918910	0.00000000000	0.41111099228
1578.23983118652	750.66170566922	0.00000000000	0.41177193636
1580.74856916092	750.62600915957	0.00000000000	0.41240036587
1583.19193560480	750.59046955779	0.00000000000	0.41301251624
1585.69923786786	750.55342934968	0.00000000000	0.41364078645
1588.20578845264	750.51604803666	0.00000000000	0.41426897420
1590.59476827008	750.48030089899	0.00000000000	0.41486779786
1593.16060884077	750.44200648199	0.00000000000	0.41551106676
1595.56664987600	750.40640287572	0.00000000000	0.41611438244
1598.22423773761	750.36766915557	0.00000000000	0.41678089987
1600.74615983379	750.33172726866	0.00000000000	0.41741351839
1603.64272383064	750.29173184000	0.00000000000	0.41814027020
1606.68059688350	750.25163198212	0.00000000000	0.41890265987
1609.06091668615	750.22179347708	0.00000000000	0.41950016343
1611.44757946944	750.19348677820	0.00000000000	0.42009938079
1614.17682019118	750.16334949079	0.00000000000	0.42078476152
1617.15403115091	750.13352604727	0.00000000000	0.42153260399
1619.59986066721	750.11167265332	0.00000000000	0.42214712136
1622.09542796682	750.09207496633	0.00000000000	0.42277427995
1624.90164352999	750.07357813888	0.00000000000	0.42347968544
1627.87511664167	750.05841784458	0.00000000000	0.42422734542
1630.38700267264	750.04945113875	0.00000000000	0.42485911496
1632.87865722320	750.04425431854	0.00000000000	0.42548595420
1635.28056277118	750.04268442141	0.00000000000	0.42609035174
1638.08220994492	750.04485383093	0.00000000000	0.42679547959
1640.55330626917	750.05010207102	0.00000000000	0.42741751574
1642.92464720803	750.05786550898	0.00000000000	0.42801450950
1645.72461731193	750.07020297059	0.00000000000	0.42871947112
1648.63575724909	750.08634490893	0.00000000000	0.42945245673
1651.01020272838	750.10176629199	0.00000000000	0.43005031055
1653.37715107809	750.11894658273	0.00000000000	0.43064625588
1655.92522104664	750.13923611991	0.00000000000	0.43128775772
1658.56692024472	750.16198295980	0.00000000000	0.43195275564
1660.93356868988	750.18362274085	0.00000000000	0.43254842680
1663.30750350495	750.20632393155	0.00000000000	0.43314582783
1666.08043496498	750.23384055127	0.00000000000	0.43384347792
1668.49010945242	750.25839739160	0.00000000000	0.43444957314
1671.21054064781	750.28657328042	0.00000000000	0.43513362352
1673.59204180166	750.31141056610	0.00000000000	0.43573224658
1675.96771851132	750.33614177129	0.00000000000	0.43632919554
1678.33667595312	750.36056399192	0.00000000000	0.43692422768
1680.76186071074	750.38511726082	0.00000000000	0.43753312643
1683.38450729654	750.41092239758	0.00000000000	0.43819128673
1685.96105317193	750.43527259106	0.00000000000	0.43883753381
1688.93929792712	750.46185903363	0.00000000000	0.43958407733
1691.36861846098	750.48205677117	0.00000000000	0.44019263634
1694.04662878952	750.50251032224	0.00000000000	0.44086306340
1696.43620281552	750.51894279849	0.00000000000	0.44146087963
1698.93533240282	750.53407751226	0.00000000000	0.44208567682
1701.33566135426	750.54643959098	0.00000000000	0.44268534209
1703.77170126134	750.55660697206	0.00000000000	0.44329347710
1706.38365762464	750.56462032101	0.00000000000	0.44394500002
1708.87083257580	750.56925397571	0.00000000000	0.44456486814
1711.26942254557	750.57075368631	0.00000000000	0.44516214963
1713.77884585937	750.56899696420	0.00000000000	0.44578647499
1716.55378074113	750.56284599749	0.00000000000	0.44647617222
1719.13008968907	750.55311299342	0.00000000000	0.44711585270
1721.52252826685	750.54077614827	0.00000000000	0.44770933975
1723.91941140266	750.52540574364	0.00000000000	0.44830342869
1726.31507400838	750.50720116150	0.00000000000	0.44889673418
1728.71503794507	750.48628350209	0.00000000000	0.44949064255
1731.18530323902	750.46212807631	0.00000000000	0.45010148540
1733.79529519709	750.43391251265	0.00000000000	0.45074639296
1736.24054940505	750.40515225700	0.00000000000	0.45135016315
1738.74880832783	750.37349998807	0.00000000000	0.45196907765
1741.29713812420	750.33930205782	0.00000000000	0.45259747407
1743.70203304810	750.30531769521	0.00000000000	0.45319014602
1746.67037161225	750.26132661674	0.00000000000	0.45392122908
1749.58242291148	750.21625047557	0.00000000000	0.45463800192
1752.06273607395	750.17657464905	0.00000000000	0.45524818257
1754.48555302228	750.13685823894	0.00000000000	0.45584395148
1756.93913116646	750.09583939366	0.00000000000	0.45644703504
1759.43783961613	750.05341525475	0.00000000000	0.45706097367
1761.85581833551	750.01190379533	0.00000000000	0.45765486760
1764.35554728417	749.96868890747	0.00000000000	0.45826864438
1766.81105358446	749.92611211208	0.00000000000	0.45887138817
1769.22246059388	749.88434201571	0.00000000000	0.45946315746
1771.64160113748	749.84264108183	0.00000000000	0.46005669415
1774.26606033726	749.79781763339	0.00000000000	0.46070047951
1777.18629531203	749.74869609757	0.00000000000	0.46141669272
1779.68722250663	749.70746475985	0.00000000000	0.46202998465
1782.28864642525	749.66559712163	0.00000000000	0.46266786335
1784.73266711441	749.62738661779	0.00000000000	0.46326711275
1787.40588933813	749.58703902748	0.00000000000	0.46392254576
1790.00660418270	749.54943622846	0.00000000000	0.46456020955
1792.54299872329	749.51452399815	0.00000000000	0.46518213279
1794.99715468490	749.48257500978	0.00000000000	0.46578393945
1797.41368596875	749.45304140423	0.00000000000	0.46637658504
1799.86653149586	749.42518456422	0.00000000000	0.46697822169
1802.34705256702	749.39931044153	0.00000000000	0.46758675527
1804.78635807481	749.37605896646	0.00000000000	0.46818531283
1807.19471057141	749.35513409803	0.00000000000	0.46877643620
1809.61328455754	749.33605139452	0.00000000000	0.46937025885
1812.07450363855	749.31851526652	0.00000000000	0.46997477834
1814.47620891649	749.30313392241	0.00000000000	0.47056492997
1817.16459463292	749.28782252105	0.00000000000	0.47122585415
1819.77664893530	749.27474846256	0.00000000000	0.47186838298
1822.20603793398	749.26407166224	0.00000000000	0.47246633980
1824.63353136297	749.25472682461	0.00000000000	0.47306420902
1827.02528881564	749.24671486680	0.00000000000	0.47365367724
1829.44866746296	749.23970702656	0.00000000000	0.47425137467
1831.88163327366	749.23369384123	0.00000000000	0.47485190915
1834.60779676623	749.22804614665	0.00000000000	0.47552541581
1836.99865445212	749.22393109722	0.00000000000	0.47611664155
1839.74610049206	749.22003623945	0.00000000000	0.47679673117
1842.13129825665	749.21726720952	0.00000000000	0.47738777994
1844.87227459107	749.21465399932	0.00000000000	0.47806775341
1847.36942345085	749.21268143366	0.00000000000	0.47868798778
1849.92672651110	749.21094127557	0.00000000000	0.47932394234
1852.36409343270	749.20943387049	0.00000000000	0.47993084084
1854.73956231202	749.20800199582	0.00000000000	0.48052308345
1857.11155540722	749.20650760598	0.00000000000	0.48111523735
1859.70107791460	749.20468345176	0.00000000000	0.48176262219
1862.31084925100	749.20251063938	0.00000000000	0.48241608983
1864.65697940655	749.20015796771	0.00000000000	0.48300445503
1867.08754001695	749.19721046154	0.00000000000	0.48361494041
1869.48284331228	749.19368893997	0.00000000000	0.48421754857
1872.43169025068	749.18835007367	0.00000000000	0.48496080446
1874.79237407279	749.18314811617	0.00000000000	0.48555696095
1877.30296950576	749.17658021292	0.00000000000	0.48619213805
1879.67900900335	749.16926505689	0.00000000000	0.48679441540
1881.99240964494	749.16100649729	0.00000000000	0.48738191956
1884.38944933803	749.15116270975	0.00000000000	0.48799184806
1886.85791083059	749.13965852747	0.00000000000	0.48862119323
1889.30062008442	749.12698341332	0.00000000000	0.48924516484
1892.20316676610	749.11035940926	0.00000000000	0.48998806895
1894.98667932679	749.09293823513	0.00000000000	0.49070192940
1897.27250860738	749.07763336154	0.00000000000	0.49128913924
1899.55750438942	749.06150516083	0.00000000000	0.49187697533
1901.86806507715	749.04442237185	0.00000000000	0.49247219643
1904.14358980276	749.02690588369	0.00000000000	0.49305914031
1906.59981318408	749.00730553987	0.00000000000	0.49369347348
1909.30427144594	748.98499302614	0.00000000000	0.49439278341
1911.87314605370	748.96319202547	0.00000000000	0.49505780801
1914.20736160870	748.94295576113	0.00000000000	0.49566267939
1916.67440769139	748.92121341618	0.00000000000	0.49630252765
1919.18619115655	748.89879440347	0.00000000000	0.49695450330
1921.69594259464	748.87620434980	0.00000000000	0.49760641461
1924.00754544414	748.85531354886	0.00000000000	0.49820720911
1926.33216985154	748.83430213264	0.00000000000	0.49881167488
1928.72632337108	748.81274044143	0.00000000000	0.49943446489
1930.97826216236	748.79260668436	0.00000000000	0.50002043573
1933.22847598005	748.77270252248	0.00000000000	0.50060607768
1935.56533322610	748.75233381548	0.00000000000	0.50121434428
1938.19561035690	748.72987219638	0.00000000000	0.50189900990
1940.58692480241	748.70996874902	0.00000000000	0.50252143225
1943.04272921156	748.69013244261	0.00000000000	0.50316053647
1945.62118081079	748.67006208887	0.00000000000	0.50383137691
1948.03413850283	748.65207277471	0.00000000000	0.50445892827
1950.30742555756	748.63590397479	0.00000000000	0.50504989466
1953.30444655114	748.61586430213	0.00000000000	0.50582853289
1956.10544925737	748.59857797698	0.00000000000	0.50655566908
1958.40415091497	748.58552620216	0.00000000000	0.50715192727
1960.94028490721	748.57240410886	0.00000000000	0.50780920491
1963.55604396899	748.56037084985	0.00000000000	0.50848642603
1965.87372155076	748.55106262404	0.00000000000	0.50908582876
1968.26018696033	748.54283727454	0.00000000000	0.50970235135
1971.02086118413	748.53498341652	0.00000000000	0.51041468906
1974.15580380490	748.52813007019	0.00000000000	0.51122247236
1977.00882496735	748.52370932160	0.00000000000	0.51195656099
1979.40680345221	748.52126730175	0.00000000000	0.51257278401
1981.68279857639	748.51997648621	0.00000000000	0.51315699428
1983.96383329148	748.51964230619	0.00000000000	0.51374184278
1986.25181582164	748.52022874461	0.00000000000	0.51432780911
1988.54862095142	748.52170231686	0.00000000000	0.51491536205
1991.04492577577	748.52425862854	0.00000000000	0.51555317986
1993.59239610763	748.52783653128	0.00000000000	0.51620323841
1995.92707205111	748.53192565930	0.00000000000	0.51679825317
1998.30894189538	748.53684799112	0.00000000000	0.51740455837
2000.61826948631	748.54229980653	0.00000000000	0.51799168249
2002.98894733347	748.54854685634	0.00000000000	0.51859366719
2005.32190606292	748.55529351306	0.00000000000	0.51918534055
2007.79273144007	748.56303810340	0.00000000000	0.51981118110
2010.15644825390	748.57097741554	0.00000000000	0.52040911931
2012.47197792253	748.57921415045	0.00000000000	0.52099413125
2014.81550158125	748.58797037430	0.00000000000	0.52158546951
2017.13621518430	748.59701567449	0.00000000000	0.52217030844
2019.48506031661	748.60650745604	0.00000000000	0.52276147932
2021.81777005227	748.61622753149	0.00000000000	0.52334783122
2024.15316383449	748.62621019199	0.00000000000	0.52393409745
2026.49983607941	748.63645284289	0.00000000000	0.52452242502
2029.17150110832	748.64831964794	0.00000000000	0.52519128648
2031.67216017687	748.65957362617	0.00000000000	0.52581642068
2034.01243372057	748.67018949842	0.00000000000	0.52640065496
2036.37091804848	748.68092816860	0.00000000000	0.52698864400
2038.70898690118	748.69157366992	0.00000000000	0.52757075576
2041.20045000133	748.70287291269	0.00000000000	0.52819019165
2043.73994057086	748.71429455543	0.00000000000	0.52882064424
2046.26005118229	748.72548517754	0.00000000000	0.52944535945
2048.76165584903	748.73640991542	0.00000000000	0.53006458201
2051.28837016731	748.74723922580	0.00000000000	0.53068915667
2053.96821596886	748.75848448306	0.00000000000	0.53135070588
2056.33453492733	748.76819569577	0.00000000000	0.53193416472
2058.80664385462	748.77810964882	0.00000000000	0.53254307134
2061.19269140271	748.78744243357	0.00000000000	0.53313021602
2063.66871742050	748.79686960840	0.00000000000	0.53373897143
2066.23256725807	748.80634119846	0.00000000000	0.53436880912
2068.59855004237	748.81480785832	0.00000000000	0.53494963132
2070.98149936989	748.82305769845	0.00000000000	0.53553427401
2073.39723310116	748.83112490066	0.00000000000	0.53612665761
2075.76677094946	748.83873652434	0.00000000000	0.53670746626
2078.29037913912	748.84650191744	0.00000000000	0.53732582530
2080.68447334481	748.85353106281	0.00000000000	0.53791229648
2083.05780850542	748.86016262735	0.00000000000	0.53849358461
2085.52209601784	748.86668092973	0.00000000000	0.53909709765
2087.92647467686	748.87266737063	0.00000000000	0.53968593872
2090.42852541380	748.87849180379	0.00000000000	0.54029875395
2092.84406412846	748.88370954672	0.00000000000	0.54089048428
2095.21158350130	748.88842449228	0.00000000000	0.54147059997
2097.60183276724	748.89277122337	0.00000000000	0.54205648329
2100.16638997773	748.89695824539	0.00000000000	0.54268536926
2102.52875095033	748.90036488618	0.00000000000	0.54326497775
2105.30246858262	748.90379578815	0.00000000000	0.54394595373
2107.66185690104	748.90621554137	0.00000000000	0.54452563768
2110.06608356655	748.90819524794	0.00000000000	0.54511679790
2112.42090210649	748.90964507236	0.00000000000	0.54569630892
2114.77215652648	748.91059602891	0.00000000000	0.54627548521
2117.12968901555	748.91103738936	0.00000000000	0.54685680166
2119.52314891992	748.91094635076	0.00000000000	0.54744763672
2121.86652364304	748.91031651481	0.00000000000	0.54802680281
2124.23032397907	748.90912442474	0.00000000000	0.54861176509
2126.71977364752	748.90724782998	0.00000000000	0.54922869110
2129.05233869650	748.90489695631	0.00000000000	0.54980759877
2131.41548525584	748.90193373995	0.00000000000	0.55039495259
2133.91515152547	748.89817867460	0.00000000000	0.55101715256
2136.32977966235	748.89396205009	0.00000000000	0.55161905422
2138.68185497066	748.88931375053	0.00000000000	0.55220616104
2141.08941662183	748.88401921721	0.00000000000	0.55280790989
2143.42417416056	748.87838209419	0.00000000000	0.55339220442
2145.73221865410	748.87233831728	0.00000000000	0.55397051005
2148.16808947811	748.86546859522	0.00000000000	0.55458157044
2150.48485163087	748.85848293900	0.00000000000	0.55516342009
2152.78698014499	748.85112087758	0.00000000000	0.55574221747
2155.10690971249	748.84329369688	0.00000000000	0.55632609553
2157.41547203599	748.83511408455	0.00000000000	0.55690769264
2159.71464879383	748.82659627117	0.00000000000	0.55748747706
2162.00647430034	748.81775274454	0.00000000000	0.55806593265
2164.29201617773	748.80859850877	0.00000000000	0.55864330106
2166.87117430488	748.79788666873	0.00000000000	0.55929541121
2169.19931778405	748.78788846076	0.00000000000	0.55988454650
2172.11340985848	748.77496138135	0.00000000000	0.56062257315
2174.56356555336	748.76376068131	0.00000000000	0.56124360022
2176.84716281258	748.75306775195	0.00000000000	0.56182279212
2179.15508457464	748.74202969112	0.00000000000	0.56240850220
2181.59997304232	748.73010219166	0.00000000000	0.56302932660
2183.90472100120	748.71865581873	0.00000000000	0.56361487309
2186.23414953524	748.70690525204	0.00000000000	0.56420696701
2188.59456338175	748.69483059220	0.00000000000	0.56480719415
2190.90762314653	748.68285243932	0.00000000000	0.56539560473
2193.24887156836	748.67059977248	0.00000000000	0.56599138636
2195.91621516625	748.65650651180	0.00000000000	0.56667036131
2198.29064405525	748.64386218840	0.00000000000	0.56727493290
2200.56162953688	748.63170042619	0.00000000000	0.56785327841
2202.99662745416	748.61860584969	0.00000000000	0.56847348607
2205.63349822934	748.60438596573	0.00000000000	0.56914518642
2207.90960432563	748.59209828785	0.00000000000	0.56972502128
2210.17847937635	748.57984964307	0.00000000000	0.57030302935
2212.68273302491	748.56633329662	0.00000000000	0.57094102141
2215.26406864479	748.55240664517	0.00000000000	0.57159867764
2217.69669449429	748.53928994493	0.00000000000	0.57221847543
2219.97944539692	748.52699009675	0.00000000000	0.57280011641
2222.36872594705	748.51412730308	0.00000000000	0.57340893487
2225.11580973920	748.49935487907	0.00000000000	0.57410897381
2227.54674403497	748.48629978097	0.00000000000	0.57472849546
2229.81196996726	748.47415117219	0.00000000000	0.57530582991
2232.07174559227	748.46204952124	0.00000000000	0.57588182034
2234.35155816273	748.44986029430	0.00000000000	0.57646296686
2236.61522335806	748.43777877897	0.00000000000	0.57704004915
2238.87834351727	748.42572323683	0.00000000000	0.57761704743
2241.13296916598	748.41373763095	0.00000000000	0.57819193785
2243.58334349324	748.40074140798	0.00000000000	0.57881681004
2246.24124202245	748.38668237993	0.00000000000	0.57949468943
2248.89856591851	748.37266856705	0.00000000000	0.58017251715
2251.28164254995	748.36013926641	0.00000000000	0.58078047519
2253.60911121863	748.34793928576	0.00000000000	0.58137432825
2255.86294373415	748.33616192958	0.00000000000	0.58194947316
2258.38330366743	748.32303673005	0.00000000000	0.58259272931
2260.69328873949	748.31105074771	0.00000000000	0.58318238680
2263.11589680732	748.29852738300	0.00000000000	0.58380089352
2265.44005562354	748.28656015990	0.00000000000	0.58439436601
2267.69538036487	748.27499343805	0.00000000000	0.58497035925
2270.11592706596	748.26263188557	0.00000000000	0.58558865958
2272.40839372297	748.25097652170	0.00000000000	0.58617435254
2274.66149050617	748.23957254945	0.00000000000	0.58675009396
2276.98203201044	748.22788218517	0.00000000000	0.58734318403
2279.39967091085	748.21576408580	0.00000000000	0.58796121771
2281.64144299207	748.20458539954	0.00000000000	0.58853441311
2284.18003661427	748.19199615260	0.00000000000	0.58918364540
2286.71779153272	748.17948736397	0.00000000000	0.58983281959
2289.00466131193	748.16827886574	0.00000000000	0.59041795697
2291.25193675141	748.15730644436	0.00000000000	0.59099311388
2293.55090858956	748.14610375756	0.00000000000	0.59158167977
2295.80300126689	748.13513074895	0.00000000000	0.59215844180
2298.08567962329	748.12398913859	0.00000000000	0.59274326024
2300.33531317848	748.11296911557	0.00000000000	0.59331985591
2302.70008187117	748.10132032365	0.00000000000	0.59392624715
2305.02524688937	748.08977941499	0.00000000000	0.59452279402
2307.34882035561	748.07813744267	0.00000000000	0.59511926649
2309.67070495886	748.06637261612	0.00000000000	0.59571566458
2311.93186725929	748.05476777647	0.00000000000	0.59629683526
2314.28815300211	748.04249686340	0.00000000000	0.59690286914
2316.64242942514	748.03003160977	0.00000000000	0.59750883544
2318.99458222281	748.01734925983	0.00000000000	0.59811473102
2321.21643496567	748.00513818154	0.00000000000	0.59868752413
2323.54452683140	747.99207951891	0.00000000000	0.59928821305
2325.81938009612	747.97903651926	0.00000000000	0.59987569271
2328.04620940302	747.96597646577	0.00000000000	0.60045129982
2330.26372169888	747.95266262171	0.00000000000	0.60102504349
2332.47077309725	747.93908524371	0.00000000000	0.60159664449
2334.78630395535	747.92446783774	0.00000000000	0.60219697148
2337.03435527367	747.90988875849	0.00000000000	0.60278044803
2339.24114909729	747.89518395551	0.00000000000	0.60335385912
2341.60985226624	747.87894223117	0.00000000000	0.60397007770
2344.31640719502	747.85976991316	0.00000000000	0.60467516170
2347.33579507880	747.83756140865	0.00000000000	0.60546302191
2349.97646393558	747.81738654265	0.00000000000	0.60615321832
2352.39966111328	747.79822133194	0.00000000000	0.60678756380
2354.63696603421	747.77994561564	0.00000000000	0.60737411901
2357.07721462293	747.75934743076	0.00000000000	0.60801486933
2359.61791032806	747.73713133153	0.00000000000	0.60868313024
2361.87536855421	747.71670400090	0.00000000000	0.60927789904
2364.08310564666	747.69607479577	0.00000000000	0.60986051355
2366.26439460147	747.67503963740	0.00000000000	0.61043709166
2368.41868824929	747.65365334006	0.00000000000	0.61100743830
2370.99215707828	747.62738601308	0.00000000000	0.61168988006
2373.84296659067	747.59748249367	0.00000000000	0.61244720603
2376.07673652775	747.57354210676	0.00000000000	0.61304153280
2378.43141798433	747.54789829979	0.00000000000	0.61366884457
2381.04418505538	747.51904465082	0.00000000000	0.61436582135
2383.28660683733	747.49402267576	0.00000000000	0.61496470758
2385.49210570627	747.46924828046	0.00000000000	0.61555431189
2387.62023546660	747.44524853235	0.00000000000	0.61612372996
2389.78075639295	747.42084862898	0.00000000000	0.61670226699
2392.32573300801	747.39214384105	0.00000000000	0.61738427169
2394.53984807480	747.36727678012	0.00000000000	0.61797801063
2396.80963960134	747.34195899170	0.00000000000	0.61858700742
2398.94489395154	747.31836624719	0.00000000000	0.61916015958
2401.21238357790	747.29361811166	0.00000000000	0.61976902055
2404.11471168688	747.26251177969	0.00000000000	0.62054857871
2406.34132417881	747.23916753702	0.00000000000	0.62114674872
2408.56754598904	747.21635253047	0.00000000000	0.62174484726
2410.79359055389	747.19413119626	0.00000000000	0.62234287738
2412.94438766295	747.17328571502	0.00000000000	0.62292062148
2415.06966989139	747.15334980172	0.00000000000	0.62349139520
2417.27838274536	747.13339075100	0.00000000000	0.62408440181
2420.01291050659	747.10984725000	0.00000000000	0.62481825907
2422.32423441338	747.09103751176	0.00000000000	0.62543819518
2424.45905669141	747.07461776855	0.00000000000	0.62601045305
2426.89539691663	747.05707179737	0.00000000000	0.62666307801
2429.10959700904	747.04229528445	0.00000000000	0.62725571948
2431.25717811152	747.02908752192	0.00000000000	0.62783004442
2433.57633136292	747.01613233055	0.00000000000	0.62844966146
2435.79604714816	747.00506653626	0.00000000000	0.62904208418
2438.24320152997	746.99445139373	0.00000000000	0.62969443609
2440.37573817593	746.98661531636	0.00000000000	0.63026220791
2442.52538206672	746.98010301173	0.00000000000	0.63083381861
2444.66570552303	746.97499866768	0.00000000000	0.63140221617
2447.43132154209	746.97030103776	0.00000000000	0.63213560793
2449.57715669562	746.96801391465	0.00000000000	0.63270384100
2452.04260345868	746.96672056529	0.00000000000	0.63335586615
2454.19330692395	746.96665435761	0.00000000000	0.63392393484
2456.34616971494	746.96748352275	0.00000000000	0.63449192136
2458.71845527939	746.96932628834	0.00000000000	0.63511706143
2461.30428651589	746.97230775129	0.00000000000	0.63579761976
2463.73164128185	746.97589605488	0.00000000000	0.63643568168
2465.89050629832	746.97962499641	0.00000000000	0.63700254569
2468.29742806259	746.98426637124	0.00000000000	0.63763387307
2470.48412002561	746.98882668473	0.00000000000	0.63820683994
2472.65672346980	746.99358890175	0.00000000000	0.63877557073
2474.83803434175	746.99851282087	0.00000000000	0.63934605061
2477.30475588449	747.00414140479	0.00000000000	0.63999055367
2479.58763029391	747.00930080853	0.00000000000	0.64058645326
2482.03249988706	747.01465585175	0.00000000000	0.64122405353
2484.50547400964	747.01976999655	0.00000000000	0.64186838916
2487.17503707818	747.02480363515	0.00000000000	0.64256330095
2489.41324038100	747.02852140247	0.00000000000	0.64314542904
2491.86576430732	747.03195161466	0.00000000000	0.64378279913
2494.09253724032	747.03438377837	0.00000000000	0.64436106446
2496.27585634284	747.03604717758	0.00000000000	0.64492765815
2498.50502381965	747.03691922167	0.00000000000	0.64550576967
2500.84314284643	747.03683838907	0.00000000000	0.64611174051
2503.18249017544	747.03563457775	0.00000000000	0.64671764122
2505.41499175003	747.03334253000	0.00000000000	0.64729552224
2507.93040888415	747.02930765940	0.00000000000	0.64794624990
2510.13219625508	747.02441523918	0.00000000000	0.64851552373
2512.38191396109	747.01801022453	0.00000000000	0.64909689797
2514.57295109843	747.01031908361	0.00000000000	0.64966283872
2516.76153926857	747.00111943882	0.00000000000	0.65022789588
2519.13000565480	746.98935745782	0.00000000000	0.65083912812
2521.39860321503	746.97627092017	0.00000000000	0.65142434570
2523.58782515757	746.96203456100	0.00000000000	0.65198888919
2525.82676263590	746.94595872187	0.00000000000	0.65256608010
2528.09655986549	746.92821661592	0.00000000000	0.65315107711
2530.29582355574	746.90975368491	0.00000000000	0.65371777979
2532.62276112859	746.88898047474	0.00000000000	0.65431728752
2534.84932087183	746.86803018620	0.00000000000	0.65489087271
2537.17609568304	746.84514189109	0.00000000000	0.65549024086
2539.42953099880	746.82212722039	0.00000000000	0.65607071396
2541.84773003718	746.79663844426	0.00000000000	0.65669365921
2544.31657056913	746.76991943522	0.00000000000	0.65732971822
2546.56843645776	746.74506596263	0.00000000000	0.65790996904
2548.93679120335	746.71856386107	0.00000000000	0.65852036362
2551.30426154812	746.69183505444	0.00000000000	0.65913069396
2553.55347551265	746.66634765005	0.00000000000	0.65971072032
2555.74681071458	746.64152043798	0.00000000000	0.66027653601
2557.95532540509	746.61666056782	0.00000000000	0.66084649400
2560.34172459470	746.59008488633	0.00000000000	0.66146264648
2562.70304988480	746.56421755295	0.00000000000	0.66207265235
2564.93104169000	746.54032722868	0.00000000000	0.66264854330
2567.11199965603	746.51754146355	0.00000000000	0.66321261502
2569.29124705779	746.49547740448	0.00000000000	0.66377660580
2571.46868435997	746.47424459412	0.00000000000	0.66434051632
2573.64003519697	746.45399049132	0.00000000000	0.66490326434
2575.84606563810	746.43446689717	0.00000000000	0.66547545164
2578.11094951520	746.41564941356	0.00000000000	0.66606340763
2580.43411761009	746.39777120568	0.00000000000	0.66666705700
2582.60586982747	746.38248317358	0.00000000000	0.66723190849
2585.12555949467	746.36662494293	0.00000000000	0.66788795444
2587.66977498288	746.35283467012	0.00000000000	0.66855119191
2589.90357972268	746.34271496499	0.00000000000	0.66913421448
2592.21236798352	746.33435089982	0.00000000000	0.66973753539
2594.36458121833	746.32859612557	0.00000000000	0.67030063814
2596.76182324418	746.32463675255	0.00000000000	0.67092867443
2599.01953270151	746.32324418953	0.00000000000	0.67152093870
2601.48864154672	746.32417704953	0.00000000000	0.67216948481
2603.62561296464	746.32693982745	0.00000000000	0.67273144978
2605.76008292254	746.33140405626	0.00000000000	0.67329333386
2607.92748258353	746.33757527739	0.00000000000	0.67386444298
2610.05731129075	746.34514336155	0.00000000000	0.67442616534
2612.22029542127	746.35424784235	0.00000000000	0.67499711867
2614.57098331356	746.36563647318	0.00000000000	0.67561813489
2616.71905457446	746.37728737791	0.00000000000	0.67618605522
2619.22324622026	746.39222023388	0.00000000000	0.67684860258
2621.40567665503	746.40629121115	0.00000000000	0.67742639475
2623.93419637448	746.42366506465	0.00000000000	0.67809619890
2626.08674245653	746.43923306418	0.00000000000	0.67866669307
2628.20189552573	746.45511232534	0.00000000000	0.67922749586
2630.64456144069	746.47402737827	0.00000000000	0.67987535936
2633.11331706748	746.49361225017	0.00000000000	0.68053033673
2635.50174652450	746.51284736921	0.00000000000	0.68116413771
2637.66255161770	746.53036226844	0.00000000000	0.68173760802
2640.05012923021	746.54969728127	0.00000000000	0.68237129741
2642.16542183708	746.56669109107	0.00000000000	0.68293271112
2644.35575444157	746.58403325066	0.00000000000	0.68351399461
2646.47091654213	746.60042374698	0.00000000000	0.68407524875
2648.59846404053	746.61644708414	0.00000000000	0.68463967480
2650.75897942146	746.63213148083	0.00000000000	0.68521269374
2652.88720512169	746.64689277512	0.00000000000	0.68577696245
2655.01596808812	746.66086503730	0.00000000000	0.68634115385
2657.40642538904	746.67547588765	0.00000000000	0.68697439790
2659.85095321647	746.68908385929	0.00000000000	0.68762158309
2661.99155940742	746.69976637063	0.00000000000	0.68818794748
2664.12415189994	746.70915125560	0.00000000000	0.68875182327
2666.54633993559	746.71815357100	0.00000000000	0.68939178166
2668.80205273656	746.72482256655	0.00000000000	0.68998724695
2671.08092781844	746.72975355214	0.00000000000	0.69058828726
2673.48268626903	746.73293934195	0.00000000000	0.69122114300
2675.74373806069	746.73413583892	0.00000000000	0.69181640867
2677.86978457954	746.73374660627	0.00000000000	0.69237571718
2680.00005864123	746.73195891884	0.00000000000	0.69293577260
2682.24451107554	746.72864147775	0.00000000000	0.69352549069
2684.81886943527	746.72313134953	0.00000000000	0.69420149528
2687.12979545021	746.71673208739	0.00000000000	0.69480801600
2689.30906868556	746.70952214458	0.00000000000	0.69537975878
2691.45543787161	746.70138048318	0.00000000000	0.69594269404
2693.86712015811	746.69108942650	0.00000000000	0.69657505238
2696.17974406306	746.68017479841	0.00000000000	0.69718132276
2698.34680766110	746.66909714367	0.00000000000	0.69774937311
2700.55758199196	746.65702539863	0.00000000000	0.69832886087
2702.72406625511	746.64451376484	0.00000000000	0.69889675739
2704.89005627828	746.63140281644	0.00000000000	0.69946457994
2707.27458073691	746.61635860677	0.00000000000	0.70008980118
2709.56212017552	746.60141100497	0.00000000000	0.70068974541
2711.70519791536	746.58702569069	0.00000000000	0.70125197758
2713.83041680278	746.57246560312	0.00000000000	0.70180972884
2716.09301456297	746.55671822245	0.00000000000	0.70240379832
2718.42211786578	746.54032765251	0.00000000000	0.70301565870
2720.55256569099	746.52525045336	0.00000000000	0.70357566435
2722.81038435727	746.50926260584	0.00000000000	0.70416953922
2725.15859276118	746.49271145041	0.00000000000	0.70478766000
2727.37272878907	746.47725947746	0.00000000000	0.70537097250
2729.60380521526	746.46192178025	0.00000000000	0.70595926629
2731.74064121821	746.44752517645	0.00000000000	0.70652323844
2734.00880758600	746.43263852001	0.00000000000	0.70712248102
2736.21318943037	746.41864012335	0.00000000000	0.70770551571
2738.32048463883	746.40576510354	0.00000000000	0.70826350545
2740.42500187131	746.39347258373	0.00000000000	0.70882141609
2742.63975437215	746.38122405433	0.00000000000	0.70940930093
2744.75981420858	746.37023543612	0.00000000000	0.70997281278
2746.85189377645	746.36015541658	0.00000000000	0.71052964890
2749.16855062846	746.34987161430	0.00000000000	0.71114713228
2751.26975872398	746.34131964163	0.00000000000	0.71170796412
2753.76558913663	746.33208961233	0.00000000000	0.71237505599
2756.25757791197	746.32384499218	0.00000000000	0.71304210181
2758.38211335290	746.31755498374	0.00000000000	0.71361154007
2760.51836630505	746.31189151599	0.00000000000	0.71418479533
2762.68545914759	746.30679957922	0.00000000000	0.71476699905
2765.16469236062	746.30174928194	0.00000000000	0.71543386547
2767.36509587143	746.29793069482	0.00000000000	0.71602642638
2769.49050499538	746.29480877270	0.00000000000	0.71659938959
2771.55084864592	746.29229059888	0.00000000000	0.71715535400
2774.04686223169	746.28987773324	0.00000000000	0.71782956653
2776.35265685606	746.28823701824	0.00000000000	0.71845303892
2778.44154081113	746.28721096003	0.00000000000	0.71901836830
2780.64892312333	746.28657483848	0.00000000000	0.71961626968
2782.69839106959	746.28637208296	0.00000000000	0.72017183878
2785.38146055680	746.28663200197	0.00000000000	0.72089977326
2787.65191320811	746.28728202201	0.00000000000	0.72151627148
2789.72019075380	746.28818891732	0.00000000000	0.72207825528
2791.89699435277	746.28944021399	0.00000000000	0.72267009790
2794.03352180984	746.29093754134	0.00000000000	0.72325133676
2796.09731192432	746.29261175515	0.00000000000	0.72381309218
2798.13844767827	746.29446374669	0.00000000000	0.72436895512
2800.37600430083	746.29669000219	0.00000000000	0.72497859849
2803.01684921068	746.29953990911	0.00000000000	0.72569847527
2805.05943087773	746.30187846493	0.00000000000	0.72625550578
2807.18855576052	746.30441246999	0.00000000000	0.72683633265
2809.47022015019	746.30720674423	0.00000000000	0.72745896759
2811.80210396379	746.31011256791	0.00000000000	0.72809548619
2813.98853427900	746.31285145054	0.00000000000	0.72869243904
2816.09711824346	746.31547762544	0.00000000000	0.72926823978
2818.84592002218	746.31883436020	0.00000000000	0.73001898001
2820.88326926019	746.32124258272	0.00000000000	0.73057546637
2823.06774846298	746.32373141962	0.00000000000	0.73117216725
2825.21084692467	746.32607123772	0.00000000000	0.73175757019
2827.23901427326	746.32818543365	0.00000000000	0.73231156393
2829.49214243128	746.33041165302	0.00000000000	0.73292696575
2831.92894690412	746.33266399704	0.00000000000	0.73359245982
2834.20694234773	746.33461359003	0.00000000000	0.73421448424
2836.23501877278	746.33621466818	0.00000000000	0.73476816436
2838.35947642747	746.33774834677	0.00000000000	0.73534803343
2840.40340256028	746.33907836712	0.00000000000	0.73590578250
2842.61087620590	746.34034667866	0.00000000000	0.73650798562
2844.65549709265	746.34135853438	0.00000000000	0.73706558011
2847.09554946157	746.34235156724	0.00000000000	0.73773075807
2849.16144087899	746.34300198465	0.00000000000	0.73829369703
2851.20053462063	746.34346579212	0.00000000000	0.73884909853
2853.64338857249	746.34377926294	0.00000000000	0.73951414136
2855.68403915233	746.34383121025	0.00000000000	0.74006938826
2857.72026875158	746.34368579562	0.00000000000	0.74062314076
2860.00645011821	746.34327990680	0.00000000000	0.74124449843
2862.04982427345	746.34269295906	0.00000000000	0.74179951359
2864.18306668420	746.34184738911	0.00000000000	0.74237856558
2866.22857403864	746.34080679457	0.00000000000	0.74293342637
2868.26681561218	746.33953989422	0.00000000000	0.74348593207
2870.30941878595	746.33803386812	0.00000000000	0.74403921788
2872.48723776817	746.33616067272	0.00000000000	0.74462866696
2874.62718182569	746.33404430728	0.00000000000	0.74520737956
2876.73467855915	746.33168624314	0.00000000000	0.74577682801
2879.06035536782	746.32876097396	0.00000000000	0.74640464300
2881.20547997626	746.32575515367	0.00000000000	0.74698315226
2883.43640696089	746.32230863434	0.00000000000	0.74758420403
2885.62511149598	746.31860282128	0.00000000000	0.74817326822
2887.67641482577	746.31483174939	0.00000000000	0.74872478427
2889.89093283682	746.31043053439	0.00000000000	0.74931954608
2892.48193253542	746.30483719862	0.00000000000	0.75001455676
2895.01834609794	746.29889954490	0.00000000000	0.75069404543
2897.50027908141	746.29266430374	0.00000000000	0.75135819271
2899.68151725515	746.28685168135	0.00000000000	0.75194134544
2901.75381246710	746.28105241685	0.00000000000	0.75249497560
2903.83448299974	746.27496860285	0.00000000000	0.75305051226
2905.90309862184	746.26867066303	0.00000000000	0.75360255759
2907.97759959797	746.26211497527	0.00000000000	0.75415595642
2910.30285767435	746.25449346431	0.00000000000	0.75477605836
2913.17199083682	746.24471053380	0.00000000000	0.75554103791
2915.33808425914	746.23706188003	0.00000000000	0.75611853382
2917.61291296803	746.22879878639	0.00000000000	0.75672506211
2920.36396248462	746.21850776777	0.00000000000	0.75745872484
2922.46497145694	746.21044118847	0.00000000000	0.75801922638
2924.52787086462	746.20235655158	0.00000000000	0.75856978709
2926.59267995350	746.19411042001	0.00000000000	0.75912113722
2928.88634288706	746.18478062557	0.00000000000	0.75973399211
2931.04423792098	746.17585066345	0.00000000000	0.76031101702
2933.13718052281	746.16705820488	0.00000000000	0.76087114919
2935.31012908002	746.15780295058	0.00000000000	0.76145325295
2937.37001939828	746.14891943523	0.00000000000	0.76200565629
2939.42192511939	746.13997310605	0.00000000000	0.76255654397
2941.46777665227	746.13096533502	0.00000000000	0.76310648516
2943.51060842345	746.12189211125	0.00000000000	0.76365634866
2945.58693963104	746.11259851557	0.00000000000	0.76421604078
2947.64842872213	746.10330905957	0.00000000000	0.76477260247
2949.98992551999	746.09269415898	0.00000000000	0.76540589107
2952.06764674524	746.08322876827	0.00000000000	0.76596891571
2954.19018800499	746.07352456532	0.00000000000	0.76654520290
2956.23480665957	746.06415303697	0.00000000000	0.76710146693
2958.25817273729	746.05486534206	0.00000000000	0.76765310818
2960.31766056920	746.04540739343	0.00000000000	0.76821584803
2962.73718335185	746.03430336482	0.00000000000	0.76887866916
2964.85290907624	746.02461197673	0.00000000000	0.76945986025
2966.84529433756	746.01550886805	0.00000000000	0.77000858241
2968.83257744388	746.00644772614	0.00000000000	0.77055722738
2970.82445171150	745.99737766186	0.00000000000	0.77110841077
2972.85204244892	745.98815029461	0.00000000000	0.77167072067
2975.00558166218	745.97834756154	0.00000000000	0.77226925933
2977.25115490898	745.96811415046	0.00000000000	0.77289471654
2979.29581546489	745.95877747737	0.00000000000	0.77346532440
2981.30627907329	745.94957171005	0.00000000000	0.77402734814
2983.61771405857	745.93894722003	0.00000000000	0.77467459172
2986.14558631353	745.92726534500	0.00000000000	0.77538364507
2988.17600027654	745.91782524178	0.00000000000	0.77595397967
2990.12845807569	745.90869178313	0.00000000000	0.77650302499
2992.17151829276	745.89906829154	0.00000000000	0.77707811136
2994.44158469571	745.88828660003	0.00000000000	0.77771767615
2996.38499197758	745.87897405793	0.00000000000	0.77826561350
2998.33534150043	745.86954465341	0.00000000000	0.77881580996
3000.33884958987	745.85976382735	0.00000000000	0.77938124324
3002.63002006664	745.84845195283	0.00000000000	0.78002806219
3005.02910606152	745.83645086299	0.00000000000	0.78070545639
3007.01658795864	745.82637875171	0.00000000000	0.78126662392
3009.38840135450	745.81419426571	0.00000000000	0.78193618638
3012.28610583893	745.79904858031	0.00000000000	0.78275385155
3014.50093004438	745.78726730085	0.00000000000	0.78337842479
3017.01555138541	745.77366315379	0.00000000000	0.78408697754
3019.33906581451	745.76086609953	0.00000000000	0.78474102577
3021.30021680116	745.74988741805	0.00000000000	0.78529249312
3023.68334625826	745.73631862458	0.00000000000	0.78596179989
3025.93529919078	745.72325795731	0.00000000000	0.78659333527
3027.88717208190	745.71174306311	0.00000000000	0.78713990449
3029.92242137590	745.69953753379	0.00000000000	0.78770894345
3031.97855024112	745.68699457620	0.00000000000	0.78828283683
3034.27136311627	745.67274876045	0.00000000000	0.78892153585
3036.35449361929	745.65956228959	0.00000000000	0.78950059456
3038.42274386038	745.64623702448	0.00000000000	0.79007428986
3040.40518823486	745.63326924847	0.00000000000	0.79062305072
3042.39853641207	745.62007547334	0.00000000000	0.79117377204
3044.41593921482	745.60660292126	0.00000000000	0.79173012038
3046.70841539127	745.59119603017	0.00000000000	0.79236116014
3048.81436456109	745.57699733028	0.00000000000	0.79293983398
3050.83003245794	745.56340732125	0.00000000000	0.79349284804
3053.21500169863	745.54737906562	0.00000000000	0.79414618670
3055.54828528093	745.53180793566	0.00000000000	0.79478440799
3057.77961022416	745.51707145716	0.00000000000	0.79539393490
3059.82997336823	745.50370599788	0.00000000000	0.79595340008
3061.86877145515	745.49062172289	0.00000000000	0.79650917154
3063.88054348574	745.47794848658	0.00000000000	0.79705710495
3066.17102516031	745.46385250952	0.00000000000	0.79768044804
3068.21384052387	745.45162084187	0.00000000000	0.79823600148
3070.23645278378	745.43986421746	0.00000000000	0.79878575631
3072.29416313096	745.42830263773	0.00000000000	0.79934479565
3074.31033542186	745.41740142378	0.00000000000	0.79989235383
3076.57904863911	745.40568526554	0.00000000000	0.80050833164
3079.09825881627	745.39341889966	0.00000000000	0.80119220303
3081.17181355524	745.38395773705	0.00000000000	0.80175507135
3083.26174691521	745.37504549265	0.00000000000	0.80232242528
3085.26829412225	745.36711593319	0.00000000000	0.80286723378
3087.29034604426	745.35978416316	0.00000000000	0.80341639574
3089.29509516694	745.35320530585	0.00000000000	0.80396105293
3091.34950955480	745.34721535101	0.00000000000	0.80451945858
3093.36042240687	745.34212779530	0.00000000000	0.80506634383
3095.38690871567	745.33781612072	0.00000000000	0.80561782231
3097.52721552122	745.33419467152	0.00000000000	0.80620072555
3100.00557641580	745.33125918802	0.00000000000	0.80687635775
3102.10049653849	745.32988329154	0.00000000000	0.80744808413
3104.17462288960	745.32956647025	0.00000000000	0.80801476411
3106.17981039920	745.33029172117	0.00000000000	0.80856326079
3108.26649957033	745.33216764657	0.00000000000	0.80913479145
3110.72888261435	745.33584662434	0.00000000000	0.80981022601
3113.04745540683	745.34065918893	0.00000000000	0.81044716887
3115.16471039907	745.34610266016	0.00000000000	0.81102957944
3117.18925502237	745.35216491372	0.00000000000	0.81158714546
3119.24292761729	745.35909384927	0.00000000000	0.81215336004
3121.31226267455	745.36679145556	0.00000000000	0.81272449990
3123.78440273938	745.37681800358	0.00000000000	0.81340756865
3125.75761493327	745.38538322711	0.00000000000	0.81395333452
3127.80202549894	745.39470251050	0.00000000000	0.81451927907
3130.04637363297	745.40536191572	0.00000000000	0.81514110351
3132.08694463046	745.41535723946	0.00000000000	0.81570691758
3134.04740623035	745.42515637271	0.00000000000	0.81625089018
3136.00313893491	745.43505207069	0.00000000000	0.81679388425
3137.96075813624	745.44500684796	0.00000000000	0.81733770692
3139.99552979915	745.45533029777	0.00000000000	0.81790325445
3141.96354667940	745.46521787119	0.00000000000	0.81845050083
3143.96460347245	745.47509785275	0.00000000000	0.81900715840
3145.91451677856	745.48448451117	0.00000000000	0.81954977604
3148.02501644887	745.49429373938	0.00000000000	0.82013725549
3150.41999213882	745.50487297831	0.00000000000	0.82080409526
3152.95630292473	745.51529628736	0.00000000000	0.82151043030
3155.04319757134	745.52316304606	0.00000000000	0.82209167330
3157.01560099445	745.52992542897	0.00000000000	0.82264104752
3159.40924379545	745.53714691500	0.00000000000	0.82330773033
3161.47503130358	745.54241719327	0.00000000000	0.82388304183
3163.58336776828	745.54678581714	0.00000000000	0.82447011098
3165.76296097729	745.55013602400	0.00000000000	0.82507688472
3167.71861529896	745.55205407958	0.00000000000	0.82562116467
3169.92440397299	745.55289207443	0.00000000000	0.82623484921
3171.90948197998	745.55236594840	0.00000000000	0.82678690435
3174.04321391505	745.55036253239	0.00000000000	0.82738002734
3176.02972868562	745.54708194316	0.00000000000	0.82793194084
3178.04548855377	745.54228297062	0.00000000000	0.82849166478
3180.36280542814	745.53488078894	0.00000000000	0.82913470129
3183.05193608581	745.52388306271	0.00000000000	0.82988035595
3185.00856238614	745.51436207991	0.00000000000	0.83042253508
3187.12603696794	745.50271475393	0.00000000000	0.83100895206
3189.16377890316	745.49027363831	0.00000000000	0.83157297124
3191.33013672654	745.47581746673	0.00000000000	0.83217226058
3193.38788602655	745.46100246647	0.00000000000	0.83274120189
3195.36151633759	745.44588256947	0.00000000000	0.83328661761
3197.34544144489	745.42986290886	0.00000000000	0.83383462333
3199.56557456624	745.41105449549	0.00000000000	0.83444758331
3201.95020357670	745.38993357470	0.00000000000	0.83510562994
3203.93618905397	745.37171010509	0.00000000000	0.83565342032
3205.99829103455	745.35226610045	0.00000000000	0.83622197645
3207.96801653084	745.33327367047	0.00000000000	0.83676485385
3209.92823745088	745.31404039547	0.00000000000	0.83730491780
3212.01168068031	745.29331592456	0.00000000000	0.83787872856
3214.13886997238	745.27194497159	0.00000000000	0.83846438294
3216.24435736467	745.25067186447	0.00000000000	0.83904386939
3218.44484791277	745.22840844756	0.00000000000	0.83964930955
3220.44600483059	745.20821931399	0.00000000000	0.84019974339
3222.83758511437	745.18427340046	0.00000000000	0.84085737689
3224.81022592623	745.16475844095	0.00000000000	0.84139966608
3226.79072226741	745.14545946083	0.00000000000	0.84194399228
3228.92056293189	745.12511798156	0.00000000000	0.84252923768
3230.98729520896	745.10587301281	0.00000000000	0.84309702595
3232.95047702197	745.08811978897	0.00000000000	0.84363626930
3234.99893102252	745.07022232942	0.00000000000	0.84419884379
3236.96329775019	745.05373531557	0.00000000000	0.84473824624
3238.93099978562	745.03795670195	0.00000000000	0.84527849567
3241.01801348857	745.02210721142	0.00000000000	0.84585143719
3243.10501310756	745.00725425460	0.00000000000	0.84642431681
3245.12098391259	744.99393382483	0.00000000000	0.84697765336
3247.08496287400	744.98200241386	0.00000000000	0.84751668488
3249.47927097001	744.96894900488	0.00000000000	0.84817378924
3251.78910657210	744.95792445956	0.00000000000	0.84880767630
3253.81997683648	744.94947295103	0.00000000000	0.84936497601
3255.88640228722	744.94203700394	0.00000000000	0.84993199975
3257.97273729982	744.93569145277	0.00000000000	0.85050445007
3259.98779894228	744.93064391643	0.00000000000	0.85105730664
3262.24303072066	744.92622201174	0.00000000000	0.85167600945
3264.63739431550	744.92290633059	0.00000000000	0.85233282299
3266.63851170136	744.92119348192	0.00000000000	0.85288171287
3268.60453397914	744.92042253039	0.00000000000	0.85342092960
3270.67051460937	744.92055938713	0.00000000000	0.85398750889
3272.84823376635	744.92172358207	0.00000000000	0.85458466984
3274.81066384246	744.92364238735	0.00000000000	0.85512273845
3276.77189729210	744.92635862695	0.00000000000	0.85566042230
3278.73307638434	744.92984889965	0.00000000000	0.85619803213
3280.69873582324	744.93409958453	0.00000000000	0.85673680830
3282.66997642704	744.93909436277	0.00000000000	0.85727704956
3284.68450862732	744.94493066429	0.00000000000	0.85782908584
3286.75054033899	744.95165727178	0.00000000000	0.85839515855
3288.73945083839	744.95881558258	0.00000000000	0.85894002560
3290.71849009539	744.96657787428	0.00000000000	0.85948211256
3293.02972198221	744.97641736864	0.00000000000	0.86011509267
3295.31354497851	744.98692276533	0.00000000000	0.86074045759
3297.30268918381	744.99667663032	0.00000000000	0.86128504139
3299.45713208061	745.00784478716	0.00000000000	0.86187478156
3301.42304935405	745.01855710813	0.00000000000	0.86241282390
3303.38447634867	745.02971587817	0.00000000000	0.86294954700
3305.49315200605	745.04220945157	0.00000000000	0.86352645967
3307.45589479846	745.05427558312	0.00000000000	0.86406334765
3309.76907162687	745.06900358951	0.00000000000	0.86469596742
3312.22585007851	745.08520534197	0.00000000000	0.86536770681
3314.21594460962	745.09872017114	0.00000000000	0.86591172517
3316.26504922695	745.11297266468	0.00000000000	0.86647176055
3318.39776746663	745.12814059405	0.00000000000	0.86705452241
3320.36480298604	745.14240384343	0.00000000000	0.86759190610
3322.36738222681	745.15716395030	0.00000000000	0.86813892045
3324.39951726558	745.17235724066	0.00000000000	0.86869395220
3326.55621780280	745.18868361724	0.00000000000	0.86928297443
3328.52278126392	745.20372011119	0.00000000000	0.86982006594
3330.48440589683	745.21883119343	0.00000000000	0.87035583182
3332.74345564707	745.23633512922	0.00000000000	0.87097289173
3334.94891963858	745.25348882313	0.00000000000	0.87157541067
3337.05696303394	745.26990694047	0.00000000000	0.87215143553
3339.02070286475	745.28518882612	0.00000000000	0.87268816228
3340.98361556547	745.30042283637	0.00000000000	0.87322481614
3342.94217188597	745.31555298646	0.00000000000	0.87376045598
3344.89972532657	745.33057672618	0.00000000000	0.87429602259
3346.85503794912	745.34545606725	0.00000000000	0.87483120116
3349.05395696779	745.36200147464	0.00000000000	0.87543335510
3351.27758626720	745.37849031766	0.00000000000	0.87604263210
3353.22995097070	745.39273296876	0.00000000000	0.87657790637
3355.61750644032	745.40980783987	0.00000000000	0.87723294525
3358.14867648911	745.42744220285	0.00000000000	0.87792797352
3360.11261460745	745.44075312358	0.00000000000	0.87846769794
3362.16255816441	745.45426485275	0.00000000000	0.87903150913
3364.10920149168	745.46670339745	0.00000000000	0.87956736182
3366.05388912280	745.47871756342	0.00000000000	0.88010314263
3368.01006153688	745.49035705203	0.00000000000	0.88064258395
3369.97403627381	745.50156243223	0.00000000000	0.88118470412
3371.91228440891	745.51211836118	0.00000000000	0.88172026714
3373.84480052331	745.52211551632	0.00000000000	0.88225481067
3375.77834138571	745.53156025559	0.00000000000	0.88279022784
3377.70939720462	745.54040533029	0.00000000000	0.88332557248
3379.63788072357	745.54862169649	0.00000000000	0.88386084464
3381.58708164110	745.55626798818	0.00000000000	0.88440254511
3383.61067537467	745.56347105946	0.00000000000	0.88496567113
3385.79389474186	745.57036058224	0.00000000000	0.88557411211
3387.94771985652	745.57622550331	0.00000000000	0.88617529262
3390.00300708934	745.58096161235	0.00000000000	0.88674979078
3392.15053261672	745.58502504026	0.00000000000	0.88735086929
3394.20016092578	745.58807169179	0.00000000000	0.88792525065
3396.50388803909	745.59054196330	0.00000000000	0.88857159057
3398.40747401757	745.59183343268	0.00000000000	0.88910621121
3400.45023756829	745.59247732044	0.00000000000	0.88968041379
3402.45003410778	745.59237597711	0.00000000000	0.89024298124
3404.37163634845	745.59160851388	0.00000000000	0.89078391427
3406.38843654014	745.59010953627	0.00000000000	0.89135197516
3408.47080304135	745.58783088455	0.00000000000	0.89193880015
3410.70700391631	745.58457439999	0.00000000000	0.89256924292
3412.74185168537	745.58089873916	0.00000000000	0.89314309604
3414.64078308892	745.57686999529	0.00000000000	0.89367871869
3416.79506712071	745.57161591994	0.00000000000	0.89428642341
3418.73646623917	745.56627327905	0.00000000000	0.89483407173
3420.81580978560	745.55992817058	0.00000000000	0.89542057025
3423.21942052903	745.55181286701	0.00000000000	0.89609837200
3425.21266535213	745.54446644477	0.00000000000	0.89666025921
3427.11977437959	745.53692946798	0.00000000000	0.89719764719
3429.25077051466	745.52793715018	0.00000000000	0.89779781174
3431.16942588493	745.51934118422	0.00000000000	0.89833784112
3433.06123487161	745.51041634867	0.00000000000	0.89886995803
3434.97221689571	745.50096240023	0.00000000000	0.89940706266
3436.87673626685	745.49111596140	0.00000000000	0.89994190013
3438.91946566514	745.48010022183	0.00000000000	0.90051499885
3440.82165169339	745.46943432826	0.00000000000	0.90104810660
3442.80799010792	745.45789243490	0.00000000000	0.90160417281
3444.72767422026	745.44636063898	0.00000000000	0.90214092562
3446.87544588438	745.43303763145	0.00000000000	0.90274063589
3448.78182659766	745.42085558323	0.00000000000	0.90327217374
3451.07140071243	745.40580304927	0.00000000000	0.90390953467
3453.13230464556	745.39187971627	0.00000000000	0.90448223252
3455.21945505767	745.37744071312	0.00000000000	0.90506120301
3457.60702828999	745.36058966175	0.00000000000	0.90572228168
3459.85639747666	745.34450423101	0.00000000000	0.90634397977
3461.78552324457	745.33063371185	0.00000000000	0.90687636914
3463.73067278227	745.31665279815	0.00000000000	0.90741248999
3465.67790627580	745.30273297940	0.00000000000	0.90794854226
3467.60967868275	745.28906887081	0.00000000000	0.90847975313
3469.54664429787	745.27558269215	0.00000000000	0.90901185682
3471.52151859750	745.26212548147	0.00000000000	0.90955387381
3473.48550010719	745.24910760779	0.00000000000	0.91009245100
3475.46299036681	745.23644068067	0.00000000000	0.91063433046
3477.62434767606	745.22318731610	0.00000000000	0.91122619266
3479.78681064805	745.21063770726	0.00000000000	0.91181800299
3481.74440353356	745.19996942740	0.00000000000	0.91235349512
3483.98821265862	745.18864484139	0.00000000000	0.91296705299
3485.95683248974	745.17958438266	0.00000000000	0.91350521698
3488.28596864050	745.17002445853	0.00000000000	0.91414183172
3490.26689488741	745.16296788025	0.00000000000	0.91468324052
3492.21081202007	745.15707891311	0.00000000000	0.91521455812
3494.53916227541	745.15147534601	0.00000000000	0.91585104834
3496.78197128874	745.14767979929	0.00000000000	0.91646432783
3498.77455467789	745.14571659634	0.00000000000	0.91700938763
3500.71500058309	745.14515613627	0.00000000000	0.91754042000
3502.77939516492	745.14610594265	0.00000000000	0.91810568098
3504.72288582970	745.14853427989	0.00000000000	0.91863817794
3506.65887026082	745.15250804112	0.00000000000	0.91916899660
3508.62966129947	745.15822427261	0.00000000000	0.91970979670
3510.59841306400	745.16569691834	0.00000000000	0.92025052952
3512.57924101698	745.17507448133	0.00000000000	0.92079512818
3514.51265283839	745.18610531245	0.00000000000	0.92132727248
3516.48848732941	745.19937706099	0.00000000000	0.92187173958
3518.41661877362	745.21435722112	0.00000000000	0.92240374296
3520.33251917217	745.23130755862	0.00000000000	0.92293308908
3522.25474273325	745.25046292443	0.00000000000	0.92346495161
3524.16801426425	745.27170386129	0.00000000000	0.92399513024
3526.10227918690	745.29535226718	0.00000000000	0.92453192238
3528.00941806991	745.32077254848	0.00000000000	0.92506195900
3529.99760330545	745.34945657811	0.00000000000	0.92561532452
3531.89523974072	745.37887456499	0.00000000000	0.92614424186
3533.87737908367	745.41168900372	0.00000000000	0.92669748588
3535.76925229070	745.44495816609	0.00000000000	0.92722626059
3537.76465685201	745.48206774483	0.00000000000	0.92778472651
3539.92241824594	745.52447837634	0.00000000000	0.92838948785
3541.80575613377	745.56338831585	0.00000000000	0.92891804877
3543.72600959832	745.60483481271	0.00000000000	0.92945764109
3545.69105778186	745.64905847800	0.00000000000	0.93001050863
3547.63598696902	745.69458775998	0.00000000000	0.93055838701
3549.50913606189	745.74004815196	0.00000000000	0.93108666355
3551.70359603847	745.79526230133	0.00000000000	0.93170631262
3553.81545518797	745.85033186099	0.00000000000	0.93230338825
3555.89929177663	745.90647053970	0.00000000000	0.93289324441
3557.90972129894	745.96227134316	0.00000000000	0.93346296681
3559.77416290313	746.01541267916	0.00000000000	0.93399187032
3561.63307383955	746.06968704770	0.00000000000	0.93451971991
3563.78513593453	746.13407409002	0.00000000000	0.93513143646
3566.15839871767	746.20693560809	0.00000000000	0.93580678213
3568.07951514461	746.26728188947	0.00000000000	0.93635402330
3569.96907196684	746.32777847059	0.00000000000	0.93689274760
3571.94280225235	746.39212831980	0.00000000000	0.93745595542
3574.05746805677	746.46232667610	0.00000000000	0.93805991083
3576.04880973053	746.52955872706	0.00000000000	0.93862912883
3578.08436491193	746.59935473183	0.00000000000	0.93921145213
3579.95293806593	746.66432761571	0.00000000000	0.93974640555
3582.36620639924	746.74944070892	0.00000000000	0.94043784127
3584.74881298067	746.83470835885	0.00000000000	0.94112106215
3586.60236163427	746.90182849575	0.00000000000	0.94165294573
3588.44670943148	746.96924787676	0.00000000000	0.94218249626
3590.62782129233	747.04969991030	0.00000000000	0.94280911441
3592.46040261450	747.11774648325	0.00000000000	0.94333590077
3594.61168978800	747.19794025286	0.00000000000	0.94395462919
3596.70869508991	747.27621835350	0.00000000000	0.94455806641
3598.54687889248	747.34474508535	0.00000000000	0.94508726856
3600.46067712761	747.41583163723	0.00000000000	0.94563846571
3603.00108807519	747.50949645528	0.00000000000	0.94637046396
3604.97301435045	747.58142114168	0.00000000000	0.94693889491
3606.80161528910	747.64732953123	0.00000000000	0.94746617867
3608.67886546361	747.71404103222	0.00000000000	0.94800764355
3610.82219030188	747.78882517689	0.00000000000	0.94862602365
3612.76978122887	747.85530723141	0.00000000000	0.94918807036
3614.60914833105	747.91663886516	0.00000000000	0.94971899037
3616.48384009540	747.97753180779	0.00000000000	0.95026019632
3618.35804727581	748.03661736366	0.00000000000	0.95080133760
3620.18236062298	748.09225596540	0.00000000000	0.95132813051
3622.08870128272	748.14825836935	0.00000000000	0.95187865484
3623.91228260665	748.19963092059	0.00000000000	0.95240530770
3625.74127735307	748.24884539244	0.00000000000	0.95293353714
3627.66562510522	748.29796382508	0.00000000000	0.95348930382
3629.57103374918	748.34374210499	0.00000000000	0.95403958299
3631.51531173986	748.38734914785	0.00000000000	0.95460105241
3633.33336869116	748.42513111764	0.00000000000	0.95512602437
3635.39444560577	748.46427623960	0.00000000000	0.95572109588
3637.81515610108	748.50497418787	0.00000000000	0.95641987385
3639.70342553286	748.53255535014	0.00000000000	0.95696483885
3641.98288894603	748.56073813709	0.00000000000	0.95762254583
3644.17887344015	748.58235226559	0.00000000000	0.95825597763
3646.12458746045	748.59675937304	0.00000000000	0.95881704426
3648.26693938951	748.60725121520	0.00000000000	0.95943460242
3650.54902235920	748.61198425454	0.00000000000	0.96009217164
3652.43980027318	748.61067786073	0.00000000000	0.96063675998
3654.53110434760	748.60351412074	0.00000000000	0.96123884340
3656.35734430297	748.59221019032	0.00000000000	0.96176437868
3658.17935146918	748.57639727161	0.00000000000	0.96228850677
3660.19676435266	748.55400910832	0.00000000000	0.96286869546
3662.04753803065	748.52933716529	0.00000000000	0.96340088578
3663.87074188644	748.50151618125	0.00000000000	0.96392513930
3665.71078012921	748.47023969712	0.00000000000	0.96445428342
3667.53178179330	748.43645645915	0.00000000000	0.96497806075
3669.45904383933	748.39800207254	0.00000000000	0.96553258289
3671.29658281608	748.35910329076	0.00000000000	0.96606152459
3673.14299655998	748.31816587740	0.00000000000	0.96659331348
3675.31086649045	748.26819620012	0.00000000000	0.96721814215
3677.29680567581	748.22106480229	0.00000000000	0.96779104774
3679.16392337117	748.17596722436	0.00000000000	0.96833019448
3681.08100985104	748.12925434935	0.00000000000	0.96888436279
3683.03734534209	748.08156038316	0.00000000000	0.96945056869
3684.88304706220	748.03691408062	0.00000000000	0.96998546364
3686.77303669343	747.99192618721	0.00000000000	0.97053397570
3688.76628750343	747.94570044037	0.00000000000	0.97111339104
3690.56680678163	747.90539291770	0.00000000000	0.97163767520
3692.36967578031	747.86676284958	0.00000000000	0.97216355892
3694.22843621092	747.82911278339	0.00000000000	0.97270677276
3696.49846232556	747.78668514939	0.00000000000	0.97337169501
3698.30665219943	747.75612823409	0.00000000000	0.97390261669
3700.34847390538	747.72557202357	0.00000000000	0.97450359317
3702.12945904418	747.70274248407	0.00000000000	0.97502913390
3704.26599017048	747.68059067542	0.00000000000	0.97566133638
3706.58837543566	747.66369862099	0.00000000000	0.97635082876
3709.01247688191	747.65494440049	0.00000000000	0.97707324130
3710.78640478611	747.65484641766	0.00000000000	0.97760376390
3712.89253944756	747.66226657222	0.00000000000	0.97823580914
3715.28942864926	747.68149810004	0.00000000000	0.97895813774
3717.59356371212	747.71174729759	0.00000000000	0.97965573584
3719.51979323853	747.74659346000	0.00000000000	0.98024148220
3721.33096472122	747.78784893459	0.00000000000	0.98079447673
3723.21832306758	747.83974811037	0.00000000000	0.98137302146
3724.96618829623	747.89550981117	0.00000000000	0.98191070151
3726.84070247048	747.96302223126	0.00000000000	0.98248913997
3729.01393928639	748.05054436511	0.00000000000	0.98316176877
3731.23456236762	748.14931231340	0.00000000000	0.98385089861
3733.24018539006	748.24577883015	0.00000000000	0.98447454147
3735.34717579149	748.35365548153	0.00000000000	0.98513059502
3737.32279516824	748.46007299581	0.00000000000	0.98574623600
3739.02186430766	748.55506065842	0.00000000000	0.98627583030
3740.85479610908	748.66051581168	0.00000000000	0.98684703862
3742.88245703589	748.78003110344	0.00000000000	0.98747849701
3744.56728077861	748.88102088666	0.00000000000	0.98800260272
3746.36422703121	748.98981816460	0.00000000000	0.98856076688
3748.08278966151	749.09437914704	0.00000000000	0.98909358155
3749.83322600336	749.20084720632	0.00000000000	0.98963506097
3751.62266735775	749.30909493205	0.00000000000	0.99018712268
3753.45731843884	749.41886605223	0.00000000000	0.99075135185
3755.29841089187	749.52719315949	0.00000000000	0.99131552662
3757.31441764606	749.64301565713	0.00000000000	0.99193070522
3759.09599299839	749.74235713824	0.00000000000	0.99247187667
3761.64710137373	749.87866235110	0.00000000000	0.99324239419
3763.46670270011	749.97092277328	0.00000000000	0.99378855833
3765.21074810279	750.05497087991	0.00000000000	0.99430919808
3767.00362590803	750.13647460102	0.00000000000	0.99484136397
3768.80728559900	750.21304497163	0.00000000000	0.99537346768
3770.82698699541	750.29184319282	0.00000000000	0.99596525950
3772.74323845823	750.35936742485	0.00000000000	0.99652263676
3775.04340324931	750.43052220008	0.00000000000	0.99718621682
3776.86533501050	750.47881043041	0.00000000000	0.99770747008
3778.76951288755	750.52129912658	0.00000000000	0.99824802720
3781.06935980457	750.56130701832	0.00000000000	0.99889501878
3783.14027693547	750.58636121403	0.00000000000	0.99947198765
3785.05273100123	750.59997558594	0.00000000000	1.00000000000
