-161.05240075734	719.29998779297	0.00000000000
-157.38593171811	718.67466210061	0.00000000000
-151.63269294241	719.30957547967	0.00000000000
-140.73762998698	718.77865871941	0.00000000000
-112.47990621554	718.89793044761	0.00000000000
-66.14635819065	719.23857656863	0.00000000000
-21.89049991251	718.81952234398	0.00000000000
16.93487141563	721.20829396623	0.00000000000
38.01462850660	717.36461384643	0.00000000000
59.38302816986	720.03254136955	0.00000000000
66.17085294242	718.29975502002	0.00000000000
75.36831703668	722.74518659320	0.00000000000
79.82356236233	751.58896970406	0.00000000000
101.73706659345	745.83251119147	0.00000000000
192.84660555758	744.78066265321	0.00000000000
299.40252569453	741.07367566478	0.00000000000
396.14357238015	745.35296331271	0.00000000000
421.15841361502	749.69395873781	0.00000000000
439.34707662559	746.99297788518	0.00000000000
449.49964286814	776.38803866175	0.00000000000
465.60772526203	782.94052533853	0.00000000000
471.43498110156	757.80151342039	0.00000000000
479.43387137246	757.70556121786	0.00000000000
483.34679824885	754.78903031772	0.00000000000
489.78610895646	746.11301918542	0.00000000000
500.40041394181	751.72152541008	0.00000000000
511.29032980902	745.13062733954	0.00000000000
524.34064009445	753.42501913975	0.00000000000
539.93062938845	752.61671013196	0.00000000000
556.90946986941	768.69542905877	0.00000000000
594.06620582386	764.45764380238	0.00000000000
621.65061362339	750.44125486104	0.00000000000
721.88018403683	750.77094096174	0.00000000000
831.50274894743	752.52600867232	0.00000000000
965.89047866908	756.24219790442	0.00000000000
1029.24830247021	758.04405648906	0.00000000000
1088.67895541730	757.73179304571	0.00000000000
1128.93226262580	762.48389449240	0.00000000000
1279.09802595327	761.67108623098	0.00000000000
1435.37192281373	764.50629287761	0.00000000000
1603.25404554043	768.93747919690	0.00000000000
1673.78732197056	765.44404561683	0.00000000000
2065.11925907275	769.17209962008	0.00000000000
2665.73718576472	768.35226688976	0.00000000000
3233.42419588473	764.05699961163	0.00000000000
3490.98902768679	762.49384327219	0.00000000000
3500.35315764633	760.50992917282	0.00000000000
3524.50110630922	763.06693088734	0.00000000000
3553.74912683247	761.38566280037	0.00000000000
3642.40642790289	767.42600403168	0.00000000000
3723.10113036878	758.84604418452	0.00000000000
3785.05273100123	766.20001220703	0.00000000000
