1	2.54277e-05	2.54277e-05	1.00000e-06	0.00000e+00	0.00000e+00
2	2.32362e-05	2.32362e-05	1.00000e-06	0.00000e+00	0.00000e+00
4	2.29485e-05	2.29485e-05	1.00000e-06	0.00000e+00	0.00000e+00
5	2.19234e-05	2.19234e-05	1.00000e-06	0.00000e+00	0.00000e+00
6	1.91369e-05	1.91369e-05	1.00000e-06	0.00000e+00	0.00000e+00
7	1.68981e-05	1.68981e-05	1.00000e-06	0.00000e+00	0.00000e+00
9	1.68555e-05	1.68555e-05	1.00000e-06	0.00000e+00	0.00000e+00
10	1.54502e-05	1.54502e-05	1.00000e-06	0.00000e+00	0.00000e+00
11	1.30909e-05	1.30909e-05	1.00000e-06	0.00000e+00	0.00000e+00
13	1.30182e-05	1.30182e-05	1.00000e-06	0.00000e+00	0.00000e+00
14	1.10943e-05	1.10943e-05	1.00000e-06	0.00000e+00	0.00000e+00
16	1.05037e-05	1.05037e-05	1.00000e-06	0.00000e+00	0.00000e+00
18	1.04661e-05	1.04661e-05	1.00000e-06	0.00000e+00	0.00000e+00
20	1.03063e-05	1.03063e-05	1.00000e-06	0.00000e+00	0.00000e+00
22	9.88730e-06	9.88730e-06	1.00000e-06	0.00000e+00	0.00000e+00
24	8.97108e-06	8.97108e-06	1.00000e-06	0.00000e+00	0.00000e+00
26	8.96763e-06	8.96763e-06	1.00000e-06	0.00000e+00	0.00000e+00
28	8.85666e-06	8.85666e-06	1.00000e-06	0.00000e+00	0.00000e+00
30	8.82504e-06	8.82504e-06	1.00000e-06	0.00000e+00	0.00000e+00
32	8.70032e-06	8.70032e-06	1.00000e-06	0.00000e+00	0.00000e+00
34	8.69694e-06	8.69694e-06	1.00000e-06	0.00000e+00	0.00000e+00
36	8.69694e-06	8.69694e-06	1.00000e-06	0.00000e+00	0.00000e+00
38	8.69477e-06	8.69477e-06	1.00000e-06	0.00000e+00	0.00000e+00
40	8.69466e-06	8.69466e-06	1.00000e-06	0.00000e+00	0.00000e+00
42	8.57345e-06	8.57345e-06	1.00000e-06	0.00000e+00	0.00000e+00
44	8.49867e-06	8.49867e-06	1.00000e-06	0.00000e+00	0.00000e+00
46	8.40302e-06	8.40302e-06	1.00000e-06	0.00000e+00	0.00000e+00
48	8.39593e-06	8.39593e-06	1.00000e-06	0.00000e+00	0.00000e+00
50	8.24733e-06	8.24733e-06	1.00000e-06	0.00000e+00	0.00000e+00
53	8.20812e-06	8.20812e-06	1.00000e-06	0.00000e+00	0.00000e+00
56	8.19393e-06	8.19393e-06	1.00000e-06	0.00000e+00	0.00000e+00
59	8.17243e-06	8.17243e-06	1.00000e-06	0.00000e+00	0.00000e+00
62	8.15412e-06	8.15412e-06	1.00000e-06	0.00000e+00	0.00000e+00
64	8.10315e-06	8.10315e-06	1.00000e-06	0.00000e+00	0.00000e+00
66	7.96216e-06	7.96216e-06	1.00000e-06	0.00000e+00	0.00000e+00
69	7.91870e-06	7.91870e-06	1.00000e-06	0.00000e+00	0.00000e+00
72	7.91490e-06	7.91490e-06	1.00000e-06	0.00000e+00	0.00000e+00
75	7.89295e-06	7.89295e-06	1.00000e-06	0.00000e+00	0.00000e+00
78	7.85638e-06	7.85638e-06	1.00000e-06	0.00000e+00	0.00000e+00
81	7.83930e-06	7.83930e-06	1.00000e-06	0.00000e+00	0.00000e+00
84	7.83477e-06	7.83477e-06	1.00000e-06	0.00000e+00	0.00000e+00
86	7.78480e-06	7.78480e-06	1.00000e-06	0.00000e+00	0.00000e+00
88	7.78162e-06	7.78162e-06	1.00000e-06	0.00000e+00	0.00000e+00
90	7.51265e-06	7.51265e-06	1.00000e-06	0.00000e+00	0.00000e+00
93	7.50083e-06	7.50083e-06	1.00000e-06	0.00000e+00	0.00000e+00
96	7.48185e-06	7.48185e-06	1.00000e-06	0.00000e+00	0.00000e+00
99	7.47224e-06	7.47224e-06	1.00000e-06	0.00000e+00	0.00000e+00
