-161.05240075734	719.29998779297	0.00000000000	0.00000000000
-157.92831873183	718.98412509283	0.00000000000	0.00065222280
-154.77188608374	718.97530977444	0.00000000000	0.00131215889
-151.66011090586	719.07915696844	0.00000000000	0.00196400049
-148.50652697836	719.10708920708	0.00000000000	0.00262611867
-145.38647504632	719.01689159193	0.00000000000	0.00328186242
-142.28080507094	718.91516968116	0.00000000000	0.00393338137
-139.16597494572	718.85297028655	0.00000000000	0.00458495908
-136.04304648913	718.82368530801	0.00000000000	0.00523692769
-132.88206715688	718.81825543159	0.00000000000	0.00589613812
-129.72120434215	718.82771685035	0.00000000000	0.00655524497
-126.60180981719	718.84262393099	0.00000000000	0.00720622656
-123.48351017725	718.85839917924	0.00000000000	0.00785776673
-120.36522969363	718.87469372968	0.00000000000	0.00851003049
-117.25772628363	718.89128032945	0.00000000000	0.00916068991
-114.14632742804	718.90806671717	0.00000000000	0.00981274043
-111.02523784651	718.92491397110	0.00000000000	0.01046732465
-107.89811795410	718.94162910923	0.00000000000	0.01112360193
-104.78879166250	718.95791317985	0.00000000000	0.01177649334
-101.69393073456	718.97361807501	0.00000000000	0.01242661623
-98.57219483554	718.98877787179	0.00000000000	0.01308257918
-95.40300218331	719.00328950699	0.00000000000	0.01374863395
-92.31132965472	719.01642011232	0.00000000000	0.01439843516
-89.21918573856	719.02836915488	0.00000000000	0.01504829680
-86.12064002027	719.03898699919	0.00000000000	0.01569938878
-83.02566540171	719.04806988039	0.00000000000	0.01634953922
-79.92594757320	719.05547418653	0.00000000000	0.01700041843
-76.81954624275	719.06102843831	0.00000000000	0.01765235618
-73.72439242362	719.06454005674	0.00000000000	0.01830151463
-70.62659369398	719.06587030895	0.00000000000	0.01895073433
-67.51460599656	719.06484388249	0.00000000000	0.01960235567
-64.39291797766	719.06129925874	0.00000000000	0.02025536295
-61.28810516537	719.05573855084	0.00000000000	0.02090426166
-58.16992862826	719.04917233325	0.00000000000	0.02155556598
-55.06338698377	719.04272944442	0.00000000000	0.02220425093
-51.95739152698	719.03745939898	0.00000000000	0.02285282905
-48.84643934680	719.03443158345	0.00000000000	0.02350264569
-45.72515464135	719.03474634001	0.00000000000	0.02415502359
-42.59857741654	719.03953249945	0.00000000000	0.02480911322
-39.50177670226	719.04978312322	0.00000000000	0.02545777059
-36.41262902985	719.06657251215	0.00000000000	0.02610581503
-33.32723910038	719.09099601226	0.00000000000	0.02675425946
-30.23939710656	719.12422957753	0.00000000000	0.02740461308
-27.14393162008	719.16753449691	0.00000000000	0.02805818210
-24.06616015643	719.22169025044	0.00000000000	0.02870982674
-21.01495070427	719.28749422278	0.00000000000	0.02935784555
-17.97063328902	719.36638453239	0.00000000000	0.03000660181
-14.92561093434	719.45976608764	0.00000000000	0.03065793255
-11.90587701855	719.56794073925	0.00000000000	0.03130647762
-8.81598901621	719.69604858199	0.00000000000	0.03197304053
-5.82492752543	719.83821259712	0.00000000000	0.03262137326
-2.40327386938	720.02302356313	0.00000000000	0.03336697472
0.57592535054	720.17737095477	0.00000000000	0.03401778273
3.74881490638	720.28234700908	0.00000000000	0.03470868250
6.78345869300	720.30686597501	0.00000000000	0.03536570208
9.84600039912	720.26771155150	0.00000000000	0.03602536116
12.96828364289	720.17422607895	0.00000000000	0.03669479672
16.00079121287	720.04331056895	0.00000000000	0.03734238915
19.03588117712	719.88381269168	0.00000000000	0.03798834540
22.09905372444	719.70487142867	0.00000000000	0.03863842257
25.15209558734	719.51927105014	0.00000000000	0.03928484843
28.23558727275	719.33521601396	0.00000000000	0.03993655244
31.30662103798	719.16593051986	0.00000000000	0.04058480173
34.37380670540	719.02138545271	0.00000000000	0.04123176111
37.46268780224	718.91126503369	0.00000000000	0.04188315625
40.57197782288	718.84726647447	0.00000000000	0.04253906022
43.62832894736	718.84095336674	0.00000000000	0.04318433733
46.71818211518	718.90265314381	0.00000000000	0.04383757818
49.77565066381	719.04218963872	0.00000000000	0.04448519879
52.81965118068	719.26991065009	0.00000000000	0.04513152534
55.85601870909	719.58174023272	0.00000000000	0.04577774649
58.91569383764	719.65739430307	0.00000000000	0.04642232133
62.01120981547	719.39416043293	0.00000000000	0.04706747650
65.06965864608	719.22895392392	0.00000000000	0.04771338099
68.00895216187	719.62511763979	0.00000000000	0.04835918018
71.26964502347	721.52899039058	0.00000000000	0.04914044221
74.41366283627	726.65744136156	0.00000000000	0.05004504268
77.15619454234	734.86965511785	0.00000000000	0.05101339046
80.14768740387	743.81641770188	0.00000000000	0.05209120086
83.37077982615	748.44864649085	0.00000000000	0.05304687739
86.12797675963	749.41746102457	0.00000000000	0.05373543124
89.32937297238	749.16474386022	0.00000000000	0.05447296132
92.97018532813	748.41615699995	0.00000000000	0.05528605607
95.90961811570	747.88071347608	0.00000000000	0.05594014357
99.10099512985	747.38195431953	0.00000000000	0.05664887188
102.02136764880	746.99431152320	0.00000000000	0.05729624460
104.92643751635	746.66780529994	0.00000000000	0.05793923031
108.03906252643	746.37681508177	0.00000000000	0.05862717939
110.97876235764	746.15171729542	0.00000000000	0.05927610039
113.89392721299	745.97035281165	0.00000000000	0.05991894206
116.81347767816	745.82484200986	0.00000000000	0.06056219701
119.76931190873	745.70864009476	0.00000000000	0.06121299127
122.69542582358	745.61882032930	0.00000000000	0.06185689909
125.63458882502	745.54824250467	0.00000000000	0.06250344294
128.69817147811	745.48959873211	0.00000000000	0.06317722091
132.39219553797	745.43027586918	0.00000000000	0.06398964005
135.33852162081	745.38505889444	0.00000000000	0.06463774113
138.26812269589	745.33874560531	0.00000000000	0.06528233028
141.30928464166	745.28920692401	0.00000000000	0.06595163918
144.22387212934	745.24041863591	0.00000000000	0.06659325190
147.17531153759	745.18979159105	0.00000000000	0.06724313241
150.49058623102	745.13156403747	0.00000000000	0.06797330625
153.50949317455	745.07738994731	0.00000000000	0.06863836635
156.44751687801	745.02370429252	0.00000000000	0.06928574897
159.39442594893	744.96898890268	0.00000000000	0.06993522404
162.30221461161	744.91423274569	0.00000000000	0.07057620442
165.28518534488	744.85735668203	0.00000000000	0.07123388369
168.19803628711	744.80121482309	0.00000000000	0.07187622128
171.30897704657	744.74069279109	0.00000000000	0.07256236467
174.75503231210	744.67309458207	0.00000000000	0.07332256187
177.72003629070	744.61456711350	0.00000000000	0.07397675254
180.68414435423	744.55581287889	0.00000000000	0.07463084452
183.67674863767	744.49633626607	0.00000000000	0.07529131983
186.74107711303	744.43536543161	0.00000000000	0.07596771820
189.66848929901	744.37714361083	0.00000000000	0.07661397752
192.57005868844	744.31954540590	0.00000000000	0.07725460661
195.48030447367	744.26196892092	0.00000000000	0.07789722122
198.38979037341	744.20468591126	0.00000000000	0.07853973300
201.45041640835	744.14482032475	0.00000000000	0.07921568618
204.57506580674	744.08421866652	0.00000000000	0.07990584161
207.90158811233	744.02039158259	0.00000000000	0.08064064797
210.81524962158	743.96516798218	0.00000000000	0.08128430321
214.03493989115	743.90499141412	0.00000000000	0.08199560786
217.05387970304	743.84947356869	0.00000000000	0.08266259888
219.97423930001	743.79669440433	0.00000000000	0.08330783856
222.91550224888	743.74454522892	0.00000000000	0.08395771989
225.99220461511	743.69117158395	0.00000000000	0.08463754621
228.99136743452	743.64039525022	0.00000000000	0.08530025277
231.88840791017	743.59260920701	0.00000000000	0.08594040126
234.79759012711	743.54595512621	0.00000000000	0.08658323482
237.72496077702	743.50044210558	0.00000000000	0.08723008450
240.91573865837	743.45257133052	0.00000000000	0.08793512892
243.85378743036	743.41018789539	0.00000000000	0.08858431536
246.80431925097	743.36935038502	0.00000000000	0.08923624101
250.09852735140	743.32590726746	0.00000000000	0.08996407364
253.09472652754	743.28846408537	0.00000000000	0.09062603080
256.14721958871	743.25244313675	0.00000000000	0.09130038745
259.03361710927	743.22044269172	0.00000000000	0.09193801012
262.01243325844	743.18960603407	0.00000000000	0.09259600241
264.97557911494	743.16122496457	0.00000000000	0.09325048143
267.91142066675	743.13544814652	0.00000000000	0.09389887345
270.80409598516	743.11241472786	0.00000000000	0.09453767230
274.01857541518	743.08967200888	0.00000000000	0.09524746063
276.92367106522	743.07179214804	0.00000000000	0.09588886017
279.83729516317	743.05649580155	0.00000000000	0.09653206705
282.84987951618	743.04354424641	0.00000000000	0.09719703533
285.78506472318	743.03381295488	0.00000000000	0.09784483102
288.85758711820	743.02677247120	0.00000000000	0.09852283814
291.76234486682	743.02316200574	0.00000000000	0.09916372675
294.77506251195	743.02263374623	0.00000000000	0.09982832876
298.09729794877	743.02595627986	0.00000000000	0.10056107811
301.04565894068	743.03243039930	0.00000000000	0.10121124442
303.94345415270	743.04210983495	0.00000000000	0.10185014344
306.85721415480	743.05523927982	0.00000000000	0.10249244082
309.75519182859	743.07175669150	0.00000000000	0.10313113349
312.69103679427	743.09208973869	0.00000000000	0.10377803899
315.62706298174	743.11613029226	0.00000000000	0.10442484572
318.57634024719	743.14409441135	0.00000000000	0.10507442695
321.60990016349	743.17693489358	0.00000000000	0.10574241489
324.50879006522	743.21226377536	0.00000000000	0.10638059512
327.41513072869	743.25163575040	0.00000000000	0.10702026019
330.30154709142	743.29473297215	0.00000000000	0.10765538126
333.22744835411	743.34256297203	0.00000000000	0.10829902418
336.22555874546	743.39598433212	0.00000000000	0.10895837292
339.12022047989	743.45187908030	0.00000000000	0.10959479447
342.29095050281	743.51806428380	0.00000000000	0.11029170774
345.32775166467	743.58640644196	0.00000000000	0.11095897776
348.34588206375	743.65921866478	0.00000000000	0.11162193993
351.24220937344	743.73375717225	0.00000000000	0.11225794943
354.13894784300	743.81297533487	0.00000000000	0.11289385597
357.03558819997	743.89746024500	0.00000000000	0.11352966026
359.92701626994	743.98815171996	0.00000000000	0.11416446396
362.89185289311	744.08893031775	0.00000000000	0.11481577302
365.77536851327	744.19567266194	0.00000000000	0.11544982925
368.68287872562	744.31320453272	0.00000000000	0.11609000862
371.55678225024	744.44033115709	0.00000000000	0.11672385806
374.45251242138	744.58065629019	0.00000000000	0.11736383645
377.56930931332	744.74685455430	0.00000000000	0.11805442806
381.05696145437	744.95341604202	0.00000000000	0.11882972721
384.44378355393	745.17697279852	0.00000000000	0.11958559143
387.27009336602	745.38250021064	0.00000000000	0.12021892379
390.17618788852	745.61336042749	0.00000000000	0.12087285737
392.98891254793	745.85711679054	0.00000000000	0.12150868491
395.85121743457	746.12722986669	0.00000000000	0.12215894420
398.94407160186	746.44600024795	0.00000000000	0.12286558895
402.17385659725	746.81102826828	0.00000000000	0.12360839697
404.91268775545	747.14824587370	0.00000000000	0.12424255806
407.91787746758	747.54965284796	0.00000000000	0.12494329898
410.64647463483	747.94455028301	0.00000000000	0.12558435680
413.34532587038	748.36343453585	0.00000000000	0.12622303278
416.02503990420	748.75762552666	0.00000000000	0.12685587766
418.78428785846	749.04224861076	0.00000000000	0.12749435219
421.65836419148	749.12587223200	0.00000000000	0.12813501395
425.01476498515	749.08251485063	0.00000000000	0.12885874496
428.15703960864	749.20742583829	0.00000000000	0.12953272921
431.13093039268	749.76180951699	0.00000000000	0.13018534998
434.30645456704	751.21989799626	0.00000000000	0.13092118963
437.28860002315	753.64631658054	0.00000000000	0.13166323402
439.69056254708	756.30906114782	0.00000000000	0.13229616649
442.49647813849	760.08423448340	0.00000000000	0.13307028729
445.57555700499	764.75162225672	0.00000000000	0.13395055332
448.38229860469	769.09524261678	0.00000000000	0.13476425907
451.70372605930	773.78652458764	0.00000000000	0.13571610298
455.04128426721	777.47756707879	0.00000000000	0.13663563598
457.53027100051	779.33673488222	0.00000000000	0.13728741727
460.13420066768	780.16146675927	0.00000000000	0.13795574419
463.54076923852	778.39390844468	0.00000000000	0.13887517770
465.90713381443	774.91960439230	0.00000000000	0.13956338346
469.21326766717	768.33646789611	0.00000000000	0.14055306229
472.31559243341	762.48053319143	0.00000000000	0.14145277293
474.94103372216	759.15297694018	0.00000000000	0.14215749609
477.93227417846	757.72804935852	0.00000000000	0.14288614167
480.96406020797	756.50026101686	0.00000000000	0.14360251886
483.66936268771	754.00494641926	0.00000000000	0.14425726697
486.83294708285	750.73195723509	0.00000000000	0.14501749176
489.76508607657	748.90984932243	0.00000000000	0.14569977118
492.57476559636	748.53027413482	0.00000000000	0.14633377716
495.41724674597	748.87372576506	0.00000000000	0.14696768287
498.22988822343	749.37132590747	0.00000000000	0.14759857729
501.31651561619	749.44619425952	0.00000000000	0.14830850143
504.35926015545	748.85758628715	0.00000000000	0.14903039194
507.34798347408	748.05931572686	0.00000000000	0.14975221473
510.14114782417	747.55638011694	0.00000000000	0.15042879258
513.03035816224	747.70168513536	0.00000000000	0.15112121004
515.89396194263	748.52990737930	0.00000000000	0.15179762363
518.57940911710	749.63788818215	0.00000000000	0.15242633187
521.41764739044	750.86534942046	0.00000000000	0.15308829924
524.83854510232	752.02423367254	0.00000000000	0.15388740195
527.65693886923	752.63105150510	0.00000000000	0.15454919718
530.35404035405	753.05729376758	0.00000000000	0.15518621667
533.51781768376	753.55439667189	0.00000000000	0.15593901761
536.47086488303	754.21170243660	0.00000000000	0.15664808874
539.52074326758	755.29743801663	0.00000000000	0.15738793140
542.11542685484	756.58060151173	0.00000000000	0.15802222941
544.68340873892	758.07729065028	0.00000000000	0.15865150119
547.78950125902	760.04004445124	0.00000000000	0.15941050517
550.40542204669	761.69512318318	0.00000000000	0.16004450533
553.71978769627	763.62155288145	0.00000000000	0.16083643363
556.43460861136	764.93351893184	0.00000000000	0.16147257302
559.50250888954	766.01215530652	0.00000000000	0.16217518581
562.36628129578	766.62642662887	0.00000000000	0.16281677645
565.24866102880	766.92855360225	0.00000000000	0.16345262145
568.16013572164	766.96964941838	0.00000000000	0.16408836890
571.04837525956	766.79736157044	0.00000000000	0.16471580208
573.93692964574	766.45624403757	0.00000000000	0.16534313389
576.86166782527	765.97971925431	0.00000000000	0.16598126367
579.90055202136	765.38674936167	0.00000000000	0.16665088020
583.09905456981	764.68199933097	0.00000000000	0.16736483631
585.87838056692	764.00904154454	0.00000000000	0.16799269401
588.63380746459	763.29207786939	0.00000000000	0.16862174906
591.36167967714	762.53937328435	0.00000000000	0.16925070305
594.47958331692	761.63494796813	0.00000000000	0.16997672118
597.17092804015	760.82395339446	0.00000000000	0.17060914547
600.39711707350	759.82522003329	0.00000000000	0.17137368876
603.06586285769	758.98583514769	0.00000000000	0.17201095183
605.96075954029	758.07134757301	0.00000000000	0.17270660499
608.57659815304	757.24975239026	0.00000000000	0.17333863612
611.17233913958	756.44686647183	0.00000000000	0.17396855340
613.91752558351	755.61983474091	0.00000000000	0.17463717046
616.91322800826	754.75399055123	0.00000000000	0.17536896990
619.60568810106	754.01817191913	0.00000000000	0.17602798455
622.16848088491	753.36339004621	0.00000000000	0.17665583875
624.71923587091	752.76337059188	0.00000000000	0.17728078568
627.81337596566	752.11508144825	0.00000000000	0.17803819198
630.52821958777	751.62727876876	0.00000000000	0.17870147990
633.74621400468	751.15859499040	0.00000000000	0.17948530652
636.61087825284	750.85090443080	0.00000000000	0.18018015416
639.69438929312	750.64364720437	0.00000000000	0.18092427873
643.65356246201	750.53617639981	0.00000000000	0.18187418818
646.93425073691	750.52624231351	0.00000000000	0.18265781043
649.62906628337	750.53611561221	0.00000000000	0.18329989175
652.41529624464	750.54773926061	0.00000000000	0.18396258911
655.04933701119	750.55952121194	0.00000000000	0.18458803527
657.75665412110	750.57242735331	0.00000000000	0.18522983862
660.59749895605	750.58683062576	0.00000000000	0.18590218741
663.69060544236	750.60350606188	0.00000000000	0.18663298063
666.81603614859	750.62139773063	0.00000000000	0.18737011346
669.54009174322	750.63783829603	0.00000000000	0.18801154660
672.29983096668	750.65529143733	0.00000000000	0.18866042435
675.38467122445	750.67574242102	0.00000000000	0.18938462955
678.04206218897	750.69415025886	0.00000000000	0.19000756988
680.70254998796	750.71330679850	0.00000000000	0.19063040949
683.55394505956	750.73463968760	0.00000000000	0.19129704740
686.34908152030	750.75635068595	0.00000000000	0.19194965822
689.04776371488	750.77805742353	0.00000000000	0.19257895006
692.15589503019	750.80395749011	0.00000000000	0.19330277468
695.26797078483	750.83084817231	0.00000000000	0.19402653534
698.04121001360	750.85561236118	0.00000000000	0.19467069164
700.78702867295	750.88087030903	0.00000000000	0.19530775602
703.47837061806	750.90633552348	0.00000000000	0.19593150375
706.54976601649	750.93624766855	0.00000000000	0.19664253911
709.52193121607	750.96605093558	0.00000000000	0.19732982304
712.22081717975	750.99383957721	0.00000000000	0.19795327188
714.92757697230	751.02239854345	0.00000000000	0.19857794599
718.01042962548	751.05576104543	0.00000000000	0.19928871643
720.94510131466	751.08834112735	0.00000000000	0.19996465555
723.67462403740	751.11935804619	0.00000000000	0.20059278033
726.42834177323	751.15134337230	0.00000000000	0.20122594352
729.14517694736	751.18357896580	0.00000000000	0.20185012428
731.88001507347	751.21670513085	0.00000000000	0.20247795658
734.59014145059	751.25019829863	0.00000000000	0.20309965485
737.35056931752	751.28499129613	0.00000000000	0.20373243944
740.19227100244	751.32151976112	0.00000000000	0.20438339760
742.95567588757	751.35772993132	0.00000000000	0.20501599484
745.69788272732	751.39432960699	0.00000000000	0.20564334390
748.41230630550	751.43120981417	0.00000000000	0.20626396696
751.12782500477	751.46875015536	0.00000000000	0.20688449009
753.89601864898	751.50767979066	0.00000000000	0.20751670767
756.62610655478	751.54672418910	0.00000000000	0.20813990203
759.36454943546	751.58653419165	0.00000000000	0.20876470197
762.12346164517	751.62729319337	0.00000000000	0.20939388483
764.92358916910	751.66932670192	0.00000000000	0.21003219083
767.65679542912	751.71099953196	0.00000000000	0.21065499144
770.53010273935	751.75549137842	0.00000000000	0.21130946893
773.34838928109	751.79980840935	0.00000000000	0.21195118708
776.35998559091	751.84790326382	0.00000000000	0.21263669501
779.17925731846	751.89361494947	0.00000000000	0.21327823363
781.99887492256	751.93999526291	0.00000000000	0.21391968487
784.75117458295	751.98590537066	0.00000000000	0.21454567953
787.81595006049	752.03776567831	0.00000000000	0.21524260161
790.69199248184	752.08713697798	0.00000000000	0.21589648970
793.43532865777	752.13486369198	0.00000000000	0.21652011974
796.19835267839	752.18355608114	0.00000000000	0.21714815796
799.26345380132	752.23830123669	0.00000000000	0.21784480094
802.25193667967	752.29241412410	0.00000000000	0.21852399387
805.29054548198	752.34817752499	0.00000000000	0.21921456567
808.10942274135	752.40057624849	0.00000000000	0.21985520848
810.87062932296	752.45252432358	0.00000000000	0.22048277102
814.09989635316	752.51405626330	0.00000000000	0.22121677064
816.97303347104	752.56950559529	0.00000000000	0.22186989681
819.69443680737	752.62263572106	0.00000000000	0.22248861325
822.41923689359	752.67642454318	0.00000000000	0.22310819981
825.13541018456	752.73063175574	0.00000000000	0.22372593916
827.98524468665	752.78813702714	0.00000000000	0.22437421839
830.78132552694	752.84518394629	0.00000000000	0.22501042904
833.49760611808	752.90119569033	0.00000000000	0.22562865099
836.55350779557	752.96490795553	0.00000000000	0.22632439052
839.29408767471	753.02267302138	0.00000000000	0.22694855812
842.03326955440	753.08100006531	0.00000000000	0.22757263123
844.80759855916	753.14067740271	0.00000000000	0.22820495825
847.54372918103	753.20012557973	0.00000000000	0.22882883971
850.25124665875	753.25953060039	0.00000000000	0.22944646921
853.00701133190	753.32058453114	0.00000000000	0.23007540074
855.92750032009	753.38593729739	0.00000000000	0.23074227253
858.80153123762	753.45090223750	0.00000000000	0.23139890467
861.71796442494	753.51748606625	0.00000000000	0.23206562002
864.60956758474	753.58415937102	0.00000000000	0.23272707404
867.31549784202	753.64714315719	0.00000000000	0.23334644886
870.02683826304	753.71082638195	0.00000000000	0.23396746192
872.71473173295	753.77452539339	0.00000000000	0.23458351748
875.51615729685	753.84151512480	0.00000000000	0.23522605082
878.44215490358	753.91213773778	0.00000000000	0.23589767515
881.12351410684	753.97744251020	0.00000000000	0.23651363126
884.02075419112	754.04863600497	0.00000000000	0.23717972214
887.03883926949	754.12349613202	0.00000000000	0.23787421982
889.80914790619	754.19283645574	0.00000000000	0.23851228240
892.56041776934	754.26228339500	0.00000000000	0.23914650404
895.30909165306	754.33222545479	0.00000000000	0.23978063563
897.99474031060	754.40108563200	0.00000000000	0.24040068484
901.33750223908	754.48748569781	0.00000000000	0.24117302803
904.21598962288	754.56247369741	0.00000000000	0.24183857419
906.87378826229	754.63217373249	0.00000000000	0.24245344614
909.64523610304	754.70530470195	0.00000000000	0.24309493497
912.30305556255	754.77584947590	0.00000000000	0.24371040095
915.09004199229	754.85023464637	0.00000000000	0.24435603443
917.83957683490	754.92401197000	0.00000000000	0.24499321338
920.80610264357	755.00402301533	0.00000000000	0.24568088305
923.67415371403	755.08175880172	0.00000000000	0.24634588611
926.32599587087	755.15394564744	0.00000000000	0.24696086231
928.97370710280	755.22629810538	0.00000000000	0.24757494747
931.68768263039	755.30072901416	0.00000000000	0.24820443682
934.40125113531	755.37539853742	0.00000000000	0.24883383303
937.04853434601	755.44846432688	0.00000000000	0.24944782261
939.69567265219	755.52172356499	0.00000000000	0.25006171414
942.34280467588	755.59516015300	0.00000000000	0.25067550742
945.01044291015	755.66932499408	0.00000000000	0.25129392480
947.67837630562	755.74363769010	0.00000000000	0.25191224645
950.48013518821	755.82180596145	0.00000000000	0.25256137082
953.12871844718	755.89580026296	0.00000000000	0.25317477259
955.83068340743	755.97136277963	0.00000000000	0.25380027047
958.51035698765	756.04631595591	0.00000000000	0.25442034243
961.17377510252	756.12072714221	0.00000000000	0.25503642330
964.00006846450	756.19947987461	0.00000000000	0.25568996618
966.68111721747	756.27387859742	0.00000000000	0.25630975585
969.36231284116	756.34787724325	0.00000000000	0.25692945102
972.12965519439	756.42371996399	0.00000000000	0.25756895806
975.07409752272	756.50369499321	0.00000000000	0.25824932207
978.07007723333	756.58416772594	0.00000000000	0.25894156661
980.89639713501	756.65911989093	0.00000000000	0.25959462599
983.74404334645	756.73356574923	0.00000000000	0.26025266966
986.44608101161	756.80309704301	0.00000000000	0.26087715473
989.21034101615	756.87299956127	0.00000000000	0.26151614687
991.92415958842	756.94030611840	0.00000000000	0.26214363886
994.58282120162	757.00487021801	0.00000000000	0.26275856519
997.49584744494	757.07392650985	0.00000000000	0.26343257691
1000.31462644827	757.13894657650	0.00000000000	0.26408507368
1003.02249359189	757.19962221054	0.00000000000	0.26471220411
1005.90590057356	757.26218075472	0.00000000000	0.26538036077
1008.54990265622	757.31757347348	0.00000000000	0.26599341464
1011.33982798275	757.37385875687	0.00000000000	0.26664072832
1014.10741095206	757.42737692256	0.00000000000	0.26728332783
1016.81947468271	757.47746516416	0.00000000000	0.26791352780
1019.44962216948	757.52370206217	0.00000000000	0.26852519260
1022.07363182814	757.56742886171	0.00000000000	0.26913595436
1024.73630525160	757.60923694596	0.00000000000	0.26975628573
1027.57530129123	757.65084271053	0.00000000000	0.27041836841
1030.41081470501	757.68920124332	0.00000000000	0.27108037487
1033.24266893076	757.72418236934	0.00000000000	0.27174230515
1036.22089821611	757.75722829848	0.00000000000	0.27243933756
1039.24885749274	757.78672257283	0.00000000000	0.27314899505
1042.49941883379	757.81357844526	0.00000000000	0.27391199332
1045.26947213301	757.83237275114	0.00000000000	0.27456321008
1047.85998249671	757.84641013112	0.00000000000	0.27517309768
1050.84136693881	757.85817704065	0.00000000000	0.27587611035
1053.61905502541	757.86476188135	0.00000000000	0.27653219894
1056.20339307894	757.86702643634	0.00000000000	0.27714361501
1058.79705083986	757.86699709923	0.00000000000	0.27775813181
1061.37971836399	757.86761544380	0.00000000000	0.27837076074
1063.94700722898	757.87185441694	0.00000000000	0.27898027001
1066.70723429452	757.88384597942	0.00000000000	0.27963596684
1069.44485421641	757.90690182098	0.00000000000	0.28028646725
1072.02165858041	757.94198853096	0.00000000000	0.28089871605
1074.59307644367	757.99297256348	0.00000000000	0.28150946049
1077.21138668831	758.06421670466	0.00000000000	0.28213092926
1079.85999956381	758.15679082108	0.00000000000	0.28275909803
1082.77019811577	758.28028629370	0.00000000000	0.28344879602
1085.37004029674	758.40804027566	0.00000000000	0.28406454743
1088.02257896873	758.55354053123	0.00000000000	0.28469245248
1090.91080538497	758.72733729737	0.00000000000	0.28537583756
1093.67977061736	758.90697220799	0.00000000000	0.28603076286
1096.29299888215	759.08638462443	0.00000000000	0.28664869280
1098.86832256275	759.27093815221	0.00000000000	0.28725755956
1101.46137347204	759.46292060745	0.00000000000	0.28787056765
1104.18781183648	759.66968116796	0.00000000000	0.28851511077
1106.89381951281	759.87804736887	0.00000000000	0.28915488296
1109.61883601846	760.08919739908	0.00000000000	0.28979926738
1112.19524517940	760.28836783605	0.00000000000	0.29040867281
1114.77037253611	760.48537733502	0.00000000000	0.29101798356
1117.55672098417	760.69439184302	0.00000000000	0.29167756503
1120.20338033279	760.88714337297	0.00000000000	0.29230441801
1123.13568177273	761.09198538015	0.00000000000	0.29299937728
1126.34596670099	761.30302957233	0.00000000000	0.29376085121
1129.01919581717	761.46603947607	0.00000000000	0.29439551026
1131.60379283891	761.61081857330	0.00000000000	0.29500968094
1134.22226333604	761.74291669199	0.00000000000	0.29563251115
1136.86897235646	761.85982211457	0.00000000000	0.29626273658
1139.41463739546	761.95620792490	0.00000000000	0.29686954874
1142.07273377706	762.04116462741	0.00000000000	0.29750379032
1144.90315067568	762.11538208183	0.00000000000	0.29817979702
1147.57435130659	762.17138436611	0.00000000000	0.29881833363
1150.26290061146	762.21530332880	0.00000000000	0.29946150691
1152.99162545362	762.24845817010	0.00000000000	0.30011473607
1155.65637448192	762.27105109111	0.00000000000	0.30075302644
1158.97573154419	762.28764925332	0.00000000000	0.30154855184
1162.29331297502	762.29379555799	0.00000000000	0.30234403492
1164.97314976811	762.29286705552	0.00000000000	0.30298680707
1167.52824574603	762.28840303109	0.00000000000	0.30359977479
1170.39411269148	762.28070145794	0.00000000000	0.30428736826
1173.05239837242	762.27239078761	0.00000000000	0.30492516699
1175.61698585009	762.26454479226	0.00000000000	0.30554044082
1178.17070139093	762.25749621759	0.00000000000	0.30615303941
1180.73508950050	762.25120567801	0.00000000000	0.30676813280
1183.27169825878	762.24575528938	0.00000000000	0.30737650144
1186.27226650185	762.24029340502	0.00000000000	0.30809606876
1189.32901786009	762.23582047903	0.00000000000	0.30882903014
1191.86522898949	762.23293995983	0.00000000000	0.30943711686
1194.52286681271	762.23072496740	0.00000000000	0.31007426470
1197.04838638840	762.22937766532	0.00000000000	0.31067969145
1199.59166675369	762.22876269106	0.00000000000	0.31128933267
1202.28950827881	762.22891928863	0.00000000000	0.31193597899
1204.82468443986	762.22982104939	0.00000000000	0.31254359747
1207.50136815603	762.23156197089	0.00000000000	0.31318509441
1210.10511450021	762.23402834258	0.00000000000	0.31380907735
1212.64719911842	762.23716735050	0.00000000000	0.31441825400
1215.56513065262	762.24165543768	0.00000000000	0.31511746547
1218.30629587006	762.24672800415	0.00000000000	0.31577429180
1220.88006223649	762.25224127656	0.00000000000	0.31639098580
1223.40725155957	762.25835781528	0.00000000000	0.31699650275
1226.06242968309	762.26553014694	0.00000000000	0.31763267103
1228.58198542842	762.27303886504	0.00000000000	0.31823633354
1231.29925912108	762.28189918590	0.00000000000	0.31888735838
1233.81808050438	762.29081481153	0.00000000000	0.31949083103
1236.70763918472	762.30186982575	0.00000000000	0.32018312399
1239.49435919388	762.31336332838	0.00000000000	0.32085077919
1242.23308988031	762.32544962909	0.00000000000	0.32150694127
1245.14865760001	762.33917212357	0.00000000000	0.32220547980
1248.03705566921	762.35363124020	0.00000000000	0.32289752176
1250.84728585262	762.36851936207	0.00000000000	0.32357085152
1253.36574431437	762.38254473700	0.00000000000	0.32417428977
1256.20068167798	762.39910006246	0.00000000000	0.32485358091
1258.96066207739	762.41599356980	0.00000000000	0.32551493786
1261.59207230600	762.43280835072	0.00000000000	0.32614551409
1264.18865521998	762.45007398611	0.00000000000	0.32676777415
1266.80131721148	762.46811747951	0.00000000000	0.32739392028
1269.60870732693	762.48825113640	0.00000000000	0.32806677477
1272.44110871254	762.50934147167	0.00000000000	0.32874566969
1274.99392412012	762.52901454262	0.00000000000	0.32935759374
1277.95971400226	762.55265604162	0.00000000000	0.33006856489
1280.84316023877	762.57644547776	0.00000000000	0.33075985685
1283.36608216808	762.59790652334	0.00000000000	0.33136476716
1286.01172248254	762.62105490059	0.00000000000	0.33199915670
1288.52732380980	762.64367258854	0.00000000000	0.33260242023
1291.06557589840	762.66708996097	0.00000000000	0.33321117343
1293.57990823646	762.69087323903	0.00000000000	0.33381424995
1296.14037407270	762.71568909018	0.00000000000	0.33442845608
1298.71415333797	762.74123643291	0.00000000000	0.33504592412
1301.44217290661	762.76896984125	0.00000000000	0.33570047351
1303.98811458342	762.79545636563	0.00000000000	0.33631141138
1306.57520883192	762.82296456942	0.00000000000	0.33693230212
1309.17826381892	762.85124239011	0.00000000000	0.33755710542
1311.68069975214	762.87899076010	0.00000000000	0.33815783789
1314.26568470877	762.90823081016	0.00000000000	0.33877847276
1316.92368451204	762.93890344518	0.00000000000	0.33941673196
1319.46527729839	762.96880422439	0.00000000000	0.34002713080
1322.04803005186	762.99975768235	0.00000000000	0.34064751009
1324.94810470472	763.03519231943	0.00000000000	0.34134422862
1327.49987146513	763.06696033732	0.00000000000	0.34195737585
1330.00387486960	763.09866614162	0.00000000000	0.34255914645
1332.54149554601	763.13133205326	0.00000000000	0.34316910008
1335.04999103040	763.16414828489	0.00000000000	0.34377215880
1337.55152040621	763.19738991918	0.00000000000	0.34437365029
1340.05834040764	763.23121582452	0.00000000000	0.34497652439
1342.66928208424	763.26698995457	0.00000000000	0.34560455967
1345.21526490260	763.30240412882	0.00000000000	0.34621709125
1348.05473224418	763.34251351389	0.00000000000	0.34690037664
1350.58631689493	763.37881487254	0.00000000000	0.34750970585
1353.19371065705	763.41673251568	0.00000000000	0.34813741513
1355.90564853134	763.45673609653	0.00000000000	0.34879043972
1359.05000085425	763.50383449919	0.00000000000	0.34954778063
1361.53612007624	763.54161366379	0.00000000000	0.35014673099
1364.10495765587	763.58114711165	0.00000000000	0.35076575191
1367.24639133630	763.63017422214	0.00000000000	0.35152295405
1370.02651589045	763.67418298843	0.00000000000	0.35219325591
1372.66624165839	763.71650403931	0.00000000000	0.35282987458
1375.14987207718	763.75679448337	0.00000000000	0.35342900015
1377.66040312063	763.79798290356	0.00000000000	0.35403476782
1380.22308860628	763.84050205647	0.00000000000	0.35465328140
1382.99819362640	763.88708267318	0.00000000000	0.35532325083
1385.51661855704	763.92983444261	0.00000000000	0.35593142429
1387.99940331622	763.97242438888	0.00000000000	0.35653115426
1390.61171073661	764.01770758750	0.00000000000	0.35716234926
1393.08789185863	764.06107391979	0.00000000000	0.35776082453
1395.73943858297	764.10798554725	0.00000000000	0.35840187285
1398.31132613721	764.15395249459	0.00000000000	0.35902385186
1401.00568443621	764.20259507935	0.00000000000	0.35967565249
1403.79765438049	764.25352090395	0.00000000000	0.36035129030
1406.30709309590	764.29974200641	0.00000000000	0.36095875506
1408.78075959933	764.34571650585	0.00000000000	0.36155774649
1411.42538303131	764.39531736057	0.00000000000	0.36219834230
1414.13757230356	764.44666330657	0.00000000000	0.36285553079
1416.64224023563	764.49450664042	0.00000000000	0.36346264193
1419.50672840894	764.54972020624	0.00000000000	0.36415721817
1422.29019775681	764.60387560672	0.00000000000	0.36483240632
1425.02171166610	764.65749808671	0.00000000000	0.36549524213
1427.68084892768	764.71015030973	0.00000000000	0.36614075705
1430.13997706623	764.75923433733	0.00000000000	0.36673793493
1432.62583634062	764.80923149058	0.00000000000	0.36734181810
1435.48246690472	764.86715280726	0.00000000000	0.36803604118
1438.31069928901	764.92498557270	0.00000000000	0.36872365105
1440.76891739483	764.97564217450	0.00000000000	0.36932153813
1443.26049864236	765.02735299586	0.00000000000	0.36992776731
1446.16652124858	765.08812719362	0.00000000000	0.37063512809
1448.98914881548	765.14762879462	0.00000000000	0.37132249648
1451.61395246625	765.20337282856	0.00000000000	0.37196196607
1454.62822390322	765.26787347552	0.00000000000	0.37269665228
1457.10143835211	765.32117990392	0.00000000000	0.37329973247
1459.74395216875	765.37851341020	0.00000000000	0.37394436710
1462.89745704051	765.44743942661	0.00000000000	0.37471402919
1465.33817828220	765.50115992057	0.00000000000	0.37531000741
1468.09762832034	765.56228414239	0.00000000000	0.37598411378
1470.75692871688	765.62157599095	0.00000000000	0.37663406035
1473.34853533531	765.67971914918	0.00000000000	0.37726775475
1475.86455996789	765.73650354675	0.00000000000	0.37788324770
1478.41384448467	765.79437357242	0.00000000000	0.37850716152
1481.11507210841	765.85605671918	0.00000000000	0.37916857839
1483.57325096653	765.91251169202	0.00000000000	0.37977076921
1486.27136381948	765.97482617039	0.00000000000	0.38043205571
1488.91985041428	766.03634585195	0.00000000000	0.38108150680
1491.36381877816	766.09342021533	0.00000000000	0.38168109815
1494.18685206143	766.15970736886	0.00000000000	0.38237403982
1496.72507181176	766.21963285687	0.00000000000	0.38299739749
1499.28079920150	766.28027979751	0.00000000000	0.38362537075
1501.69720148450	766.33790162604	0.00000000000	0.38421940498
1504.19593158536	766.39777058442	0.00000000000	0.38483398295
1506.72776293782	766.45872360987	0.00000000000	0.38545702192
1509.16051609669	766.51756396454	0.00000000000	0.38605598581
1511.58381050276	766.57643795280	0.00000000000	0.38665292259
1514.04658460541	766.63653618961	0.00000000000	0.38725989629
1516.45604766121	766.69558895007	0.00000000000	0.38785403839
1518.89186190162	766.75554117430	0.00000000000	0.38845499062
1521.47424866845	766.81937588443	0.00000000000	0.38909245104
1523.87605476706	766.87899744397	0.00000000000	0.38968565874
1526.36002617160	766.94090512726	0.00000000000	0.39029949086
1528.76120686801	767.00088896699	0.00000000000	0.39089317572
1531.16528666959	767.06089500429	0.00000000000	0.39148786563
1533.60252046804	767.12148213713	0.00000000000	0.39209103154
1536.39726962700	767.19039572527	0.00000000000	0.39278299002
1538.80323340928	767.24902316358	0.00000000000	0.39337893544
1541.41829706459	767.31177599022	0.00000000000	0.39402690941
1544.29125363357	767.37926613256	0.00000000000	0.39473903916
1546.76422141208	767.43590038000	0.00000000000	0.39535221040
1550.14699840912	767.51078449646	0.00000000000	0.39619120958
1553.55693306860	767.58275041947	0.00000000000	0.39703717582
1556.12207245158	767.63422718026	0.00000000000	0.39767367710
1558.68661032534	767.68314957813	0.00000000000	0.39831010482
1561.39361016483	767.73177412498	0.00000000000	0.39898194215
1563.95723266390	767.77472421556	0.00000000000	0.39961822285
1566.38322548210	767.81237807779	0.00000000000	0.40022034693
1569.06398484179	767.85036330631	0.00000000000	0.40088568119
1571.64902020115	767.88315032804	0.00000000000	0.40152721099
1574.71476460878	767.91681579133	0.00000000000	0.40228794480
1577.18258910767	767.93954973496	0.00000000000	0.40290021052
1579.58753342682	767.95774737709	0.00000000000	0.40349676766
1582.10968843489	767.97242851633	0.00000000000	0.40412226317
1584.63218603819	767.98238970469	0.00000000000	0.40474768176
1587.10102986213	767.98735941202	0.00000000000	0.40535961912
1589.60526509687	767.98736239963	0.00000000000	0.40598012644
1592.21597558379	767.98173956140	0.00000000000	0.40662677597
1594.74076591067	767.97062133520	0.00000000000	0.40725188722
1597.14875233228	767.95462739460	0.00000000000	0.40784782387
1599.53872424266	767.93359087541	0.00000000000	0.40843905204
1601.99582582216	767.90687260078	0.00000000000	0.40904663878
1604.40567734814	767.87592983594	0.00000000000	0.40964230993
1606.80807529629	767.84068294607	0.00000000000	0.41023592252
1609.20468137692	767.80141002372	0.00000000000	0.41082790093
1611.73410157911	767.75579914266	0.00000000000	0.41145247853
1614.13778135037	767.70877246214	0.00000000000	0.41204582333
1616.61351082847	767.65686847744	0.00000000000	0.41265677854
1619.01151780238	767.60350874604	0.00000000000	0.41324839644
1621.86442949833	767.53643816771	0.00000000000	0.41395206007
1624.35809699278	767.47494531857	0.00000000000	0.41456696714
1626.74945655883	767.41374708780	0.00000000000	0.41515652787
1629.32308515333	767.34574645563	0.00000000000	0.41579090869
1632.01628105289	767.27255412150	0.00000000000	0.41645464844
1634.45035963982	767.20491649604	0.00000000000	0.41705444222
1636.96274189384	767.13391897577	0.00000000000	0.41767345859
1639.45675597459	767.06254119544	0.00000000000	0.41828788939
1641.84688062569	766.99356543084	0.00000000000	0.41887668191
1644.24041813550	766.92419084362	0.00000000000	0.41946628384
1646.68659157581	766.85324704561	0.00000000000	0.42006883126
1649.21758891816	766.78008629210	0.00000000000	0.42069226406
1651.61467522052	766.71129593477	0.00000000000	0.42128271613
1654.01766032973	766.64308779411	0.00000000000	0.42187463708
1656.50963503871	766.57342593668	0.00000000000	0.42248850788
1659.03900195008	766.50412957163	0.00000000000	0.42311163355
1661.54830804576	766.43708468746	0.00000000000	0.42372987402
1663.97830770965	766.37405469243	0.00000000000	0.42432864167
1666.36384972932	766.31425594966	0.00000000000	0.42491653028
1669.15925398184	766.24714870950	0.00000000000	0.42560553545
1672.00926643240	766.18243101907	0.00000000000	0.42630814174
1674.57668656651	766.12768891663	0.00000000000	0.42694121967
1676.98151551387	766.07976790588	0.00000000000	0.42753433789
1679.66714877551	766.03041750808	0.00000000000	0.42819687874
1683.17381446528	765.97318951922	0.00000000000	0.42906225718
1686.16097029137	765.93144689589	0.00000000000	0.42979971533
1688.54677269178	765.90310161927	0.00000000000	0.43038891810
1690.92410720313	765.87953908608	0.00000000000	0.43097622271
1693.60375813589	765.85857507284	0.00000000000	0.43163844990
1695.98142052941	765.84466784165	0.00000000000	0.43222625571
1698.73773965371	765.83372154269	0.00000000000	0.43290791816
1701.27216356099	765.82823596781	0.00000000000	0.43353493475
1703.69937026176	765.82680107155	0.00000000000	0.43413563177
1706.27555728705	765.82905683612	0.00000000000	0.43477341824
1708.71488110355	765.83448976629	0.00000000000	0.43537752814
1711.08543134469	765.84257375571	0.00000000000	0.43596479731
1713.75562917064	765.85466829047	0.00000000000	0.43662652424
1716.22453370067	765.86836336675	0.00000000000	0.43723857699
1718.91827433324	765.88570979365	0.00000000000	0.43790659645
1721.31297917322	765.90294108778	0.00000000000	0.43850065733
1723.83705195074	765.92264348605	0.00000000000	0.43912701238
1726.30141055978	765.94311186463	0.00000000000	0.43973874742
1728.91471087143	765.96582098759	0.00000000000	0.44038766718
1731.34379796223	765.98755778734	0.00000000000	0.44099103893
1733.88503168531	766.01063517408	0.00000000000	0.44162246670
1736.28448705703	766.03246276813	0.00000000000	0.44221885229
1738.63893034413	766.05378036806	0.00000000000	0.44280422494
1741.00057620494	766.07505773266	0.00000000000	0.44339156216
1743.70972177437	766.09933595117	0.00000000000	0.44406553621
1746.20335123557	766.12156016627	0.00000000000	0.44468609693
1749.21871033468	766.14827735304	0.00000000000	0.44543675315
1751.92435141122	766.17210425969	0.00000000000	0.44611054772
1754.27571935833	766.19269919264	0.00000000000	0.44669630138
1756.63062673093	766.21322071877	0.00000000000	0.44728310895
1759.58390078192	766.23880907112	0.00000000000	0.44801926388
1762.01561300681	766.25975524784	0.00000000000	0.44862561359
1764.36260682108	766.27986628884	0.00000000000	0.44921101253
1766.88966510766	766.30140462684	0.00000000000	0.44984151484
1769.43815404937	766.32300426919	0.00000000000	0.45047756430
1772.35722292281	766.34759515194	0.00000000000	0.45120634958
1774.95078507154	766.36931000242	0.00000000000	0.45185408861
1777.33258540142	766.38914097976	0.00000000000	0.45244912333
1779.83257003117	766.40984187219	0.00000000000	0.45307387181
1782.17191216415	766.42910683351	0.00000000000	0.45365865009
1784.51022602750	766.44826124287	0.00000000000	0.45424333982
1787.05123123098	766.46896038888	0.00000000000	0.45487890288
1789.38466819215	766.48786269472	0.00000000000	0.45546272335
1791.77323885259	766.50710661590	0.00000000000	0.45606051148
1794.33446349934	766.52762363006	0.00000000000	0.45670170446
1797.18598080022	766.55032263455	0.00000000000	0.45741580793
1799.51417769769	766.56874387127	0.00000000000	0.45799904153
1801.92886063155	766.58774316890	0.00000000000	0.45860411606
1804.25500042190	766.60594357785	0.00000000000	0.45918717212
1806.83504717358	766.62601341249	0.00000000000	0.45983406455
1809.34415020563	766.64541324582	0.00000000000	0.46046336447
1811.92209603143	766.66522413864	0.00000000000	0.46111013085
1814.60114740646	766.68568194651	0.00000000000	0.46178247788
1817.10704123250	766.70469761762	0.00000000000	0.46241156652
1819.73179398821	766.72449111579	0.00000000000	0.46307069902
1822.12211219303	766.74240633785	0.00000000000	0.46367114228
1824.44342963891	766.75970378619	0.00000000000	0.46425441896
1826.99105387773	766.77857356302	0.00000000000	0.46489474809
1829.32130212642	766.79572889690	0.00000000000	0.46548061365
1831.86689864249	766.81435575810	0.00000000000	0.46612080977
1834.20323396067	766.83134685071	0.00000000000	0.46670855127
1836.87300567157	766.85064048834	0.00000000000	0.46738037618
1840.07840461121	766.87363267895	0.00000000000	0.46818727184
1842.99589223015	766.89439647841	0.00000000000	0.46892196138
1845.74336085798	766.91380820665	0.00000000000	0.46961407115
1848.07410802952	766.93016776174	0.00000000000	0.47020138382
1850.56630392579	766.94755105797	0.00000000000	0.47082956014
1853.03584376446	766.96466483743	0.00000000000	0.47145221022
1855.35539035982	766.98063819651	0.00000000000	0.47203720922
1857.70345234825	766.99670839602	0.00000000000	0.47262956456
1860.09404541397	767.01296690369	0.00000000000	0.47323281940
1862.39960106898	767.02854893200	0.00000000000	0.47381477781
1865.11167741026	767.04675519914	0.00000000000	0.47449955229
1867.46875563205	767.06247027035	0.00000000000	0.47509487183
1869.89107401531	767.07851569439	0.00000000000	0.47570684198
1872.18978747201	767.09364439135	0.00000000000	0.47628774694
1874.61016003599	767.10947076372	0.00000000000	0.47689956669
1877.18610796194	767.12619846252	0.00000000000	0.47755090458
1879.49561429334	767.14109439418	0.00000000000	0.47813503983
1881.84675740433	767.15616035511	0.00000000000	0.47872986922
1884.39505512284	767.17237753011	0.00000000000	0.47937476355
1886.74420132305	767.18722409347	0.00000000000	0.47996942979
1889.15865633113	767.20238031869	0.00000000000	0.48058079909
1891.99899450650	767.22007630358	0.00000000000	0.48130022847
1894.43100364245	767.23511362641	0.00000000000	0.48191642208
1896.86203383705	767.25003928517	0.00000000000	0.48253254259
1899.33442708993	767.26511071436	0.00000000000	0.48315932534
1901.62013527190	767.27894718378	0.00000000000	0.48373894169
1904.37135388359	767.29547821253	0.00000000000	0.48443680791
1906.79842202129	767.30994975658	0.00000000000	0.48505263627
1909.20488103691	767.32419507550	0.00000000000	0.48566340664
1911.67236738809	767.33869492107	0.00000000000	0.48628984289
1913.95401302124	767.35200663675	0.00000000000	0.48686925779
1916.29125533899	767.36554711614	0.00000000000	0.48746294970
1918.58483969625	767.37874070962	0.00000000000	0.48804570763
1921.38515060473	767.39472314542	0.00000000000	0.48875742446
1923.71942589924	767.40793995098	0.00000000000	0.48935087076
1926.57420155532	767.42397327210	0.00000000000	0.49007686115
1929.99289962864	767.44298494584	0.00000000000	0.49094657423
1932.73298260741	767.45807442437	0.00000000000	0.49164389439
1935.26130871226	767.47188082717	0.00000000000	0.49228751876
1937.69704251237	767.48507558926	0.00000000000	0.49290774819
1940.01195333558	767.49751951347	0.00000000000	0.49349737132
1942.35362703151	767.51001190603	0.00000000000	0.49409396939
1944.74618711142	767.52267678454	0.00000000000	0.49470369621
1947.31980487885	767.53618852227	0.00000000000	0.49535974939
1949.71043347363	767.54863608582	0.00000000000	0.49596932762
1952.23212921898	767.56165822864	0.00000000000	0.49661250521
1955.07574124301	767.57621007967	0.00000000000	0.49733801019
1957.57135445404	767.58886535954	0.00000000000	0.49797492058
1959.85701364534	767.60036116409	0.00000000000	0.49855840555
1962.32741777490	767.61268435406	0.00000000000	0.49918922135
1965.16710751494	767.62671918424	0.00000000000	0.49991455059
1967.48441727638	767.63806893925	0.00000000000	0.50050662213
1969.75799522283	767.64911441462	0.00000000000	0.50108766982
1972.02421205718	767.66003543297	0.00000000000	0.50166698356
1974.51328836250	767.67192850272	0.00000000000	0.50230343622
1977.05020610830	767.68394050796	0.00000000000	0.50295230401
1979.33816589812	767.69467890807	0.00000000000	0.50353765330
1981.63678949634	767.70537691338	0.00000000000	0.50412588107
1984.01417412861	767.71634622705	0.00000000000	0.50473442240
1986.45275573264	767.72749740050	0.00000000000	0.50535879537
1989.06248301728	767.73931858969	0.00000000000	0.50602717551
1991.37049652178	767.74967623425	0.00000000000	0.50661844442
1994.42644124646	767.76325064007	0.00000000000	0.50740155124
1997.31049908201	767.77591572073	0.00000000000	0.50814085325
1999.83888971166	767.78690262167	0.00000000000	0.50878917656
2002.77780463590	767.79953707217	0.00000000000	0.50954299214
2005.11142956983	767.80946510702	0.00000000000	0.51014172753
2007.35665358869	767.81893005770	0.00000000000	0.51071792669
2009.61491757400	767.82836402489	0.00000000000	0.51129761529
2011.94589579385	767.83801145913	0.00000000000	0.51189611960
2014.27598101853	767.84756363693	0.00000000000	0.51249454692
2016.53978586408	767.85675653635	0.00000000000	0.51307609738
2018.78052940711	767.86577091096	0.00000000000	0.51365186482
2021.02039255611	767.87469745688	0.00000000000	0.51422754630
2023.28156043910	767.88362353985	0.00000000000	0.51480884551
2025.75138343844	767.89327541787	0.00000000000	0.51544394852
2028.03230162050	767.90209841716	0.00000000000	0.51603062645
2030.45439367805	767.91137233470	0.00000000000	0.51665377433
2032.74669214567	767.92005912160	0.00000000000	0.51724367944
2035.16702633709	767.92913607009	0.00000000000	0.51786669179
2037.39964232578	767.93742258130	0.00000000000	0.51844152798
2039.93832926624	767.94674444572	0.00000000000	0.51909533650
2042.17007278417	767.95485089216	0.00000000000	0.51967024254
2044.65697551846	767.96378692332	0.00000000000	0.52031104059
2047.03039936768	767.97221974130	0.00000000000	0.52092275764
2049.34721325315	767.98036163076	0.00000000000	0.52152003385
2052.12573757154	767.99000927593	0.00000000000	0.52223653397
2054.87521565454	767.99943085140	0.00000000000	0.52294575257
2057.13363082315	768.00707668268	0.00000000000	0.52352845818
2059.39117984159	768.01463584430	0.00000000000	0.52411107988
2061.64787731874	768.02210859466	0.00000000000	0.52469362111
2064.01510165476	768.02985768254	0.00000000000	0.52530484307
2066.76023712611	768.03872907779	0.00000000000	0.52601383380
2069.31411408266	768.04687187687	0.00000000000	0.52667361215
2071.76713470304	768.05459296961	0.00000000000	0.52730750187
2074.01930210231	768.06159559240	0.00000000000	0.52788963261
2076.47061989211	768.06912370719	0.00000000000	0.52852339524
2078.96990957195	768.07669871903	0.00000000000	0.52916972802
2081.35170455232	768.08382340283	0.00000000000	0.52978583310
2083.56806043022	768.09037073901	0.00000000000	0.53035928121
2085.78357398577	768.09683624513	0.00000000000	0.53093264379
2088.25477684991	768.10395447538	0.00000000000	0.53157233330
2090.72510790304	768.11097184710	0.00000000000	0.53221196129
2092.93798379346	768.11717451133	0.00000000000	0.53278506712
2095.15753420055	768.12331686253	0.00000000000	0.53336003349
2097.60126515726	768.12998820873	0.00000000000	0.53399322560
2100.41873736258	768.13756116602	0.00000000000	0.53472345556
2102.90952177721	768.14415034007	0.00000000000	0.53536919138
2105.20605882969	768.15013790634	0.00000000000	0.53596471513
2107.41648879539	768.15582158872	0.00000000000	0.53653804273
2110.11823652074	768.16266301246	0.00000000000	0.53723898167
2112.42965243420	768.16842398933	0.00000000000	0.53783880707
2114.96733993495	768.17465134655	0.00000000000	0.53849751428
2117.42828241077	768.18059298834	0.00000000000	0.53913646355
2120.07135505704	768.18686774451	0.00000000000	0.53982287858
2122.41774996591	768.19234580690	0.00000000000	0.54043239979
2124.62671836529	768.19742375934	0.00000000000	0.54100635434
2127.26729431211	768.20339318129	0.00000000000	0.54169262154
2129.48936569971	768.20833167421	0.00000000000	0.54227026420
2131.85329517925	768.21350046670	0.00000000000	0.54288492596
2134.12344294435	768.21838187298	0.00000000000	0.54347534059
2136.32348181008	768.22303568310	0.00000000000	0.54404765002
2138.55229802502	768.22767335784	0.00000000000	0.54462757431
2140.78030448744	768.23223200101	0.00000000000	0.54520741733
2143.11938365174	768.23693482707	0.00000000000	0.54581630627
2145.64646230984	768.24192016074	0.00000000000	0.54647429340
2148.12154560166	768.24670696368	0.00000000000	0.54711890288
2150.59579337745	768.25139740890	0.00000000000	0.54776345336
2152.78710970163	768.25547253709	0.00000000000	0.54833443139
2155.58528564860	768.26056858730	0.00000000000	0.54906371538
2157.81904671078	768.26455021655	0.00000000000	0.54964604173
2160.08007404320	768.26850237048	0.00000000000	0.55023560699
2162.47788771004	768.27260794112	0.00000000000	0.55086098295
2164.68744854917	768.27631323401	0.00000000000	0.55143739111
2167.53805477391	768.28098327520	0.00000000000	0.55218121351
2169.93337506488	768.28481157807	0.00000000000	0.55280639660
2172.14037970846	768.28826156195	0.00000000000	0.55338255859
2174.60653201368	768.29202904226	0.00000000000	0.55402652068
2176.82196900905	768.29533480808	0.00000000000	0.55460514788
2179.00408769065	768.29851816733	0.00000000000	0.55517519489
2181.18826856620	768.30163241269	0.00000000000	0.55574590157
2183.40136310875	768.30471441084	0.00000000000	0.55632428634
2185.61367505915	768.30772152662	0.00000000000	0.55690259036
2187.79264554993	768.31061132418	0.00000000000	0.55747229962
2190.09575873973	768.31358822187	0.00000000000	0.55807459707
2192.74158158971	768.31690991346	0.00000000000	0.55876668279
2195.41422104022	768.32015890524	0.00000000000	0.55946596161
2197.73470062232	768.32289326439	0.00000000000	0.56007324532
2199.92367680191	768.32539908422	0.00000000000	0.56064623730
2202.11187566357	768.32783274240	0.00000000000	0.56121914547
2204.45098435800	768.33035557775	0.00000000000	0.56183169651
2206.69598236670	768.33270060417	0.00000000000	0.56241973059
2209.01265800022	768.33504228834	0.00000000000	0.56302667060
2211.19770851196	768.33717825723	0.00000000000	0.56359924855
2213.53377350889	768.33938396516	0.00000000000	0.56421152969
2216.01149271635	768.34163563500	0.00000000000	0.56486108581
2218.98586274595	768.34421953770	0.00000000000	0.56564104352
2221.62231099618	768.34640146999	0.00000000000	0.56633257151
2223.78806854239	768.34811779808	0.00000000000	0.56690076740
2226.21237814856	768.34995780761	0.00000000000	0.56753693209
2228.87415282718	768.35187943811	0.00000000000	0.56823557597
2231.87235375222	768.35392061575	0.00000000000	0.56902273007
2234.31895873129	768.35548966973	0.00000000000	0.56966522947
2236.71579686877	768.35694281194	0.00000000000	0.57029480099
2239.34663861515	768.35844232289	0.00000000000	0.57098599835
2241.51041391447	768.35960086462	0.00000000000	0.57155460981
2243.92915110526	768.36081621771	0.00000000000	0.57219035602
2246.09612540905	768.36183374823	0.00000000000	0.57276004837
2248.34378047191	768.36281808894	0.00000000000	0.57335107118
2251.13864816896	768.36394133754	0.00000000000	0.57408615364
2253.30324843115	768.36473470691	0.00000000000	0.57465559747
2255.45949002071	768.36545869146	0.00000000000	0.57522295408
2257.62920907268	768.36612051279	0.00000000000	0.57579396927
2259.87309464927	768.36673472681	0.00000000000	0.57638462155
2262.04972910502	768.36726243248	0.00000000000	0.57695768626
2265.06511098641	768.36788292157	0.00000000000	0.57775176288
2267.93927215090	768.36835509344	0.00000000000	0.57850885120
2270.56037080048	768.36868447281	0.00000000000	0.57919945049
2272.92229015915	768.36889876915	0.00000000000	0.57982190115
2275.14509445064	768.36902915208	0.00000000000	0.58040781024
2277.48279143843	768.36909185007	0.00000000000	0.58102412944
2279.89028190512	768.36907683866	0.00000000000	0.58165898353
2282.09594523961	768.36899235496	0.00000000000	0.58224073525
2284.74032889490	768.36880211112	0.00000000000	0.58293835119
2287.27461521498	768.36852896637	0.00000000000	0.58360707562
2289.75520769976	768.36817572702	0.00000000000	0.58426177681
2292.45300762601	768.36769534116	0.00000000000	0.58497396790
2294.60430366228	768.36724058736	0.00000000000	0.58554200872
2296.83661109745	768.36670161770	0.00000000000	0.58613155360
2299.12469414481	768.36607841735	0.00000000000	0.58673594818
2301.57582776488	768.36533150609	0.00000000000	0.58738354640
2303.71650950384	768.36461223968	0.00000000000	0.58794923529
2306.00243439394	768.36377539645	0.00000000000	0.58855342187
2308.16438839417	768.36291871727	0.00000000000	0.58912495231
2310.30578489944	768.36200781610	0.00000000000	0.58969115366
2312.65542617342	768.36093706841	0.00000000000	0.59031253701
2315.18127564965	768.35970304476	0.00000000000	0.59098066054
2317.37580583525	768.35856125194	0.00000000000	0.59156126316
2319.56962504694	768.35735525720	0.00000000000	0.59214178694
2321.76274328511	768.35608525727	0.00000000000	0.59272223421
2323.89688056465	768.35478773918	0.00000000000	0.59328717552
2326.34048975009	768.35322753151	0.00000000000	0.59393416533
2328.54644547136	768.35175087396	0.00000000000	0.59451834754
2330.68608735380	768.35025693283	0.00000000000	0.59508507293
2332.87569132065	768.34866536903	0.00000000000	0.59566513802
2335.13255915601	768.34695864434	0.00000000000	0.59626313477
2337.40876027501	768.34516931664	0.00000000000	0.59686636941
2339.70533545359	768.34329494212	0.00000000000	0.59747512053
2341.83374052267	768.34149605538	0.00000000000	0.59803939965
2343.96145355892	768.33963849769	0.00000000000	0.59860359575
2346.32446812649	768.33750623690	0.00000000000	0.59923030318
2348.59726225462	768.33538676228	0.00000000000	0.59983319916
2351.22176075800	768.33285580747	0.00000000000	0.60052953215
2353.35426384716	768.33073356998	0.00000000000	0.60109544025
2355.66806080304	768.32836440490	0.00000000000	0.60170957166
2358.43038773471	768.32544556188	0.00000000000	0.60244290602
2360.96972645650	768.32267576732	0.00000000000	0.60311718910
2363.67442192656	768.31963466003	0.00000000000	0.60383553461
2365.80320306579	768.31717529515	0.00000000000	0.60440103364
2367.93130764312	768.31465892099	0.00000000000	0.60496645111
2370.14101834054	768.31198504707	0.00000000000	0.60555365422
2372.28292901401	768.30933403354	0.00000000000	0.60612294088
2374.52802097242	768.30649292780	0.00000000000	0.60671975757
2376.79253492658	768.30356271732	0.00000000000	0.60732184694
2379.05636989595	768.30056877151	0.00000000000	0.60792386565
2381.43353039571	768.29735559286	0.00000000000	0.60855613883
2383.55199384882	768.29443236769	0.00000000000	0.60911970579
2385.68979638129	768.29142553771	0.00000000000	0.60968851430
2388.11543228315	768.28794479838	0.00000000000	0.61033402463
2390.78441835068	768.28403024138	0.00000000000	0.61104443934
2393.26092069884	768.28031892755	0.00000000000	0.61170375451
2395.63408666481	768.27669126490	0.00000000000	0.61233567986
2397.80411381333	768.27331328786	0.00000000000	0.61291361713
2399.93771107386	768.26993550418	0.00000000000	0.61348194842
2402.49263049982	768.26581717552	0.00000000000	0.61416263357
2405.49350942161	768.26087795581	0.00000000000	0.61496230578
2407.86331366369	768.25689978166	0.00000000000	0.61559394202
2410.01628988471	768.25322635798	0.00000000000	0.61616788697
2412.31389562166	768.24924412581	0.00000000000	0.61678049338
2414.44329429437	768.24549638647	0.00000000000	0.61734834837
2416.62295918292	768.24160349146	0.00000000000	0.61792970477
2419.09238911832	768.23712397047	0.00000000000	0.61858846474
2421.64213338695	768.23242195114	0.00000000000	0.61926878096
2423.83625844691	768.22831344478	0.00000000000	0.61985431814
2426.02974573800	768.22414869940	0.00000000000	0.62043978321
2428.27959908282	768.21981743609	0.00000000000	0.62104039461
2430.42661356627	768.21562811914	0.00000000000	0.62161364833
2432.52669106826	768.21147758792	0.00000000000	0.62217446009
2434.86463245142	768.20679569438	0.00000000000	0.62279889653
2436.97213278591	768.20252011528	0.00000000000	0.62336187921
2439.07123218896	768.19820973242	0.00000000000	0.62392270640
2441.17261949616	768.19384295974	0.00000000000	0.62448423328
2444.10736723315	768.18765813403	0.00000000000	0.62526859607
2446.81727147068	768.18185813436	0.00000000000	0.62599301785
2449.12766246460	768.17684593809	0.00000000000	0.62661075541
2451.22235853043	768.17224831702	0.00000000000	0.62717091322
2453.44504844879	768.16731443159	0.00000000000	0.62776539356
2455.53944666156	768.16261333435	0.00000000000	0.62832565008
2457.63321820381	768.15786335961	0.00000000000	0.62888582514
2459.72929060868	768.15305794277	0.00000000000	0.62944670187
2462.03613867875	768.14771138643	0.00000000000	0.63006407821
2464.36610417977	768.14224982534	0.00000000000	0.63068774675
2466.62657263994	768.13689235031	0.00000000000	0.63129291372
2469.27458521524	768.13054292634	0.00000000000	0.63200195903
2472.09024127930	768.12370490029	0.00000000000	0.63275604208
2474.37088687670	768.11810096476	0.00000000000	0.63336695173
2476.77265008648	768.11213652798	0.00000000000	0.63401041280
2479.53029560793	768.10520900466	0.00000000000	0.63474935522
2481.74538407458	768.09958325642	0.00000000000	0.63534301846
2484.17130030552	768.09335972714	0.00000000000	0.63599329253
2486.67679450478	768.08686386322	0.00000000000	0.63666501494
2488.78510772904	768.08134424478	0.00000000000	0.63723034523
2491.15767945586	768.07507450318	0.00000000000	0.63786663497
2493.60762017783	768.06853573843	0.00000000000	0.63852378507
2495.76534062788	768.06272273826	0.00000000000	0.63910264584
2497.99639246712	768.05665901463	0.00000000000	0.63970127106
2500.13771050543	768.05078849680	0.00000000000	0.64027590662
2502.26475266623	768.04490812414	0.00000000000	0.64084679555
2504.34846643104	768.03910033236	0.00000000000	0.64140613666
2506.43646013134	768.03323389048	0.00000000000	0.64196670719
2508.60726002336	768.02708535909	0.00000000000	0.64254959419
2510.69404830490	768.02112741614	0.00000000000	0.64311000470
2513.11257949562	768.01416442134	0.00000000000	0.64375960520
2515.45385302469	768.00736483381	0.00000000000	0.64438855667
2517.55418982304	768.00121574104	0.00000000000	0.64495286873
2520.05130983457	767.99384460877	0.00000000000	0.64562389156
2522.20187380892	767.98744405816	0.00000000000	0.64620187880
2524.36850424629	767.98094681790	0.00000000000	0.64678426851
2526.68247546781	767.97395374354	0.00000000000	0.64740635669
2529.28769757779	767.96601397639	0.00000000000	0.64810685973
2531.62496168017	767.95883112374	0.00000000000	0.64873541637
2533.69770305360	767.95241410909	0.00000000000	0.64929291680
2535.98553702076	767.94527996909	0.00000000000	0.64990835881
2538.06493750840	767.93874931647	0.00000000000	0.65046781131
2540.55710395403	767.93086421993	0.00000000000	0.65113841705
2543.24300014841	767.92229552206	0.00000000000	0.65186127502
2545.35855991793	767.91549493934	0.00000000000	0.65243072682
2547.57681337845	767.90831577078	0.00000000000	0.65302790502
2549.64430938807	767.90157998883	0.00000000000	0.65358457485
2552.44029237731	767.89240276287	0.00000000000	0.65433750665
2555.12344117446	767.88352258829	0.00000000000	0.65506018045
2557.24974366297	767.87643457454	0.00000000000	0.65563296254
2559.34956285349	767.86939093849	0.00000000000	0.65619868681
2561.41796286032	767.86241018527	0.00000000000	0.65675602009
2563.48282962727	767.85539941769	0.00000000000	0.65731247420
2565.86256577104	767.84726779524	0.00000000000	0.65795387142
2568.11943641042	767.83950495759	0.00000000000	0.65856224213
2570.24236013380	767.83215765855	0.00000000000	0.65913458419
2572.36472910419	767.82476864493	0.00000000000	0.65970685260
2574.69158108964	767.81661777183	0.00000000000	0.66033434407
2576.96945813032	767.80858803547	0.00000000000	0.66094871604
2579.06413930336	767.80116022022	0.00000000000	0.66151375419
2581.13225199325	767.79378553965	0.00000000000	0.66207169708
2583.26715263745	767.78613003872	0.00000000000	0.66264773262
2585.56683399838	767.77783534766	0.00000000000	0.66326831326
2587.79656438253	767.76974530655	0.00000000000	0.66387010038
2590.11976735796	767.76126640886	0.00000000000	0.66449720179
2592.71032377868	767.75175218210	0.00000000000	0.66519657382
2594.80101971710	767.74402815005	0.00000000000	0.66576107827
2596.87195917854	767.73633709245	0.00000000000	0.66632031822
2598.92658349734	767.72866741412	0.00000000000	0.66687522093
2601.09193368515	767.72054229546	0.00000000000	0.66746010154
2603.62447649379	767.71098473466	0.00000000000	0.66814425971
2605.82848318062	767.70261931498	0.00000000000	0.66873974841
2607.89661436043	767.69472939453	0.00000000000	0.66929859604
2610.19058774734	767.68593251190	0.00000000000	0.66991854990
2612.63906044638	767.67649072370	0.00000000000	0.67058034955
2614.69070198919	767.66853767564	0.00000000000	0.67113496215
2616.75661197016	767.66049121856	0.00000000000	0.67169349868
2619.59348787315	767.64937992190	0.00000000000	0.67246058127
2622.26165993522	767.63886419936	0.00000000000	0.67318216125
2624.92929033897	767.62828775734	0.00000000000	0.67390370510
2627.24414846899	767.61905927783	0.00000000000	0.67452991972
2629.31587311210	767.61076032328	0.00000000000	0.67509043182
2632.26106144597	767.59889809110	0.00000000000	0.67588737560
2635.34198575624	767.58640873554	0.00000000000	0.67672118989
2637.63003746304	767.57708057403	0.00000000000	0.67734051613
2639.67582087170	767.56870210068	0.00000000000	0.67789433251
2641.73592197265	767.56022887281	0.00000000000	0.67845208848
2643.85641820858	767.55146954190	0.00000000000	0.67902626240
2646.68774487731	767.53971457505	0.00000000000	0.67979301492
2648.92604303257	767.53037391618	0.00000000000	0.68039925352
2651.36640249849	767.52014217995	0.00000000000	0.68106030451
2654.25183371199	767.50798030465	0.00000000000	0.68184203087
2656.48854273735	767.49850521633	0.00000000000	0.68244808822
2658.95457538270	767.48801081183	0.00000000000	0.68311636758
2662.16324744859	767.47428130690	0.00000000000	0.68398602980
2664.26383645011	767.46524761973	0.00000000000	0.68455544340
2666.52174279631	767.45549741687	0.00000000000	0.68516757232
2668.58448968014	767.44655393077	0.00000000000	0.68572685645
2670.68356268896	767.43741778753	0.00000000000	0.68629605223
2673.01406667119	767.42723299522	0.00000000000	0.68692807742
2675.07526560250	767.41818902810	0.00000000000	0.68748713201
2677.18830990098	767.40888257180	0.00000000000	0.68806031067
2679.24849908760	767.39977493580	0.00000000000	0.68861921234
2681.33111232033	767.39053423456	0.00000000000	0.68918425768
2683.44268203557	767.38113037817	0.00000000000	0.68975722103
2685.87603685041	767.37025036671	0.00000000000	0.69041757575
2688.22914307490	767.35968550446	0.00000000000	0.69105623065
2690.26301119836	767.35051953136	0.00000000000	0.69160830265
2692.31132413155	767.34125636801	0.00000000000	0.69216435276
2694.42041650740	767.33168484259	0.00000000000	0.69273696224
2696.51351449397	767.32215246099	0.00000000000	0.69330528899
2698.60612842635	767.31258913980	0.00000000000	0.69387354348
2700.69825947225	767.30299505567	0.00000000000	0.69444172574
2702.80544314243	767.29329878194	0.00000000000	0.69501405527
2704.98751930242	767.28322298566	0.00000000000	0.69560678868
2707.72300467791	767.27054191810	0.00000000000	0.69634993800
2710.40184033914	767.25806999417	0.00000000000	0.69707779304
2712.50697968316	767.24823213540	0.00000000000	0.69764983764
2714.53522441625	767.23872306775	0.00000000000	0.69820104191
2716.88257632782	767.22768067810	0.00000000000	0.69883903493
2718.92482281304	767.21804120244	0.00000000000	0.69939416077
2721.10358267855	767.20772431552	0.00000000000	0.69998645370
2723.19078559803	767.19780908232	0.00000000000	0.70055391501
2725.24041745736	767.18804208196	0.00000000000	0.70111121698
2727.31264209809	767.17813706745	0.00000000000	0.70167471785
2729.53385914099	767.16748612739	0.00000000000	0.70227879671
2731.57316317842	767.15767684284	0.00000000000	0.70283345975
2733.72851511388	767.14727760577	0.00000000000	0.70341974562
2736.43061229453	767.13419451599	0.00000000000	0.70415484018
2738.62736986235	767.12352073370	0.00000000000	0.70475253006
2740.91868812529	767.11235185938	0.00000000000	0.70537601573
2742.98745647984	767.10223666554	0.00000000000	0.70593900345
2745.22889677109	767.09124400146	0.00000000000	0.70654904551
2747.42381503847	767.08044617749	0.00000000000	0.70714649047
2749.44706809980	767.07046377549	0.00000000000	0.70769726577
2751.46983457196	767.06045600177	0.00000000000	0.70824796306
2753.49211192300	767.05042299890	0.00000000000	0.70879858168
2755.52594199795	767.04030490820	0.00000000000	0.70935240087
2757.69688431775	767.02947409374	0.00000000000	0.70994361720
2759.76180841201	767.01914299958	0.00000000000	0.71050601995
2762.65434546473	767.00462359541	0.00000000000	0.71129392749
2764.96623041944	766.99297904940	0.00000000000	0.71192375011
2767.27764529053	766.98130171132	0.00000000000	0.71255351656
2769.37028987195	766.97069942250	0.00000000000	0.71312373911
2771.47955066915	766.95998404877	0.00000000000	0.71369854920
2773.55557961648	766.94940928761	0.00000000000	0.71426436175
2775.97134232963	766.93706893800	0.00000000000	0.71492284070
2778.46920897273	766.92426970212	0.00000000000	0.71560378243
2780.75249312471	766.91253506294	0.00000000000	0.71622630112
2782.89742081707	766.90148123695	0.00000000000	0.71681116267
2785.28434263130	766.88914601284	0.00000000000	0.71746208293
2787.44909293806	766.87792784975	0.00000000000	0.71805248365
2789.94477850732	766.86495820430	0.00000000000	0.71873322113
2792.63637844213	766.85092682724	0.00000000000	0.71946749296
2794.70786179900	766.84009748351	0.00000000000	0.72003266389
2796.72546112283	766.82952433287	0.00000000000	0.72058319013
2799.13678415586	766.81685503110	0.00000000000	0.72124122210
2801.93873479675	766.80208863268	0.00000000000	0.72200595412
2804.82344411846	766.78683618564	0.00000000000	0.72279338664
2807.12704754158	766.77462009807	0.00000000000	0.72342227871
2809.22833367991	766.76344906420	0.00000000000	0.72399600159
2811.26954431158	766.75257209654	0.00000000000	0.72455338052
2813.32281165819	766.74160583297	0.00000000000	0.72511411013
2815.32810190935	766.73087167162	0.00000000000	0.72566179428
2817.60402014968	766.71866010041	0.00000000000	0.72628346019
2820.17791202678	766.70481308258	0.00000000000	0.72698660464
2822.50438960589	766.69226381395	0.00000000000	0.72762223937
2824.50657295842	766.68143865098	0.00000000000	0.72816933193
2826.50929435686	766.67058739792	0.00000000000	0.72871662780
2828.80846739175	766.65810144947	0.00000000000	0.72934500633
2830.82541602314	766.64712324437	0.00000000000	0.72989631243
2832.83480520782	766.63616314870	0.00000000000	0.73044560928
2834.85078039870	766.62514413452	0.00000000000	0.73099676380
2836.92864620815	766.61376284839	0.00000000000	0.73156489896
2839.15079478624	766.60156446075	0.00000000000	0.73217255191
2841.55377435013	766.58834239642	0.00000000000	0.73282973243
2843.55143420465	766.57732614950	0.00000000000	0.73337612624
2845.68294323013	766.56554748419	0.00000000000	0.73395919268
2847.97813679330	766.55283640232	0.00000000000	0.73458710679
2849.97839427795	766.54173524654	0.00000000000	0.73513439423
2852.07011170750	766.53010324575	0.00000000000	0.73570676704
2854.08158340103	766.51889518048	0.00000000000	0.73625724065
2856.25359729257	766.50676813067	0.00000000000	0.73685171449
2858.32662651583	766.49517020773	0.00000000000	0.73741915966
2860.54422320552	766.48273816893	0.00000000000	0.73802624532
2862.99790047641	766.46895233160	0.00000000000	0.73869804252
2864.99152528469	766.45772795934	0.00000000000	0.73924394496
2866.99997795649	766.44639908849	0.00000000000	0.73979396567
2869.08786374939	766.43459992484	0.00000000000	0.74036580122
2871.23467853601	766.42244422543	0.00000000000	0.74095384222
2873.36007337037	766.41038645717	0.00000000000	0.74153608186
2875.46514275063	766.39842122527	0.00000000000	0.74211281814
2877.45886167532	766.38706812884	0.00000000000	0.74265910663
2880.51928135059	766.36960169569	0.00000000000	0.74349778889
2883.36118190771	766.35334031670	0.00000000000	0.74427671025
2885.64868264854	766.34022200384	0.00000000000	0.74490376493
2887.93571924968	766.32708048189	0.00000000000	0.74553076902
2889.94802583344	766.31549632087	0.00000000000	0.74608251779
2892.45166364823	766.30105612325	0.00000000000	0.74676906639
2894.63847151847	766.28841841088	0.00000000000	0.74736880923
2897.05780756282	766.27441004224	0.00000000000	0.74803240623
2899.09162962450	766.26261217374	0.00000000000	0.74859032789
2901.23209384777	766.25017442781	0.00000000000	0.74917756988
2903.76154643562	766.23544843075	0.00000000000	0.74987161934
2905.99415887938	766.22242561241	0.00000000000	0.75048429851
2908.04029999227	766.21047005718	0.00000000000	0.75104587080
2910.37541461227	766.19680232658	0.00000000000	0.75168682924
2912.36636683679	766.18512918949	0.00000000000	0.75223338378
2914.83763221353	766.17061471158	0.00000000000	0.75291187579
2916.85472019014	766.15874718272	0.00000000000	0.75346573994
2918.85129775606	766.14698223942	0.00000000000	0.75401403220
2920.83091573590	766.13529957440	0.00000000000	0.75455772610
2922.81004018220	766.12360235492	0.00000000000	0.75510134326
2924.85227390969	766.11151394584	0.00000000000	0.75566235672
2927.32097462709	766.09687668500	0.00000000000	0.75634060698
2929.62551851502	766.08318870120	0.00000000000	0.75697383977
2931.61906650408	766.07132931314	0.00000000000	0.75752168313
2933.59562485948	766.05955408931	0.00000000000	0.75806491694
2935.77357147271	766.04655974407	0.00000000000	0.75866356847
2937.75016325806	766.03474929175	0.00000000000	0.75920693594
2940.05250334158	766.02097164756	0.00000000000	0.75983992683
2942.07636981623	766.00884209087	0.00000000000	0.76039642253
2944.32592979620	765.99533989226	0.00000000000	0.76101504964
2946.29943019755	765.98347742562	0.00000000000	0.76155782417
2948.52293906590	765.97009304850	0.00000000000	0.76216943017
2950.90381086982	765.95573911166	0.00000000000	0.76282440483
2952.87680133956	765.94382687862	0.00000000000	0.76336723771
2954.94553380253	765.93131982202	0.00000000000	0.76393647644
2957.11882653672	765.91816226647	0.00000000000	0.76453455714
2959.29164823730	765.90498890549	0.00000000000	0.76513258089
2961.80941997419	765.88970104234	0.00000000000	0.76582563596
2964.10675083317	765.87573019646	0.00000000000	0.76645809672
2966.07975764699	765.86371543667	0.00000000000	0.76700133543
2968.04913449131	765.85170793212	0.00000000000	0.76754363481
2970.06649159002	765.83939261682	0.00000000000	0.76809920867
2972.13131211342	765.82677166919	0.00000000000	0.76866791927
2974.42643667693	765.81272431186	0.00000000000	0.76930014000
2976.52913017686	765.79983758697	0.00000000000	0.76987942520
2978.74616484734	765.78623249427	0.00000000000	0.77049028571
2980.72081776178	765.77409971039	0.00000000000	0.77103442732
2982.80202334542	765.76129696978	0.00000000000	0.77160799695
2985.25891048081	765.74616318995	0.00000000000	0.77228518983
2987.35918279102	765.73320904745	0.00000000000	0.77286416389
2989.38651042450	765.72069006919	0.00000000000	0.77342309532
2991.35339818003	765.70853058247	0.00000000000	0.77396542538
2993.37976288522	765.69598937557	0.00000000000	0.77452421876
2995.42171289546	765.68333742808	0.00000000000	0.77508737551
2997.39231516179	765.67111407041	0.00000000000	0.77563091747
2999.48976785843	765.65808945374	0.00000000000	0.77620951550
3001.70177361421	765.64433752069	0.00000000000	0.77681978937
3004.01726489525	765.62992482216	0.00000000000	0.77745869720
3005.98580942466	765.61765781424	0.00000000000	0.77800193987
3007.99420644087	765.60512945020	0.00000000000	0.77855624386
3009.97819704849	765.59274053884	0.00000000000	0.77910387496
3012.09401299861	765.57951456667	0.00000000000	0.77968796237
3014.27864910839	765.56584350158	0.00000000000	0.78029112319
3016.67336200665	765.55084059877	0.00000000000	0.78095237232
3018.63045684552	765.53856614124	0.00000000000	0.78149285076
3020.59021218910	765.52626318343	0.00000000000	0.78203412555
3022.54631405465	765.51397147977	0.00000000000	0.78257445282
3024.70468318330	765.50039535982	0.00000000000	0.78317072314
3026.83943188109	765.48695410559	0.00000000000	0.78376054196
3028.95145257496	765.47364267956	0.00000000000	0.78434415354
3031.23443588168	765.45923903275	0.00000000000	0.78497508806
3033.43951326763	765.44531256711	0.00000000000	0.78558457230
3035.42851766750	765.43273878380	0.00000000000	0.78613440151
3037.38941927976	765.42033167008	0.00000000000	0.78667652501
3039.40492059415	765.40756783735	0.00000000000	0.78723380864
3041.47262398016	765.39446168575	0.00000000000	0.78780559481
3044.02980454697	765.37823673489	0.00000000000	0.78851283348
3046.53009909928	765.36235556559	0.00000000000	0.78920444246
3048.63771912955	765.34895554916	0.00000000000	0.78978751276
3050.60276466413	765.33645141537	0.00000000000	0.79033120557
3052.55477763875	765.32402020445	0.00000000000	0.79087135521
3054.80637446282	765.30966887585	0.00000000000	0.79149448167
3057.00630546823	765.29563433794	0.00000000000	0.79210339023
3059.47578588944	765.27986565202	0.00000000000	0.79278700108
3062.25369051452	765.26210941829	0.00000000000	0.79355611136
3064.42737288555	765.24820215274	0.00000000000	0.79415802136
3066.92347823049	765.23221794251	0.00000000000	0.79484930935
3068.98507738227	765.21900496930	0.00000000000	0.79542034021
3070.97870699945	765.20621811693	0.00000000000	0.79597261170
3073.10322244053	765.19258163030	0.00000000000	0.79656121368
3075.20492838604	765.17908137779	0.00000000000	0.79714357019
3077.58687223183	765.16376896618	0.00000000000	0.79780366618
3079.60931873542	765.15075767987	0.00000000000	0.79836421090
3081.55125711207	765.13825588646	0.00000000000	0.79890250622
3083.60943980691	765.12499681953	0.00000000000	0.79947309281
3085.66715144172	765.11173173960	0.00000000000	0.80004361983
3087.96479617589	765.09690939248	0.00000000000	0.80068075543
3089.91313608322	765.08433186704	0.00000000000	0.80122109856
3091.86830197728	765.07170247622	0.00000000000	0.80176339904
3093.81565096115	765.05911592059	0.00000000000	0.80230359544
3095.81795665181	765.04616630111	0.00000000000	0.80285910365
3098.22327645135	765.03059988185	0.00000000000	0.80352651143
3100.57267673276	765.01538461886	0.00000000000	0.80417849773
3102.69050660476	765.00166012675	0.00000000000	0.80476630074
3105.29136077727	764.98479404476	0.00000000000	0.80548827124
3107.30729856912	764.97171257058	0.00000000000	0.80604795411
3109.29180194028	764.95882797765	0.00000000000	0.80659897752
3111.43096445451	764.94493149131	0.00000000000	0.80719301932
3114.17013960366	764.92712566807	0.00000000000	0.80795379778
3116.16776278171	764.91413225754	0.00000000000	0.80850869858
3118.35430045547	764.89990249041	0.00000000000	0.80911615456
3120.29000053578	764.88729866343	0.00000000000	0.80965399223
3122.60731213514	764.87220221486	0.00000000000	0.81029794604
3124.54197140106	764.85959217892	0.00000000000	0.81083563603
3126.61054787918	764.84610293319	0.00000000000	0.81141061632
3128.95390609938	764.83081407210	0.00000000000	0.81206206402
3130.94798969723	764.81779764573	0.00000000000	0.81261648900
3133.59913831848	764.80048338320	0.00000000000	0.81335370764
3135.64536023918	764.78711307690	0.00000000000	0.81392279451
3137.57685208127	764.77448717956	0.00000000000	0.81446003982
3139.50463518870	764.76188054751	0.00000000000	0.81499631822
3141.43512879286	764.74925131378	0.00000000000	0.81553341548
3143.37780297463	764.73653757761	0.00000000000	0.81607396716
3145.80096298384	764.72067271826	0.00000000000	0.81674830701
3148.47695667689	764.70314422949	0.00000000000	0.81749312709
3150.54005088457	764.68962464000	0.00000000000	0.81806744199
3152.46787861152	764.67698705646	0.00000000000	0.81860416948
3154.49051356335	764.66372352493	0.00000000000	0.81916736246
3156.59615045835	764.64991099077	0.00000000000	0.81975374335
3158.51922793202	764.63729192471	0.00000000000	0.82028935304
3160.49145928884	764.62434638185	0.00000000000	0.82083872064
3162.46318903417	764.61140026460	0.00000000000	0.82138801715
3164.38367684359	764.59878698821	0.00000000000	0.82192310445
3166.35442657401	764.58584001690	0.00000000000	0.82247226361
3168.35584068287	764.57268799277	0.00000000000	0.82303003800
3170.30122369632	764.55990080585	0.00000000000	0.82357226520
3172.24611004258	764.54711368127	0.00000000000	0.82411442120
3174.16837392310	764.53447225622	0.00000000000	0.82465033709
3176.16786267882	764.52131988765	0.00000000000	0.82520785267
3178.16685083545	764.50816778390	0.00000000000	0.82576529997
3180.41737433346	764.49335726128	0.00000000000	0.82639297702
3182.38414934991	764.48041118468	0.00000000000	0.82694159004
3184.71524378327	764.46506370236	0.00000000000	0.82759191620
3186.83720907937	764.45109011463	0.00000000000	0.82818398450
3188.76859139921	764.43836922039	0.00000000000	0.82872294688
3190.70888284170	764.42558752005	0.00000000000	0.82926446296
3192.63926164200	764.41286911398	0.00000000000	0.82980327980
3194.63426262039	764.39972295600	0.00000000000	0.83036020493
3196.54654817569	764.38712007222	0.00000000000	0.83089410665
3198.52415696523	764.37408495612	0.00000000000	0.83144631588
3200.77009402153	764.35927922030	0.00000000000	0.83207353650
3202.68514255184	764.34665324480	0.00000000000	0.83260842243
3204.63325198896	764.33380796684	0.00000000000	0.83315261082
3206.82524327578	764.31935313698	0.00000000000	0.83376500809
3208.75155037683	764.30664917302	0.00000000000	0.83430325087
3210.96867546519	764.29202607774	0.00000000000	0.83492283683
3213.21181737207	764.27723025388	0.00000000000	0.83554978464
3215.35140859052	764.26311654865	0.00000000000	0.83614787622
3217.37810802984	764.24974685258	0.00000000000	0.83671448784
3219.42479522617	764.23624476727	0.00000000000	0.83728676392
3221.33082575805	764.22367023290	0.00000000000	0.83781978000
3223.57163377729	764.20888678713	0.00000000000	0.83844650108
3225.52777663667	764.19598124278	0.00000000000	0.83899368104
3227.82178164430	764.18084666728	0.00000000000	0.83963545898
3229.86601219018	764.16736010528	0.00000000000	0.84020744109
3231.78658872098	764.15468957848	0.00000000000	0.84074489479
3233.77208914426	764.14159109887	0.00000000000	0.84130058854
3235.88262878387	764.12766826987	0.00000000000	0.84189135786
3237.81113803637	764.11494687101	0.00000000000	0.84243124662
3239.72967638286	764.10229193710	0.00000000000	0.84296841257
3241.75049169780	764.08896323791	0.00000000000	0.84353428881
3244.06833082835	764.07367671606	0.00000000000	0.84418343244
3246.06879884949	764.06048453070	0.00000000000	0.84474377238
3247.99474443121	764.04778498030	0.00000000000	0.84528330888
3249.95973808655	764.03482927283	0.00000000000	0.84583385587
3251.88468088762	764.02213903997	0.00000000000	0.84637325163
3253.84869110127	764.00919280777	0.00000000000	0.84692366624
3256.05552056757	763.99464799390	0.00000000000	0.84754221746
3257.96943032607	763.98203561509	0.00000000000	0.84807874050
3259.86996066460	763.96951322288	0.00000000000	0.84861158116
3261.80379434605	763.95677336941	0.00000000000	0.84915382877
3263.70872086341	763.94422600598	0.00000000000	0.84968803982
3265.63013343650	763.93157222724	0.00000000000	0.85022694364
3267.59068054362	763.91866308831	0.00000000000	0.85077689564
3269.51108943132	763.90602066862	0.00000000000	0.85131565910
3271.50523598321	763.89289548591	0.00000000000	0.85187518343
3273.39894869229	763.88043397084	0.00000000000	0.85240659763
3275.29542865712	763.86795691945	0.00000000000	0.85293885673
3277.22528337827	763.85526315101	0.00000000000	0.85348055298
3279.19945978903	763.84228095309	0.00000000000	0.85403476350
3281.56439777126	763.82673340075	0.00000000000	0.85469877047
3283.59558677197	763.81338386601	0.00000000000	0.85526915564
3285.51191404201	763.80079265412	0.00000000000	0.85580735851
3287.93159049529	763.78489910995	0.00000000000	0.85648702821
3290.18409786045	763.77010872636	0.00000000000	0.85711984236
3292.09881550971	763.75754035171	0.00000000000	0.85765783537
3294.08745163514	763.74449080553	0.00000000000	0.85821667255
3296.33855052914	763.72972408097	0.00000000000	0.85884935781
3299.22804754288	763.71077784720	0.00000000000	0.85966161222
3301.16535494670	763.69808042151	0.00000000000	0.86020629103
3303.11717663258	763.68529235947	0.00000000000	0.86075512407
3305.01915729107	763.67283529968	0.00000000000	0.86129001340
3306.90767363398	763.66047088071	0.00000000000	0.86182118569
3308.79240218537	763.64813579519	0.00000000000	0.86235136174
3310.70243447829	763.63563983385	0.00000000000	0.86288872631
3312.86994426171	763.62146529246	0.00000000000	0.86349861520
3314.77894140821	763.60898663503	0.00000000000	0.86403584035
3317.36118378412	763.59211528003	0.00000000000	0.86476264182
3320.05458569142	763.57452790503	0.00000000000	0.86552086948
3322.16924854892	763.56072711723	0.00000000000	0.86611627426
3324.44131588286	763.54590664820	0.00000000000	0.86675609573
3326.58005999488	763.53196317021	0.00000000000	0.86735846572
3328.93438107475	763.51662266370	0.00000000000	0.86802165640
3331.59737655377	763.49928175828	0.00000000000	0.86877192961
3333.95060846590	763.48396782828	0.00000000000	0.86943504655
3336.50049050003	763.46738486780	0.00000000000	0.87015370122
3338.93700884028	763.45154979073	0.00000000000	0.87084052606
3340.82267913114	763.43930199067	0.00000000000	0.87137215444
3342.83992261274	763.42620676682	0.00000000000	0.87194095561
3344.79833703154	763.41350065416	0.00000000000	0.87249324626
3346.67371007463	763.40134008582	0.00000000000	0.87302219014
3348.54857806216	763.38918952691	0.00000000000	0.87355106172
3350.68178131081	763.37537308605	0.00000000000	0.87415289115
3352.81448824611	763.36156887014	0.00000000000	0.87475467156
3354.68777335182	763.34945135205	0.00000000000	0.87528332676
3356.58649324792	763.33717663387	0.00000000000	0.87581923168
3358.50963810836	763.32475164813	0.00000000000	0.87636210425
3360.91289403956	763.30923575224	0.00000000000	0.87704060893
3363.04316668822	763.29549265372	0.00000000000	0.87764214024
3365.91697920770	763.27696845366	0.00000000000	0.87845377213
3367.79028796915	763.26490325214	0.00000000000	0.87898292818
3370.33242311590	763.24854312393	0.00000000000	0.87970112208
3372.53921320496	763.23435318976	0.00000000000	0.88032468182
3374.64170565652	763.22084449182	0.00000000000	0.88091886272
3376.76886281047	763.20718799539	0.00000000000	0.88152010548
3378.66213752382	763.19504219901	0.00000000000	0.88205531862
3380.64948978109	763.18230227990	0.00000000000	0.88261720528
3382.93582008354	763.16765784571	0.00000000000	0.88326372207
3384.86764537153	763.15529430801	0.00000000000	0.88381007698
3386.87424524730	763.14246226175	0.00000000000	0.88437766034
3388.75528358541	763.13044258213	0.00000000000	0.88490980248
3390.65703722419	763.11829990593	0.00000000000	0.88544787871
3392.78034209598	763.10475390139	0.00000000000	0.88604872772
3395.09161504623	763.09002242059	0.00000000000	0.88670287298
3397.00521362542	763.07783656582	0.00000000000	0.88724455018
3399.07734572453	763.06465249279	0.00000000000	0.88783118819
3400.97647750619	763.05257961292	0.00000000000	0.88836892622
3403.04764155900	763.03942466567	0.00000000000	0.88895546010
3404.91687366012	763.02756274965	0.00000000000	0.88948488501
3406.96332313716	763.01458775309	0.00000000000	0.89006458647
3408.86041405790	763.00257060197	0.00000000000	0.89060205649
3410.75699522277	762.99056725591	0.00000000000	0.89113945685
3412.75718130359	762.97791978331	0.00000000000	0.89170629498
3414.63146333654	762.96607932889	0.00000000000	0.89223752846
3416.48766796486	762.95436358767	0.00000000000	0.89276371042
3418.71058880334	762.94034717310	0.00000000000	0.89339394084
3421.46281918223	762.92301452428	0.00000000000	0.89417438143
3423.34458991927	762.91117746325	0.00000000000	0.89470808007
3425.70473172544	762.89634720890	0.00000000000	0.89537755701
3428.42795705222	762.87925778987	0.00000000000	0.89615017152
3430.95596846085	762.86341510807	0.00000000000	0.89686754099
3433.20300242329	762.84935102456	0.00000000000	0.89750529106
3435.05908616257	762.83774662380	0.00000000000	0.89803216257
3437.07540231409	762.82515363504	0.00000000000	0.89860460049
3439.04840741161	762.81284458278	0.00000000000	0.89916482557
3441.48944614445	762.79763418145	0.00000000000	0.89985806068
3443.35655242012	762.78601404034	0.00000000000	0.90038838902
3445.32800875755	762.77375778870	0.00000000000	0.90094843710
3447.17757559620	762.76227186243	0.00000000000	0.90147393421
3449.05285463045	762.75063878508	0.00000000000	0.90200681106
3450.91026753783	762.73912907801	0.00000000000	0.90253468503
3452.76164751309	762.72766928266	0.00000000000	0.90306091778
3455.00347250676	762.71380958204	0.00000000000	0.90369822800
3457.35621573568	762.69928425195	0.00000000000	0.90436718600
3459.20260688506	762.68789959179	0.00000000000	0.90489225551
3461.05183136339	762.67651041421	0.00000000000	0.90541820412
3462.91375401175	762.66505623581	0.00000000000	0.90594783857
3464.81010261614	762.65340401064	0.00000000000	0.90648734237
3466.65333253166	762.64209157041	0.00000000000	0.90701180839
3468.91944061661	762.62820205842	0.00000000000	0.90765669912
3471.04985226285	762.61516279053	0.00000000000	0.90826307445
3472.94411075791	762.60358412595	0.00000000000	0.90880231639
3474.85313809295	762.59192980398	0.00000000000	0.90934584127
3476.73269554423	762.58036942574	0.00000000000	0.90988109310
3478.93621062628	762.56327652180	0.00000000000	0.91051012217
3480.88126761164	762.53906877879	0.00000000000	0.91106911600
3482.68584153893	762.50363292452	0.00000000000	0.91159301262
3484.58399529897	762.44707379678	0.00000000000	0.91215188582
3486.35680130009	762.37044824676	0.00000000000	0.91268346763
3488.09080113947	762.26681969789	0.00000000000	0.91321498149
3490.20708826254	762.09166116154	0.00000000000	0.91388335150
3492.13818507718	761.88828278492	0.00000000000	0.91451209316
3493.80473279108	761.69446335562	0.00000000000	0.91506504804
3495.57013557784	761.48813408740	0.00000000000	0.91565623541
3497.78267453038	761.25641178666	0.00000000000	0.91639657598
3499.45448147894	761.12111968866	0.00000000000	0.91694935032
3501.39567062259	761.02595028489	0.00000000000	0.91757788729
3503.84121345748	761.02258145618	0.00000000000	0.91834182657
3506.00073584245	761.13865560911	0.00000000000	0.91898599310
3507.93488502558	761.30844647631	0.00000000000	0.91954416560
3510.75228820528	761.56584873665	0.00000000000	0.92034678687
3512.60688880959	761.71209465734	0.00000000000	0.92087469562
3514.54726565069	761.84519170247	0.00000000000	0.92142704944
3516.41081233708	761.95505172342	0.00000000000	0.92195761416
3518.31448231544	762.05032118869	0.00000000000	0.92249973969
3520.18820784645	762.12854365265	0.00000000000	0.92303352694
3522.21148720732	762.19704264342	0.00000000000	0.92361019165
3524.41379286907	762.25443441231	0.00000000000	0.92423828008
3526.83783004390	762.29911615870	0.00000000000	0.92493018742
3528.68370854292	762.32165245113	0.00000000000	0.92545754665
3530.54924700273	762.33559222499	0.00000000000	0.92599100246
3532.41268027659	762.34179571308	0.00000000000	0.92652439204
3534.23452265919	762.34150888927	0.00000000000	0.92704644698
3536.09324101287	762.33587658299	0.00000000000	0.92757970417
3537.91455818423	762.32623308960	0.00000000000	0.92810290691
3539.75612506527	762.31345656545	0.00000000000	0.92863266133
3541.77957995463	762.29726354342	0.00000000000	0.92921565629
3543.95414702198	762.27903950282	0.00000000000	0.92984334383
3545.92303064293	762.26336600545	0.00000000000	0.93041276970
3547.75032868769	762.25082272795	0.00000000000	0.93094225467
3549.75749454245	762.24068715211	0.00000000000	0.93152504766
3551.55389548071	762.23608889277	0.00000000000	0.93204776158
3553.36897763336	762.23693730492	0.00000000000	0.93257704469
3555.67887626112	762.24787668919	0.00000000000	0.93325236051
3557.92678199460	762.27133118484	0.00000000000	0.93391153941
3559.71637752509	762.30057544469	0.00000000000	0.93443780200
3561.81759252017	762.34720716231	0.00000000000	0.93505733963
3564.63249067501	762.42840003256	0.00000000000	0.93588976684
3566.49053036549	762.49232519533	0.00000000000	0.93644056808
3568.38483365126	762.56480550670	0.00000000000	0.93700304698
3570.29765794455	762.64444311052	0.00000000000	0.93757182449
3572.07366734613	762.72325183686	0.00000000000	0.93810050311
3574.00467861467	762.81321660019	0.00000000000	0.93867580811
3576.10802621178	762.91499438697	0.00000000000	0.93930284601
3578.39849909127	763.02864093859	0.00000000000	0.93998588695
3580.14810920113	763.11628155773	0.00000000000	0.94050762461
3582.49349324547	763.23327295238	0.00000000000	0.94120677137
3584.44707479412	763.32895135189	0.00000000000	0.94178870983
3586.87772862594	763.44387145620	0.00000000000	0.94251196323
3589.57729239500	763.56360496584	0.00000000000	0.94331382992
3591.51657053981	763.64288834201	0.00000000000	0.94388872363
3593.37526759520	763.71303591800	0.00000000000	0.94443875407
3595.27684506684	763.77903765853	0.00000000000	0.94500050981
3597.09160387768	763.83675181568	0.00000000000	0.94553573385
3598.97837540818	763.89146118347	0.00000000000	0.94609130670
3600.76374573562	763.93841069803	0.00000000000	0.94661620930
3602.53500035518	763.98049997141	0.00000000000	0.94713620357
3604.34639572424	764.01906109952	0.00000000000	0.94766722293
3606.26426133151	764.05510786475	0.00000000000	0.94822864234
3608.04572621350	764.08433036778	0.00000000000	0.94874940687
3610.19150360658	764.11427456579	0.00000000000	0.94937576997
3612.53335173828	764.14065779191	0.00000000000	0.95005828575
3614.65862655745	764.15915278061	0.00000000000	0.95067674284
3616.46286344167	764.17095331514	0.00000000000	0.95120110154
3618.25558720260	764.17926855448	0.00000000000	0.95172152055
3620.08505630679	764.18438273659	0.00000000000	0.95225201687
3621.90446388658	764.18622321921	0.00000000000	0.95277902513
3623.75108053913	764.18491632372	0.00000000000	0.95331335369
3625.86315572223	764.17967353361	0.00000000000	0.95392382775
3628.00425798797	764.17047366637	0.00000000000	0.95454199625
3629.99397518936	764.15859815394	0.00000000000	0.95511585748
3632.19387751599	764.14194145288	0.00000000000	0.95574969708
3634.03523222331	764.12530695699	0.00000000000	0.95627973681
3635.92442729976	764.10583314832	0.00000000000	0.95682310106
3638.04783257379	764.08120427001	0.00000000000	0.95743331423
3639.88106815739	764.05775056863	0.00000000000	0.95795972430
3641.77405019659	764.03154043970	0.00000000000	0.95850290734
3643.68686624413	764.00313620682	0.00000000000	0.95905140712
3645.49952717913	763.97456397502	0.00000000000	0.95957085909
3647.96589060723	763.93331544406	0.00000000000	0.96027716138
3649.99360144784	763.89754238576	0.00000000000	0.96085745877
3651.80893729703	763.86423446246	0.00000000000	0.96137670404
3653.62141362269	763.82989124464	0.00000000000	0.96189489151
3655.53953081133	763.79249023675	0.00000000000	0.96244304012
3657.35305719649	763.75625012191	0.00000000000	0.96296108913
3659.22024583708	763.71816843512	0.00000000000	0.96349427240
3661.08784831168	763.67942085957	0.00000000000	0.96402739484
3663.09573789632	763.63717117795	0.00000000000	0.96460038522
3665.23261717341	763.59170273479	0.00000000000	0.96521000812
3667.04772642830	763.55280738748	0.00000000000	0.96572771133
3668.88012909272	763.51340862587	0.00000000000	0.96625025079
3670.74881742099	763.47321245885	0.00000000000	0.96678305641
3672.63331005261	763.43278311592	0.00000000000	0.96732030387
3674.88197829463	763.38485670710	0.00000000000	0.96796131569
3676.69695705562	763.34656229037	0.00000000000	0.96847867359
3678.61751327007	763.30655343837	0.00000000000	0.96902612218
3680.67572688323	763.26441203670	0.00000000000	0.96961282748
3682.61603119869	763.22552595119	0.00000000000	0.97016596085
3685.23270091102	763.17462640050	0.00000000000	0.97091200661
3687.73597920598	763.12787582762	0.00000000000	0.97162587053
3689.54831909350	763.09538681506	0.00000000000	0.97214281431
3691.39955571421	763.06351086461	0.00000000000	0.97267097330
3693.22779467534	763.03344841077	0.00000000000	0.97319270824
3695.30775184567	763.00110958202	0.00000000000	0.97378646576
3697.28754201535	762.97232190491	0.00000000000	0.97435183798
3699.10512100051	762.94773584238	0.00000000000	0.97487108638
3700.93985993799	762.92482919452	0.00000000000	0.97539544870
3702.78571490970	762.90384333667	0.00000000000	0.97592322073
3704.71714909842	762.88423010828	0.00000000000	0.97647573186
3706.89874421136	762.86513731463	0.00000000000	0.97710016313
3709.02398816892	762.84984886805	0.00000000000	0.97770885911
3711.39994629867	762.83686391686	0.00000000000	0.97838985858
3713.46852464225	762.82929242159	0.00000000000	0.97898321315
3715.31983935162	762.82561782000	0.00000000000	0.97951463094
3717.46531735376	762.82520185180	0.00000000000	0.98013096761
3719.25860243260	762.82815997132	0.00000000000	0.98064654502
3721.15699743976	762.83471341287	0.00000000000	0.98119277597
3723.19080639049	762.84579943185	0.00000000000	0.98177848907
3725.10560908033	762.86023607261	0.00000000000	0.98233044376
3727.11017286817	762.87967196606	0.00000000000	0.98290883160
3728.89528532031	762.90084092514	0.00000000000	0.98342440185
3730.78370277534	762.92733721515	0.00000000000	0.98397034427
3732.56477364380	762.95632306986	0.00000000000	0.98448577715
3734.38304631694	762.99004881929	0.00000000000	0.98501252095
3736.21308240949	763.02834647411	0.00000000000	0.98554324861
3738.30726954703	763.07770993001	0.00000000000	0.98615131817
3740.08846745330	763.12449830812	0.00000000000	0.98666914826
3742.17708847436	763.18517261367	0.00000000000	0.98727712990
3744.09000399433	763.24641963717	0.00000000000	0.98783472708
3746.44891064851	763.32967511234	0.00000000000	0.98852336763
3748.71983391466	763.41816779951	0.00000000000	0.98918745042
3750.47763314440	763.49247004301	0.00000000000	0.98970226795
3752.37805386275	763.57867138541	0.00000000000	0.99025965379
3754.39470457990	763.67700479799	0.00000000000	0.99085206403
3756.14264102043	763.76810992500	0.00000000000	0.99136633909
3758.17837871733	763.88128670818	0.00000000000	0.99196625830
3759.93036713362	763.98494290704	0.00000000000	0.99248341610
3761.68719263909	764.09484866567	0.00000000000	0.99300282114
3763.42294428905	764.20944560330	0.00000000000	0.99351682291
3765.52388479377	764.35635229117	0.00000000000	0.99414009743
3767.46627995506	764.50037551213	0.00000000000	0.99471747035
3769.19277264467	764.63518092102	0.00000000000	0.99523160645
3771.22841190372	764.80254781556	0.00000000000	0.99583897153
3773.05026690415	764.96026205165	0.00000000000	0.99638365077
3775.07730400574	765.14476752078	0.00000000000	0.99699092857
3777.07391224209	765.33604237814	0.00000000000	0.99759041847
3778.79818718023	765.50903930367	0.00000000000	0.99810922837
3780.50555585131	765.68764373479	0.00000000000	0.99862397111
3782.67427544341	765.92524456600	0.00000000000	0.99927930403
3785.05273100123	766.20001220703	0.00000000000	1.00000000000
