-0.00290949569	-0.01841596822	0.00000000000
-0.00291588477	-0.01842880314	0.00000000000
-0.00293071952	-0.01845982304	0.00000000000
-0.00303451964	-0.01862504483	0.00000000000
-0.00326181200	-0.01893649105	0.00000000000
-0.00377047861	-0.01935912962	0.00000000000
-0.00392050557	-0.01948633478	0.00000000000
-0.00410944374	-0.01981684788	0.00000000000
-0.00449465240	-0.02032090580	0.00000000000
-0.00520374776	-0.02084581405	0.00000000000
-0.00554028689	-0.02102970364	0.00000000000
-0.00572563300	-0.02112806659	0.00000000000
-0.00594100346	-0.02117746998	0.00000000000
-0.00611360645	-0.02115487399	0.00000000000
-0.00660339613	-0.02125163432	0.00000000000
-0.00686156156	-0.02114456422	0.00000000000
-0.00749737617	-0.02119806019	0.00000000000
-0.00787937534	-0.02101611886	0.00000000000
-0.00786462738	-0.02117516929	0.00000000000
-0.00931206303	-0.02004554096	0.00000000000
-0.00931760077	-0.02023182772	0.00000000000
-0.00995437827	-0.01963389829	0.00000000000
-0.01007854076	-0.01933763973	0.00000000000
-0.01088605103	-0.01867526874	0.00000000000
-0.01059942591	-0.01882395083	0.00000000000
-0.01154658778	-0.01765836207	0.00000000000
-0.01142302278	-0.01756017829	0.00000000000
-0.01175800547	-0.01697582817	0.00000000000
-0.01195854729	-0.01597726585	0.00000000000
-0.01215462600	-0.01335221860	0.00000000000
-0.01073779162	-0.01151431453	0.00000000000
-0.00968631116	-0.01084288389	0.00000000000
-0.00931101529	-0.01056941974	0.00000000000
-0.00905468367	-0.01045954596	0.00000000000
-0.00876422039	-0.01028456291	0.00000000000
-0.00783608364	-0.00988353751	0.00000000000
-0.00655511084	-0.00948419747	0.00000000000
-0.00503895752	-0.00924937627	0.00000000000
-0.00421300476	-0.00884886468	0.00000000000
-0.00325838726	-0.00838104450	0.00000000000
-0.00248995393	-0.00773423312	0.00000000000
-0.00194999274	-0.00724015409	0.00000000000
-0.00180643628	-0.00714053863	0.00000000000
-0.00167335291	-0.00700571453	0.00000000000
-0.00148198790	-0.00686560331	0.00000000000
-0.00129030709	-0.00667230211	0.00000000000
-0.00092481667	-0.00650024278	0.00000000000
-0.00072373145	-0.00617020442	0.00000000000
-0.00059458695	-0.00606099976	0.00000000000
-0.00089973312	-0.00588239096	0.00000000000
-0.00071232968	-0.00563761352	0.00000000000
-0.00112371325	-0.00557231715	0.00000000000
-0.00125125816	-0.00534955689	0.00000000000
-0.00163681485	-0.00528771745	0.00000000000
-0.00190362935	-0.00515977319	0.00000000000
-0.00338425038	-0.00481781947	0.00000000000
-0.00468510504	-0.00489354780	0.00000000000
-0.00632256084	-0.00418726754	0.00000000000
-0.00718117493	-0.00360879903	0.00000000000
-0.00781422370	-0.00304293871	0.00000000000
-0.00843533183	-0.00226711972	0.00000000000
-0.00871684634	-0.00171204762	0.00000000000
-0.00883968326	-0.00165791243	0.00000000000
-0.00907732090	-0.00062728252	0.00000000000
-0.00906017077	-0.00128181580	0.00000000000
-0.00926742789	0.00128243031	0.00000000000
-0.00896312272	0.00061355925	0.00000000000
-0.00898767155	0.00168764303	0.00000000000
-0.00859893680	0.00167226053	0.00000000000
-0.00861723559	0.00219391951	0.00000000000
-0.00825665882	0.00244318263	0.00000000000
-0.00768291487	0.00322237244	0.00000000000
-0.00544744562	0.00501220112	0.00000000000
-0.00349080491	0.00470808634	0.00000000000
-0.00145336156	0.00529023108	0.00000000000
-0.00104086000	0.00554288858	0.00000000000
-0.00075968837	0.00566520822	0.00000000000
-0.00083838556	0.00584297369	0.00000000000
-0.00060912117	0.00610299798	0.00000000000
-0.00068101527	0.00605742656	0.00000000000
-0.00078701867	0.00635450781	0.00000000000
-0.00083087386	0.00627978804	0.00000000000
-0.00101554291	0.00655365181	0.00000000000
-0.00104328102	0.00648513185	0.00000000000
-0.00126793465	0.00671009147	0.00000000000
-0.00128744110	0.00669316462	0.00000000000
-0.00181314351	0.00709478634	0.00000000000
-0.00264752190	0.00791378995	0.00000000000
-0.00400199551	0.00878977457	0.00000000000
-0.00510719840	0.00921356614	0.00000000000
-0.00593723494	0.00937427899	0.00000000000
-0.00658025083	0.00951746053	0.00000000000
-0.00761236868	0.00979866233	0.00000000000
-0.00870035553	0.01016474707	0.00000000000
-0.00972064456	0.01084326504	0.00000000000
-0.01091550753	0.01172868322	0.00000000000
-0.01213455128	0.01346964877	0.00000000000
-0.01196902713	0.01598432251	0.00000000000
-0.01175342950	0.01696879333	0.00000000000
-0.01142297546	0.01757623858	0.00000000000
-0.01155437920	0.01763243512	0.00000000000
-0.01065400067	0.01877097757	0.00000000000
-0.01087882320	0.01868694182	0.00000000000
-0.01005602499	0.01935530778	0.00000000000
-0.00991466867	0.01969341458	0.00000000000
-0.00929826991	0.02023656146	0.00000000000
-0.00932391196	0.02006157084	0.00000000000
-0.00784747911	0.02116797488	0.00000000000
-0.00789369981	0.02101758456	0.00000000000
-0.00746085931	0.02120069506	0.00000000000
-0.00689972417	0.02114269849	0.00000000000
-0.00656277068	0.02125645733	0.00000000000
-0.00614826510	0.02115161477	0.00000000000
-0.00586141901	0.02118798719	0.00000000000
-0.00471971547	0.02065459432	0.00000000000
-0.00417166544	0.01991442249	0.00000000000
-0.00388992372	0.01944892487	0.00000000000
-0.00373243041	0.01933422932	0.00000000000
-0.00332706617	0.01898370437	0.00000000000
-0.00305714030	0.01866193065	0.00000000000
-0.00295538864	0.01849954245	0.00000000000
-0.00292274941	0.01844292841	0.00000000000
-0.00291315419	0.01842344682	0.00000000000
-0.00290965338	0.01841599725	0.00000000000
