20.00000000000	71.00000000000	0.00000000000
20.01176703464	87.19990358475	0.00000000000
20.03820464653	32.41398401859	0.00000000000
20.08385225410	81.44555087604	0.00000000000
20.13258796801	42.36616855514	0.00000000000
20.20392346690	77.79847647321	0.00000000000
20.36718201611	28.40450776552	0.00000000000
20.67100559509	121.81514005811	0.00000000000
21.12260745280	-34.62960221327	0.00000000000
21.56641676543	212.85584135395	0.00000000000
21.93562153175	-161.80521441700	0.00000000000
22.20262960391	871.04913869492	0.00000000000
22.42644519062	-733.68122432045	0.00000000000
22.55297944453	4138.72152919327	0.00000000000
22.60893137507	-10836.91284249306	0.00000000000
22.95822655193	67441.49711318404	0.00000000000
22.59297721524	45651.03426084851	0.00000000000
23.55034606994	74055.90643240475	0.00000000000
21.56620200474	-1475.97085387058	0.00000000000
27.30656996481	8848.40864184309	0.00000000000
36.41834809084	-17884.52372176994	0.00000000000
39.65010295730	22084.76092069896	0.00000000000
36.58863126326	-12333.01199965595	0.00000000000
49.56106672164	-6321.95180600314	0.00000000000
45.28531827554	28611.04879682865	0.00000000000
47.33766475225	74938.45057916146	0.00000000000
46.12667996788	7202.45781351536	0.00000000000
46.64826924973	29283.04346583656	0.00000000000
46.60341588008	39168.85114429994	0.00000000000
46.41255713248	4254.74468440075	0.00000000000
47.08840519221	62277.52911457999	0.00000000000
45.73608518988	-10564.36012411184	0.00000000000
48.15210616169	2842.80684337616	0.00000000000
52.52033006056	-452.81236345169	0.00000000000
53.08201489626	-31.82913068552	0.00000000000
53.29523158735	1379.72988902716	0.00000000000
54.89044096787	-5612.36667742380	0.00000000000
54.45565785602	9617.22565887126	0.00000000000
55.56465103083	-3500.03286848114	0.00000000000
62.61167851298	8461.02549787460	0.00000000000
70.88178151297	-12140.82851870328	0.00000000000
74.31283366928	18175.35072765078	0.00000000000
71.92058809830	-2588.09380718028	0.00000000000
73.03491456168	22041.42957072681	0.00000000000
72.50798054936	12639.43618085107	0.00000000000
72.88199358591	-5257.40762340534	0.00000000000
74.52083900104	1770.82588753499	0.00000000000
74.75315333448	-1507.69948254655	0.00000000000
75.04408583748	713.92383361302	0.00000000000
75.09452916489	-416.50429857028	0.00000000000
75.14226410234	300.61099978623	0.00000000000
75.17998653415	-126.84056776010	0.00000000000
75.22225036194	118.06753435217	0.00000000000
75.26988891931	5.28107152096	0.00000000000
75.35168280181	55.85810127902	0.00000000000
75.43850128275	24.30896555794	0.00000000000
75.53559247486	31.62969517128	0.00000000000
75.77510160213	27.17549349429	0.00000000000
76.02842340940	25.12668072688	0.00000000000
76.27031236735	23.64069074185	0.00000000000
76.32165788900	39.89509143112	0.00000000000
76.38524404917	18.26489106487	0.00000000000
76.42424783550	33.05891604509	0.00000000000
76.51351259696	22.47822689599	0.00000000000
77.01571842334	26.40764006019	0.00000000000
77.50474994675	26.42196456542	0.00000000000
77.95870364548	26.34357414313	0.00000000000
77.99617261864	17.19702152469	0.00000000000
78.04395270037	34.86451199635	0.00000000000
78.08766120315	17.47025293735	0.00000000000
78.15165960942	27.28773337202	0.00000000000
78.28513280071	24.63322165240	0.00000000000
78.44432480301	19.05907602461	0.00000000000
78.59217494642	23.30828628238	0.00000000000
78.65427762422	30.85556783477	0.00000000000
78.70612905676	18.90233466920	0.00000000000
78.74888190520	27.44522691709	0.00000000000
78.79714001745	22.12995992824	0.00000000000
78.84498554902	23.85610821720	0.00000000000
78.92417448712	18.17406140824	0.00000000000
79.01452730418	30.25131895009	0.00000000000
79.10753710229	15.84650784593	0.00000000000
79.17843422961	26.83754337921	0.00000000000
79.25003761855	19.37767260553	0.00000000000
79.30414720131	31.69308203087	0.00000000000
79.36276929611	30.81345995539	0.00000000000
79.44117165550	21.48116749218	0.00000000000
79.53092049555	21.00047887234	0.00000000000
79.61048012544	29.70650929186	0.00000000000
79.66449859199	24.59810077750	0.00000000000
79.70246723541	24.48829338959	0.00000000000
79.74292112681	24.57471623600	0.00000000000
79.84134623527	33.53416917889	0.00000000000
79.93077442602	18.54331254240	0.00000000000
80.00000000000	29.00000000000	0.00000000000
