1	1.76462e-03	1.76462e-03	0.00000e+00	0.00000e+00	0.00000e+00
2	1.75404e-03	1.75404e-03	0.00000e+00	0.00000e+00	0.00000e+00
3	1.72973e-03	1.72973e-03	0.00000e+00	0.00000e+00	0.00000e+00
4	1.65308e-03	1.65308e-03	0.00000e+00	0.00000e+00	0.00000e+00
5	1.52775e-03	1.52775e-03	0.00000e+00	0.00000e+00	0.00000e+00
7	1.52712e-03	1.52712e-03	0.00000e+00	0.00000e+00	0.00000e+00
8	1.52705e-03	1.52705e-03	0.00000e+00	0.00000e+00	0.00000e+00
9	1.52544e-03	1.52544e-03	0.00000e+00	0.00000e+00	0.00000e+00
10	1.40590e-03	1.40590e-03	0.00000e+00	0.00000e+00	0.00000e+00
11	1.40482e-03	1.40482e-03	0.00000e+00	0.00000e+00	0.00000e+00
12	1.39152e-03	1.39152e-03	0.00000e+00	0.00000e+00	0.00000e+00
13	1.27735e-03	1.27735e-03	0.00000e+00	0.00000e+00	0.00000e+00
14	1.18931e-03	1.18931e-03	0.00000e+00	0.00000e+00	0.00000e+00
15	1.10859e-03	1.10859e-03	0.00000e+00	0.00000e+00	0.00000e+00
16	1.04754e-03	1.04754e-03	0.00000e+00	0.00000e+00	0.00000e+00
17	1.02550e-03	1.02550e-03	0.00000e+00	0.00000e+00	0.00000e+00
24	1.00254e-03	1.00254e-03	0.00000e+00	0.00000e+00	0.00000e+00
25	9.99803e-04	9.99803e-04	0.00000e+00	0.00000e+00	0.00000e+00
41	9.62980e-04	9.62980e-04	0.00000e+00	0.00000e+00	0.00000e+00
42	9.05698e-04	9.05698e-04	0.00000e+00	0.00000e+00	0.00000e+00
43	8.28451e-04	8.28451e-04	0.00000e+00	0.00000e+00	0.00000e+00
44	8.22928e-04	8.22928e-04	0.00000e+00	0.00000e+00	0.00000e+00
45	8.04496e-04	8.04496e-04	0.00000e+00	0.00000e+00	0.00000e+00
46	7.78515e-04	7.78515e-04	0.00000e+00	0.00000e+00	0.00000e+00
47	6.55277e-04	6.55277e-04	0.00000e+00	0.00000e+00	0.00000e+00
48	6.36645e-04	6.36645e-04	0.00000e+00	0.00000e+00	0.00000e+00
49	5.96020e-04	5.96020e-04	0.00000e+00	0.00000e+00	0.00000e+00
50	5.93627e-04	5.93627e-04	0.00000e+00	0.00000e+00	0.00000e+00
51	5.91888e-04	5.91888e-04	0.00000e+00	0.00000e+00	0.00000e+00
52	5.65460e-04	5.65460e-04	0.00000e+00	0.00000e+00	0.00000e+00
53	5.60930e-04	5.60930e-04	0.00000e+00	0.00000e+00	0.00000e+00
54	5.58962e-04	5.58962e-04	0.00000e+00	0.00000e+00	0.00000e+00
55	5.52126e-04	5.52126e-04	0.00000e+00	0.00000e+00	0.00000e+00
56	5.50003e-04	5.50003e-04	0.00000e+00	0.00000e+00	0.00000e+00
57	5.50000e-04	5.50000e-04	0.00000e+00	0.00000e+00	0.00000e+00
58	5.49999e-04	5.49999e-04	0.00000e+00	0.00000e+00	0.00000e+00
59	5.49924e-04	5.49924e-04	0.00000e+00	0.00000e+00	0.00000e+00
64	5.49917e-04	5.49917e-04	0.00000e+00	0.00000e+00	0.00000e+00
65	5.49901e-04	5.49901e-04	0.00000e+00	0.00000e+00	0.00000e+00
