0.00000000000 -1.0
0.00000000000 -1.0
0.00000000000 -1.0
0.00000000000 -1.0
0.00029723198 -1.0
0.00088639052 -1.0
0.00129293800 -1.0
0.00172844073 -1.0
0.00336996832 -1.0
0.00590482278 -1.0
0.01182314845 -1.0
0.01693568299 -1.0
0.01942280498 -1.0
0.02342522301 -1.0
0.02698972913 -1.0
0.02808351267 -1.0
0.03207186879 -1.0
0.05873032046 -1.0
0.06246023355 -1.0
0.06430026438 -1.0
0.07444472885 -1.0
0.08578741246 -1.0
0.31480496199 -1.0
0.32081890092 -1.0
0.33145318522 -1.0
0.45926989791 -1.0
0.46262364748 -1.0
0.47434908299 -1.0
0.48520574910 -1.0
0.49334180378 -1.0
0.50252007926 -1.0
0.51532735210 -1.0
0.52429228308 -1.0
0.52895726154 -1.0
0.61935355238 -1.0
0.63578738043 -1.0
0.64028545408 -1.0
0.64105198348 -1.0
0.64405889911 -1.0
0.66901065110 -1.0
0.67130297945 -1.0
0.72716488849 -1.0
0.88076666170 -1.0
0.88887378961 -1.0
0.89510614286 -1.0
0.90078109105 -1.0
0.90729035349 -1.0
0.94193411197 -1.0
0.94477104960 -1.0
0.95029035134 -1.0
0.95163512240 -1.0
0.95183393593 -1.0
0.95242893416 -1.0
0.95263930097 -1.0
0.95326137943 -1.0
0.95365216981 -1.0
0.95403975281 -1.0
0.95563558530 -1.0
0.95626210761 -1.0
0.95709298198 -1.0
0.96288340439 -1.0
0.96328540459 -1.0
0.96426918179 -1.0
0.96445894199 -1.0
0.96505009263 -1.0
0.96548167520 -1.0
0.96723715496 -1.0
0.97943260617 -1.0
0.97983184854 -1.0
0.98040600159 -1.0
0.98060733395 -1.0
0.98121253004 -1.0
0.98179241379 -1.0
0.98239538474 -1.0
0.98530606908 -1.0
0.98628791205 -1.0
0.98669936833 -1.0
0.98728023583 -1.0
0.98768854207 -1.0
0.98809363076 -1.0
0.98869089594 -1.0
0.98911805809 -1.0
0.99064864380 -1.0
0.99106087137 -1.0
0.99202544213 -1.0
0.99261455409 -1.0
0.99320856151 -1.0
0.99361467306 -1.0
0.99441071784 -1.0
0.99556232419 -1.0
0.99614848425 -1.0
0.99674091166 -1.0
0.99715673859 -1.0
0.99734747989 -1.0
0.99794705989 -1.0
1.00000000000 -1.0
1.00000000000 -1.0
1.00000000000 -1.0
1.00000000000 -1.0
