0.00000000000	0.00000000000	0.00000000000
0.02274153354	0.09875306014	0.00000000000
0.10069393916	-0.38787577225	0.00000000000
0.19248903073	0.49625682509	0.00000000000
0.38650445525	-0.80659592524	0.00000000000
0.57353074077	1.29799290582	0.00000000000
0.85461180992	-0.77077608174	0.00000000000
1.04358610255	-0.29673549448	0.00000000000
1.31117174745	0.41489922797	0.00000000000
1.35803484779	1.41981428901	0.00000000000
1.43899005617	-0.19962062385	0.00000000000
1.78006812482	-1.96060501262	0.00000000000
2.01662233954	-4.08284602309	0.00000000000
2.18518500000	-5.73611100000	0.00000000000
