  0.00000000000000e+00   0.00000000000000e+00   0.00000000000000e+00   0.00000000000000e+00 
  4.94995802132711e-02  -3.64316043310611e-02   0.00000000000000e+00   1.69491525423729e-02 
  9.28087641366205e-02  -9.95646890740038e-02   0.00000000000000e+00   3.38983050847458e-02 
  1.34332036764521e-01  -4.86343785263619e-03   0.00000000000000e+00   5.08474576271186e-02 
  1.75062550568460e-01   1.26599134896567e-01   0.00000000000000e+00   6.77966101694915e-02 
  2.15975159858985e-01   1.72110749279268e-01   0.00000000000000e+00   8.47457627118644e-02 
  2.57822528318141e-01   4.23459278969723e-02   0.00000000000000e+00   1.01694915254237e-01 
  2.99989774996274e-01  -1.46530850433525e-01   0.00000000000000e+00   1.18644067796610e-01 
  3.41552681723388e-01  -2.31223831486092e-01   0.00000000000000e+00   1.35593220338983e-01 
  3.82622733350667e-01  -2.00865109420896e-01   0.00000000000000e+00   1.52542372881356e-01 
  4.23629968206589e-01  -9.14703059329214e-02   0.00000000000000e+00   1.69491525423729e-01 
  4.65004510686542e-01   6.09322902725911e-02   0.00000000000000e+00   1.86440677966102e-01 
  5.07176485185908e-01   2.20314390490403e-01   0.00000000000000e+00   2.03389830508475e-01 
  5.50576016100075e-01   3.50647706015273e-01   0.00000000000000e+00   2.20338983050847e-01 
  5.95633227824427e-01   4.15903948141964e-01   0.00000000000000e+00   2.37288135593220e-01 
  6.42777195590242e-01   3.80134400962122e-01   0.00000000000000e+00   2.54237288135593e-01 
  6.92122586440059e-01   2.31236321510874e-01   0.00000000000000e+00   2.71186440677966e-01 
  7.43030895881854e-01   1.42305045630369e-02   0.00000000000000e+00   2.88135593220339e-01 
  7.94753186611846e-01  -2.17486589536677e-01   0.00000000000000e+00   3.05084745762712e-01 
  8.46540521326252e-01  -4.10518500443555e-01   0.00000000000000e+00   3.22033898305085e-01 
  8.97659295488366e-01  -5.11709080642014e-01   0.00000000000000e+00   3.38983050847458e-01 
  9.49119993747539e-01  -4.95237562095358e-01   0.00000000000000e+00   3.55932203389831e-01 
  1.00526217333046e+00  -3.87460246002805e-01   0.00000000000000e+00   3.72881355932203e-01 
  1.07073910247837e+00  -2.20478476856683e-01   0.00000000000000e+00   3.89830508474576e-01 
  1.14501459348208e+00  -1.57737142909147e-02   0.00000000000000e+00   4.06779661016949e-01 
  1.21846811299564e+00   2.23763105922410e-01   0.00000000000000e+00   4.23728813559322e-01 
  1.28056196441865e+00   4.97117963096734e-01   0.00000000000000e+00   4.40677966101695e-01 
  1.32163599293132e+00   7.97872098366862e-01   0.00000000000000e+00   4.57627118644068e-01 
  1.34475480178143e+00   1.04123557184938e+00   0.00000000000000e+00   4.74576271186441e-01 
  1.36235387858944e+00   1.08773014548916e+00   0.00000000000000e+00   4.91525423728814e-01 
  1.38132499661103e+00   9.11111490085524e-01   0.00000000000000e+00   5.08474576271186e-01 
  1.40236772357293e+00   6.08018561479212e-01   0.00000000000000e+00   5.25423728813559e-01 
  1.42587158643932e+00   2.80340018110271e-01   0.00000000000000e+00   5.42372881355932e-01 
  1.45189895433113e+00  -1.17415931922691e-02   0.00000000000000e+00   5.59322033898305e-01 
  1.48002716464207e+00  -2.69875614302003e-01   0.00000000000000e+00   5.76271186440678e-01 
  1.50979430780438e+00  -5.00714593306314e-01   0.00000000000000e+00   5.93220338983051e-01 
  1.54073847425032e+00  -7.10911078292592e-01   0.00000000000000e+00   6.10169491525424e-01 
  1.57239775441214e+00  -9.07117617348219e-01   0.00000000000000e+00   6.27118644067797e-01 
  1.60431023872211e+00  -1.09598675856058e+00   0.00000000000000e+00   6.44067796610169e-01 
  1.63601518904803e+00  -1.28415459897050e+00   0.00000000000000e+00   6.61016949152542e-01 
  1.66720265906148e+00  -1.47613959202230e+00   0.00000000000000e+00   6.77966101694915e-01 
  1.69786055980394e+00  -1.67227723335897e+00   0.00000000000000e+00   6.94915254237288e-01 
  1.72801173212821e+00  -1.87241248207337e+00   0.00000000000000e+00   7.11864406779661e-01 
  1.75767901688706e+00  -2.07639029725838e+00   0.00000000000000e+00   7.28813559322034e-01 
  1.78688525493327e+00  -2.28405563800685e+00   0.00000000000000e+00   7.45762711864407e-01 
  1.81565328711962e+00  -2.49525346341166e+00   0.00000000000000e+00   7.62711864406780e-01 
  1.84400595429889e+00  -2.70982873256568e+00   0.00000000000000e+00   7.79661016949153e-01 
  1.87196609732386e+00  -2.92762640456176e+00   0.00000000000000e+00   7.96610169491525e-01 
  1.89955655704731e+00  -3.14849143849278e+00   0.00000000000000e+00   8.13559322033898e-01 
  1.92680017432201e+00  -3.37226879345161e+00   0.00000000000000e+00   8.30508474576271e-01 
  1.95371979000076e+00  -3.59880342853110e+00   0.00000000000000e+00   8.47457627118644e-01 
  1.98033824493633e+00  -3.82794030282415e+00   0.00000000000000e+00   8.64406779661017e-01 
  2.00667837998150e+00  -4.05952437542359e+00   0.00000000000000e+00   8.81355932203390e-01 
  2.03276303598905e+00  -4.29340060542232e+00   0.00000000000000e+00   8.98305084745763e-01 
  2.05861505381176e+00  -4.52941395191318e+00   0.00000000000000e+00   9.15254237288136e-01 
  2.08425727430241e+00  -4.76740937398905e+00   0.00000000000000e+00   9.32203389830508e-01 
  2.10971253831377e+00  -5.00723183074281e+00   0.00000000000000e+00   9.49152542372881e-01 
  2.13500368669864e+00  -5.24872628126730e+00   0.00000000000000e+00   9.66101694915254e-01 
  2.16015356030979e+00  -5.49173768465541e+00   0.00000000000000e+00   9.83050847457627e-01 
  2.18518500000000e+00  -5.73611100000000e+00   0.00000000000000e+00   1.00000000000000e+00 
