0.00000000000	0.00000000000	0.00000000000	0.00000000000
0.01742368068	0.03875042023	0.00000000000	0.00550240153
0.03402533775	0.01565812433	0.00000000000	0.01123301167
0.05040494692	-0.03969934865	0.00000000000	0.01729237985
0.06713116074	-0.08773413915	0.00000000000	0.02373755469
0.08453965120	-0.10328710591	0.00000000000	0.03059457134
0.10266506098	-0.08714440800	0.00000000000	0.03787144098
0.13646212988	0.00213043397	0.00000000000	0.05172922456
0.15351063932	0.05982098794	0.00000000000	0.05881190096
0.17156717168	0.11692761890	0.00000000000	0.06633928847
0.19071870109	0.16097019916	0.00000000000	0.07431357413
0.21106542538	0.17523340314	0.00000000000	0.08272899949
0.23272817484	0.13930745119	0.00000000000	0.09157596978
0.28067558308	-0.06491553982	0.00000000000	0.11086761161
0.30288598824	-0.15681634506	0.00000000000	0.11981506742
0.32600852631	-0.21481564964	0.00000000000	0.12922138479
0.35001423056	-0.23319670763	0.00000000000	0.13907442674
0.37493310810	-0.21367394088	0.00000000000	0.14936161780
0.40081833786	-0.15989265342	0.00000000000	0.16007035798
0.46180530543	0.04852637642	0.00000000000	0.18513945363
0.48909054256	0.15389207396	0.00000000000	0.19617125958
0.51796554977	0.25726362217	0.00000000000	0.20765510776
0.54859491625	0.34592174160	0.00000000000	0.21957791643
0.58117653045	0.40448662862	0.00000000000	0.23192720861
0.61594307643	0.41480427996	0.00000000000	0.24469118270
0.65315181133	0.35671253114	0.00000000000	0.25785872540
0.75423575363	-0.03675403613	0.00000000000	0.29182159444
0.79647584975	-0.22481220403	0.00000000000	0.30564753210
0.84011543655	-0.39041516871	0.00000000000	0.31992388169
0.88465185493	-0.49732756831	0.00000000000	0.33463866264
0.93014957092	-0.51346369110	0.00000000000	0.34978079140
0.97940161569	-0.44462845468	0.00000000000	0.36533975075
1.13508838506	-0.04464272166	0.00000000000	0.40455556181
1.20837555231	0.18727609211	0.00000000000	0.42129583740
1.27357695668	0.46008175811	0.00000000000	0.43849691963
1.31894162705	0.77188352720	0.00000000000	0.45614804081
1.34438909654	1.03787302681	0.00000000000	0.47423893344
1.36367438908	1.08136286823	0.00000000000	0.49276002256
1.38516030515	0.86000309371	0.00000000000	0.51170214540
1.45488553283	-0.04154871437	0.00000000000	0.56117836040
1.48556043111	-0.31554720288	0.00000000000	0.57948547224
1.51881727113	-0.56454338565	0.00000000000	0.59821818768
1.55412338057	-0.79556171393	0.00000000000	0.61736767536
1.59086127647	-1.01686620800	0.00000000000	0.63692552761
1.62832732053	-1.23798701519	0.00000000000	0.65688395168
1.66586927547	-1.46777649131	0.00000000000	0.67723543560
1.70333671930	-1.70809120460	0.00000000000	0.69797293226
1.74071637328	-1.95890484188	0.00000000000	0.71908962154
1.77800071474	-2.22016345065	0.00000000000	0.74057917183
1.81518748614	-2.49178139740	0.00000000000	0.76243543055
1.85228007117	-2.77364312256	0.00000000000	0.78465260361
1.88928719224	-3.06560005220	0.00000000000	0.80722504044
1.92622338825	-3.36747341856	0.00000000000	0.83014748567
1.96310866446	-3.67905071440	0.00000000000	0.85341483202
1.99996854601	-4.00008507421	0.00000000000	0.87702210985
2.03683446028	-4.33029768033	0.00000000000	0.90096469330
2.07374337507	-4.66937373307	0.00000000000	0.92523803160
2.11073806957	-5.01696387472	0.00000000000	0.94983778346
2.14786712095	-5.37268315618	0.00000000000	0.97475977014
2.18518500000	-5.73611100000	0.00000000000	1.00000000000
