1	0.000008454183522
5	0.000008347274443
8	0.000005422305943
9	0.000004371568730
10	0.000003525844241
12	0.000003046348860
15	0.000003045255079
17	0.000002168506306
18	0.000001842388491
19	0.000001653786174
20	0.000001246846360
23	0.000001233135277
26	0.000001230659933
29	0.000001194435310
32	0.000001189562344
35	0.000001138666004
36	0.000001009693602
39	0.000000983032112
42	0.000000981124084
45	0.000000964198782
48	0.000000901800409
51	0.000000900210569
54	0.000000893795428
56	0.000000801074798
59	0.000000798809756
62	0.000000794654412
65	0.000000792495715
68	0.000000790273855
71	0.000000789493370
74	0.000000788483429
77	0.000000788348521
80	0.000000786740218
83	0.000000786218937
86	0.000000785930062
89	0.000000785909833
92	0.000000785831205
95	0.000000785472933
98	0.000000785406285
101	0.000000785343747
104	0.000000785339457
107	0.000000784952204
110	0.000000784910328
113	0.000000784804409
116	0.000000784801343
119	0.000000784503393
122	0.000000784146120
125	0.000000784132348
128	0.000000783612789
131	0.000000783533759
134	0.000000783095316
137	0.000000783078320
140	0.000000783025702
143	0.000000782799104
146	0.000000782358191
149	0.000000781936820
152	0.000000781918922
155	0.000000781726981
158	0.000000781599942
161	0.000000781576837
164	0.000000780630369
167	0.000000772815841
170	0.000000743851595
173	0.000000733850590
176	0.000000729829807
179	0.000000722898313
182	0.000000722061770
185	0.000000721378917
188	0.000000721370641
191	0.000000721302938
194	0.000000721242774
197	0.000000720427256
200	0.000000720415283
