0.00000000000 -1.0
0.00000000000 -1.0
0.00000000000 -1.0
0.00000000000 -1.0
38.96448205646 -1.0
39.02578913306 -1.0
39.13203794199 -1.0
39.21276607804 -1.0
39.29281294751 -1.0
39.35511077169 -1.0
40.01954329426 -1.0
45.32484246635 -1.0
45.74034158537 -1.0
45.83858830465 -1.0
45.89775877180 -1.0
46.03981712795 -1.0
46.10119090180 -1.0
46.20394810658 -1.0
46.26485240922 -1.0
46.32730004926 -1.0
46.34734489255 -1.0
46.44856297707 -1.0
46.50918403588 -1.0
46.59067847923 -1.0
46.65329327084 -1.0
46.79495659254 -1.0
46.89118181709 -1.0
46.97140855883 -1.0
47.17150435033 -1.0
47.37618242234 -1.0
47.57580134314 -1.0
47.69098189781 -1.0
47.90890309231 -1.0
48.09836298481 -1.0
48.25477635298 -1.0
48.46700955965 -1.0
49.12184437353 -1.0
49.14160204963 -1.0
49.24089798527 -1.0
49.45880081505 -1.0
49.61711693690 -1.0
62.14688893521 -1.0
104.28196698260 -1.0
112.03800039052 -1.0
113.06192561990 -1.0
113.08317251950 -1.0
113.18698227647 -1.0
113.29264891870 -1.0
113.35884152727 -1.0
113.49960183296 -1.0
113.59940976773 -1.0
113.61953290614 -1.0
113.72095733486 -1.0
113.78312731375 -1.0
113.88861206449 -1.0
113.94876973267 -1.0
114.01266123634 -1.0
114.09411877040 -1.0
114.15504736951 -1.0
114.29524369838 -1.0
114.51361326300 -1.0
114.57539798496 -1.0
114.67487781411 -1.0
114.75496104536 -1.0
114.77465608116 -1.0
114.87464909653 -1.0
114.93906622505 -1.0
115.04026936665 -1.0
115.06040266526 -1.0
115.16165415231 -1.0
115.22252845732 -1.0
115.32394345560 -1.0
116.61247257027 -1.0
116.81189351715 -1.0
116.87468695978 -1.0
116.95863261368 -1.0
117.02542762367 -1.0
117.22550124049 -1.0
117.28838811231 -1.0
117.34817555107 -1.0
117.74858944765 -1.0
117.83999736607 -1.0
117.83999736607 -1.0
117.83999736607 -1.0
117.83999736607 -1.0
