  0.00000000000000e+00   0.00000000000000e+00   1.00000000000000e+00   0.00000000000000e+00 
  6.68908461136889e-03   1.05142617712017e-01   9.94713603786948e-01   3.34448160535117e-03 
  1.33780456053486e-02   2.08608221611114e-01   9.78003604510269e-01   6.68896321070234e-03 
  2.00669805560395e-02   3.09696589321141e-01   9.50468356491049e-01   1.00334448160535e-02 
  2.67559836266696e-02   4.07693444793898e-01   9.12700043247098e-01   1.33779264214047e-02 
  3.34450705344744e-02   5.01561294304377e-01   8.65148927188854e-01   1.67224080267559e-02 
  4.01341785529597e-02   5.89939435772864e-01   8.08123353712621e-01   2.00668896321070e-02 
  4.68232431870661e-02   6.71471237261143e-01   7.41941088374282e-01   2.34113712374582e-02 
  5.35122377018119e-02   7.45216843091508e-01   6.67278445468703e-01   2.67558528428094e-02 
  6.02011731208544e-02   8.10653157975495e-01   5.85170274375825e-01   3.01003344481605e-02 
  6.68900621094188e-02   8.67275205399511e-01   4.96667011889025e-01   3.34448160535117e-02 
  7.35789173327300e-02   9.14578008849966e-01   4.02819094801680e-01   3.67892976588629e-02 
  8.02677514560128e-02   9.52056591813268e-01   3.04676959907165e-01   4.01337792642140e-02 
  8.69565771444923e-02   9.79205977775824e-01   2.03291043998860e-01   4.34782608695652e-02 
  9.36454070633933e-02   9.95521190224044e-01   9.97117838701402e-02   4.68227424749164e-02 
  1.00334253616110e-01   1.00051586703535e+00  -5.00836151050227e-03   5.01672240802676e-02 
  1.07023123184024e-01   9.94131770508812e-01  -1.09770423860826e-01   5.35117056856187e-02 
  1.13712016126555e-01   9.76738783714348e-01  -2.13428925981452e-01   5.68561872909699e-02 
  1.20400932541300e-01   9.48725403382700e-01  -3.14836368577205e-01   6.02006688963211e-02 
  1.27089872525860e-01   9.10480126244616e-01  -4.12845252352914e-01   6.35451505016722e-02 
  1.33778836177834e-01   8.62391449030842e-01  -5.06308078013403e-01   6.68896321070234e-02 
  1.40467823594819e-01   8.04847868472126e-01  -5.94077346263500e-01   7.02341137123746e-02 
  1.47156834668311e-01   7.38250624754057e-01  -6.75019966616010e-01   7.35785953177257e-02 
  1.53845864549008e-01   6.63294081869307e-01  -7.48334278694505e-01   7.69230769230769e-02 
  1.60534903646591e-01   5.80965741143636e-01  -8.13550067526952e-01   8.02675585284281e-02 
  1.67223942171441e-01   4.92266669125812e-01  -8.70197965957067e-01   8.36120401337793e-02 
  1.73912970491447e-01   3.98216772220589e-01  -9.17496610341550e-01   8.69565217391304e-02 
  1.80601979574641e-01   2.99856012662934e-01  -9.54376893029868e-01   9.03010033444816e-02 
  1.87290970576919e-01   1.98253122695534e-01  -9.80314272072038e-01   9.36454849498328e-02 
  1.93979954835477e-01   9.45047861111826e-02  -9.95342353072051e-01   9.69899665551840e-02 
  2.00668944130195e-01  -1.02910979529165e-02  -9.99519010109380e-01   1.00334448160535e-01 
  2.07357950240954e-01  -1.15036630359561e-01  -9.92902117263495e-01   1.03678929765886e-01 
  2.14046984947634e-01  -2.18633911971547e-01  -9.75549548613866e-01   1.07023411371237e-01 
  2.20736058830651e-01  -3.19981539727479e-01  -9.47525226077988e-01   1.10367892976589e-01 
  2.27425154883855e-01  -4.17897523568882e-01  -9.09032166222145e-01   1.13712374581940e-01 
  2.34114228515150e-01  -5.11119288250931e-01  -8.60412477136066e-01   1.17056856187291e-01 
  2.40803235289087e-01  -5.98394313611685e-01  -8.02027544691867e-01   1.20401337792642e-01 
  2.47492161955953e-01  -6.78781908075792e-01  -7.34543038101645e-01   1.23745819397993e-01 
  2.54181026450638e-01  -7.51653197406627e-01  -6.58928898941774e-01   1.27090301003344e-01 
  2.60869848063800e-01  -8.16392863762927e-01  -5.76168297162926e-01   1.30434782608696e-01 
  2.67558646086095e-01  -8.72385589303431e-01  -4.87244402715771e-01   1.33779264214047e-01 
  2.74247439808180e-01  -9.19016056186878e-01  -3.93140385550978e-01   1.37123745819398e-01 
  2.80936248520713e-01  -9.55668946572003e-01  -2.94839415619218e-01   1.40468227424749e-01 
  2.87625091514349e-01  -9.81728942617546e-01  -1.93324662871160e-01   1.43812709030100e-01 
  2.94313987333129e-01  -9.96599534753055e-01  -8.95834903129428e-02   1.47157190635451e-01 
  3.01002937349337e-01  -1.00011679325409e+00   1.53003010882240e-02   1.50501672240803e-01 
  3.07691925763726e-01  -9.92549362474131e-01   1.20146473689970e-01   1.53846153846154e-01 
  3.14380936030480e-01  -9.74184693883873e-01   2.23770597051642e-01   1.57190635451505e-01 
  3.21069951603784e-01  -9.45310238954000e-01   3.24988240732588e-01   1.60535117056856e-01 
  3.27758955937822e-01  -9.06213449155201e-01   4.22614974292153e-01   1.63879598662207e-01 
  3.34447933343662e-01  -8.57188326203095e-01   5.15471820312958e-01   1.67224080267559e-01 
  3.41136887842073e-01  -7.98679537683762e-01   6.02505229435099e-01   1.70568561872910e-01 
  3.47825843164269e-01  -7.31282422741160e-01   6.82787085090876e-01   1.73913043478261e-01 
  3.54514823196520e-01  -6.55609142690907e-01   7.55403371213270e-01   1.77257525083612e-01 
  3.61203835678462e-01  -5.72508104640999e-01   8.19638956786017e-01   1.80602006688963e-01 
  3.67892872202422e-01  -4.83063971292104e-01   8.74977604094056e-01   1.83946488294314e-01 
  3.74581923658617e-01  -3.88371678094198e-01   9.20911723602878e-01   1.87290969899666e-01 
  3.81270980937266e-01  -2.89526160497254e-01   9.56933725777970e-01   1.90635451505017e-01 
  3.87960034928586e-01  -1.87622353951246e-01   9.82536021084823e-01   1.93979933110368e-01 
  3.94649076522795e-01  -8.37551939061486e-02   9.97211019988925e-01   1.97324414715719e-01 
  4.01338096847542e-01   2.09804872756419e-02   1.00047108805047e+00   2.00668896321070e-01 
  4.08027092491412e-01   1.25492228256698e-01   9.92287560072803e-01   2.04013377926421e-01 
  4.14716065503935e-01   2.28689938730485e-01   9.73090741249586e-01   2.07357859531773e-01 
  4.21405018172078e-01   3.29483631479232e-01   9.43330892098629e-01   2.10702341137124e-01 
  4.28093952782808e-01   4.26783319285168e-01   9.03458273137740e-01   2.14046822742475e-01 
  4.34782871623089e-01   5.19499014930522e-01   8.53923144884728e-01   2.17391304347826e-01 
  4.41471776979888e-01   6.06540731197523e-01   7.95175767857401e-01   2.20735785953177e-01 
  4.48160671140170e-01   6.86818480868401e-01   7.27666402573569e-01   2.24080267558528e-01 
  4.54849556447558e-01   7.59255678734066e-01   6.51859355148130e-01   2.27424749163880e-01 
  4.61538436548647e-01   8.23083962116712e-01   5.68541955624095e-01   2.30769230769231e-01 
  4.68227316392952e-01   8.77843177721276e-01   4.78824544192633e-01   2.34113712374582e-01 
  4.74916200986632e-01   9.23086571631674e-01   3.83831503886012e-01   2.37458193979933e-01 
  4.81605095335846e-01   9.58367389931816e-01   2.84687217736501e-01   2.40802675585284e-01 
  4.88294004446754e-01   9.83238878705618e-01   1.82516068776370e-01   2.44147157190635e-01 
  4.94982933325516e-01   9.97254284036990e-01   7.84424400378863e-02   2.47491638795987e-01 
  5.01671886758847e-01   9.99984351680768e-01  -2.64100380741197e-02   2.50836120401338e-01 
  5.08360864486309e-01   9.91402317508469e-01  -1.30935045486385e-01   2.54180602006689e-01 
  5.15049861200326e-01   9.71883906222493e-01  -2.34043572401910e-01   2.57525083612040e-01 
  5.21738871373882e-01   9.41822341938995e-01  -3.34647361640077e-01   2.60869565217391e-01 
  5.28427889479959e-01   9.01610848774133e-01  -4.31658156020267e-01   2.64214046822742e-01 
  5.35116909991542e-01   8.51642650844061e-01  -5.23987698361860e-01   2.67558528428094e-01 
  5.41805927381613e-01   7.92310972264937e-01  -6.10547731484239e-01   2.70903010033445e-01 
  5.48494936330806e-01   7.24022568225763e-01  -6.90259485216592e-01   2.74247491638796e-01 
  5.55183936296042e-01   6.47495434009921e-01  -7.62262408435560e-01   2.77591973244147e-01 
  5.61872931510756e-01   5.63758819117435e-01  -8.25914178966757e-01   2.80936454849498e-01 
  5.68561926416070e-01   4.73855506945631e-01  -8.80581963625903e-01   2.84280936454849e-01 
  5.75250925453108e-01   3.78828280891836e-01  -9.25632929228717e-01   2.87625418060201e-01 
  5.81939933062994e-01   2.79719924353373e-01  -9.60434242590921e-01   2.90969899665552e-01 
  5.88628953371837e-01   1.77575112474495e-01  -9.84369499364584e-01   2.94314381270903e-01 
  5.95317983260141e-01   7.34820319582033e-02  -9.97200170417882e-01   2.97658862876254e-01 
  6.02007012362686e-01  -3.14276181673538e-02  -9.99065608490812e-01   3.01003344481605e-01 
  6.08696029999206e-01  -1.36020246973821e-01  -9.90121596490866e-01   3.04347826086957e-01 
  6.15385025489437e-01  -2.39162263532848e-01  -9.70523917325534e-01   3.07692307692308e-01 
  6.22073988153115e-01  -3.39720076916082e-01  -9.40428353902305e-01   3.11036789297659e-01 
  6.28762907309977e-01  -4.36560096195171e-01  -8.99990689128673e-01   3.14381270903010e-01 
  6.35451773066157e-01  -5.28554062306133e-01  -8.49381939340534e-01   3.17725752508361e-01 
  6.42140593613725e-01  -6.14696340536812e-01  -7.89123465360296e-01   3.21070234113712e-01 
  6.48829395229987e-01  -6.94103915788913e-01  -7.20086958960244e-01   3.24414715719064e-01 
  6.55518204978508e-01  -7.65899103880918e-01  -6.43159342633747e-01   3.27759197324415e-01 
  6.62207049922853e-01  -8.29204220631308e-01  -5.59227538874172e-01   3.31103678929766e-01 
  6.68895956140598e-01  -8.83154958016839e-01  -4.69182409123253e-01   3.34448160535117e-01 
  6.75584927032918e-01  -9.27194641061254e-01  -3.74005405159819e-01   3.37792642140468e-01 
  6.82273943325348e-01  -9.61074217505994e-01  -2.74768566058076e-01   3.41137123745819e-01 
  6.88962984757586e-01  -9.84558009184923e-01  -1.72547869232252e-01   3.44481605351171e-01 
  6.95652031069331e-01  -9.97410337931902e-01  -6.84192920965736e-02   3.47826086956522e-01 
  7.02341062000280e-01  -9.99395525580792e-01   3.65411879347314e-02   3.51170568561873e-01 
  7.09030058129440e-01  -9.90288339038322e-01   1.41252931635154e-01   3.54515050167224e-01 
  7.15719019340031e-01  -9.70103783873156e-01   2.44528077209313e-01   3.57859531772575e-01 
  7.22407964819585e-01  -9.39097105419252e-01   3.45071539800504e-01   3.61204013377926e-01 
  7.29096914177837e-01  -8.97544769993331e-01   4.41593770961482e-01   3.64548494983278e-01 
  7.35785877430288e-01  -8.45971098568317e-01   5.33039796674561e-01   3.67892976588629e-01 
  7.42474854997902e-01  -7.85148274442469e-01   6.18589224609837e-01   3.71237458193980e-01 
  7.49163846884469e-01  -7.15859258137100e-01   6.97431862209275e-01   3.74581939799331e-01 
  7.55852853093777e-01  -6.38887010173520e-01   7.68757516914837e-01   3.77926421404682e-01 
  7.62541873629616e-01  -5.55014491073041e-01   8.31755996168487e-01   3.81270903010033e-01 
  7.69230908495773e-01  -4.65024661356975e-01   8.85617107412188e-01   3.84615384615385e-01 
  7.75919957283660e-01  -3.69710045907225e-01   9.29543928401679e-01   3.87959866220736e-01 
  7.82609010099487e-01  -2.70083161714891e-01   9.63044770503257e-01   3.91304347826087e-01 
  7.89298047563979e-01  -1.67376524444657e-01   9.85933187801728e-01   3.94648829431438e-01 
  7.95987049885430e-01  -6.28322154346811e-02   9.98036006517260e-01   3.97993311036789e-01 
  8.02675997272131e-01   4.23076839768766e-02   9.99180052870017e-01   4.01337792642140e-01 
  8.09364871123348e-01   1.46806168311606e-01   9.89204348727512e-01   4.04682274247492e-01 
  8.16053680230445e-01   2.49542975448169e-01   9.68228412441298e-01   4.08026755852843e-01 
  8.22742460776699e-01   3.49514585835010e-01   9.36652256955359e-01   4.11371237458194e-01 
  8.29431250136323e-01   4.45722555622859e-01   8.94888090482704e-01   4.14715719063545e-01 
  8.36120085683532e-01   5.37168440962451e-01   8.43348121236343e-01   4.18060200668896e-01 
  8.42809003164060e-01   6.22853087636803e-01   7.82453317709323e-01   4.21404682274247e-01 
  8.49498000871035e-01   7.01761004030220e-01   7.12826121779282e-01   4.24749163879599e-01 
  8.56187039646323e-01   7.72860361716458e-01   6.35290441455187e-01   4.28093645484950e-01 
  8.62876079598903e-01   8.35134067685817e-01   5.50684343466756e-01   4.31438127090301e-01 
  8.69565101428808e-01   8.87920257052426e-01   4.59970084280763e-01   4.34782608695652e-01 
  8.76254106426417e-01   9.30912280716577e-01   3.64234105787717e-01   4.38127090301003e-01 
  8.82943096777286e-01   9.63818932777655e-01   2.64568248906826e-01   4.41471571906354e-01 
  8.89632074666968e-01   9.86349007335047e-01   1.62064354557297e-01   4.44816053511706e-01 
  8.96321042281019e-01   9.98211298488140e-01   5.78142636583385e-02   4.48160535117057e-01 
  9.03010001804993e-01   9.99114600336319e-01  -4.70901828708417e-02   4.51505016722408e-01 
  9.09698955541235e-01   9.88783367140608e-01  -1.51555726707574e-01   4.54849498327759e-01 
  9.16387908478300e-01   9.67302243418342e-01  -2.54456508657755e-01   4.58193979933110e-01 
  9.23076868290982e-01   9.35116067575772e-01  -3.54634068327058e-01   4.61538461538462e-01 
  9.29765842770869e-01   8.92685338907311e-01  -4.50928527851937e-01   4.64882943143813e-01 
  9.36454839709552e-01   8.40470556707370e-01  -5.42180009368848e-01   4.68227424749164e-01 
  9.43143866348792e-01   7.78941419325350e-01  -6.27239340545991e-01   4.71571906354515e-01 
  9.49832917283389e-01   7.08779219320614e-01  -7.05203594838265e-01   4.74916387959866e-01 
  9.56521974460651e-01   6.30876852321338e-01  -7.75416101796879e-01   4.78260869565217e-01 
  9.63211019277954e-01   5.46136414782457e-01  -8.37230898566717e-01   4.81605351170569e-01 
  9.69900033132674e-01   4.55460003158906e-01  -8.90002022292658e-01   4.84949832775920e-01 
  9.76588997422186e-01   3.59749713905619e-01  -9.33083510119584e-01   4.88294314381271e-01 
  9.83277894625337e-01   2.59915237852593e-01  -9.65839341996313e-01   4.91638795986622e-01 
  9.89966732095832e-01   1.57040943746156e-01  -9.87862191906388e-01   4.94983277591973e-01 
  9.96655542062812e-01   5.23858822990153e-02  -9.98973433170531e-01   4.98327759197324e-01 
  1.00334435783700e+00  -5.27833005910505e-02  -9.99004382973893e-01   5.01672240802676e-01 
  1.01003321184519e+00  -1.57205429789766e-01  -9.87800392591522e-01   5.05016722408027e-01 
  1.01672211618382e+00  -2.59745155411584e-01  -9.65529591435553e-01   5.08361204013378e-01 
  1.02341106261923e+00  -3.59392951535335e-01  -9.32682883760475e-01   5.11705685618729e-01 
  1.03010004203385e+00  -4.55144762746481e-01  -8.89765207251730e-01   5.15050167224080e-01 
  1.03678904531010e+00  -5.45996533630487e-01  -8.37281499594763e-01   5.18394648829431e-01 
  1.04347806333041e+00  -6.30944208772816e-01  -7.75736698475014e-01   5.21739130434783e-01 
  1.05016708697721e+00  -7.08983732758932e-01  -7.05635741577929e-01   5.25083612040134e-01 
  1.05685610729381e+00  -7.79120527269574e-01  -6.27496965873218e-01   5.28428093645485e-01 
  1.06354511902354e+00  -8.40577971249499e-01  -5.42146869349851e-01   5.31772575250836e-01 
  1.07023412060957e+00  -8.92797392059353e-01  -4.50720098506030e-01   5.35117056856187e-01 
  1.07692311065596e+00  -9.35229592385431e-01  -3.54364696622225e-01   5.38461538461538e-01 
  1.08361208776673e+00  -9.67325374914027e-01  -2.54228706978908e-01   5.41806020066890e-01 
  1.09030105076589e+00  -9.88550000021495e-01  -1.51458394659825e-01   5.45150501672241e-01 
  1.09699000353627e+00  -9.98701244156051e-01  -4.71591275523659e-02   5.48494983277592e-01 
  1.10367895501948e+00  -9.97909393838159e-01   5.76046229145241e-02   5.51839464882943e-01 
  1.11036791437702e+00  -9.86319192078419e-01   1.61770163361041e-01   5.55183946488294e-01 
  1.11705689077045e+00  -9.64075381887432e-01   2.64274800407381e-01   5.58528428093645e-01 
  1.12374589336129e+00  -9.31322706275797e-01   3.64055840673740e-01   5.61872909698997e-01 
  1.13043493034295e+00  -8.88216324466361e-01   4.60046703002491e-01   5.65217391304348e-01 
  1.13712398764091e+00  -8.35150981223760e-01   5.51091382620771e-01   5.68561872909699e-01 
  1.14381302891205e+00  -7.72761013888050e-01   6.35944448515228e-01   5.71906354515050e-01 
  1.15050201795846e+00  -7.01699191943241e-01   7.13373620290601e-01   5.75250836120401e-01 
  1.15719094419383e+00  -6.22802631813105e-01   7.82538540085235e-01   5.78595317725752e-01 
  1.16387982264438e+00  -5.37092804008757e-01   8.42990787766887e-01   5.81939799331104e-01 
  1.17056866945003e+00  -4.45599194995817e-01   8.94298985163443e-01   5.85284280936455e-01 
  1.17725750075068e+00  -3.49351291239902e-01   9.36031754102789e-01   5.88628762541806e-01 
  1.18394633268623e+00  -2.49378579206632e-01   9.67757716412811e-01   5.91973244147157e-01 
  1.19063518139658e+00  -1.46710545361624e-01   9.89045493921396e-01   5.95317725752508e-01 
  1.19732406302165e+00  -4.23766761704974e-02   9.99463708456429e-01   5.98662207357859e-01 
  1.20401299306679e+00   6.25893686155801e-02   9.98597643514299e-01   6.02006688963211e-01 
  1.21070197244307e+00   1.67057944391257e-01   9.86415798118096e-01   6.05351170568562e-01 
  1.21739098746734e+00   2.69803422093437e-01   9.63269885234944e-01   6.08695652173913e-01 
  1.22408002382188e+00   3.69595999452751e-01   9.29528279183928e-01   6.12040133779264e-01 
  1.23076906718901e+00   4.65205874199827e-01   8.85559354284137e-01   6.15384615384615e-01 
  1.23745810357209e+00   5.55414519211607e-01   8.31741866077110e-01   6.18729096989967e-01 
  1.24414712635823e+00   6.39262718952685e-01   7.68693322773432e-01   6.22073578595318e-01 
  1.25083613631803e+00   7.16050560154815e-01   6.97269976671196e-01   6.25418060200669e-01 
  1.25752513454310e+00   7.85089402831966e-01   6.18338459574637e-01   6.28762541806020e-01 
  1.26421412212505e+00   8.45690606998104e-01   5.32765403287992e-01   6.32107023411371e-01 
  1.27090310015547e+00   8.97165532667197e-01   4.41417439615497e-01   6.35451505016722e-01 
  1.27759206972598e+00   9.38825539853211e-01   3.45161200361387e-01   6.38795986622074e-01 
  1.28428103208977e+00   9.69994612276657e-01   2.44872387904367e-01   6.42140468227425e-01 
  1.29096999221689e+00   9.90287067356291e-01   1.41635319535264e-01   6.45484949832776e-01 
  1.29765895879406e+00   9.99607549791361e-01   3.67429228456409e-02   6.48829431438127e-01 
  1.30434794066964e+00   9.97873326704104e-01  -6.85028049207476e-02   6.52173913043478e-01 
  1.31103694611926e+00   9.85013066973342e-01  -1.72806325074331e-01   6.55518394648829e-01 
  1.31772597024647e+00   9.61217682179533e-01  -2.75020646974757e-01   6.58862876254181e-01 
  1.32441499498266e+00   9.26940327882654e-01  -3.74147328754749e-01   6.62207357859532e-01 
  1.33110400168647e+00   8.82645561654843e-01  -4.69194387245988e-01   6.65551839464883e-01 
  1.33779297171660e+00   8.28797941068239e-01  -5.59169839280158e-01   6.68896321070234e-01 
  1.34448188643169e+00   7.65862023694980e-01  -6.43081701688940e-01   6.72240802675585e-01 
  1.35117072850187e+00   6.94314165386549e-01  -7.19943082297806e-01   6.75585284280936e-01 
  1.35785951076257e+00   6.14902103827159e-01  -7.88884191026921e-01   6.78929765886288e-01 
  1.36454827621590e+00   5.28644970427522e-01  -8.49152345023342e-01   6.82274247491639e-01 
  1.37123706917567e+00   4.36573697256448e-01  -8.99999953454354e-01   6.85618729096990e-01 
  1.37792593259350e+00   3.39721183848990e-01  -9.40693581470483e-01   6.88963210702341e-01 
  1.38461487808904e+00   2.39165584085777e-01  -9.70825400701396e-01   6.92307692307692e-01 
  1.39130388594895e+00   1.36030307649668e-01  -9.90313199736592e-01   6.95652173913043e-01 
  1.39799293509750e+00   3.14407319810967e-02  -9.99088925244948e-01   6.98996655518395e-01 
  1.40468200445897e+00  -7.34777654794997e-02  -9.97084523895341e-01   7.02341137123746e-01 
  1.41137107295764e+00  -1.77599807291686e-01  -9.84231942356649e-01   7.05685618729097e-01 
  1.41806011951779e+00  -2.79800016015025e-01  -9.60463127297750e-01   7.09030100334448e-01 
  1.42474912436356e+00  -3.78954136857757e-01  -9.25731726503071e-01   7.12374581939799e-01 
  1.43143809761497e+00  -4.73963734633937e-01  -8.80490488020984e-01   7.15719063545150e-01 
  1.43812707818259e+00  -5.63758969888378e-01  -8.25682277538564e-01   7.19063545150502e-01 
  1.44481608087765e+00  -6.47334988768832e-01  -7.62065397845769e-01   7.22408026755853e-01 
  1.45150509511335e+00  -7.23750797990779e-01  -6.90191898720635e-01   7.25752508361204e-01 
  1.45819410939659e+00  -7.92077296878870e-01  -6.10616108235807e-01   7.29096989966555e-01 
  1.46488311678657e+00  -8.51595041635899e-01  -5.24150972407332e-01   7.32441471571906e-01 
  1.47157211489455e+00  -9.01794235830228e-01  -4.31868043460617e-01   7.35785953177257e-01 
  1.47826110152965e+00  -9.42174197388635e-01  -3.34850116451026e-01   7.39130434782609e-01 
  1.48495007450104e+00  -9.72234244237902e-01  -2.34179986433924e-01   7.42474916387960e-01 
  1.49163903202188e+00  -9.91485103301560e-01  -1.30942008326671e-01   7.45819397993311e-01 
  1.49832798159750e+00  -9.99699899858719e-01  -2.62564127008794e-02   7.49163879598662e-01 
  1.50501694002525e+00  -9.96914152783265e-01   7.87206948684964e-02   7.52508361204013e-01 
  1.51170592450646e+00  -9.83174788993667e-01   1.82831649074688e-01   7.55852842809364e-01 
  1.51839495051513e+00  -9.58538521581684e-01   2.84920684964139e-01   7.59197324414716e-01 
  1.52508399379555e+00  -9.23287152872995e-01   3.83875747114704e-01   7.62541806020067e-01 
  1.53177299036159e+00  -8.77927578454058e-01   4.78628490417617e-01   7.65886287625418e-01 
  1.53846187449964e+00  -8.22976480889992e-01   5.68112470273717e-01   7.69230769230769e-01 
  1.54515058637535e+00  -7.58955730550403e-01   6.51267849982662e-01   7.72575250836120e-01 
  1.55183920138765e+00  -6.86506526423349e-01   7.27186786127396e-01   7.75919732441472e-01 
  1.55852792425022e+00  -6.06395545730290e-01   7.95115673238811e-01   7.79264214046823e-01 
  1.56521682928941e+00  -5.19535989291813e-01   8.54358997645293e-01   7.82608695652174e-01 
  1.57190585455839e+00  -4.26982398330782e-01   9.04272730331120e-01   7.85953177257525e-01 
  1.57859493218501e+00  -3.29795459744822e-01   9.44215080904102e-01   7.89297658862876e-01 
  1.58528399605545e+00  -2.29036815782294e-01   9.73558221507985e-01   7.92642140468227e-01 
  1.59197302049919e+00  -1.25790082494502e-01   9.91995473370359e-01   7.95986622073579e-01 
  1.59866202028977e+00  -2.11608501446071e-02   9.99541312779013e-01   7.99331103678930e-01 
  1.60535101195922e+00   8.37443355717117e-02   9.96224179752947e-01   8.02675585284281e-01 
  1.61204001203957e+00   1.87818928958774e-01   9.82072514311160e-01   8.06020066889632e-01 
  1.61872903624972e+00   2.89953539869316e-01   9.57122020543977e-01   8.09364548494983e-01 
  1.62541808160743e+00   3.88973358439914e-01   9.21575469362869e-01   8.12709030100334e-01 
  1.63210712642970e+00   4.83638156574431e-01   8.75802694712065e-01   8.16053511705686e-01 
  1.63879614889881e+00   5.72716689005696e-01   8.20191916300550e-01   8.19397993311037e-01 
  1.64548514279649e+00   6.55249710153484e-01   7.55387150518630e-01   8.22742474916388e-01 
  1.65217411750333e+00   7.30549962490714e-01   6.82288199497151e-01   8.26086956521739e-01 
  1.65886308307808e+00   7.97942013147400e-01   6.01805985629920e-01   8.29431438127090e-01 
  1.66555204957946e+00   8.56750429253559e-01   5.14851431310740e-01   8.32775919732441e-01 
  1.67224102706621e+00   9.06299777939206e-01   4.22335458933416e-01   8.36120401337793e-01 
  1.67893002559707e+00   9.45914626334355e-01   3.25168990891752e-01   8.39464882943144e-01 
  1.68561905425412e+00   9.74932914349808e-01   2.24270116275190e-01   8.42809364548495e-01 
  1.69230809965703e+00   9.93000142525893e-01   1.20721751029793e-01   8.46153846153846e-01 
  1.69899712596367e+00   1.00006936462789e+00   1.57716339900189e-02   8.49498327759197e-01 
  1.70568609635531e+00   9.96107005720952e-01  -8.93253301076871e-02   8.52842809364548e-01 
  1.71237497567711e+00   9.81089551609700e-01  -1.93319086082555e-01   8.56187290969900e-01 
  1.71906376704410e+00   9.55224890660421e-01  -2.95071121211561e-01   8.59531772575251e-01 
  1.72575251184166e+00   9.18952316886658e-01  -3.93554466716766e-01   8.62876254180602e-01 
  1.73244125311915e+00   8.72721185658541e-01  -4.87747003673374e-01   8.66220735785953e-01 
  1.73913003392594e+00   8.16980852346198e-01  -5.76626613156592e-01   8.69565217391304e-01 
  1.74581889574339e+00   7.52188941329932e-01  -6.59174808501776e-01   8.72909698996655e-01 
  1.75250784398627e+00   6.78993277082179e-01  -7.34456650675836e-01   8.76254180602007e-01 
  1.75919684800147e+00   5.98231891311177e-01  -8.01620751415175e-01   8.79598662207358e-01 
  1.76588587616707e+00   5.10757180588259e-01  -8.59829645899819e-01   8.82943143812709e-01 
  1.77257491065067e+00   4.17561722342687e-01  -9.08482567463312e-01   8.86287625418060e-01 
  1.77926394740988e+00   3.19778279918240e-01  -9.47215456130875e-01   8.89632107023411e-01 
  1.78595298300189e+00   2.18545712094212e-01  -9.75674544191246e-01   8.92976588628763e-01 
  1.79264201398392e+00   1.15002877649892e-01  -9.93506063933166e-01   8.96321070234114e-01 
  1.79933103691315e+00   1.02886353645737e-02  -1.00035624764537e+00   8.99665551839465e-01 
  1.80602004852098e+00  -9.44597145181415e-02  -9.95888459555350e-01   9.03010033444816e-01 
  1.81270904954481e+00  -1.98140717689574e-01  -9.80160094239357e-01   9.06354515050167e-01 
  1.81939804472808e+00  -2.99688765561568e-01  -9.53622574265686e-01   9.09698996655518e-01 
  1.82608703898839e+00  -3.98039808038776e-01  -9.16744453670012e-01   9.13043478260870e-01 
  1.83277603724335e+00  -4.92129795025850e-01  -8.69994286488013e-01   9.16387959866221e-01 
  1.83946504441055e+00  -5.80894676427444e-01  -8.13840626755366e-01   9.19732441471572e-01 
  1.84615406540760e+00  -6.63270402148209e-01  -7.48752028507745e-01   9.23076923076923e-01 
  1.85284310464945e+00  -7.38202804269490e-01  -6.75209632949397e-01   9.26421404682274e-01 
  1.85953215499124e+00  -8.04864986843001e-01  -5.93984063115437e-01   9.29765886287625e-01 
  1.86622119772877e+00  -8.62657315839306e-01  -5.06135411068998e-01   9.33110367892977e-01 
  1.87291021365531e+00  -9.10990037395363e-01  -4.12736353481208e-01   9.36454849498328e-01 
  1.87959918356411e+00  -9.49273397648127e-01  -3.14859567023196e-01   9.39799331103679e-01 
  1.88628808912339e+00  -9.76930879846492e-01  -2.13578823976995e-01   9.43143812709030e-01 
  1.89297693212406e+00  -9.93690410408946e-01  -1.09993094814385e-01   9.46488294314381e-01 
  1.89966573447942e+00  -9.99584353143111e-01  -5.22654771843171e-03   9.49832775919732e-01 
  1.90635451897761e+00  -9.94658307812460e-01   9.95955536125737e-02   9.53177257525084e-01 
  1.91304330840678e+00  -9.78957874180465e-01   2.03347945480340e-01   9.56521739130435e-01 
  1.91973212555506e+00  -9.52528652010596e-01   3.04905364186575e-01   9.59866220735786e-01 
  1.92642099245510e+00  -9.15429696637868e-01   4.03144234028711e-01   9.63210702341137e-01 
  1.93310991376221e+00  -8.68029554769885e-01   4.96979804865171e-01   9.66555183946488e-01 
  1.93979887675396e+00  -8.11006271835398e-01   5.85366153037241e-01   9.69899665551839e-01 
  1.94648786795236e+00  -7.45051350304418e-01   6.67259043066304e-01   9.73244147157191e-01 
  1.95317687411770e+00  -6.70862557822295e-01   7.41625103934678e-01   9.76588628762542e-01 
  1.95986588749195e+00  -5.89281771057074e-01   8.07680864549615e-01   9.79933110367893e-01 
  1.96655490579890e+00  -5.01294981249672e-01   8.64892763367873e-01   9.83277591973244e-01 
  1.97324392700073e+00  -4.07894445926376e-01   9.12738105232053e-01   9.86622073578595e-01 
  1.97993294905959e+00  -3.10072422613473e-01   9.50694194984755e-01   9.89966555183946e-01 
  1.98662196993764e+00  -2.08821168837251e-01   9.78238337468580e-01   9.93311036789298e-01 
  1.99331098759706e+00  -1.05132942123998e-01   9.94847837526128e-01   9.96655518394649e-01 
  2.00000000000000e+00   0.00000000000000e+00   1.00000000000000e+00   1.00000000000000e+00 
