 -2.90949568545124e-03  -1.84159682226139e-02   0.00000000000000e+00   0.00000000000000e+00 
 -2.91783077451240e-03  -1.84226501289512e-02   0.00000000000000e+00   2.18340611353712e-03 
 -2.92247335260738e-03  -1.84454136655198e-02   0.00000000000000e+00   4.36681222707424e-03 
 -2.93147037394264e-03  -1.84701634753119e-02   0.00000000000000e+00   6.55021834061135e-03 
 -2.94467740426972e-03  -1.84969279876902e-02   0.00000000000000e+00   8.73362445414847e-03 
 -2.96195000934013e-03  -1.85257356320170e-02   0.00000000000000e+00   1.09170305676856e-02 
 -2.98314375490540e-03  -1.85566148376548e-02   0.00000000000000e+00   1.31004366812227e-02 
 -3.00811420671706e-03  -1.85895940339660e-02   0.00000000000000e+00   1.52838427947598e-02 
 -3.03671693052662e-03  -1.86247016503131e-02   0.00000000000000e+00   1.74672489082969e-02 
 -3.06880749208561e-03  -1.86619661160585e-02   0.00000000000000e+00   1.96506550218341e-02 
 -3.10424145714556e-03  -1.87014158605646e-02   0.00000000000000e+00   2.18340611353712e-02 
 -3.14287439145798e-03  -1.87430793131940e-02   0.00000000000000e+00   2.40174672489083e-02 
 -3.18456186077441e-03  -1.87869849033089e-02   0.00000000000000e+00   2.62008733624454e-02 
 -3.22915943084637e-03  -1.88331610602720e-02   0.00000000000000e+00   2.83842794759825e-02 
 -3.27652266742538e-03  -1.88816362134455e-02   0.00000000000000e+00   3.05676855895196e-02 
 -3.32650713626297e-03  -1.89324387921921e-02   0.00000000000000e+00   3.27510917030568e-02 
 -3.37896840311066e-03  -1.89855972258740e-02   0.00000000000000e+00   3.49344978165939e-02 
 -3.43376203371997e-03  -1.90411399438538e-02   0.00000000000000e+00   3.71179039301310e-02 
 -3.49074359384243e-03  -1.90990953754939e-02   0.00000000000000e+00   3.93013100436681e-02 
 -3.54976864922957e-03  -1.91594919501568e-02   0.00000000000000e+00   4.14847161572052e-02 
 -3.61069276563290e-03  -1.92223580972048e-02   0.00000000000000e+00   4.36681222707424e-02 
 -3.67337150880396e-03  -1.92877222460004e-02   0.00000000000000e+00   4.58515283842795e-02 
 -3.73766044449426e-03  -1.93556128259061e-02   0.00000000000000e+00   4.80349344978166e-02 
 -3.80341513845533e-03  -1.94260582662844e-02   0.00000000000000e+00   5.02183406113537e-02 
 -3.87049115643869e-03  -1.94990869964975e-02   0.00000000000000e+00   5.24017467248908e-02 
 -3.93874406419588e-03  -1.95747274459081e-02   0.00000000000000e+00   5.45851528384279e-02 
 -4.00802942747840e-03  -1.96530080438785e-02   0.00000000000000e+00   5.67685589519651e-02 
 -4.07820281203779e-03  -1.97339572197712e-02   0.00000000000000e+00   5.89519650655022e-02 
 -4.14913580065634e-03  -1.98175877407335e-02   0.00000000000000e+00   6.11353711790393e-02 
 -4.22100902458995e-03  -1.99036101716042e-02   0.00000000000000e+00   6.33187772925764e-02 
 -4.29428240064139e-03  -1.99914619785202e-02   0.00000000000000e+00   6.55021834061135e-02 
 -4.36942589091761e-03  -2.00805708048416e-02   0.00000000000000e+00   6.76855895196506e-02 
 -4.44690945752558e-03  -2.01703642939286e-02   0.00000000000000e+00   6.98689956331878e-02 
 -4.52720306257228e-03  -2.02602700891413e-02   0.00000000000000e+00   7.20524017467249e-02 
 -4.61077666816466e-03  -2.03497158338401e-02   0.00000000000000e+00   7.42358078602620e-02 
 -4.69810023640971e-03  -2.04381291713850e-02   0.00000000000000e+00   7.64192139737991e-02 
 -4.78964372941437e-03  -2.05249377451362e-02   0.00000000000000e+00   7.86026200873362e-02 
 -4.88587710928564e-03  -2.06095691984540e-02   0.00000000000000e+00   8.07860262008734e-02 
 -4.98727033813046e-03  -2.06914511746985e-02   0.00000000000000e+00   8.29694323144105e-02 
 -5.09429337805581e-03  -2.07700113172300e-02   0.00000000000000e+00   8.51528384279476e-02 
 -5.20741619116867e-03  -2.08446772694085e-02   0.00000000000000e+00   8.73362445414847e-02 
 -5.32710873957599e-03  -2.09148766745943e-02   0.00000000000000e+00   8.95196506550218e-02 
 -5.45384098538474e-03  -2.09800371761476e-02   0.00000000000000e+00   9.17030567685589e-02 
 -5.58808289070189e-03  -2.10395864174285e-02   0.00000000000000e+00   9.38864628820961e-02 
 -5.73030441763441e-03  -2.10929520417972e-02   0.00000000000000e+00   9.60698689956332e-02 
 -5.88097552788912e-03  -2.11395616924212e-02   0.00000000000000e+00   9.82532751091703e-02 
 -6.04041070152721e-03  -2.11787681028742e-02   0.00000000000000e+00   1.00436681222707e-01 
 -6.20832787731841e-03  -2.12096365987498e-02   0.00000000000000e+00   1.02620087336245e-01 
 -6.38430194803768e-03  -2.12311635874273e-02   0.00000000000000e+00   1.04803493449782e-01 
 -6.56790780645993e-03  -2.12423454762863e-02   0.00000000000000e+00   1.06986899563319e-01 
 -6.75872034536011e-03  -2.12421786727061e-02   0.00000000000000e+00   1.09170305676856e-01 
 -6.95631445751316e-03  -2.12296595840663e-02   0.00000000000000e+00   1.11353711790393e-01 
 -7.16026503569401e-03  -2.12037846177463e-02   0.00000000000000e+00   1.13537117903930e-01 
 -7.37014697267759e-03  -2.11635501811255e-02   0.00000000000000e+00   1.15720524017467e-01 
 -7.58553516123886e-03  -2.11079526815833e-02   0.00000000000000e+00   1.17903930131004e-01 
 -7.80600449415274e-03  -2.10359885264993e-02   0.00000000000000e+00   1.20087336244541e-01 
 -8.03098438952039e-03  -2.09469300305021e-02   0.00000000000000e+00   1.22270742358079e-01 
 -8.25925350220013e-03  -2.08412837457110e-02   0.00000000000000e+00   1.24454148471616e-01 
 -8.48940859025475e-03  -2.07199012096862e-02   0.00000000000000e+00   1.26637554585153e-01 
 -8.72004640331870e-03  -2.05836339759732e-02   0.00000000000000e+00   1.28820960698690e-01 
 -8.94976289715874e-03  -2.04333367106920e-02   0.00000000000000e+00   1.31004366812227e-01 
 -9.17706012822248e-03  -2.02702322378145e-02   0.00000000000000e+00   1.33187772925764e-01 
 -9.40025893617724e-03  -2.00962538910493e-02   0.00000000000000e+00   1.35371179039301e-01 
 -9.61765949959704e-03  -1.99134160115483e-02   0.00000000000000e+00   1.37554585152838e-01 
 -9.82756199705584e-03  -1.97237329404632e-02   0.00000000000000e+00   1.39737991266376e-01 
 -1.00282666071276e-02  -1.95292190189459e-02   0.00000000000000e+00   1.41921397379913e-01 
 -1.02180735083863e-02  -1.93318885881481e-02   0.00000000000000e+00   1.44104803493450e-01 
 -1.03957547610529e-02  -1.91333702070880e-02   0.00000000000000e+00   1.46288209606987e-01 
 -1.05642639757148e-02  -1.89318738499909e-02   0.00000000000000e+00   1.48471615720524e-01 
 -1.07287397798905e-02  -1.87238231522847e-02   0.00000000000000e+00   1.50655021834061e-01 
 -1.08943398350475e-02  -1.85056261883822e-02   0.00000000000000e+00   1.52838427947598e-01 
 -1.10645164558880e-02  -1.82727816689467e-02   0.00000000000000e+00   1.55021834061135e-01 
 -1.12354588689142e-02  -1.80169153157265e-02   0.00000000000000e+00   1.57205240174672e-01 
 -1.14014230456745e-02  -1.77286219563373e-02   0.00000000000000e+00   1.59388646288210e-01 
 -1.15566649411090e-02  -1.73984964095387e-02   0.00000000000000e+00   1.61572052401747e-01 
 -1.16954405101573e-02  -1.70171334940901e-02   0.00000000000000e+00   1.63755458515284e-01 
 -1.18121346106455e-02  -1.65777472497006e-02   0.00000000000000e+00   1.65938864628821e-01 
 -1.19021031976472e-02  -1.60932837665999e-02   0.00000000000000e+00   1.68122270742358e-01 
 -1.19611447904174e-02  -1.55856817449721e-02   0.00000000000000e+00   1.70305676855895e-01 
 -1.19850601574329e-02  -1.50769255876927e-02   0.00000000000000e+00   1.72489082969432e-01 
 -1.19696500671703e-02  -1.45889996976372e-02   0.00000000000000e+00   1.74672489082969e-01 
 -1.19114821790620e-02  -1.41426118128594e-02   0.00000000000000e+00   1.76855895196507e-01 
 -1.18161865744040e-02  -1.37433832042864e-02   0.00000000000000e+00   1.79039301310044e-01 
 -1.16953107777000e-02  -1.33870842096430e-02   0.00000000000000e+00   1.81222707423581e-01 
 -1.15605041639913e-02  -1.30693156132157e-02   0.00000000000000e+00   1.83406113537118e-01 
 -1.14218692710588e-02  -1.27857706821827e-02   0.00000000000000e+00   1.85589519650655e-01 
 -1.12818651355053e-02  -1.25325996762669e-02   0.00000000000000e+00   1.87772925764192e-01 
 -1.11405940683305e-02  -1.23060937599948e-02   0.00000000000000e+00   1.89956331877729e-01 
 -1.09981577133038e-02  -1.21025441377850e-02   0.00000000000000e+00   1.92139737991266e-01 
 -1.08546577141944e-02  -1.19182420140565e-02   0.00000000000000e+00   1.94323144104803e-01 
 -1.07101957147715e-02  -1.17494785932282e-02   0.00000000000000e+00   1.96506550218341e-01 
 -1.05648733573518e-02  -1.15925451726951e-02   0.00000000000000e+00   1.98689956331878e-01 
 -1.04187818538837e-02  -1.14444006252651e-02   0.00000000000000e+00   2.00873362445415e-01 
 -1.02719769864712e-02  -1.13042714420152e-02   0.00000000000000e+00   2.03056768558952e-01 
 -1.01245070214551e-02  -1.11718651458092e-02   0.00000000000000e+00   2.05240174672489e-01 
 -9.97642022517646e-03  -1.10468892595112e-02   0.00000000000000e+00   2.07423580786026e-01 
 -9.82776486397609e-03  -1.09290513059850e-02   0.00000000000000e+00   2.09606986899563e-01 
 -9.67858920419492e-03  -1.08180588080947e-02   0.00000000000000e+00   2.11790393013100e-01 
 -9.52894151217384e-03  -1.07136192887042e-02   0.00000000000000e+00   2.13973799126638e-01 
 -9.37887005425378e-03  -1.06154402706774e-02   0.00000000000000e+00   2.16157205240175e-01 
 -9.22842309677564e-03  -1.05232292768784e-02   0.00000000000000e+00   2.18340611353712e-01 
 -9.07764890608031e-03  -1.04366938301710e-02   0.00000000000000e+00   2.20524017467249e-01 
 -8.92659574850872e-03  -1.03555414534193e-02   0.00000000000000e+00   2.22707423580786e-01 
 -8.77531189040176e-03  -1.02794796694871e-02   0.00000000000000e+00   2.24890829694323e-01 
 -8.62384559810034e-03  -1.02082160012385e-02   0.00000000000000e+00   2.27074235807860e-01 
 -8.47224513794537e-03  -1.01414579715373e-02   0.00000000000000e+00   2.29257641921397e-01 
 -8.32055877627775e-03  -1.00789131032476e-02   0.00000000000000e+00   2.31441048034934e-01 
 -8.16883477943840e-03  -1.00202889192334e-02   0.00000000000000e+00   2.33624454148472e-01 
 -8.01712141376822e-03  -9.96529294235843e-03   0.00000000000000e+00   2.35807860262009e-01 
 -7.86546694560811e-03  -9.91363269548683e-03   0.00000000000000e+00   2.37991266375546e-01 
 -7.71391964129899e-03  -9.86501570148250e-03   0.00000000000000e+00   2.40174672489083e-01 
 -7.56252776718174e-03  -9.81914948320939e-03   0.00000000000000e+00   2.42358078602620e-01 
 -7.41133958959730e-03  -9.77574156353148e-03   0.00000000000000e+00   2.44541484716157e-01 
 -7.26040337488656e-03  -9.73449946531270e-03   0.00000000000000e+00   2.46724890829694e-01 
 -7.10976738939043e-03  -9.69513071141702e-03   0.00000000000000e+00   2.48908296943231e-01 
 -6.95947989944981e-03  -9.65734282470840e-03   0.00000000000000e+00   2.51091703056769e-01 
 -6.80958917140562e-03  -9.62084332805079e-03   0.00000000000000e+00   2.53275109170306e-01 
 -6.66014347159875e-03  -9.58533974430815e-03   0.00000000000000e+00   2.55458515283843e-01 
 -6.51119106637012e-03  -9.55053959634443e-03   0.00000000000000e+00   2.57641921397380e-01 
 -6.36278022206063e-03  -9.51615040702358e-03   0.00000000000000e+00   2.59825327510917e-01 
 -6.21495920501119e-03  -9.48187969920958e-03   0.00000000000000e+00   2.62008733624454e-01 
 -6.06777628156270e-03  -9.44743499576636e-03   0.00000000000000e+00   2.64192139737991e-01 
 -5.92127971805608e-03  -9.41252381955789e-03   0.00000000000000e+00   2.66375545851528e-01 
 -5.77551778083223e-03  -9.37685369344813e-03   0.00000000000000e+00   2.68558951965065e-01 
 -5.63053873623205e-03  -9.34013214030103e-03   0.00000000000000e+00   2.70742358078603e-01 
 -5.48639085059645e-03  -9.30206668298054e-03   0.00000000000000e+00   2.72925764192140e-01 
 -5.34312239026634e-03  -9.26236484435062e-03   0.00000000000000e+00   2.75109170305677e-01 
 -5.20078162158262e-03  -9.22073414727523e-03   0.00000000000000e+00   2.77292576419214e-01 
 -5.05941681088621e-03  -9.17688211461833e-03   0.00000000000000e+00   2.79475982532751e-01 
 -4.91907622451801e-03  -9.13051626924387e-03   0.00000000000000e+00   2.81659388646288e-01 
 -4.77980812881892e-03  -9.08134413401580e-03   0.00000000000000e+00   2.83842794759825e-01 
 -4.64165305276971e-03  -9.02911295814401e-03   0.00000000000000e+00   2.86026200873362e-01 
 -4.50460938416836e-03  -8.97378635858857e-03   0.00000000000000e+00   2.88209606986900e-01 
 -4.36866123373360e-03  -8.91540125588836e-03   0.00000000000000e+00   2.90393013100437e-01 
 -4.23379270074349e-03  -8.85399462932278e-03   0.00000000000000e+00   2.92576419213974e-01 
 -4.09998788447605e-03  -8.78960345817124e-03   0.00000000000000e+00   2.94759825327511e-01 
 -3.96723088420934e-03  -8.72226472171317e-03   0.00000000000000e+00   2.96943231441048e-01 
 -3.83550579922141e-03  -8.65201539922797e-03   0.00000000000000e+00   2.99126637554585e-01 
 -3.70479672879031e-03  -8.57889246999507e-03   0.00000000000000e+00   3.01310043668122e-01 
 -3.57508777219407e-03  -8.50293291329387e-03   0.00000000000000e+00   3.03493449781659e-01 
 -3.44636302871076e-03  -8.42417370840381e-03   0.00000000000000e+00   3.05676855895196e-01 
 -3.31860659761840e-03  -8.34265183460428e-03   0.00000000000000e+00   3.07860262008734e-01 
 -3.19180257819505e-03  -8.25840427117472e-03   0.00000000000000e+00   3.10043668122271e-01 
 -3.06593506971876e-03  -8.17146799739452e-03   0.00000000000000e+00   3.12227074235808e-01 
 -2.94098817146757e-03  -8.08187999254311e-03   0.00000000000000e+00   3.14410480349345e-01 
 -2.81694598271953e-03  -7.98967723589991e-03   0.00000000000000e+00   3.16593886462882e-01 
 -2.69379260275268e-03  -7.89489670674432e-03   0.00000000000000e+00   3.18777292576419e-01 
 -2.57151213084507e-03  -7.79757538435577e-03   0.00000000000000e+00   3.20960698689956e-01 
 -2.45008866627475e-03  -7.69775024801368e-03   0.00000000000000e+00   3.23144104803493e-01 
 -2.32950630831977e-03  -7.59545827699745e-03   0.00000000000000e+00   3.25327510917031e-01 
 -2.20974915625816e-03  -7.49073645058650e-03   0.00000000000000e+00   3.27510917030568e-01 
 -2.09085962289946e-03  -7.38378683333724e-03   0.00000000000000e+00   3.29694323144105e-01 
 -1.97338000876232e-03  -7.27622666907621e-03   0.00000000000000e+00   3.31877729257642e-01 
 -1.85810679379772e-03  -7.17039278216168e-03   0.00000000000000e+00   3.34061135371179e-01 
 -1.74583846469428e-03  -7.06862767801484e-03   0.00000000000000e+00   3.36244541484716e-01 
 -1.63737315678096e-03  -6.97327315697788e-03   0.00000000000000e+00   3.38427947598253e-01 
 -1.53305452013210e-03  -6.88575899668848e-03   0.00000000000000e+00   3.40611353711790e-01 
 -1.43187947035059e-03  -6.80481246155083e-03   0.00000000000000e+00   3.42794759825327e-01 
 -1.33259664544096e-03  -6.72866259340982e-03   0.00000000000000e+00   3.44978165938865e-01 
 -1.23395468340777e-03  -6.65553843411039e-03   0.00000000000000e+00   3.47161572052402e-01 
 -1.13470222225557e-03  -6.58366902549743e-03   0.00000000000000e+00   3.49344978165939e-01 
 -1.03358789998890e-03  -6.51128340941587e-03   0.00000000000000e+00   3.51528384279476e-01 
 -9.29360354612313e-04  -6.43661062771063e-03   0.00000000000000e+00   3.53711790393013e-01 
 -8.21095650251515e-04  -6.35753237810685e-03   0.00000000000000e+00   3.55895196506550e-01 
 -7.23958879384262e-04  -6.25486260157519e-03   0.00000000000000e+00   3.58078602620087e-01 
 -6.75934180863037e-04  -6.08596410436806e-03   0.00000000000000e+00   3.60262008733624e-01 
 -7.01228891794904e-04  -5.86734469646841e-03   0.00000000000000e+00   3.62445414847162e-01 
 -7.97820891423531e-04  -5.69766104660590e-03   0.00000000000000e+00   3.64628820960699e-01 
 -9.43472594381426e-04  -5.58930480381798e-03   0.00000000000000e+00   3.66812227074236e-01 
 -1.10741762950879e-03  -5.50969731143308e-03   0.00000000000000e+00   3.68995633187773e-01 
 -1.27016570777201e-03  -5.43789988722974e-03   0.00000000000000e+00   3.71179039301310e-01 
 -1.43022210181377e-03  -5.37191038463578e-03   0.00000000000000e+00   3.73362445414847e-01 
 -1.58769182950848e-03  -5.31141005174902e-03   0.00000000000000e+00   3.75545851528384e-01 
 -1.74267990873055e-03  -5.25608013666734e-03   0.00000000000000e+00   3.77729257641921e-01 
 -1.89529135735441e-03  -5.20560188748858e-03   0.00000000000000e+00   3.79912663755459e-01 
 -2.04563119325447e-03  -5.15965655231059e-03   0.00000000000000e+00   3.82096069868996e-01 
 -2.19380443430513e-03  -5.11792537923122e-03   0.00000000000000e+00   3.84279475982533e-01 
 -2.33991609838082e-03  -5.08008961634832e-03   0.00000000000000e+00   3.86462882096070e-01 
 -2.48407120335596e-03  -5.04583051175974e-03   0.00000000000000e+00   3.88646288209607e-01 
 -2.62637476710495e-03  -5.01482931356334e-03   0.00000000000000e+00   3.90829694323144e-01 
 -2.76693180750221e-03  -4.98676726985697e-03   0.00000000000000e+00   3.93013100436681e-01 
 -2.90584734242215e-03  -4.96132562873847e-03   0.00000000000000e+00   3.95196506550218e-01 
 -3.04322638973919e-03  -4.93818563830570e-03   0.00000000000000e+00   3.97379912663755e-01 
 -3.17917396732775e-03  -4.91702854665651e-03   0.00000000000000e+00   3.99563318777293e-01 
 -3.31379509306224e-03  -4.89753560188874e-03   0.00000000000000e+00   4.01746724890830e-01 
 -3.44719478481707e-03  -4.87938805210026e-03   0.00000000000000e+00   4.03930131004367e-01 
 -3.57947806046666e-03  -4.86226714538891e-03   0.00000000000000e+00   4.06113537117904e-01 
 -3.71074993788542e-03  -4.84585412985254e-03   0.00000000000000e+00   4.08296943231441e-01 
 -3.84111543494777e-03  -4.82983025358901e-03   0.00000000000000e+00   4.10480349344978e-01 
 -3.97067956952812e-03  -4.81387676469616e-03   0.00000000000000e+00   4.12663755458515e-01 
 -4.09954735950089e-03  -4.79767491127185e-03   0.00000000000000e+00   4.14847161572052e-01 
 -4.22782382274050e-03  -4.78090594141392e-03   0.00000000000000e+00   4.17030567685589e-01 
 -4.35561397712135e-03  -4.76325110322023e-03   0.00000000000000e+00   4.19213973799127e-01 
 -4.48302284051786e-03  -4.74439164478863e-03   0.00000000000000e+00   4.21397379912664e-01 
 -4.61015543080445e-03  -4.72400881421697e-03   0.00000000000000e+00   4.23580786026201e-01 
 -4.73711676585553e-03  -4.70178385960310e-03   0.00000000000000e+00   4.25764192139738e-01 
 -4.86401186354551e-03  -4.67739802904487e-03   0.00000000000000e+00   4.27947598253275e-01 
 -4.99094574174882e-03  -4.65053257064014e-03   0.00000000000000e+00   4.30131004366812e-01 
 -5.11802341833985e-03  -4.62086873248675e-03   0.00000000000000e+00   4.32314410480349e-01 
 -5.24534991119304e-03  -4.58808776268255e-03   0.00000000000000e+00   4.34497816593886e-01 
 -5.37303023818280e-03  -4.55187090932540e-03   0.00000000000000e+00   4.36681222707424e-01 
 -5.50116941718353e-03  -4.51189942051315e-03   0.00000000000000e+00   4.38864628820961e-01 
 -5.62987246606966e-03  -4.46785454434364e-03   0.00000000000000e+00   4.41048034934498e-01 
 -5.75924440271560e-03  -4.41941752891474e-03   0.00000000000000e+00   4.43231441048035e-01 
 -5.88939024499576e-03  -4.36626962232428e-03   0.00000000000000e+00   4.45414847161572e-01 
 -6.02041501078455e-03  -4.30809207267012e-03   0.00000000000000e+00   4.47598253275109e-01 
 -6.15242371795641e-03  -4.24456612805012e-03   0.00000000000000e+00   4.49781659388646e-01 
 -6.28552138438572e-03  -4.17537303656212e-03   0.00000000000000e+00   4.51965065502183e-01 
 -6.41981302794692e-03  -4.10019404630398e-03   0.00000000000000e+00   4.54148471615720e-01 
 -6.55540366651442e-03  -4.01871040537354e-03   0.00000000000000e+00   4.56331877729258e-01 
 -6.69239831796263e-03  -3.93060336186865e-03   0.00000000000000e+00   4.58515283842795e-01 
 -6.83090200016597e-03  -3.83555416388717e-03   0.00000000000000e+00   4.60698689956332e-01 
 -6.97101973099884e-03  -3.73324405952695e-03   0.00000000000000e+00   4.62882096069869e-01 
 -7.11285652833568e-03  -3.62335429688584e-03   0.00000000000000e+00   4.65065502183406e-01 
 -7.25651741005088e-03  -3.50556612406169e-03   0.00000000000000e+00   4.67248908296943e-01 
 -7.40210739401887e-03  -3.37956078915235e-03   0.00000000000000e+00   4.69432314410480e-01 
 -7.54973149811406e-03  -3.24501954025568e-03   0.00000000000000e+00   4.71615720524017e-01 
 -7.69949474021086e-03  -3.10162362546951e-03   0.00000000000000e+00   4.73799126637555e-01 
 -7.85150213818370e-03  -2.94905429289171e-03   0.00000000000000e+00   4.75982532751092e-01 
 -8.00541474342951e-03  -2.78697406645633e-03   0.00000000000000e+00   4.78165938864629e-01 
 -8.15841156782829e-03  -2.61494079076500e-03   0.00000000000000e+00   4.80349344978166e-01 
 -8.30680950532833e-03  -2.43247595083323e-03   0.00000000000000e+00   4.82532751091703e-01 
 -8.44692459057138e-03  -2.23910099543554e-03   0.00000000000000e+00   4.84716157205240e-01 
 -8.57565385686625e-03  -2.03357676068366e-03   0.00000000000000e+00   4.86899563318777e-01 
 -8.69582492307069e-03  -1.80690007440194e-03   0.00000000000000e+00   4.89082969432314e-01 
 -8.81373369519476e-03  -1.54552726668970e-03   0.00000000000000e+00   4.91266375545852e-01 
 -8.93464161271607e-03  -1.23632225294282e-03   0.00000000000000e+00   4.93449781659389e-01 
 -9.04645891274445e-03  -8.73628465245574e-04   0.00000000000000e+00   4.95633187772926e-01 
 -9.12308645432649e-03  -4.57828304901626e-04   0.00000000000000e+00   4.97816593886463e-01 
 -9.14279534069372e-03   5.18908189721903e-06   0.00000000000000e+00   5.00000000000000e-01 
 -9.10987002076947e-03   4.80446509519289e-04   0.00000000000000e+00   5.02183406113537e-01 
 -9.03741829312522e-03   9.23100551150510e-04   0.00000000000000e+00   5.04366812227074e-01 
 -8.93762844788690e-03   1.29594861034789e-03   0.00000000000000e+00   5.06550218340611e-01 
 -8.81784454843510e-03   1.60177347455928e-03   0.00000000000000e+00   5.08733624454148e-01 
 -8.68383295227498e-03   1.85638068561859e-03   0.00000000000000e+00   5.10917030567686e-01 
 -8.54135915865596e-03   2.07558286960392e-03   0.00000000000000e+00   5.13100436681223e-01 
 -8.39611047491842e-03   2.27498232768802e-03   0.00000000000000e+00   5.15283842794760e-01 
 -8.25125854910772e-03   2.46341460205832e-03   0.00000000000000e+00   5.17467248908297e-01 
 -8.10698156554798e-03   2.64166325124417e-03   0.00000000000000e+00   5.19650655021834e-01 
 -7.96328304898370e-03   2.81004202481375e-03   0.00000000000000e+00   5.21834061135371e-01 
 -7.82016652415931e-03   2.96886467233529e-03   0.00000000000000e+00   5.24017467248908e-01 
 -7.67763551581933e-03   3.11844494337698e-03   0.00000000000000e+00   5.26200873362445e-01 
 -7.53569354870820e-03   3.25909658750705e-03   0.00000000000000e+00   5.28384279475983e-01 
 -7.39434414757043e-03   3.39113335429368e-03   0.00000000000000e+00   5.30567685589520e-01 
 -7.25359083715046e-03   3.51486899330508e-03   0.00000000000000e+00   5.32751091703057e-01 
 -7.11343714219280e-03   3.63061725410947e-03   0.00000000000000e+00   5.34934497816594e-01 
 -6.97388658744190e-03   3.73869188627504e-03   0.00000000000000e+00   5.37117903930131e-01 
 -6.83494269764224e-03   3.83940663937001e-03   0.00000000000000e+00   5.39301310043668e-01 
 -6.69660899753831e-03   3.93307526296257e-03   0.00000000000000e+00   5.41484716157205e-01 
 -6.55888901187457e-03   4.02001150662095e-03   0.00000000000000e+00   5.43668122270742e-01 
 -6.42178626539550e-03   4.10052911991333e-03   0.00000000000000e+00   5.45851528384279e-01 
 -6.28530428284558e-03   4.17494185240793e-03   0.00000000000000e+00   5.48034934497817e-01 
 -6.14944658896928e-03   4.24356345367296e-03   0.00000000000000e+00   5.50218340611354e-01 
 -6.01421670851107e-03   4.30670767327661e-03   0.00000000000000e+00   5.52401746724891e-01 
 -5.87961816621545e-03   4.36468826078710e-03   0.00000000000000e+00   5.54585152838428e-01 
 -5.74565448682686e-03   4.41781896577264e-03   0.00000000000000e+00   5.56768558951965e-01 
 -5.61232919508981e-03   4.46641353780141e-03   0.00000000000000e+00   5.58951965065502e-01 
 -5.47964581574876e-03   4.51078572644165e-03   0.00000000000000e+00   5.61135371179039e-01 
 -5.34760787354817e-03   4.55124928126154e-03   0.00000000000000e+00   5.63318777292576e-01 
 -5.21621889323254e-03   4.58811795182930e-03   0.00000000000000e+00   5.65502183406113e-01 
 -5.08548239954634e-03   4.62170548771313e-03   0.00000000000000e+00   5.67685589519651e-01 
 -4.95540191723404e-03   4.65232563848124e-03   0.00000000000000e+00   5.69868995633188e-01 
 -4.82598097104011e-03   4.68029215370183e-03   0.00000000000000e+00   5.72052401746725e-01 
 -4.69722308570904e-03   4.70591878294311e-03   0.00000000000000e+00   5.74235807860262e-01 
 -4.56913178598530e-03   4.72951927577329e-03   0.00000000000000e+00   5.76419213973799e-01 
 -4.44171059661336e-03   4.75140738176057e-03   0.00000000000000e+00   5.78602620087336e-01 
 -4.31496269591459e-03   4.77189672396605e-03   0.00000000000000e+00   5.80786026200873e-01 
 -4.18879946954573e-03   4.79126740452351e-03   0.00000000000000e+00   5.82969432314410e-01 
 -4.06291765866966e-03   4.80972114149851e-03   0.00000000000000e+00   5.85152838427948e-01 
 -3.93698337225094e-03   4.82744846666307e-03   0.00000000000000e+00   5.87336244541485e-01 
 -3.81066271925414e-03   4.84463991178921e-03   0.00000000000000e+00   5.89519650655022e-01 
 -3.68362180864382e-03   4.86148600864892e-03   0.00000000000000e+00   5.91703056768559e-01 
 -3.55552674938454e-03   4.87817728901422e-03   0.00000000000000e+00   5.93886462882096e-01 
 -3.42604365044085e-03   4.89490428465711e-03   0.00000000000000e+00   5.96069868995633e-01 
 -3.29483862077734e-03   4.91185752734960e-03   0.00000000000000e+00   5.98253275109170e-01 
 -3.16157776935854e-03   4.92922754886371e-03   0.00000000000000e+00   6.00436681222707e-01 
 -3.02592720514903e-03   4.94720488097144e-03   0.00000000000000e+00   6.02620087336245e-01 
 -2.88756198120198e-03   4.96599535453211e-03   0.00000000000000e+00   6.04803493449782e-01 
 -2.74634978439032e-03   4.98613430537230e-03   0.00000000000000e+00   6.06986899563319e-01 
 -2.60234393721025e-03   5.00847460369578e-03   0.00000000000000e+00   6.09170305676856e-01 
 -2.45560530600644e-03   5.03388202364782e-03   0.00000000000000e+00   6.11353711790393e-01 
 -2.30619475712358e-03   5.06322233937370e-03   0.00000000000000e+00   6.13537117903930e-01 
 -2.15417315690635e-03   5.09736132501870e-03   0.00000000000000e+00   6.15720524017467e-01 
 -1.99960137169943e-03   5.13716475472809e-03   0.00000000000000e+00   6.17903930131004e-01 
 -1.84254026784748e-03   5.18349840264715e-03   0.00000000000000e+00   6.20087336244541e-01 
 -1.68305071169521e-03   5.23722804292115e-03   0.00000000000000e+00   6.22270742358079e-01 
 -1.52119356958727e-03   5.29921944969538e-03   0.00000000000000e+00   6.24454148471616e-01 
 -1.35702970786837e-03   5.37033839711511e-03   0.00000000000000e+00   6.26637554585153e-01 
 -1.19061999288316e-03   5.45145065932561e-03   0.00000000000000e+00   6.28820960698690e-01 
 -1.02204192493101e-03   5.54343157075972e-03   0.00000000000000e+00   6.31004366812227e-01 
 -8.59969526404249e-04   5.65209727666352e-03   0.00000000000000e+00   6.33187772925764e-01 
 -7.35694268597365e-04   5.79626319511648e-03   0.00000000000000e+00   6.35371179039301e-01 
 -6.81933062520982e-04   5.99172326435607e-03   0.00000000000000e+00   6.37554585152838e-01 
 -7.00420645367838e-04   6.18360050437988e-03   0.00000000000000e+00   6.39737991266376e-01 
 -7.69413462559737e-04   6.29994426015089e-03   0.00000000000000e+00   6.41921397379913e-01 
 -8.63820152796351e-04   6.37239361093565e-03   0.00000000000000e+00   6.44104803493450e-01 
 -9.63088995290101e-04   6.44219117746099e-03   0.00000000000000e+00   6.46288209606987e-01 
 -1.06366109996776e-03   6.51617823722673e-03   0.00000000000000e+00   6.48471615720524e-01 
 -1.16552751294394e-03   6.59400935615492e-03   0.00000000000000e+00   6.50655021834061e-01 
 -1.26867928033330e-03   6.67533910016762e-03   0.00000000000000e+00   6.52838427947598e-01 
 -1.37310744825047e-03   6.75982203518691e-03   0.00000000000000e+00   6.55021834061135e-01 
 -1.47880306281009e-03   6.84711272713482e-03   0.00000000000000e+00   6.57205240174672e-01 
 -1.58575717012679e-03   6.93686574193344e-03   0.00000000000000e+00   6.59388646288210e-01 
 -1.69396081631521e-03   7.02873564550480e-03   0.00000000000000e+00   6.61572052401747e-01 
 -1.80340504748999e-03   7.12237700377098e-03   0.00000000000000e+00   6.63755458515284e-01 
 -1.91408090976575e-03   7.21744438265403e-03   0.00000000000000e+00   6.65938864628821e-01 
 -2.02597944925716e-03   7.31359234807602e-03   0.00000000000000e+00   6.68122270742358e-01 
 -2.13909171207883e-03   7.41047546595900e-03   0.00000000000000e+00   6.70305676855895e-01 
 -2.25340874434541e-03   7.50774830222504e-03   0.00000000000000e+00   6.72489082969432e-01 
 -2.36892159217152e-03   7.60506542279618e-03   0.00000000000000e+00   6.74672489082969e-01 
 -2.48562130167181e-03   7.70208139359449e-03   0.00000000000000e+00   6.76855895196506e-01 
 -2.60349891896093e-03   7.79845078054204e-03   0.00000000000000e+00   6.79039301310044e-01 
 -2.72254549015349e-03   7.89382814956088e-03   0.00000000000000e+00   6.81222707423581e-01 
 -2.84275206136414e-03   7.98786806657308e-03   0.00000000000000e+00   6.83406113537118e-01 
 -2.96410967870752e-03   8.08022509750068e-03   0.00000000000000e+00   6.85589519650655e-01 
 -3.08660938829826e-03   8.17055380826576e-03   0.00000000000000e+00   6.87772925764192e-01 
 -3.21024223625100e-03   8.25850876479036e-03   0.00000000000000e+00   6.89956331877729e-01 
 -3.33499926868039e-03   8.34374453299656e-03   0.00000000000000e+00   6.92139737991266e-01 
 -3.46087153170104e-03   8.42591567880640e-03   0.00000000000000e+00   6.94323144104803e-01 
 -3.58785007142760e-03   8.50467676814195e-03   0.00000000000000e+00   6.96506550218341e-01 
 -3.71592611507140e-03   8.57973133748722e-03   0.00000000000000e+00   6.98689956331878e-01 
 -3.84509211048266e-03   8.65111299768040e-03   0.00000000000000e+00   7.00873362445415e-01 
 -3.97534100969326e-03   8.71899169588857e-03   0.00000000000000e+00   7.03056768558952e-01 
 -4.10666576632590e-03   8.78353780946723e-03   0.00000000000000e+00   7.05240174672489e-01 
 -4.23905933400333e-03   8.84492171577187e-03   0.00000000000000e+00   7.07423580786026e-01 
 -4.37251466634826e-03   8.90331379215798e-03   0.00000000000000e+00   7.09606986899563e-01 
 -4.50702471698343e-03   8.95888441598106e-03   0.00000000000000e+00   7.11790393013100e-01 
 -4.64258243953156e-03   9.01180396459661e-03   0.00000000000000e+00   7.13973799126637e-01 
 -4.77918078761539e-03   9.06224281536012e-03   0.00000000000000e+00   7.16157205240175e-01 
 -4.91681271485763e-03   9.11037134562708e-03   0.00000000000000e+00   7.18340611353712e-01 
 -5.05547117488103e-03   9.15635993275300e-03   0.00000000000000e+00   7.20524017467249e-01 
 -5.19514912130830e-03   9.20037895409336e-03   0.00000000000000e+00   7.22707423580786e-01 
 -5.33583950776217e-03   9.24259878700366e-03   0.00000000000000e+00   7.24890829694323e-01 
 -5.47753528786538e-03   9.28318980883940e-03   0.00000000000000e+00   7.27074235807860e-01 
 -5.62022941524064e-03   9.32232239695607e-03   0.00000000000000e+00   7.29257641921397e-01 
 -5.76391484351070e-03   9.36016692870916e-03   0.00000000000000e+00   7.31441048034934e-01 
 -5.90858452629827e-03   9.39689378145418e-03   0.00000000000000e+00   7.33624454148472e-01 
 -6.05423141722608e-03   9.43267333254661e-03   0.00000000000000e+00   7.35807860262009e-01 
 -6.20084846991686e-03   9.46767595934195e-03   0.00000000000000e+00   7.37991266375546e-01 
 -6.34842216176339e-03   9.50208983263436e-03   0.00000000000000e+00   7.40174672489083e-01 
 -6.49689692074455e-03   9.53621865396208e-03   0.00000000000000e+00   7.42358078602620e-01 
 -6.64620038481299e-03   9.57041225545231e-03   0.00000000000000e+00   7.44541484716157e-01 
 -6.79626014801453e-03   9.60502058986623e-03   0.00000000000000e+00   7.46724890829694e-01 
 -6.94700380439498e-03   9.64039360996500e-03   0.00000000000000e+00   7.48908296943231e-01 
 -7.09835894800019e-03   9.67688126850980e-03   0.00000000000000e+00   7.51091703056769e-01 
 -7.25025317287596e-03   9.71483351826179e-03   0.00000000000000e+00   7.53275109170306e-01 
 -7.40261407306811e-03   9.75460031198214e-03   0.00000000000000e+00   7.55458515283843e-01 
 -7.55536924262248e-03   9.79653160243202e-03   0.00000000000000e+00   7.57641921397380e-01 
 -7.70844627558487e-03   9.84097734237260e-03   0.00000000000000e+00   7.59825327510917e-01 
 -7.86177276600111e-03   9.88828748456505e-03   0.00000000000000e+00   7.62008733624454e-01 
 -8.01527630791703e-03   9.93881198177053e-03   0.00000000000000e+00   7.64192139737991e-01 
 -8.16888449537843e-03   9.99290078675023e-03   0.00000000000000e+00   7.66375545851528e-01 
 -8.32252492243116e-03   1.00509038522653e-02   0.00000000000000e+00   7.68558951965066e-01 
 -8.47612518312101e-03   1.01131711310769e-02   0.00000000000000e+00   7.70742358078603e-01 
 -8.62961287149382e-03   1.01800525759462e-02   0.00000000000000e+00   7.72925764192140e-01 
 -8.78291558159542e-03   1.02518981396344e-02   0.00000000000000e+00   7.75109170305677e-01 
 -8.93596090747162e-03   1.03290577749027e-02   0.00000000000000e+00   7.77292576419214e-01 
 -9.08867644316824e-03   1.04118814345122e-02   0.00000000000000e+00   7.79475982532751e-01 
 -9.24098978273110e-03   1.05007190712241e-02   0.00000000000000e+00   7.81659388646288e-01 
 -9.39282852020603e-03   1.05959206377995e-02   0.00000000000000e+00   7.83842794759825e-01 
 -9.54412024963885e-03   1.06978360869996e-02   0.00000000000000e+00   7.86026200873362e-01 
 -9.69479256507537e-03   1.08068153715857e-02   0.00000000000000e+00   7.88209606986900e-01 
 -9.84477306056142e-03   1.09232084443188e-02   0.00000000000000e+00   7.90393013100437e-01 
 -9.99398933014282e-03   1.10473652579602e-02   0.00000000000000e+00   7.92576419213974e-01 
 -1.01423689678654e-02   1.11796357652709e-02   0.00000000000000e+00   7.94759825327511e-01 
 -1.02898395677750e-02   1.13203699190122e-02   0.00000000000000e+00   7.96943231441048e-01 
 -1.04363287239174e-02   1.14699176719453e-02   0.00000000000000e+00   7.99126637554585e-01 
 -1.05817640303384e-02   1.16286289768313e-02   0.00000000000000e+00   8.01310043668122e-01 
 -1.07260730810839e-02   1.17968537864314e-02   0.00000000000000e+00   8.03493449781659e-01 
 -1.08691834701996e-02   1.19749420535067e-02   0.00000000000000e+00   8.05676855895196e-01 
 -1.10110227917315e-02   1.21632437308184e-02   0.00000000000000e+00   8.07860262008734e-01 
 -1.11515186397253e-02   1.23621087711277e-02   0.00000000000000e+00   8.10043668122271e-01 
 -1.12905986082268e-02   1.25718871271958e-02   0.00000000000000e+00   8.12227074235808e-01 
 -1.14281579756704e-02   1.27932988987682e-02   0.00000000000000e+00   8.14410480349345e-01 
 -1.15629781792411e-02   1.30398222601114e-02   0.00000000000000e+00   8.16593886462882e-01 
 -1.16924711307148e-02   1.33406220977887e-02   0.00000000000000e+00   8.18777292576419e-01 
 -1.18126866660160e-02   1.37183695152126e-02   0.00000000000000e+00   8.20960698689956e-01 
 -1.19135796430367e-02   1.41601678785293e-02   0.00000000000000e+00   8.23144104803493e-01 
 -1.19832898493837e-02   1.46425285644352e-02   0.00000000000000e+00   8.25327510917030e-01 
 -1.20099567656830e-02   1.51419611582145e-02   0.00000000000000e+00   8.27510917030568e-01 
 -1.19842563576272e-02   1.56368164382609e-02   0.00000000000000e+00   8.29694323144105e-01 
 -1.19116995638275e-02   1.61162136476780e-02   0.00000000000000e+00   8.31877729257642e-01 
 -1.18031747098673e-02   1.65731753870038e-02   0.00000000000000e+00   8.34061135371179e-01 
 -1.16695776180401e-02   1.70007296985160e-02   0.00000000000000e+00   8.36244541484716e-01 
 -1.15218041106390e-02   1.73919046244920e-02   0.00000000000000e+00   8.38427947598253e-01 
 -1.13698097515669e-02   1.77407119178421e-02   0.00000000000000e+00   8.40611353711790e-01 
 -1.12161425189432e-02   1.80489132446581e-02   0.00000000000000e+00   8.42794759825327e-01 
 -1.10598419907331e-02   1.83219408051834e-02   0.00000000000000e+00   8.44978165938865e-01 
 -1.08999267352640e-02   1.85652487802201e-02   0.00000000000000e+00   8.47161572052402e-01 
 -1.07354153208630e-02   1.87842913505701e-02   0.00000000000000e+00   8.49344978165939e-01 
 -1.05653263158573e-02   1.89845226970354e-02   0.00000000000000e+00   8.51528384279476e-01 
 -1.03886782885742e-02   1.91713970004179e-02   0.00000000000000e+00   8.53711790393013e-01 
 -1.02044898073408e-02   1.93503684415197e-02   0.00000000000000e+00   8.55895196506550e-01 
 -1.00117794404843e-02   1.95268912011426e-02   0.00000000000000e+00   8.58078602620087e-01 
 -9.80956575633365e-03   1.97064194600831e-02   0.00000000000000e+00   8.60262008733624e-01 
 -9.59741792046702e-03   1.98926054613357e-02   0.00000000000000e+00   8.62445414847162e-01 
 -9.37709792805067e-03   2.00819249817328e-02   0.00000000000000e+00   8.64628820960699e-01 
 -9.15091360215959e-03   2.02690674689102e-02   0.00000000000000e+00   8.66812227074236e-01 
 -8.92117276586880e-03   2.04487223705036e-02   0.00000000000000e+00   8.68995633187773e-01 
 -8.69018324225325e-03   2.06155791341488e-02   0.00000000000000e+00   8.71179039301310e-01 
 -8.46025285438796e-03   2.07643272074814e-02   0.00000000000000e+00   8.73362445414847e-01 
 -8.23368942534789e-03   2.08896560381371e-02   0.00000000000000e+00   8.75545851528384e-01 
 -8.01227146914967e-03   2.09876996354667e-02   0.00000000000000e+00   8.77729257641921e-01 
 -7.79527657271835e-03   2.10614174040617e-02   0.00000000000000e+00   8.79912663755459e-01 
 -7.58124439684289e-03   2.11157826566981e-02   0.00000000000000e+00   8.82096069868996e-01 
 -7.36873338531310e-03   2.11557460514426e-02   0.00000000000000e+00   8.84279475982533e-01 
 -7.15757123404291e-03   2.11847164265755e-02   0.00000000000000e+00   8.86462882096070e-01 
 -6.94963534965008e-03   2.12036127411325e-02   0.00000000000000e+00   8.88646288209607e-01 
 -6.74698944940283e-03   2.12131276339076e-02   0.00000000000000e+00   8.90829694323144e-01 
 -6.55169725056939e-03   2.12139537436952e-02   0.00000000000000e+00   8.93013100436681e-01 
 -6.36582247041797e-03   2.12067837092891e-02   0.00000000000000e+00   8.95196506550218e-01 
 -6.19142882621681e-03   2.11923101694837e-02   0.00000000000000e+00   8.97379912663755e-01 
 -6.03006206349099e-03   2.11710190880414e-02   0.00000000000000e+00   8.99563318777293e-01 
 -5.87984826356510e-03   2.11420319542803e-02   0.00000000000000e+00   9.01746724890830e-01 
 -5.73752723038465e-03   2.11039171257841e-02   0.00000000000000e+00   9.03930131004367e-01 
 -5.60044524366510e-03   2.10557182310510e-02   0.00000000000000e+00   9.06113537117904e-01 
 -5.46819720851838e-03   2.09982354601284e-02   0.00000000000000e+00   9.08296943231441e-01 
 -5.34089567851417e-03   2.09326733751655e-02   0.00000000000000e+00   9.10480349344978e-01 
 -5.21865320722220e-03   2.08602365383110e-02   0.00000000000000e+00   9.12663755458515e-01 
 -5.10158234821214e-03   2.07821295117139e-02   0.00000000000000e+00   9.14847161572052e-01 
 -4.98979565505371e-03   2.06995568575233e-02   0.00000000000000e+00   9.17030567685589e-01 
 -4.88340568131659e-03   2.06137231378879e-02   0.00000000000000e+00   9.19213973799127e-01 
 -4.78250889661203e-03   2.05258060245948e-02   0.00000000000000e+00   9.21397379912664e-01 
 -4.68695465328125e-03   2.04365700403382e-02   0.00000000000000e+00   9.23580786026201e-01 
 -4.59639871663385e-03   2.03464560545665e-02   0.00000000000000e+00   9.25764192139738e-01 
 -4.51049167449812e-03   2.02558962806287e-02   0.00000000000000e+00   9.27947598253275e-01 
 -4.42888411470235e-03   2.01653229318737e-02   0.00000000000000e+00   9.30131004366812e-01 
 -4.35122662507485e-03   2.00751682216504e-02   0.00000000000000e+00   9.32314410480349e-01 
 -4.27716979344389e-03   1.99858643633078e-02   0.00000000000000e+00   9.34497816593886e-01 
 -4.20636420763778e-03   1.98978435701947e-02   0.00000000000000e+00   9.36681222707423e-01 
 -4.13846045548480e-03   1.98115380556601e-02   0.00000000000000e+00   9.38864628820961e-01 
 -4.07310912481325e-03   1.97273800330529e-02   0.00000000000000e+00   9.41048034934498e-01 
 -4.00996080345142e-03   1.96458017157219e-02   0.00000000000000e+00   9.43231441048035e-01 
 -3.94866607922759e-03   1.95672353170162e-02   0.00000000000000e+00   9.45414847161572e-01 
 -3.88862037742897e-03   1.94920927268625e-02   0.00000000000000e+00   9.47598253275109e-01 
 -3.82707140436274e-03   1.94205753375807e-02   0.00000000000000e+00   9.49781659388646e-01 
 -3.76292327031329e-03   1.93525356349232e-02   0.00000000000000e+00   9.51965065502183e-01 
 -3.69704632075646e-03   1.92876615087635e-02   0.00000000000000e+00   9.54148471615720e-01 
 -3.63034707303484e-03   1.92256378606416e-02   0.00000000000000e+00   9.56331877729258e-01 
 -3.56373204449098e-03   1.91661495920972e-02   0.00000000000000e+00   9.58515283842795e-01 
 -3.49810775246747e-03   1.91088816046703e-02   0.00000000000000e+00   9.60698689956332e-01 
 -3.43438071430688e-03   1.90535187999007e-02   0.00000000000000e+00   9.62882096069869e-01 
 -3.37345744735180e-03   1.89997460793282e-02   0.00000000000000e+00   9.65065502183406e-01 
 -3.31624446894478e-03   1.89472483444928e-02   0.00000000000000e+00   9.67248908296943e-01 
 -3.26349048836118e-03   1.88957926220364e-02   0.00000000000000e+00   9.69432314410480e-01 
 -3.21521668740624e-03   1.88455245521210e-02   0.00000000000000e+00   9.71615720524017e-01 
 -3.17123472932382e-03   1.87966988107366e-02   0.00000000000000e+00   9.73799126637555e-01 
 -3.13135625809012e-03   1.87495700838999e-02   0.00000000000000e+00   9.75982532751092e-01 
 -3.09539291768140e-03   1.87043930576280e-02   0.00000000000000e+00   9.78165938864629e-01 
 -3.06315635207387e-03   1.86614224179377e-02   0.00000000000000e+00   9.80349344978166e-01 
 -3.03445820524376e-03   1.86209128508461e-02   0.00000000000000e+00   9.82532751091703e-01 
 -3.00911012116731e-03   1.85831190423701e-02   0.00000000000000e+00   9.84716157205240e-01 
 -2.98692374382076e-03   1.85482956785266e-02   0.00000000000000e+00   9.86899563318777e-01 
 -2.96771071718032e-03   1.85166974453325e-02   0.00000000000000e+00   9.89082969432314e-01 
 -2.95128268522223e-03   1.84885790288049e-02   0.00000000000000e+00   9.91266375545852e-01 
 -2.93745129192272e-03   1.84641951149605e-02   0.00000000000000e+00   9.93449781659389e-01 
 -2.92602818125803e-03   1.84438003898165e-02   0.00000000000000e+00   9.95633187772926e-01 
 -2.91682499720437e-03   1.84276495393897e-02   0.00000000000000e+00   9.97816593886463e-01 
 -2.90965338373799e-03   1.84159972496970e-02   0.00000000000000e+00   1.00000000000000e+00 
