1	2.77243e-02	2.91920e-05	 1.0529e-03
3	2.76041e-02	5.20744e-05	 1.8865e-03
4	2.66781e-02	3.95337e-04	 1.4819e-02
5	2.57902e-02	3.79141e-04	 1.4701e-02
6	2.53505e-02	1.89314e-04	 7.4678e-03
7	2.27790e-02	1.05814e-03	 4.6452e-02
8	2.05929e-02	9.02334e-04	 4.3818e-02
9	1.65923e-02	1.55654e-03	 9.3811e-02
10	1.27909e-02	1.44543e-03	 1.1300e-01
11	7.87181e-03	1.65958e-03	 2.1083e-01
12	5.66250e-03	8.10111e-04	 1.4307e-01
13	4.15761e-03	5.57803e-04	 1.3416e-01
14	2.22464e-03	6.04177e-04	 2.7158e-01
16	1.71528e-03	1.93698e-04	 1.1293e-01
17	1.32227e-03	1.49436e-04	 1.1301e-01
18	9.67557e-04	1.31244e-04	 1.3564e-01
19	6.81736e-04	1.03665e-04	 1.5206e-01
20	5.52721e-04	5.03588e-05	 9.1111e-02
21	4.34926e-04	4.52716e-05	 1.0409e-01
22	3.37629e-04	3.71310e-05	 1.0998e-01
23	2.49059e-04	3.29101e-05	 1.3214e-01
24	2.12146e-04	1.47795e-05	 6.9667e-02
25	1.68288e-04	1.69268e-05	 1.0058e-01
26	1.35531e-04	1.27420e-05	 9.4016e-02
27	1.19087e-04	6.68968e-06	 5.6175e-02
28	1.01322e-04	7.10855e-06	 7.0158e-02
29	9.39083e-05	3.09903e-06	 3.3001e-02
30	8.03393e-05	5.44509e-06	 6.7776e-02
31	7.17384e-05	3.52783e-06	 4.9176e-02
32	6.53167e-05	2.66017e-06	 4.0727e-02
33	6.12807e-05	1.69751e-06	 2.7700e-02
34	5.58469e-05	2.25201e-06	 4.0325e-02
35	5.13599e-05	1.86822e-06	 3.6375e-02
36	4.94601e-05	1.00000e-06	 1.6369e-02
37	4.54133e-05	1.68358e-06	 3.7072e-02
38	4.34438e-05	1.00000e-06	 1.9255e-02
39	3.87960e-05	1.90646e-06	 4.9141e-02
40	3.47941e-05	1.64513e-06	 4.7282e-02
41	3.03091e-05	1.81648e-06	 5.9932e-02
42	2.66499e-05	1.48914e-06	 5.5878e-02
43	2.42027e-05	1.01247e-06	 4.1833e-02
44	2.28137e-05	1.00000e-06	 2.5667e-02
45	2.09731e-05	1.00000e-06	 3.6534e-02
46	1.93821e-05	1.00000e-06	 3.4261e-02
47	1.76552e-05	1.00000e-06	 4.0530e-02
48	1.62760e-05	1.00000e-06	 3.5325e-02
49	1.48337e-05	1.00000e-06	 4.0296e-02
51	1.39126e-05	1.00000e-06	 2.7843e-02
52	1.28060e-05	1.00000e-06	 3.5995e-02
54	1.15941e-05	1.00000e-06	 4.3174e-02
56	1.04589e-05	1.00000e-06	 4.4753e-02
