0.00000000000 -1.0
0.00000000000 -1.0
0.00000000000 -1.0
0.00000000000 -1.0
0.00382354322 -1.0
0.00488625561 -1.0
0.00573537764 -1.0
0.00604849286 -1.0
0.00717059365 -1.0
0.00901141105 -1.0
0.01008010446 -1.0
0.01093069129 -1.0
0.01946001398 -1.0
0.02146249294 -1.0
0.02270158565 -1.0
0.02499278087 -1.0
0.02581147634 -1.0
0.02666357395 -1.0
0.02844554925 -1.0
0.02940176342 -1.0
0.03022944378 -1.0
0.03305738877 -1.0
0.04271708936 -1.0
0.04373070785 -1.0
0.04529500721 -1.0
0.04698529300 -1.0
0.05112695097 -1.0
0.05258362503 -1.0
0.05532472454 -1.0
0.08002618049 -1.0
0.11726839252 -1.0
0.11966677116 -1.0
0.12131754720 -1.0
0.12613591230 -1.0
0.13364534692 -1.0
0.15316128461 -1.0
0.15424208432 -1.0
0.15745266602 -1.0
0.16099751951 -1.0
0.16258906866 -1.0
0.16611898111 -1.0
0.18888617666 -1.0
0.22111014532 -1.0
0.27464275656 -1.0
0.28208902139 -1.0
0.30450060584 -1.0
0.32950003682 -1.0
0.33821422460 -1.0
0.34008243023 -1.0
0.34064957195 -1.0
0.34330962025 -1.0
0.35210511888 -1.0
0.39859766333 -1.0
0.41898986929 -1.0
0.42188774837 -1.0
0.43233289172 -1.0
0.48127667989 -1.0
0.52322195274 -1.0
0.53813519704 -1.0
0.55562519656 -1.0
0.57624496704 -1.0
0.59047375985 -1.0
0.59621879270 -1.0
0.60780666232 -1.0
0.60942530693 -1.0
0.61895944749 -1.0
0.62072013431 -1.0
0.62191242798 -1.0
0.62457143771 -1.0
0.62562833789 -1.0
0.62923200412 -1.0
0.65181461856 -1.0
0.72205822792 -1.0
0.78540968538 -1.0
0.83058290605 -1.0
0.89183729538 -1.0
1.00000000000 -1.0
1.00000000000 -1.0
1.00000000000 -1.0
1.00000000000 -1.0
