0.00000000000	0.00000000000	1.00000000000	0.00000000000
0.00668906995	0.10514238876	0.99471362812	0.00334447427
0.01337800628	0.20860761969	0.97800373514	0.00668894355
0.02006691750	0.30969564970	0.95046866523	0.01003341329
0.02675589878	0.40769222512	0.91270058504	0.01337788400
0.03344499103	0.50156020852	0.86514954927	0.01672236828
0.04013407595	0.58993812924	0.80812429957	0.02006683833
0.04682315050	0.67147016016	0.74194206651	0.02341132489
0.05351213289	0.74521575129	0.66727967651	0.02675580044
0.06020108398	0.81065234357	0.58517141350	0.03010028988
0.06688996254	0.86727443066	0.49666837170	0.03344476627
0.07357884853	0.91457757194	0.40282008404	0.03678926326
0.08026769850	0.95205633531	0.30467775114	0.04013375279
0.08695653689	0.97920584647	0.20329166188	0.04347824074
0.09364537845	0.99552114433	0.09971223012	0.04682272817
0.10033423850	1.00051586873	-0.00500812433	0.05016721652
0.10702314976	0.99413172301	-0.10977083871	0.05351171898
0.11371206837	0.97673860590	-0.21342972825	0.05685621341
0.12040097767	0.94872517942	-0.31483704259	0.06020069146
0.12708995767	0.91047957594	-0.41284647343	0.06354519307
0.13377893219	0.86239068998	-0.50630938145	0.06688968011
0.14046794160	0.80484677216	-0.59407883774	0.07023417272
0.14715695329	0.73824936673	-0.67502133591	0.07357865463
0.15384597274	0.66329280723	-0.74833540019	0.07692313102
0.16053501685	0.58096429105	-0.81355110016	0.08026761513
0.16722404187	0.49226530460	-0.87019874327	0.08361208998
0.17391305150	0.39821560497	-0.91749712218	0.08695656224
0.18060203833	0.29985513282	-0.95437716895	0.09030103272
0.18729100026	0.19825266629	-0.98031436292	0.09364549979
0.19397997985	0.09450439551	-0.99534238894	0.09698997906
0.20066894979	-0.01029118676	-0.99951900907	0.10033445099
0.20735793363	-0.11503637128	-0.99290214704	0.10367892146
0.21404694175	-0.21863324900	-0.97554969522	0.10702338977
0.22073598680	-0.31998046459	-0.94752558482	0.11036785696
0.22742508106	-0.41789646653	-0.90903264755	0.11371233767
0.23411414015	-0.51111809340	-0.86041318474	0.11705681201
0.24080313867	-0.59839310109	-0.80202845605	0.12040128948
0.24749204201	-0.67878053206	-0.73454432411	0.12374575942
0.25418092406	-0.75165214257	-0.65893011364	0.12709024981
0.26086975785	-0.81639204824	-0.57616945709	0.13043473750
0.26755855480	-0.87238488760	-0.48724565393	0.13377921857
0.27424736771	-0.91901560624	-0.39314142425	0.13712370977
0.28093619437	-0.95566869189	-0.29484022577	0.14046820035
0.28762504494	-0.98172879947	-0.19332537864	0.14381268574
0.29431396553	-0.99659950491	-0.08958383098	0.14715717973
0.30100294859	-1.00011678977	0.01530047761	0.15050167786
0.30769196475	-0.99254928663	0.12014708232	0.15384617334
0.31438098436	-0.97418452287	0.22377133852	0.15719065962
0.32107002674	-0.94530985668	0.32498935969	0.16053515462
0.32775905068	-0.90621282434	0.42261632608	0.16387964603
0.33444803218	-0.85718753032	0.51547315163	0.16722412968
0.34113697779	-0.79867868981	0.60250635644	0.17056860685
0.34782594956	-0.73128128320	0.68278830350	0.17391309668
0.35451492953	-0.65560787786	0.75540446039	0.17725757825
0.36120394847	-0.57250664679	0.81963996637	0.18060206309
0.36789297876	-0.48306250178	0.87497841206	0.18394654157
0.37458201495	-0.38837035493	0.92091228401	0.18729101554
0.38127106450	-0.28952490436	0.95693411173	0.19063549328
0.38796006766	-0.18762184961	0.98253612004	0.19397994948
0.39464910188	-0.08375479785	0.99721105426	0.19732442739
0.40133808431	0.02098029083	1.00047109279	0.20066889005
0.40802706546	0.12549180788	0.99228761569	0.20401336441
0.41471602316	0.22868929194	0.97309089667	0.20735783836
0.42140496508	0.32948284391	0.94333116903	0.21070231459
0.42809387945	0.42678227574	0.90345876404	0.21404678608
0.43478279184	0.51949794070	0.85392379157	0.21739126446
0.44147167575	0.60653946239	0.79517672434	0.22073573534
0.44816056844	0.68681730577	0.72766750409	0.22408021621
0.45484944038	0.75925449509	0.65186073884	0.22742469113
0.46153833498	0.82308306063	0.56854327220	0.23076917998
0.46822723101	0.87784253851	0.47882572549	0.23411366968
0.47491611198	0.92308603489	0.38383279803	0.23745814948
0.48160503363	0.95836711177	0.28468814810	0.24080264473
0.48829397441	0.98323879107	0.18251653263	0.24414714217
0.49498292090	0.99725426836	0.07844263445	0.24749163258
0.50167188280	0.99998435345	-0.02640997604	0.25083611842
0.50836088973	0.99140226424	-0.13093543794	0.25418061463
0.51504992900	0.97188365427	-0.23404460670	0.25752511751
0.52173895838	0.94182188405	-0.33464864923	0.26086960872
0.52842798455	0.90161020697	-0.43165950417	0.26421409436
0.53511700054	0.85164191018	-0.52398891160	0.26755857370
0.54180604667	0.79230983306	-0.61054921719	0.27090306968
0.54849504973	0.72402133785	-0.69026077311	0.27424754834
0.55518404707	0.64749410411	-0.76226353343	0.27759202863
0.56187305045	0.56375727223	-0.82591523280	0.28093651432
0.56856201084	0.47385433772	-0.88058259424	0.28428097867
0.57525101113	0.37882703540	-0.92563344196	0.28762546090
0.58193999234	0.27971903104	-0.96043450372	0.29096992930
0.58862898442	0.17757463298	-0.98436958461	0.29431439679
0.59531799078	0.07348191428	-0.99720017865	0.29765886664
0.60200701425	-0.03142764772	-0.99906560749	0.30100334542
0.60869601302	-0.13601998285	-0.99012163278	0.30434781760
0.61538498646	-0.23916166814	-0.97052406246	0.30769228818
0.62207391455	-0.33971898876	-0.94042874226	0.31103675250
0.62876281585	-0.43655880266	-0.89999131204	0.31438122517
0.63545166638	-0.52855263931	-0.84938282573	0.31772569916
0.64214048332	-0.61469497326	-0.78912453376	0.32107017897
0.64882928767	-0.69410269773	-0.72008813492	0.32441466194
0.65551808779	-0.76589791788	-0.64316075430	0.32775913873
0.66220696158	-0.82920344442	-0.55922868980	0.33110363476
0.66889587230	-0.88315434331	-0.46918357217	0.33444811861
0.67558484130	-0.92719414120	-0.37400665340	0.33779259927
0.68227387996	-0.96107394542	-0.27476952201	0.34113709206
0.68896296026	-0.98455794250	-0.17254824777	0.34448159310
0.69565203058	-0.99741033739	-0.06841929977	0.34782608671
0.70234106431	-0.99939552436	0.03654122414	0.35117056971
0.70903007938	-0.99028829239	0.14125326264	0.35451506079
0.71571906718	-0.97010360049	0.24452880765	0.35785955569
0.72240803034	-0.93909674958	0.34507250698	0.36120404614
0.72909700734	-0.89754411976	0.44159508183	0.36454854156
0.73578597054	-0.84597031448	0.53304103043	0.36789302314
0.74247494312	-0.78514741567	0.61859030925	0.37123750225
0.74916396146	-0.71585800329	0.69743315060	0.37458199709
0.75585297029	-0.63888559885	0.76875869599	0.37792648000
0.76254196815	-0.55501326085	0.83175682371	0.38127095027
0.76923099831	-0.46502341554	0.88561776561	0.38461542952
0.77592002049	-0.36970912291	0.92954429458	0.38795989783
0.78260905492	-0.27008248245	0.96304495962	0.39130437024
0.78929808586	-0.16737593004	0.98593328812	0.39464884858
0.79598706964	-0.06283190517	0.99803602616	0.39799332091
0.80267599870	0.04230770633	0.99918005193	0.40133779335
0.80936483512	0.14680560962	0.98920443237	0.40468225624
0.81605362874	0.24954219390	0.96822861525	0.40802673011
0.82274239464	0.34951361437	0.93665262020	0.41137120439
0.82943115765	0.44572125602	0.89488873647	0.41471567282
0.83611999784	0.53716727568	0.84334886047	0.41806015675
0.84280890638	0.62285189443	0.78245426390	0.42140463388
0.84949790000	0.70175987037	0.71282723349	0.42474911344
0.85618694169	0.77285938269	0.63529163080	0.42809359651
0.86287599944	0.83513337762	0.55068539606	0.43143808701
0.86956501193	0.88791961564	0.45997133408	0.43478256395
0.87625404538	0.93091193391	0.36423499916	0.43812705978
0.88294304997	0.96381873846	0.26456895757	0.44147154850
0.88963202522	0.98634887986	0.16206512008	0.44481602879
0.89632104090	0.99821129716	0.05781428525	0.44816053443
0.90301001605	0.99911459038	-0.04709040627	0.45150502385
0.90969899301	0.98878327765	-0.15155630859	0.45484951706
0.91638796354	0.96730202191	-0.25445734606	0.45819400746
0.92307694589	0.93511563389	-0.35463521016	0.46153850034
0.92976593517	0.89268468414	-0.45092982588	0.46488298934
0.93645495009	0.84046961691	-0.54218146714	0.46822747994
0.94314397067	0.77894039010	-0.62724061359	0.47157195852
0.94983302115	0.70877806743	-0.70520474693	0.47491643989
0.95652207394	0.63087564071	-0.77541708513	0.47826091930
0.96321110924	0.54613523309	-0.83723167060	0.48160539615
0.96990012991	0.45545865265	-0.89000271725	0.48494988116
0.97658906878	0.35974866915	-0.93308391576	0.48829435006
0.98327794216	0.25991451608	-0.96583953688	0.49163881976
0.98996677756	0.15704023709	-0.98786230469	0.49498330032
0.99665554895	0.05238577409	-0.99897343893	0.49832776264
1.00334435095	-0.05278319251	-0.99900438870	0.50167223736
1.01003316638	-0.15720472534	-0.98780050687	0.50501669968
1.01672206865	-0.25974443577	-0.96552978789	0.50836118024
1.02341099126	-0.35939190741	-0.93268328881	0.51170564994
1.03009994526	-0.45514341043	-0.88976589861	0.51505011884
1.03678895534	-0.54599534913	-0.83728226756	0.51839460385
1.04347796385	-0.63094299434	-0.77573767862	0.52173908070
1.05016698311	-0.70898257981	-0.70563689390	0.52508356011
1.05685600297	-0.77911949958	-0.62749824366	0.52842804148
1.06354500865	-0.84057703184	-0.54214833102	0.53177252006
1.07023402821	-0.89279673704	-0.45072139814	0.53511701066
1.07692303306	-0.93522915904	-0.35436583855	0.53846149966
1.08361203271	-0.96732515477	-0.25422954365	0.54180599254
1.09030101330	-0.98854991224	-0.15145897563	0.54515048294
1.09698998929	-0.99870123424	-0.04715935061	0.54849497615
1.10367895640	-0.99790939256	0.05760464448	0.55183946557
1.11036796382	-0.98631906685	0.16177092853	0.55518397121
1.11705693758	-0.96407518928	0.26427550945	0.55852845150
1.12374595441	-0.93132235983	0.36405673570	0.56187294022
1.13043501984	-0.88821567970	0.46004795705	0.56521743605
1.13712406780	-0.83515028817	0.55109243902	0.56856191299
1.14381312687	-0.77276003506	0.63594563974	0.57190640349
1.15050211883	-0.70169805872	0.71337472683	0.57525088656
1.15719104097	-0.62280143851	0.78253947882	0.57859536612
1.16387991049	-0.53709163819	0.84299152256	0.58193984325
1.17056876193	-0.44559789472	0.89429962937	0.58528432718
1.17725756688	-0.34935031952	0.93603211796	0.58862879561
1.18394638418	-0.24937779788	0.96775792103	0.59197326989
1.19063521740	-0.14670998728	0.98904557965	0.59531774376
1.19732406160	-0.04237669848	0.99946370743	0.59866220665
1.20401297331	0.06258905874	0.99859766294	0.60200667909
1.21070193415	0.16705735011	0.98641589959	0.60535115142
1.21739094265	0.26980274215	0.96327007624	0.60869562976
1.22407996061	0.36959507425	0.92952864694	0.61204010217
1.23076897738	0.46520462407	0.88556001164	0.61538457048
1.23745800905	0.55541328776	0.83174269373	0.61872904973
1.24414700916	0.63926130973	0.76869450331	0.62207352000
1.25083602175	0.71604930929	0.69727126682	0.62541800291
1.25752504642	0.78508854737	0.61833954508	0.62876249775
1.26421402902	0.84568982536	0.53276663666	0.63210697686
1.27090300700	0.89716488252	0.44141874801	0.63545145844
1.27759200421	0.93882518212	0.34516216438	0.63879595386
1.28428098425	0.96999442810	0.24487311727	0.64214044431
1.29096997097	0.99028702028	0.14163565077	0.64548493921
1.29765895649	0.99960754848	0.03674295914	0.64882943029
1.30434794116	0.99787332617	-0.06850281262	0.65217391329
1.31103697062	0.98501299958	-0.17280670389	0.65551840690
1.31772603362	0.96121740637	-0.27502160225	0.65886290794
1.32441508072	0.92693982334	-0.37414857528	0.66220740073
1.33110408553	0.88264494560	-0.46919554889	0.66555188139
1.33779306006	0.82879716880	-0.55917098982	0.66889636524
1.34448200362	0.76586084420	-0.64308311286	0.67224086127
1.35117083606	0.69431294897	-0.71994425662	0.67558533806
1.35785962105	0.61490073515	-0.78888525834	0.67892982103
1.36454838290	0.52864354554	-0.84915323315	0.68227430084
1.37123716063	0.43657240329	-0.90000058089	0.68561877483
1.37792600620	0.33972009566	-0.94069397135	0.68896324750
1.38461491712	0.23916498872	-0.97082554553	0.69230771182
1.39130390293	0.13603004355	-0.99031323564	0.69565218240
1.39799293321	0.03144076153	-0.99908892429	0.69899665458
1.40468199694	-0.07347764778	-0.99708453223	0.70234113336
1.41137104191	-0.17759932760	-0.98423202729	0.70568560321
1.41806006024	-0.27979912214	-0.96046338651	0.70903007070
1.42474903869	-0.37895289112	-0.92573224060	0.71237453910
1.43143801319	-0.47396256616	-0.88049112139	0.71571902133
1.43812695924	-0.56375742567	-0.82568333212	0.71906348568
1.44481597010	-0.64733366141	-0.76206652124	0.72240797137
1.45150498171	-0.72374956849	-0.69019318412	0.72575245166
1.45819399011	-0.79207615539	-0.61061759185	0.72909693032
1.46488302624	-0.85159429790	-0.52415218468	0.73244142630
1.47157201982	-0.90179359093	-0.43186939131	0.73578590564
1.47826101452	-0.94217373818	-0.33485140450	0.73913039128
1.48495000670	-0.97223399353	-0.23418102173	0.74247488249
1.49163900678	-0.99148505149	-0.13094240136	0.74581938537
1.49832798555	-0.99969990146	-0.02625635058	0.74916388158
1.50501695245	-0.99691413742	0.07872088944	0.75250836742
1.51170595454	-0.98317470278	0.18283211285	0.75585285783
1.51839501223	-0.95853824458	0.28492161399	0.75919735527
1.52508408280	-0.92328661540	0.38387703827	0.76254185052
1.53177307575	-0.87792693712	0.47862966857	0.76588633032
1.53846197607	-0.82297557627	0.56811378365	0.76923082002
1.54515070244	-0.75895454437	0.65126923233	0.77257530887
1.55183930409	-0.68650535320	0.72718789236	0.77591978379
1.55852802547	-0.60639427968	0.79511663715	0.77926426466
1.56521690908	-0.51953491717	0.85435964993	0.78260873554
1.57190592789	-0.42698135635	0.90427322404	0.78595321392
1.57859498528	-0.32979467280	0.94421535665	0.78929768541
1.58528403840	-0.22903616893	0.97355837275	0.79264216164
1.59197304753	-0.12578966177	0.99199552585	0.79598663559
1.59866203283	-0.02116065343	0.99954131673	0.79933110995
1.60535098660	0.08374393879	0.99622421288	0.80267557261
1.61203997931	0.18781842353	0.98207261002	0.80602005052
1.61872895269	0.28995228091	0.95712239914	0.80936450672
1.62541799032	0.38897203393	0.92157602513	0.81270898446
1.63210701988	0.48363668989	0.87580350330	0.81605345843
1.63879603611	0.57271524011	0.82019293402	0.81939793691
1.64548503646	0.65524845383	0.75538824906	0.82274242175
1.65217401111	0.73054882584	0.68228942337	0.82608690332
1.65886299313	0.79794116313	0.60180711343	0.82943139315
1.66555195074	0.85674962706	0.51485275946	0.83277587032
1.67224093232	0.90629914487	0.42233680444	0.83612035397
1.67892995046	0.94591423969	0.32517010501	0.83946484538
1.68561900592	0.97493274415	0.22427085638	0.84280934038
1.69230806067	0.99300006925	0.12072235981	0.84615382666
1.69899711473	1.00006936201	0.01577181080	0.84949832214
1.70568611816	0.99610697479	-0.08932567157	0.85284282027
1.71237502225	0.98108940879	-0.19331980361	0.85618731426
1.71906382119	0.95522463853	-0.29507193312	0.85953179965
1.72575258394	0.91895187144	-0.39355550695	0.86287629023
1.73244134441	0.87272048878	-0.48774825528	0.86622078143
1.73913012414	0.81698003849	-0.57662777142	0.86956526250
1.74581899814	0.75218788309	-0.65917601871	0.87290975019
1.75250796394	0.67899189412	-0.73445793043	0.87625424058
1.75919694462	0.59823067415	-0.80162165889	0.87959871052
1.76588596453	0.51075598482	-0.85983035255	0.88294318799
1.77257498447	0.41756066642	-0.90848305031	0.88628766233
1.77926401944	0.31977720632	-0.94721581854	0.88963214304
1.78595302620	0.21854504964	-0.97567469405	0.89297661023
1.79264203059	0.11500261866	-0.99350609472	0.89632107854
1.79933103125	0.01028872414	-1.00035624659	0.89966554901
1.80602002351	-0.09445932415	-0.99588849758	0.90301002094
1.81270901986	-0.19814026158	-0.98016018836	0.90635450021
1.81939798597	-0.29968788604	-0.95362285347	0.90969896728
1.82608695798	-0.39803864056	-0.91674496103	0.91304343776
1.83277593754	-0.49212842965	-0.86999505455	0.91638791002
1.83946493120	-0.58089322520	-0.81384165405	0.91973238487
1.84615395722	-0.66326912723	-0.74875315096	0.92307686898
1.85284298602	-0.73820154690	-0.67521100836	0.92642134537
1.85953203698	-0.80486388728	-0.59398555769	0.92976582728
1.86622110171	-0.86265655277	-0.50613671444	0.93311031989
1.87291012851	-0.91098948487	-0.41273757315	0.93645480693
1.87959913843	-0.94927317458	-0.31486024008	0.93979930854
1.88628803688	-0.97693070641	-0.21357962543	0.94314378659
1.89297690555	-0.99369036543	-0.10999350951	0.94648828102
1.89966574960	-0.99958435422	-0.00522631042	0.94983278348
1.90635454759	-0.99465826367	0.09959600050	0.95317727183
1.91304334867	-0.97895774735	0.20334856447	0.95652175926
1.91973217851	-0.95252840042	0.30490615658	0.95986624721
1.92642106126	-0.91542926093	0.40314522370	0.96321073674
1.93311001333	-0.86802877585	0.49698116369	0.96655523373
1.93979896589	-0.81100545089	0.58536728993	0.96989971012
1.94648797277	-0.74505025043	0.66726026999	0.97324419956
1.95317696680	-0.67086147635	0.74162607810	0.97658867511
1.95986599010	-0.58928046799	0.80768181131	0.97993316167
1.96655498530	-0.50129390133	0.86489338874	0.98327763172
1.97324401185	-0.40789323104	0.91273865051	0.98662211600
1.97993301212	-0.31007148266	0.95069450456	0.98996658671
1.98662200926	-0.20882056550	0.97823846776	0.99331105645
1.99331100226	-0.10513271283	0.99484786157	0.99665552573
2.00000000000	0.00000000000	1.00000000000	1.00000000000
