0.000000000000000	0.007397974926666	0.000000000000000
0.000794295003864	0.011097714981544	0.000000000000000
0.001588327853675	0.012330459938799	0.000000000000000
0.002382098641790	0.011097714981544	0.000000000000000
0.003175607460645	0.007397974926666	0.000000000000000
0.003968854402768	0.009864217432732	0.000000000000000
0.004761839560760	0.013563204896065	0.000000000000000
0.005554563027309	0.011097714981544	0.000000000000000
0.006347024895182	0.004932485012145	0.000000000000000
0.007139225257232	0.002466242506067	0.000000000000000
0.007931164206389	0.009864217432732	0.000000000000000
0.008722841835662	0.012330459938799	0.000000000000000
0.009514258238143	0.007397974926666	0.000000000000000
0.010305413507002	0.011097714981544	0.000000000000000
0.011096307735491	0.009864217432732	0.000000000000000
0.011886941016938	0.000000000000000	0.000000000000000
0.012677313444750	0.006165229969400	0.000000000000000
0.013467425112409	0.007397974926666	0.000000000000000
0.014257276113481	0.002466242506067	0.000000000000000
0.015046866541602	0.009864217432732	0.000000000000000
0.015836196490493	0.011097714981544	0.000000000000000
0.016625266053944	0.006165229969400	0.000000000000000
0.017414075325825	0.003698987463333	0.000000000000000
0.018202624400078	0.009864217432732	0.000000000000000
0.018990913370726	0.003698987463333	0.000000000000000
0.019778942331857	0.006165229969400	0.000000000000000
0.020566711377645	0.008631472475466	0.000000000000000
0.021354220602330	0.014796702444866	0.000000000000000
0.022141470100229	0.012330459938799	0.000000000000000
0.022928459965730	0.008631472475466	0.000000000000000
0.023715190293297	0.013563204896065	0.000000000000000
0.024501661177461	0.022194677371532	0.000000000000000
0.025287872712829	0.011097714981544	0.000000000000000
0.026073824994082	0.008631472475466	0.000000000000000
0.026859518115967	0.014796702444866	0.000000000000000
0.027644952173301	0.016029447402132	0.000000000000000
0.028430127260979	0.012330459938799	0.000000000000000
0.029215043473959	0.014796702444866	0.000000000000000
0.029999700907269	0.017262944950944	0.000000000000000
0.030784099656013	0.018495689908199	0.000000000000000
0.031568239815354	0.020961932414266	0.000000000000000
0.032352121480532	0.020961932414266	0.000000000000000
0.033135744746850	0.025893664834864	0.000000000000000
0.033919109709681	0.023428174920344	0.000000000000000
0.034702216464466	0.020961932414266	0.000000000000000
0.035485065106708	0.019728434865465	0.000000000000000
0.036267655731984	0.022194677371532	0.000000000000000
0.037049988435933	0.034525137310331	0.000000000000000
0.037832063314261	0.033292392353065	0.000000000000000
0.038613880462736	0.059186057187929	0.000000000000000
0.039395439977195	0.102342666973726	0.000000000000000
0.040176741953541	0.145499276759523	0.000000000000000
0.040957786487735	0.161528724161655	0.000000000000000
0.041738573675811	0.106041654437059	0.000000000000000
0.042519103613857	0.067817529663396	0.000000000000000
0.043299376398030	0.046855597249130	0.000000000000000
0.044079392124547	0.033292392353065	0.000000000000000
0.044859150889695	0.027127162383665	0.000000000000000
0.045638652789812	0.028359907340931	0.000000000000000
0.046417897921304	0.025893664834864	0.000000000000000
0.047196886380638	0.025893664834864	0.000000000000000
0.047975618264339	0.024660919877598	0.000000000000000
0.048754093668998	0.019728434865465	0.000000000000000
0.049532312691261	0.017262944950944	0.000000000000000
0.050310275427839	0.022194677371532	0.000000000000000
0.051087981975497	0.020961932414266	0.000000000000000
0.051865432431061	0.032058894804264	0.000000000000000
0.052642626891424	0.012330459938799	0.000000000000000
0.053419565453520	0.017262944950944	0.000000000000000
0.054196248214356	0.019728434865465	0.000000000000000
0.054972675270995	0.009864217432732	0.000000000000000
0.055748846720549	0.011097714981544	0.000000000000000
0.056524762660198	0.013563204896065	0.000000000000000
0.057300423187171	0.019728434865465	0.000000000000000
0.058075828398753	0.029593404889743	0.000000000000000
0.058850978392291	0.041923864828542	0.000000000000000
0.059625873265182	0.112206884406459	0.000000000000000
0.060400513114882	0.180024414069854	0.000000000000000
0.061174898038899	0.260172403672049	0.000000000000000
0.061949028134797	0.326757188378178	0.000000000000000
0.062722903500199	0.330456175841511	0.000000000000000
0.063496524232768	0.358816083182442	0.000000000000000
0.064269890430236	0.388409488072174	0.000000000000000
0.065043002190383	0.390875730578241	0.000000000000000
0.065815859611035	0.379778015596708	0.000000000000000
0.066588462790081	0.358816083182442	0.000000000000000
0.067360811825453	0.351418108255777	0.000000000000000
0.068132906815144	0.353884350761844	0.000000000000000
0.068904747857187	0.326757188378178	0.000000000000000
0.069676335049680	0.341553890823044	0.000000000000000
0.070447668490761	0.360049580731243	0.000000000000000
0.071218748278620	0.344020133329123	0.000000000000000
0.071989574511502	0.383477003060041	0.000000000000000
0.072760147287697	0.337854903359723	0.000000000000000
0.073530466705547	0.366214810700643	0.000000000000000
0.074300532863441	0.356350593267922	0.000000000000000
0.075070345859817	0.364981313151842	0.000000000000000
0.075839905793166	0.373612785627308	0.000000000000000
0.076609212762023	0.371146543121242	0.000000000000000
0.077378266864966	0.367447555657909	0.000000000000000
0.078147068200632	0.403206190517040	0.000000000000000
0.078915616867695	0.382244258102775	0.000000000000000
0.079683912964880	0.363748568194576	0.000000000000000
0.080451956590959	0.368681053206721	0.000000000000000
0.081219747844747	0.372380040670042	0.000000000000000
0.081987286825108	0.373612785627308	0.000000000000000
0.082754573630953	0.373612785627308	0.000000000000000
0.083521608361229	0.385943245566108	0.000000000000000
0.084288391114937	0.373612785627308	0.000000000000000
0.085054921991120	0.367447555657909	0.000000000000000
0.085821201088864	0.362515823237321	0.000000000000000
0.086587228507301	0.379778015596708	0.000000000000000
0.087353004345603	0.381011513145520	0.000000000000000
0.088118528702986	0.400739948010974	0.000000000000000
0.088883801678714	0.395807462998840	0.000000000000000
0.089648823372087	0.410604165443706	0.000000000000000
0.090413593882446	0.418002892961918	0.000000000000000
0.091178113309182	0.393341973084319	0.000000000000000
0.091942381751723	0.411837662992518	0.000000000000000
0.092706399309536	0.399507203053719	0.000000000000000
0.093470166082133	0.384710500608842	0.000000000000000
0.094233682169064	0.388409488072174	0.000000000000000
0.094996947669922	0.363748568194576	0.000000000000000
0.095759962684331	0.363748568194576	0.000000000000000
0.096522727311971	0.360049580731243	0.000000000000000
0.097285241652548	0.361282325688509	0.000000000000000
0.098047505805810	0.356350593267922	0.000000000000000
0.098809519871546	0.371146543121242	0.000000000000000
0.099571283949583	0.336621405810911	0.000000000000000
0.100332798139783	0.348951865749710	0.000000000000000
0.101094062542052	0.332922418347578	0.000000000000000
0.101855077256325	0.327989933335444	0.000000000000000
0.102615842382583	0.320591958408779	0.000000000000000
0.103376358020839	0.313193983482125	0.000000000000000
0.104136624271140	0.330456175841511	0.000000000000000
0.104896641233577	0.335388660853645	0.000000000000000
0.105656409008268	0.326757188378178	0.000000000000000
0.106415927695377	0.329223430884245	0.000000000000000
0.107175197395090	0.319359213451524	0.000000000000000
0.107934218207643	0.325524443420924	0.000000000000000
0.108692990233295	0.331689673390323	0.000000000000000
0.109451513572346	0.334155163304844	0.000000000000000
0.110209788325127	0.334155163304844	0.000000000000000
0.110967814592002	0.335388660853645	0.000000000000000
0.111725592473372	0.320591958408779	0.000000000000000
0.112483122069672	0.325524443420924	0.000000000000000
0.113240403481362	0.332922418347578	0.000000000000000
0.113997436808944	0.324290945872112	0.000000000000000
0.114754222152951	0.316892970945446	0.000000000000000
0.115510759613941	0.334155163304844	0.000000000000000
0.116267049292510	0.341553890823044	0.000000000000000
0.117023091289285	0.339087648316978	0.000000000000000
0.117778885704923	0.323058200914846	0.000000000000000
0.118534432640110	0.315659473396645	0.000000000000000
0.119289732195565	0.325524443420924	0.000000000000000
0.120044784472041	0.335388660853645	0.000000000000000
0.120799589570313	0.329223430884245	0.000000000000000
0.121554147591191	0.323058200914846	0.000000000000000
0.122308458635512	0.315659473396645	0.000000000000000
0.123062522804146	0.307028753512725	0.000000000000000
0.123816340197987	0.326757188378178	0.000000000000000
0.124569910917960	0.324290945872112	0.000000000000000
0.125323235065021	0.337854903359723	0.000000000000000
0.126076312740147	0.315659473396645	0.000000000000000
0.126829144044351	0.327989933335444	0.000000000000000
0.127581729078666	0.327989933335444	0.000000000000000
0.128334067944159	0.337854903359723	0.000000000000000
0.129086160741917	0.318125715902712	0.000000000000000
0.129838007573059	0.335388660853645	0.000000000000000
0.130589608538729	0.323058200914846	0.000000000000000
0.131340963740095	0.330456175841511	0.000000000000000
0.132092073278353	0.334155163304844	0.000000000000000
0.132842937254724	0.336621405810911	0.000000000000000
0.133593555770455	0.334155163304844	0.000000000000000
0.134343928926816	0.353884350761844	0.000000000000000
0.135094056825103	0.358816083182442	0.000000000000000
0.135843939566634	0.348951865749710	0.000000000000000
0.136593577252757	0.342786635780310	0.000000000000000
0.137342969984837	0.360049580731243	0.000000000000000
0.138092117864267	0.357583338225176	0.000000000000000
0.138841020992461	0.339087648316978	0.000000000000000
0.139589679470860	0.377311773090641	0.000000000000000
0.140338093400921	0.374846283176120	0.000000000000000
0.141086262884127	0.368681053206721	0.000000000000000
0.141834188021987	0.352650853213043	0.000000000000000
0.142581868916027	0.362515823237321	0.000000000000000
0.143329305667794	0.383477003060041	0.000000000000000
0.144076498378863	0.384710500608842	0.000000000000000
0.144823447150821	0.379778015596708	0.000000000000000
0.145570152085282	0.409371420486440	0.000000000000000
0.146316613283882	0.406905177980373	0.000000000000000
0.147062830848271	0.410604165443706	0.000000000000000
0.147808804880124	0.392108475535507	0.000000000000000
0.148554535481136	0.415536650455840	0.000000000000000
0.149300022753018	0.436498582870116	0.000000000000000
0.150045266797504	0.458693260241637	0.000000000000000
0.150790267716346	0.473489962686514	0.000000000000000
0.151535025611313	0.484586925076501	0.000000000000000
0.152279540584190	0.528977032411110	0.000000000000000
0.153023812736791	0.614056754433893	0.000000000000000
0.153767842170938	0.632552444342091	0.000000000000000
0.154511628988473	0.757090541278895	0.000000000000000
0.155255173291260	0.832306045868945	0.000000000000000
0.155998475181171	0.930949725379339	0.000000000000000
0.156741534760105	0.998767255042734	0.000000000000000
0.157484352129970	1.000000000000000	0.000000000000000
0.158226927392699	0.919852010397805	0.000000000000000
0.158969260650231	0.866831183179276	0.000000000000000
0.159711352004526	0.748459068803418	0.000000000000000
0.160453201557567	0.662145849231823	0.000000000000000
0.161194809411334	0.610357766970560	0.000000000000000
0.161936175667844	0.526510789905032	0.000000000000000
0.162677300429111	0.495684640058034	0.000000000000000
0.163418183797173	0.446362800302838	0.000000000000000
0.164158825874084	0.426633612845838	0.000000000000000
0.164899226761906	0.420468382876438	0.000000000000000
0.165639386562718	0.403206190517040	0.000000000000000
0.166379305378613	0.395807462998840	0.000000000000000
0.167118983311696	0.367447555657909	0.000000000000000
0.167858420464089	0.388409488072174	0.000000000000000
0.168597616937920	0.388409488072174	0.000000000000000
0.169336572835338	0.352650853213043	0.000000000000000
0.170075288258498	0.389642233029440	0.000000000000000
0.170813763309572	0.388409488072174	0.000000000000000
0.171551998090742	0.404438935474306	0.000000000000000
0.172289992704199	0.385943245566108	0.000000000000000
0.173027747252148	0.426633612845838	0.000000000000000
0.173765261836810	0.451294532723436	0.000000000000000
0.174502536560407	0.448829042808916	0.000000000000000
0.175239571525182	0.467324732717114	0.000000000000000
0.175976366833383	0.483354180119235	0.000000000000000
0.176712922587264	0.536375007337765	0.000000000000000
0.177449238889102	0.537607752295031	0.000000000000000
0.178185315841172	0.595561064525694	0.000000000000000
0.178921153545767	0.641183916817558	0.000000000000000
0.179656752105177	0.681874284097288	0.000000000000000
0.180392111621718	0.680641539140022	0.000000000000000
0.181127232197703	0.760789528742217	0.000000000000000
0.181862113935457	0.815043100918012	0.000000000000000
0.182596756937315	0.816276598466813	0.000000000000000
0.183331161305618	0.847102748313811	0.000000000000000
0.184065327142715	0.905056060544486	0.000000000000000
0.184799254550964	0.940813942812071	0.000000000000000
0.185532943632732	0.942047440360883	0.000000000000000
0.186266394490388	0.929716980422084	0.000000000000000
0.186999607226317	0.872996413148675	0.000000000000000
0.187732581942901	0.836005033332278	0.000000000000000
0.188465318742533	0.856966965746543	0.000000000000000
0.189197817727617	0.787916691125893	0.000000000000000
0.189930079000555	0.755857043730083	0.000000000000000
0.190662102663758	0.713933931493098	0.000000000000000
0.191393888819646	0.701603471554299	0.000000000000000
0.192125437570639	0.685573271560621	0.000000000000000
0.192856749019168	0.593094822019627	0.000000000000000
0.193587823267666	0.617755741897225	0.000000000000000
0.194318660418570	0.585696847092961	0.000000000000000
0.195049260574324	0.559803182258108	0.000000000000000
0.195779623837374	0.533908764831698	0.000000000000000
0.196509750310169	0.491985652594713	0.000000000000000
0.197239640095169	0.500616372478633	0.000000000000000
0.197969293294830	0.473489962686514	0.000000000000000
0.198698710011617	0.463624992662235	0.000000000000000
0.199427890347991	0.438964072784637	0.000000000000000
0.200156834406426	0.434032340364038	0.000000000000000
0.200885542289392	0.392108475535507	0.000000000000000
0.201614014099362	0.431566097857972	0.000000000000000
0.202342249938814	0.422934625382505	0.000000000000000
0.203070249910229	0.406905177980373	0.000000000000000
0.203798014116087	0.389642233029440	0.000000000000000
0.204525542658866	0.399507203053719	0.000000000000000
0.205252835641059	0.400739948010974	0.000000000000000
0.205979893165144	0.425400867888572	0.000000000000000
0.206706715333613	0.403206190517040	0.000000000000000
0.207433302248951	0.406905177980373	0.000000000000000
0.208159654013649	0.413070407949773	0.000000000000000
0.208885770730195	0.384710500608842	0.000000000000000
0.209611652501077	0.394574718041574	0.000000000000000
0.210337299428787	0.385943245566108	0.000000000000000
0.211062711615814	0.397040960547641	0.000000000000000
0.211787889164647	0.387176743114920	0.000000000000000
0.212512832177772	0.378545270639442	0.000000000000000
0.213237540757682	0.379778015596708	0.000000000000000
0.213962015006859	0.395807462998840	0.000000000000000
0.214686255027793	0.372380040670042	0.000000000000000
0.215410260922966	0.371146543121242	0.000000000000000
0.216134032794861	0.376079028133375	0.000000000000000
0.216857570745960	0.372380040670042	0.000000000000000
0.217580874878742	0.361282325688509	0.000000000000000
0.218303945295684	0.348951865749710	0.000000000000000
0.219026782099260	0.362515823237321	0.000000000000000
0.219749385391944	0.366214810700643	0.000000000000000
0.220471755276203	0.369913798163976	0.000000000000000
0.221193891854507	0.379778015596708	0.000000000000000
0.221915795229315	0.383477003060041	0.000000000000000
0.222637465503091	0.355117095719110	0.000000000000000
0.223358902778285	0.385943245566108	0.000000000000000
0.224080107157358	0.374846283176120	0.000000000000000
0.224801078742752	0.364981313151842	0.000000000000000
0.225521817636915	0.356350593267922	0.000000000000000
0.226242323942285	0.353884350761844	0.000000000000000
0.226962597761300	0.344020133329123	0.000000000000000
0.227682639196389	0.348951865749710	0.000000000000000
0.228402448349978	0.373612785627308	0.000000000000000
0.229122025324488	0.362515823237321	0.000000000000000
0.229841370222336	0.361282325688509	0.000000000000000
0.230560483145932	0.361282325688509	0.000000000000000
0.231279364197676	0.376079028133375	0.000000000000000
0.231998013479969	0.361282325688509	0.000000000000000
0.232716431095204	0.336621405810911	0.000000000000000
0.233434617145768	0.377311773090641	0.000000000000000
0.234152571734038	0.344020133329123	0.000000000000000
0.234870294962387	0.377311773090641	0.000000000000000
0.235587786933182	0.364981313151842	0.000000000000000
0.236305047748782	0.374846283176120	0.000000000000000
0.237022077511540	0.360049580731243	0.000000000000000
0.237738876323798	0.355117095719110	0.000000000000000
0.238455444287893	0.374846283176120	0.000000000000000
0.239171781506155	0.366214810700643	0.000000000000000
0.239887888080904	0.361282325688509	0.000000000000000
0.240603764114454	0.357583338225176	0.000000000000000
0.241319409709107	0.362515823237321	0.000000000000000
0.242034824967162	0.364981313151842	0.000000000000000
0.242750009990906	0.390875730578241	0.000000000000000
0.243464964882616	0.367447555657909	0.000000000000000
0.244179689744561	0.355117095719110	0.000000000000000
0.244894184678999	0.374846283176120	0.000000000000000
0.245608449788185	0.368681053206721	0.000000000000000
0.246322485174359	0.372380040670042	0.000000000000000
0.247036290939750	0.362515823237321	0.000000000000000
0.247749867186582	0.344020133329123	0.000000000000000
0.248463214017065	0.355117095719110	0.000000000000000
0.249176331533398	0.357583338225176	0.000000000000000
0.249889219837773	0.364981313151842	0.000000000000000
0.250601879032368	0.379778015596708	0.000000000000000
0.251314309219353	0.390875730578241	0.000000000000000
0.252026510500886	0.336621405810911	0.000000000000000
0.252738482979112	0.360049580731243	0.000000000000000
0.253450226756166	0.371146543121242	0.000000000000000
0.254161741934173	0.350185363298522	0.000000000000000
0.254873028615244	0.366214810700643	0.000000000000000
0.255584086901476	0.373612785627308	0.000000000000000
0.256294916894960	0.373612785627308	0.000000000000000
0.257005518697770	0.352650853213043	0.000000000000000
0.257715892411971	0.366214810700643	0.000000000000000
0.258426038139612	0.374846283176120	0.000000000000000
0.259135955982728	0.358816083182442	0.000000000000000
0.259845646043348	0.373612785627308	0.000000000000000
0.260555108423477	0.371146543121242	0.000000000000000
0.261264343225122	0.373612785627308	0.000000000000000
0.261973350550262	0.395807462998840	0.000000000000000
0.262682130500869	0.366214810700643	0.000000000000000
0.263390683178902	0.383477003060041	0.000000000000000
0.264099008686301	0.387176743114920	0.000000000000000
0.264807107125000	0.381011513145520	0.000000000000000
0.265514978596909	0.368681053206721	0.000000000000000
0.266222623203931	0.378545270639442	0.000000000000000
0.266930041047953	0.383477003060041	0.000000000000000
0.267637232230843	0.367447555657909	0.000000000000000
0.268344196854461	0.382244258102775	0.000000000000000
0.269050935020644	0.413070407949773	0.000000000000000
0.269757446831220	0.382244258102775	0.000000000000000
0.270463732387997	0.387176743114920	0.000000000000000
0.271169791792772	0.400739948010974	0.000000000000000
0.271875625147324	0.397040960547641	0.000000000000000
0.272581232553415	0.405672433023118	0.000000000000000
0.273286614112792	0.385943245566108	0.000000000000000
0.273991769927186	0.397040960547641	0.000000000000000
0.274696700098310	0.374846283176120	0.000000000000000
0.275401404727862	0.400739948010974	0.000000000000000
0.276105883917521	0.425400867888572	0.000000000000000
0.276810137768958	0.392108475535507	0.000000000000000
0.277514166383810	0.384710500608842	0.000000000000000
0.278217969863715	0.409371420486440	0.000000000000000
0.278921548310281	0.421701880425239	0.000000000000000
0.279624901825105	0.394574718041574	0.000000000000000
0.280328030509761	0.399507203053719	0.000000000000000
0.281030934465811	0.403206190517040	0.000000000000000
0.281733613794796	0.388409488072174	0.000000000000000
0.282436068598239	0.399507203053719	0.000000000000000
0.283138298977644	0.420468382876438	0.000000000000000
0.283840305034499	0.393341973084319	0.000000000000000
0.284542086870270	0.401972692968239	0.000000000000000
0.285243644586408	0.398273705504907	0.000000000000000
0.285944978284344	0.401972692968239	0.000000000000000
0.286646088065484	0.389642233029440	0.000000000000000
0.287346974031226	0.374846283176120	0.000000000000000
0.288047636282938	0.400739948010974	0.000000000000000
0.288748074921976	0.397040960547641	0.000000000000000
0.289448290049672	0.378545270639442	0.000000000000000
0.290148281767341	0.416769395413105	0.000000000000000
0.290848050176276	0.393341973084319	0.000000000000000
0.291547595377747	0.406905177980373	0.000000000000000
0.292246917473013	0.405672433023118	0.000000000000000
0.292946016563304	0.409371420486440	0.000000000000000
0.293644892749831	0.410604165443706	0.000000000000000
0.294343546133787	0.387176743114920	0.000000000000000
0.295041976816348	0.406905177980373	0.000000000000000
0.295740184898656	0.403206190517040	0.000000000000000
0.296438170481841	0.401972692968239	0.000000000000000
0.297135933667013	0.382244258102775	0.000000000000000
0.297833474555256	0.421701880425239	0.000000000000000
0.298530793247636	0.399507203053719	0.000000000000000
0.299227889845198	0.408137922937639	0.000000000000000
0.299924764448958	0.395807462998840	0.000000000000000
0.300621417159915	0.408137922937639	0.000000000000000
0.301317848079049	0.393341973084319	0.000000000000000
0.302014057307315	0.403206190517040	0.000000000000000
0.302710044945641	0.410604165443706	0.000000000000000
0.303405811094937	0.383477003060041	0.000000000000000
0.304101355856097	0.420468382876438	0.000000000000000
0.304796679329977	0.404438935474306	0.000000000000000
0.305491781617421	0.400739948010974	0.000000000000000
0.306186662819247	0.395807462998840	0.000000000000000
0.306881323036249	0.416769395413105	0.000000000000000
0.307575762369197	0.408137922937639	0.000000000000000
0.308269980918846	0.403206190517040	0.000000000000000
0.308963978785912	0.400739948010974	0.000000000000000
0.309657756071095	0.393341973084319	0.000000000000000
0.310351312875080	0.410604165443706	0.000000000000000
0.311044649298509	0.403206190517040	0.000000000000000
0.311737765442020	0.369913798163976	0.000000000000000
0.312430661406208	0.373612785627308	0.000000000000000
0.313123337291656	0.394574718041574	0.000000000000000
0.313815793198922	0.379778015596708	0.000000000000000
0.314508029228534	0.415536650455840	0.000000000000000
0.315200045480993	0.390875730578241	0.000000000000000
0.315891842056784	0.427867110394639	0.000000000000000
0.316583419056362	0.389642233029440	0.000000000000000
0.317274776580155	0.424168122931317	0.000000000000000
0.317965914728564	0.403206190517040	0.000000000000000
0.318656833601976	0.419235637919172	0.000000000000000
0.319347533300740	0.411837662992518	0.000000000000000
0.320038013925185	0.390875730578241	0.000000000000000
0.320728275575610	0.416769395413105	0.000000000000000
0.321418318352290	0.415536650455840	0.000000000000000
0.322108142355481	0.435265085321304	0.000000000000000
0.322797747685394	0.442663812839516	0.000000000000000
0.323487134442239	0.442663812839516	0.000000000000000
0.324176302726179	0.413070407949773	0.000000000000000
0.324865252637355	0.432798842815237	0.000000000000000
0.325553984275891	0.446362800302838	0.000000000000000
0.326242497741874	0.419235637919172	0.000000000000000
0.326930793135365	0.416769395413105	0.000000000000000
0.327618870556399	0.429099855351905	0.000000000000000
0.328306730104984	0.431566097857972	0.000000000000000
0.328994371881104	0.434032340364038	0.000000000000000
0.329681795984714	0.440197570333438	0.000000000000000
0.330369002515735	0.437731327827371	0.000000000000000
0.331055991574066	0.443896557796771	0.000000000000000
0.331742763259576	0.448829042808916	0.000000000000000
0.332429317672110	0.436498582870116	0.000000000000000
0.333115654911479	0.437731327827371	0.000000000000000
0.333801775077470	0.450061787766170	0.000000000000000
0.334487678269839	0.425400867888572	0.000000000000000
0.335173364588317	0.437731327827371	0.000000000000000
0.335858834132602	0.426633612845838	0.000000000000000
0.336544087002367	0.450061787766170	0.000000000000000
0.337229123297250	0.440197570333438	0.000000000000000
0.337913943116867	0.425400867888572	0.000000000000000
0.338598546560804	0.443896557796771	0.000000000000000
0.339282933728616	0.422934625382505	0.000000000000000
0.339967104719827	0.429099855351905	0.000000000000000
0.340651059633932	0.432798842815237	0.000000000000000
0.341334798570402	0.448829042808916	0.000000000000000
0.342018321628669	0.437731327827371	0.000000000000000
0.342701628908145	0.415536650455840	0.000000000000000
0.343384720508206	0.435265085321304	0.000000000000000
0.344067596528194	0.426633612845838	0.000000000000000
0.344750257067435	0.400739948010974	0.000000000000000
0.345432702225210	0.394574718041574	0.000000000000000
0.346114932100781	0.430333352900717	0.000000000000000
0.346796946793365	0.429099855351905	0.000000000000000
0.347478746402166	0.415536650455840	0.000000000000000
0.348160331026345	0.422934625382505	0.000000000000000
0.348841700765035	0.424168122931317	0.000000000000000
0.349522855717342	0.413070407949773	0.000000000000000
0.350203795982337	0.421701880425239	0.000000000000000
0.350884521659061	0.438964072784637	0.000000000000000
0.351565032846523	0.430333352900717	0.000000000000000
0.352245329643700	0.399507203053719	0.000000000000000
0.352925412149541	0.426633612845838	0.000000000000000
0.353605280462962	0.421701880425239	0.000000000000000
0.354284934682844	0.414303152907039	0.000000000000000
0.354964374908041	0.395807462998840	0.000000000000000
0.355643601237370	0.432798842815237	0.000000000000000
0.356322613769622	0.392108475535507	0.000000000000000
0.357001412603549	0.413070407949773	0.000000000000000
0.357679997837878	0.390875730578241	0.000000000000000
0.358358369571298	0.403206190517040	0.000000000000000
0.359036527902469	0.400739948010974	0.000000000000000
0.359714472930015	0.409371420486440	0.000000000000000
0.360392204752532	0.388409488072174	0.000000000000000
0.361069723468583	0.392108475535507	0.000000000000000
0.361747029176690	0.394574718041574	0.000000000000000
0.362424121975353	0.372380040670042	0.000000000000000
0.363101001963030	0.419235637919172	0.000000000000000
0.363777669238152	0.390875730578241	0.000000000000000
0.364454123899113	0.405672433023118	0.000000000000000
0.365130366044279	0.378545270639442	0.000000000000000
0.365806395771974	0.410604165443706	0.000000000000000
0.366482213180496	0.394574718041574	0.000000000000000
0.367157818368106	0.372380040670042	0.000000000000000
0.367833211433029	0.394574718041574	0.000000000000000
0.368508392473463	0.401972692968239	0.000000000000000
0.369183361587566	0.384710500608842	0.000000000000000
0.369858118873463	0.397040960547641	0.000000000000000
0.370532664429246	0.393341973084319	0.000000000000000
0.371206998352973	0.397040960547641	0.000000000000000
0.371881120742668	0.378545270639442	0.000000000000000
0.372555031696317	0.390875730578241	0.000000000000000
0.373228731311876	0.388409488072174	0.000000000000000
0.373902219687264	0.394574718041574	0.000000000000000
0.374575496920363	0.409371420486440	0.000000000000000
0.375248563109027	0.393341973084319	0.000000000000000
0.375921418351071	0.379778015596708	0.000000000000000
0.376594062744270	0.399507203053719	0.000000000000000
0.377266496386373	0.388409488072174	0.000000000000000
0.377938719375087	0.393341973084319	0.000000000000000
0.378610731808088	0.403206190517040	0.000000000000000
0.379282533783013	0.419235637919172	0.000000000000000
0.379954125397464	0.410604165443706	0.000000000000000
0.380625506749015	0.398273705504907	0.000000000000000
0.381296677935191	0.405672433023118	0.000000000000000
0.381967639053493	0.364981313151842	0.000000000000000
0.382638390201377	0.381011513145520	0.000000000000000
0.383308931476270	0.414303152907039	0.000000000000000
0.383979262975560	0.400739948010974	0.000000000000000
0.384649384796596	0.376079028133375	0.000000000000000
0.385319297036702	0.387176743114920	0.000000000000000
0.385988999793149	0.406905177980373	0.000000000000000
0.386658493163183	0.392108475535507	0.000000000000000
0.387327777244016	0.394574718041574	0.000000000000000
0.387996852132810	0.383477003060041	0.000000000000000
0.388665717926701	0.404438935474306	0.000000000000000
0.389334374722787	0.399507203053719	0.000000000000000
0.390002822618128	0.419235637919172	0.000000000000000
0.390671061709747	0.368681053206721	0.000000000000000
0.391339092094628	0.383477003060041	0.000000000000000
0.392006913869720	0.395807462998840	0.000000000000000
0.392674527131936	0.381011513145520	0.000000000000000
0.393341931978149	0.377311773090641	0.000000000000000
0.394009128505195	0.388409488072174	0.000000000000000
0.394676116809878	0.376079028133375	0.000000000000000
0.395342896988954	0.381011513145520	0.000000000000000
0.396009469139149	0.408137922937639	0.000000000000000
0.396675833357151	0.403206190517040	0.000000000000000
0.397341989739609	0.379778015596708	0.000000000000000
0.398007938383131	0.378545270639442	0.000000000000000
0.398673679384289	0.371146543121242	0.000000000000000
0.399339212839625	0.397040960547641	0.000000000000000
0.400004538845628	0.364981313151842	0.000000000000000
0.400669657498762	0.394574718041574	0.000000000000000
0.401334568895441	0.397040960547641	0.000000000000000
0.401999273132054	0.384710500608842	0.000000000000000
0.402663770304939	0.387176743114920	0.000000000000000
0.403328060510403	0.389642233029440	0.000000000000000
0.403992143844711	0.374846283176120	0.000000000000000
0.404656020404093	0.388409488072174	0.000000000000000
0.405319690284736	0.382244258102775	0.000000000000000
0.405983153582792	0.390875730578241	0.000000000000000
0.406646410394367	0.394574718041574	0.000000000000000
0.407309460815538	0.400739948010974	0.000000000000000
0.407972304942335	0.394574718041574	0.000000000000000
0.408634942870751	0.420468382876438	0.000000000000000
0.409297374696744	0.390875730578241	0.000000000000000
0.409959600516228	0.392108475535507	0.000000000000000
0.410621620425076	0.409371420486440	0.000000000000000
0.411283434519128	0.388409488072174	0.000000000000000
0.411945042894181	0.399507203053719	0.000000000000000
0.412606445645989	0.404438935474306	0.000000000000000
0.413267642870268	0.401972692968239	0.000000000000000
0.413928634662701	0.376079028133375	0.000000000000000
0.414589421118922	0.387176743114920	0.000000000000000
0.415250002334531	0.382244258102775	0.000000000000000
0.415910378405084	0.398273705504907	0.000000000000000
0.416570549426101	0.389642233029440	0.000000000000000
0.417230515493059	0.414303152907039	0.000000000000000
0.417890276701392	0.431566097857972	0.000000000000000
0.418549833146501	0.378545270639442	0.000000000000000
0.419209184923744	0.393341973084319	0.000000000000000
0.419868332128433	0.411837662992518	0.000000000000000
0.420527274855849	0.384710500608842	0.000000000000000
0.421186013201224	0.394574718041574	0.000000000000000
0.421844547259751	0.395807462998840	0.000000000000000
0.422502877126589	0.378545270639442	0.000000000000000
0.423161002896845	0.395807462998840	0.000000000000000
0.423818924665595	0.363748568194576	0.000000000000000
0.424476642527872	0.387176743114920	0.000000000000000
0.425134156578663	0.410604165443706	0.000000000000000
0.425791466912917	0.393341973084319	0.000000000000000
0.426448573625547	0.421701880425239	0.000000000000000
0.427105476811414	0.377311773090641	0.000000000000000
0.427762176565350	0.390875730578241	0.000000000000000
0.428418672982133	0.394574718041574	0.000000000000000
0.429074966156511	0.376079028133375	0.000000000000000
0.429731056183181	0.408137922937639	0.000000000000000
0.430386943156805	0.404438935474306	0.000000000000000
0.431042627172004	0.400739948010974	0.000000000000000
0.431698108323353	0.393341973084319	0.000000000000000
0.432353386705384	0.387176743114920	0.000000000000000
0.433008462412593	0.404438935474306	0.000000000000000
0.433663335539430	0.379778015596708	0.000000000000000
0.434318006180308	0.404438935474306	0.000000000000000
0.434972474429588	0.409371420486440	0.000000000000000
0.435626740381601	0.389642233029440	0.000000000000000
0.436280804130627	0.398273705504907	0.000000000000000
0.436934665770907	0.413070407949773	0.000000000000000
0.437588325396641	0.404438935474306	0.000000000000000
0.438241783101986	0.405672433023118	0.000000000000000
0.438895038981056	0.394574718041574	0.000000000000000
0.439548093127918	0.414303152907039	0.000000000000000
0.440200945636608	0.401972692968239	0.000000000000000
0.440853596601110	0.379778015596708	0.000000000000000
0.441506046115366	0.394574718041574	0.000000000000000
0.442158294273279	0.384710500608842	0.000000000000000
0.442810341168706	0.399507203053719	0.000000000000000
0.443462186895465	0.414303152907039	0.000000000000000
0.444113831547325	0.411837662992518	0.000000000000000
0.444765275218023	0.393341973084319	0.000000000000000
0.445416518001239	0.387176743114920	0.000000000000000
0.446067559990621	0.410604165443706	0.000000000000000
0.446718401279769	0.394574718041574	0.000000000000000
0.447369041962235	0.429099855351905	0.000000000000000
0.448019482131544	0.388409488072174	0.000000000000000
0.448669721881159	0.387176743114920	0.000000000000000
0.449319761304510	0.383477003060041	0.000000000000000
0.449969600494982	0.410604165443706	0.000000000000000
0.450619239545916	0.372380040670042	0.000000000000000
0.451268678550610	0.383477003060041	0.000000000000000
0.451917917602315	0.398273705504907	0.000000000000000
0.452566956794246	0.367447555657909	0.000000000000000
0.453215796219565	0.405672433023118	0.000000000000000
0.453864435971398	0.389642233029440	0.000000000000000
0.454512876142823	0.374846283176120	0.000000000000000
0.455161116826877	0.367447555657909	0.000000000000000
0.455809158116548	0.398273705504907	0.000000000000000
0.456457000104787	0.384710500608842	0.000000000000000
0.457104642884495	0.382244258102775	0.000000000000000
0.457752086548531	0.351418108255777	0.000000000000000
0.458399331189713	0.387176743114920	0.000000000000000
0.459046376900812	0.390875730578241	0.000000000000000
0.459693223774555	0.389642233029440	0.000000000000000
0.460339871903619	0.408137922937639	0.000000000000000
0.460986321380648	0.384710500608842	0.000000000000000
0.461632572298237	0.383477003060041	0.000000000000000
0.462278624748931	0.379778015596708	0.000000000000000
0.462924478825240	0.409371420486440	0.000000000000000
0.463570134619622	0.418002892961918	0.000000000000000
0.464215592224492	0.390875730578241	0.000000000000000
0.464860851732225	0.385943245566108	0.000000000000000
0.465505913235142	0.389642233029440	0.000000000000000
0.466150776825534	0.388409488072174	0.000000000000000
0.466795442595626	0.378545270639442	0.000000000000000
0.467439910637621	0.400739948010974	0.000000000000000
0.468084181043662	0.381011513145520	0.000000000000000
0.468728253905853	0.419235637919172	0.000000000000000
0.469372129316250	0.409371420486440	0.000000000000000
0.470015807366870	0.384710500608842	0.000000000000000
0.470659288149676	0.389642233029440	0.000000000000000
0.471302571756590	0.404438935474306	0.000000000000000
0.471945658279495	0.398273705504907	0.000000000000000
0.472588547810216	0.408137922937639	0.000000000000000
0.473231240440546	0.387176743114920	0.000000000000000
0.473873736262225	0.400739948010974	0.000000000000000
0.474516035366947	0.395807462998840	0.000000000000000
0.475158137846366	0.381011513145520	0.000000000000000
0.475800043792083	0.409371420486440	0.000000000000000
0.476441753295664	0.390875730578241	0.000000000000000
0.477083266448618	0.389642233029440	0.000000000000000
0.477724583342418	0.392108475535507	0.000000000000000
0.478365704068486	0.390875730578241	0.000000000000000
0.479006628718200	0.388409488072174	0.000000000000000
0.479647357382888	0.377311773090641	0.000000000000000
0.480287890153844	0.397040960547641	0.000000000000000
0.480928227122301	0.405672433023118	0.000000000000000
0.481568368379456	0.392108475535507	0.000000000000000
0.482208314016460	0.376079028133375	0.000000000000000
0.482848064124417	0.374846283176120	0.000000000000000
0.483487618794377	0.410604165443706	0.000000000000000
0.484126978117360	0.377311773090641	0.000000000000000
0.484766142184323	0.388409488072174	0.000000000000000
0.485405111086187	0.393341973084319	0.000000000000000
0.486043884913826	0.401972692968239	0.000000000000000
0.486682463758067	0.389642233029440	0.000000000000000
0.487320847709689	0.385943245566108	0.000000000000000
0.487959036859426	0.398273705504907	0.000000000000000
0.488597031297970	0.389642233029440	0.000000000000000
0.489234831115956	0.388409488072174	0.000000000000000
0.489872436403981	0.392108475535507	0.000000000000000
0.490509847252596	0.411837662992518	0.000000000000000
0.491147063752299	0.378545270639442	0.000000000000000
0.491784085993552	0.390875730578241	0.000000000000000
0.492420914066761	0.372380040670042	0.000000000000000
0.493057548062290	0.364981313151842	0.000000000000000
0.493693988070451	0.387176743114920	0.000000000000000
0.494330234181520	0.405672433023118	0.000000000000000
0.494966286485715	0.390875730578241	0.000000000000000
0.495602145073213	0.382244258102775	0.000000000000000
0.496237810034145	0.378545270639442	0.000000000000000
0.496873281458595	0.387176743114920	0.000000000000000
0.497508559436593	0.376079028133375	0.000000000000000
0.498143644058135	0.383477003060041	0.000000000000000
0.498778535413159	0.381011513145520	0.000000000000000
0.499413233591564	0.385943245566108	0.000000000000000
0.500047738683194	0.376079028133375	0.000000000000000
0.500682050777851	0.377311773090641	0.000000000000000
0.501316169965292	0.400739948010974	0.000000000000000
0.501950096335223	0.381011513145520	0.000000000000000
0.502583829977303	0.373612785627308	0.000000000000000
0.503217370981147	0.366214810700643	0.000000000000000
0.503850719436318	0.366214810700643	0.000000000000000
0.504483875432338	0.373612785627308	0.000000000000000
0.505116839058677	0.364981313151842	0.000000000000000
0.505749610404760	0.390875730578241	0.000000000000000
0.506382189559961	0.394574718041574	0.000000000000000
0.507014576613617	0.367447555657909	0.000000000000000
0.507646771655001	0.371146543121242	0.000000000000000
0.508278774773357	0.398273705504907	0.000000000000000
0.508910586057862	0.383477003060041	0.000000000000000
0.509542205597666	0.364981313151842	0.000000000000000
0.510173633481857	0.376079028133375	0.000000000000000
0.510804869799481	0.371146543121242	0.000000000000000
0.511435914639534	0.366214810700643	0.000000000000000
0.512066768090970	0.387176743114920	0.000000000000000
0.512697430242688	0.364981313151842	0.000000000000000
0.513327901183542	0.366214810700643	0.000000000000000
0.513958181002342	0.378545270639442	0.000000000000000
0.514588269787848	0.388409488072174	0.000000000000000
0.515218167628769	0.350185363298522	0.000000000000000
0.515847874613768	0.357583338225176	0.000000000000000
0.516477390831465	0.376079028133375	0.000000000000000
0.517106716370426	0.385943245566108	0.000000000000000
0.517735851319176	0.385943245566108	0.000000000000000
0.518364795766182	0.373612785627308	0.000000000000000
0.518993549799870	0.356350593267922	0.000000000000000
0.519622113508621	0.372380040670042	0.000000000000000
0.520250486980760	0.410604165443706	0.000000000000000
0.520878670304570	0.377311773090641	0.000000000000000
0.521506663568286	0.378545270639442	0.000000000000000
0.522134466860089	0.381011513145520	0.000000000000000
0.522762080268114	0.373612785627308	0.000000000000000
0.523389503880462	0.374846283176120	0.000000000000000
0.524016737785162	0.393341973084319	0.000000000000000
0.524643782070210	0.362515823237321	0.000000000000000
0.525270636823552	0.387176743114920	0.000000000000000
0.525897302133087	0.376079028133375	0.000000000000000
0.526523778086658	0.395807462998840	0.000000000000000
0.527150064772068	0.373612785627308	0.000000000000000
0.527776162277071	0.395807462998840	0.000000000000000
0.528402070689369	0.385943245566108	0.000000000000000
0.529027790096613	0.374846283176120	0.000000000000000
0.529653320586418	0.390875730578241	0.000000000000000
0.530278662246337	0.389642233029440	0.000000000000000
0.530903815163885	0.389642233029440	0.000000000000000
0.531528779426518	0.377311773090641	0.000000000000000
0.532153555121656	0.348951865749710	0.000000000000000
0.532778142336657	0.364981313151842	0.000000000000000
0.533402541158845	0.384710500608842	0.000000000000000
0.534026751675485	0.358816083182442	0.000000000000000
0.534650773973800	0.376079028133375	0.000000000000000
0.535274608140955	0.382244258102775	0.000000000000000
0.535898254264079	0.337854903359723	0.000000000000000
0.536521712430244	0.373612785627308	0.000000000000000
0.537144982726478	0.364981313151842	0.000000000000000
0.537768065239752	0.388409488072174	0.000000000000000
0.538390960056998	0.361282325688509	0.000000000000000
0.539013667265101	0.371146543121242	0.000000000000000
0.539636186950884	0.356350593267922	0.000000000000000
0.540258519201134	0.389642233029440	0.000000000000000
0.540880664102587	0.340320393274244	0.000000000000000
0.541502621741925	0.377311773090641	0.000000000000000
0.542124392205787	0.362515823237321	0.000000000000000
0.542745975580756	0.361282325688509	0.000000000000000
0.543367371953378	0.358816083182442	0.000000000000000
0.543988581410139	0.362515823237321	0.000000000000000
0.544609604037477	0.367447555657909	0.000000000000000
0.545230439921794	0.347719120792444	0.000000000000000
0.545851089149430	0.369913798163976	0.000000000000000
0.546471551806676	0.378545270639442	0.000000000000000
0.547091827979781	0.366214810700643	0.000000000000000
0.547711917754946	0.361282325688509	0.000000000000000
0.548331821218311	0.372380040670042	0.000000000000000
0.548951538455984	0.379778015596708	0.000000000000000
0.549571069554014	0.362515823237321	0.000000000000000
0.550190414598400	0.372380040670042	0.000000000000000
0.550809573675095	0.376079028133375	0.000000000000000
0.551428546870006	0.368681053206721	0.000000000000000
0.552047334268983	0.372380040670042	0.000000000000000
0.552665935957837	0.379778015596708	0.000000000000000
0.553284352022320	0.384710500608842	0.000000000000000
0.553902582548143	0.379778015596708	0.000000000000000
0.554520627620962	0.385943245566108	0.000000000000000
0.555138487326394	0.360049580731243	0.000000000000000
0.555756161749990	0.377311773090641	0.000000000000000
0.556373650977266	0.373612785627308	0.000000000000000
0.556990955093686	0.379778015596708	0.000000000000000
0.557608074184660	0.378545270639442	0.000000000000000
0.558225008335557	0.394574718041574	0.000000000000000
0.558841757631685	0.376079028133375	0.000000000000000
0.559458322158319	0.358816083182442	0.000000000000000
0.560074702000669	0.374846283176120	0.000000000000000
0.560690897243905	0.357583338225176	0.000000000000000
0.561306907973145	0.382244258102775	0.000000000000000
0.561922734273461	0.385943245566108	0.000000000000000
0.562538376229870	0.372380040670042	0.000000000000000
0.563153833927343	0.378545270639442	0.000000000000000
0.563769107450803	0.392108475535507	0.000000000000000
0.564384196885123	0.373612785627308	0.000000000000000
0.564999102315125	0.373612785627308	0.000000000000000
0.565613823825583	0.368681053206721	0.000000000000000
0.566228361501223	0.360049580731243	0.000000000000000
0.566842715426720	0.358816083182442	0.000000000000000
0.567456885686700	0.374846283176120	0.000000000000000
0.568070872365739	0.381011513145520	0.000000000000000
0.568684675548368	0.378545270639442	0.000000000000000
0.569298295319061	0.366214810700643	0.000000000000000
0.569911731762248	0.358816083182442	0.000000000000000
0.570524984962312	0.373612785627308	0.000000000000000
0.571138055003582	0.364981313151842	0.000000000000000
0.571750941970337	0.363748568194576	0.000000000000000
0.572363645946807	0.369913798163976	0.000000000000000
0.572976167017181	0.351418108255777	0.000000000000000
0.573588505265587	0.351418108255777	0.000000000000000
0.574200660776111	0.379778015596708	0.000000000000000
0.574812633632785	0.381011513145520	0.000000000000000
0.575424423919597	0.372380040670042	0.000000000000000
0.576036031720478	0.373612785627308	0.000000000000000
0.576647457119318	0.373612785627308	0.000000000000000
0.577258700199954	0.377311773090641	0.000000000000000
0.577869761046170	0.385943245566108	0.000000000000000
0.578480639741707	0.384710500608842	0.000000000000000
0.579091336370250	0.378545270639442	0.000000000000000
0.579701851015440	0.394574718041574	0.000000000000000
0.580312183760870	0.393341973084319	0.000000000000000
0.580922334690074	0.385943245566108	0.000000000000000
0.581532303886551	0.368681053206721	0.000000000000000
0.582142091433733	0.381011513145520	0.000000000000000
0.582751697415019	0.373612785627308	0.000000000000000
0.583361121913746	0.385943245566108	0.000000000000000
0.583970365013210	0.379778015596708	0.000000000000000
0.584579426796655	0.378545270639442	0.000000000000000
0.585188307347275	0.363748568194576	0.000000000000000
0.585797006748215	0.368681053206721	0.000000000000000
0.586405525082568	0.366214810700643	0.000000000000000
0.587013862433380	0.372380040670042	0.000000000000000
0.587622018883650	0.367447555657909	0.000000000000000
0.588229994516324	0.363748568194576	0.000000000000000
0.588837789414295	0.366214810700643	0.000000000000000
0.589445403660417	0.366214810700643	0.000000000000000
0.590052837337484	0.389642233029440	0.000000000000000
0.590660090528248	0.398273705504907	0.000000000000000
0.591267163315410	0.360049580731243	0.000000000000000
0.591874055781613	0.377311773090641	0.000000000000000
0.592480768009461	0.381011513145520	0.000000000000000
0.593087300081508	0.388409488072174	0.000000000000000
0.593693652080250	0.371146543121242	0.000000000000000
0.594299824088144	0.363748568194576	0.000000000000000
0.594905816187591	0.373612785627308	0.000000000000000
0.595511628460943	0.361282325688509	0.000000000000000
0.596117260990504	0.369913798163976	0.000000000000000
0.596722713858529	0.381011513145520	0.000000000000000
0.597327987147220	0.352650853213043	0.000000000000000
0.597933080938734	0.366214810700643	0.000000000000000
0.598537995315178	0.369913798163976	0.000000000000000
0.599142730358607	0.387176743114920	0.000000000000000
0.599747286151027	0.360049580731243	0.000000000000000
0.600351662774395	0.364981313151842	0.000000000000000
0.600955860310622	0.361282325688509	0.000000000000000
0.601559878841562	0.382244258102775	0.000000000000000
0.602163718449025	0.357583338225176	0.000000000000000
0.602767379214774	0.374846283176120	0.000000000000000
0.603370861220515	0.368681053206721	0.000000000000000
0.603974164547910	0.353884350761844	0.000000000000000
0.604577289278565	0.385943245566108	0.000000000000000
0.605180235494050	0.368681053206721	0.000000000000000
0.605783003275873	0.372380040670042	0.000000000000000
0.606385592705494	0.369913798163976	0.000000000000000
0.606988003864329	0.376079028133375	0.000000000000000
0.607590236833744	0.372380040670042	0.000000000000000
0.608192291695047	0.368681053206721	0.000000000000000
0.608794168529510	0.369913798163976	0.000000000000000
0.609395867418344	0.388409488072174	0.000000000000000
0.609997388442717	0.360049580731243	0.000000000000000
0.610598731683743	0.388409488072174	0.000000000000000
0.611199897222491	0.373612785627308	0.000000000000000
0.611800885139978	0.362515823237321	0.000000000000000
0.612401695517174	0.364981313151842	0.000000000000000
0.613002328434999	0.342786635780310	0.000000000000000
0.613602783974318	0.352650853213043	0.000000000000000
0.614203062215953	0.369913798163976	0.000000000000000
0.614803163240678	0.358816083182442	0.000000000000000
0.615403087129210	0.362515823237321	0.000000000000000
0.616002833962223	0.379778015596708	0.000000000000000
0.616602403820342	0.371146543121242	0.000000000000000
0.617201796784137	0.367447555657909	0.000000000000000
0.617801012934132	0.378545270639442	0.000000000000000
0.618400052350803	0.361282325688509	0.000000000000000
0.618998915114577	0.361282325688509	0.000000000000000
0.619597601305826	0.384710500608842	0.000000000000000
0.620196111004879	0.361282325688509	0.000000000000000
0.620794444292015	0.369913798163976	0.000000000000000
0.621392601247458	0.373612785627308	0.000000000000000
0.621990581951391	0.363748568194576	0.000000000000000
0.622588386483939	0.368681053206721	0.000000000000000
0.623186014925187	0.377311773090641	0.000000000000000
0.623783467355163	0.372380040670042	0.000000000000000
0.624380743853848	0.357583338225176	0.000000000000000
0.624977844501179	0.345252878286377	0.000000000000000
0.625574769377032	0.357583338225176	0.000000000000000
0.626171518561249	0.369913798163976	0.000000000000000
0.626768092133609	0.377311773090641	0.000000000000000
0.627364490173848	0.362515823237321	0.000000000000000
0.627960712761656	0.347719120792444	0.000000000000000
0.628556759976669	0.362515823237321	0.000000000000000
0.629152631898470	0.364981313151842	0.000000000000000
0.629748328606601	0.351418108255777	0.000000000000000
0.630343850180555	0.361282325688509	0.000000000000000
0.630939196699770	0.356350593267922	0.000000000000000
0.631534368243634	0.352650853213043	0.000000000000000
0.632129364891494	0.351418108255777	0.000000000000000
0.632724186722644	0.364981313151842	0.000000000000000
0.633318833816320	0.356350593267922	0.000000000000000
0.633913306251724	0.360049580731243	0.000000000000000
0.634507604108002	0.377311773090641	0.000000000000000
0.635101727464248	0.344020133329123	0.000000000000000
0.635695676399507	0.390875730578241	0.000000000000000
0.636289450992785	0.360049580731243	0.000000000000000
0.636883051323026	0.381011513145520	0.000000000000000
0.637476477469133	0.371146543121242	0.000000000000000
0.638069729509956	0.348951865749710	0.000000000000000
0.638662807524299	0.376079028133375	0.000000000000000
0.639255711590914	0.363748568194576	0.000000000000000
0.639848441788507	0.355117095719110	0.000000000000000
0.640440998195735	0.361282325688509	0.000000000000000
0.641033380891200	0.362515823237321	0.000000000000000
0.641625589953468	0.332922418347578	0.000000000000000
0.642217625461037	0.374846283176120	0.000000000000000
0.642809487492376	0.362515823237321	0.000000000000000
0.643401176125894	0.382244258102775	0.000000000000000
0.643992691439950	0.350185363298522	0.000000000000000
0.644584033512862	0.363748568194576	0.000000000000000
0.645175202422890	0.352650853213043	0.000000000000000
0.645766198248253	0.352650853213043	0.000000000000000
0.646357021067114	0.360049580731243	0.000000000000000
0.646947670957598	0.330456175841511	0.000000000000000
0.647538147997768	0.342786635780310	0.000000000000000
0.648128452265650	0.358816083182442	0.000000000000000
0.648718583839208	0.353884350761844	0.000000000000000
0.649308542796374	0.337854903359723	0.000000000000000
0.649898329215018	0.383477003060041	0.000000000000000
0.650487943172964	0.369913798163976	0.000000000000000
0.651077384747992	0.356350593267922	0.000000000000000
0.651666654017829	0.342786635780310	0.000000000000000
0.652255751060156	0.350185363298522	0.000000000000000
0.652844675952601	0.346485623243643	0.000000000000000
0.653433428772751	0.334155163304844	0.000000000000000
0.654022009598137	0.372380040670042	0.000000000000000
0.654610418506246	0.353884350761844	0.000000000000000
0.655198655574513	0.358816083182442	0.000000000000000
0.655786720880324	0.334155163304844	0.000000000000000
0.656374614501023	0.346485623243643	0.000000000000000
0.656962336513900	0.352650853213043	0.000000000000000
0.657549886996197	0.371146543121242	0.000000000000000
0.658137266025107	0.358816083182442	0.000000000000000
0.658724473677778	0.334155163304844	0.000000000000000
0.659311510031309	0.335388660853645	0.000000000000000
0.659898375162743	0.330456175841511	0.000000000000000
0.660485069149083	0.332922418347578	0.000000000000000
0.661071592067282	0.371146543121242	0.000000000000000
0.661657943994244	0.373612785627308	0.000000000000000
0.662244125006824	0.348951865749710	0.000000000000000
0.662830135181829	0.351418108255777	0.000000000000000
0.663415974596018	0.353884350761844	0.000000000000000
0.664001643326101	0.373612785627308	0.000000000000000
0.664587141448740	0.344020133329123	0.000000000000000
0.665172469040550	0.366214810700643	0.000000000000000
0.665757626178097	0.364981313151842	0.000000000000000
0.666342612937895	0.344020133329123	0.000000000000000
0.666927429396419	0.350185363298522	0.000000000000000
0.667512075630085	0.346485623243643	0.000000000000000
0.668096551715270	0.351418108255777	0.000000000000000
0.668680857728296	0.374846283176120	0.000000000000000
0.669264993745443	0.361282325688509	0.000000000000000
0.669848959842936	0.339087648316978	0.000000000000000
0.670432756096959	0.315659473396645	0.000000000000000
0.671016382583644	0.347719120792444	0.000000000000000
0.671599839379078	0.337854903359723	0.000000000000000
0.672183126559292	0.360049580731243	0.000000000000000
0.672766244200277	0.351418108255777	0.000000000000000
0.673349192377977	0.348951865749710	0.000000000000000
0.673931971168281	0.340320393274244	0.000000000000000
0.674514580647037	0.356350593267922	0.000000000000000
0.675097020890041	0.372380040670042	0.000000000000000
0.675679291973040	0.363748568194576	0.000000000000000
0.676261393971741	0.339087648316978	0.000000000000000
0.676843326961792	0.344020133329123	0.000000000000000
0.677425091018800	0.353884350761844	0.000000000000000
0.678006686218324	0.356350593267922	0.000000000000000
0.678588112635878	0.357583338225176	0.000000000000000
0.679169370346921	0.340320393274244	0.000000000000000
0.679750459426866	0.351418108255777	0.000000000000000
0.680331379951084	0.351418108255777	0.000000000000000
0.680912131994894	0.342786635780310	0.000000000000000
0.681492715633567	0.353884350761844	0.000000000000000
0.682073130942327	0.357583338225176	0.000000000000000
0.682653377996353	0.342786635780310	0.000000000000000
0.683233456870772	0.350185363298522	0.000000000000000
0.683813367640668	0.364981313151842	0.000000000000000
0.684393110381078	0.355117095719110	0.000000000000000
0.684972685166981	0.374846283176120	0.000000000000000
0.685552092073322	0.352650853213043	0.000000000000000
0.686131331174991	0.362515823237321	0.000000000000000
0.686710402546833	0.345252878286377	0.000000000000000
0.687289306263649	0.327989933335444	0.000000000000000
0.687868042400185	0.337854903359723	0.000000000000000
0.688446611031146	0.341553890823044	0.000000000000000
0.689025012231183	0.347719120792444	0.000000000000000
0.689603246074910	0.329223430884245	0.000000000000000
0.690181312636883	0.346485623243643	0.000000000000000
0.690759211991616	0.337854903359723	0.000000000000000
0.691336944213584	0.340320393274244	0.000000000000000
0.691914509377192	0.337854903359723	0.000000000000000
0.692491907556826	0.335388660853645	0.000000000000000
0.693069138826801	0.335388660853645	0.000000000000000
0.693646203261401	0.342786635780310	0.000000000000000
0.694223100934853	0.355117095719110	0.000000000000000
0.694799831921348	0.339087648316978	0.000000000000000
0.695376396295013	0.335388660853645	0.000000000000000
0.695952794129945	0.361282325688509	0.000000000000000
0.696529025500186	0.334155163304844	0.000000000000000
0.697105090479734	0.345252878286377	0.000000000000000
0.697680989142532	0.361282325688509	0.000000000000000
0.698256721562489	0.363748568194576	0.000000000000000
0.698832287813459	0.342786635780310	0.000000000000000
0.699407687969247	0.356350593267922	0.000000000000000
0.699982922103619	0.331689673390323	0.000000000000000
0.700557990290289	0.332922418347578	0.000000000000000
0.701132892602930	0.334155163304844	0.000000000000000
0.701707629115160	0.341553890823044	0.000000000000000
0.702282199900553	0.342786635780310	0.000000000000000
0.702856605032639	0.335388660853645	0.000000000000000
0.703430844584903	0.355117095719110	0.000000000000000
0.704004918630779	0.361282325688509	0.000000000000000
0.704578827243655	0.334155163304844	0.000000000000000
0.705152570496872	0.324290945872112	0.000000000000000
0.705726148463731	0.352650853213043	0.000000000000000
0.706299561217479	0.360049580731243	0.000000000000000
0.706872808831319	0.360049580731243	0.000000000000000
0.707445891378408	0.335388660853645	0.000000000000000
0.708018808931857	0.361282325688509	0.000000000000000
0.708591561564730	0.339087648316978	0.000000000000000
0.709164149350047	0.330456175841511	0.000000000000000
0.709736572360777	0.352650853213043	0.000000000000000
0.710308830669847	0.350185363298522	0.000000000000000
0.710880924350137	0.339087648316978	0.000000000000000
0.711452853474477	0.341553890823044	0.000000000000000
0.712024618115660	0.346485623243643	0.000000000000000
0.712596218346423	0.355117095719110	0.000000000000000
0.713167654239459	0.350185363298522	0.000000000000000
0.713738925867419	0.345252878286377	0.000000000000000
0.714310033302908	0.323058200914846	0.000000000000000
0.714880976618480	0.347719120792444	0.000000000000000
0.715451755886648	0.341553890823044	0.000000000000000
0.716022371179874	0.346485623243643	0.000000000000000
0.716592822570582	0.369913798163976	0.000000000000000
0.717163110131141	0.355117095719110	0.000000000000000
0.717733233933878	0.339087648316978	0.000000000000000
0.718303194051083	0.361282325688509	0.000000000000000
0.718872990554981	0.346485623243643	0.000000000000000
0.719442623517770	0.347719120792444	0.000000000000000
0.720012093011592	0.345252878286377	0.000000000000000
0.720581399108548	0.358816083182442	0.000000000000000
0.721150541880689	0.329223430884245	0.000000000000000
0.721719521400021	0.346485623243643	0.000000000000000
0.722288337738512	0.337854903359723	0.000000000000000
0.722856990968078	0.342786635780310	0.000000000000000
0.723425481160584	0.364981313151842	0.000000000000000
0.723993808387864	0.347719120792444	0.000000000000000
0.724561972721692	0.340320393274244	0.000000000000000
0.725129974233809	0.351418108255777	0.000000000000000
0.725697812995902	0.344020133329123	0.000000000000000
0.726265489079614	0.336621405810911	0.000000000000000
0.726833002556547	0.357583338225176	0.000000000000000
0.727400353498255	0.341553890823044	0.000000000000000
0.727967541976245	0.346485623243643	0.000000000000000
0.728534568061980	0.346485623243643	0.000000000000000
0.729101431826882	0.331689673390323	0.000000000000000
0.729668133342324	0.350185363298522	0.000000000000000
0.730234672679633	0.346485623243643	0.000000000000000
0.730801049910094	0.361282325688509	0.000000000000000
0.731367265104942	0.341553890823044	0.000000000000000
0.731933318335375	0.353884350761844	0.000000000000000
0.732499209672539	0.340320393274244	0.000000000000000
0.733064939187539	0.334155163304844	0.000000000000000
0.733630506951433	0.350185363298522	0.000000000000000
0.734195913035235	0.337854903359723	0.000000000000000
0.734761157509917	0.340320393274244	0.000000000000000
0.735326240446402	0.337854903359723	0.000000000000000
0.735891161915568	0.351418108255777	0.000000000000000
0.736455921988252	0.357583338225176	0.000000000000000
0.737020520735247	0.356350593267922	0.000000000000000
0.737584958227295	0.336621405810911	0.000000000000000
0.738149234535101	0.331689673390323	0.000000000000000
0.738713349729320	0.360049580731243	0.000000000000000
0.739277303880566	0.331689673390323	0.000000000000000
0.739841097059403	0.340320393274244	0.000000000000000
0.740404729336364	0.350185363298522	0.000000000000000
0.740968200781918	0.362515823237321	0.000000000000000
0.741531511466509	0.334155163304844	0.000000000000000
0.742094661460524	0.348951865749710	0.000000000000000
0.742657650834307	0.339087648316978	0.000000000000000
0.743220479658165	0.337854903359723	0.000000000000000
0.743783148002353	0.367447555657909	0.000000000000000
0.744345655937088	0.346485623243643	0.000000000000000
0.744908003532538	0.339087648316978	0.000000000000000
0.745470190858830	0.323058200914846	0.000000000000000
0.746032217986045	0.324290945872112	0.000000000000000
0.746594084984222	0.362515823237321	0.000000000000000
0.747155791923355	0.342786635780310	0.000000000000000
0.747717338873394	0.336621405810911	0.000000000000000
0.748278725904246	0.351418108255777	0.000000000000000
0.748839953085774	0.339087648316978	0.000000000000000
0.749401020487796	0.332922418347578	0.000000000000000
0.749961928180086	0.335388660853645	0.000000000000000
0.750522676232378	0.316892970945446	0.000000000000000
0.751083264714356	0.353884350761844	0.000000000000000
0.751643693695670	0.350185363298522	0.000000000000000
0.752203963245915	0.337854903359723	0.000000000000000
0.752764073434648	0.316892970945446	0.000000000000000
0.753324024331386	0.340320393274244	0.000000000000000
0.753883816005600	0.324290945872112	0.000000000000000
0.754443448526712	0.313193983482125	0.000000000000000
0.755002921964108	0.355117095719110	0.000000000000000
0.755562236387129	0.351418108255777	0.000000000000000
0.756121391865066	0.367447555657909	0.000000000000000
0.756680388467181	0.353884350761844	0.000000000000000
0.757239226262678	0.355117095719110	0.000000000000000
0.757797905320726	0.335388660853645	0.000000000000000
0.758356425710449	0.363748568194576	0.000000000000000
0.758914787500929	0.342786635780310	0.000000000000000
0.759472990761203	0.344020133329123	0.000000000000000
0.760031035560262	0.356350593267922	0.000000000000000
0.760588921967064	0.351418108255777	0.000000000000000
0.761146650050515	0.334155163304844	0.000000000000000
0.761704219879482	0.329223430884245	0.000000000000000
0.762261631522785	0.357583338225176	0.000000000000000
0.762818885049206	0.364981313151842	0.000000000000000
0.763375980527486	0.361282325688509	0.000000000000000
0.763932918026318	0.332922418347578	0.000000000000000
0.764489697614349	0.329223430884245	0.000000000000000
0.765046319360197	0.331689673390323	0.000000000000000
0.765602783332426	0.352650853213043	0.000000000000000
0.766159089599558	0.348951865749710	0.000000000000000
0.766715238230082	0.336621405810911	0.000000000000000
0.767271229292427	0.340320393274244	0.000000000000000
0.767827062854999	0.339087648316978	0.000000000000000
0.768382738986150	0.336621405810911	0.000000000000000
0.768938257754192	0.351418108255777	0.000000000000000
0.769493619227396	0.339087648316978	0.000000000000000
0.770048823473987	0.348951865749710	0.000000000000000
0.770603870562156	0.326757188378178	0.000000000000000
0.771158760560042	0.339087648316978	0.000000000000000
0.771713493535751	0.356350593267922	0.000000000000000
0.772268069557337	0.341553890823044	0.000000000000000
0.772822488692824	0.341553890823044	0.000000000000000
0.773376751010183	0.357583338225176	0.000000000000000
0.773930856577346	0.324290945872112	0.000000000000000
0.774484805462209	0.355117095719110	0.000000000000000
0.775038597732621	0.326757188378178	0.000000000000000
0.775592233456390	0.340320393274244	0.000000000000000
0.776145712701279	0.344020133329123	0.000000000000000
0.776699035535017	0.339087648316978	0.000000000000000
0.777252202025284	0.341553890823044	0.000000000000000
0.777805212239725	0.337854903359723	0.000000000000000
0.778358066245932	0.316892970945446	0.000000000000000
0.778910764111473	0.361282325688509	0.000000000000000
0.779463305903857	0.348951865749710	0.000000000000000
0.780015691690563	0.367447555657909	0.000000000000000
0.780567921539023	0.327989933335444	0.000000000000000
0.781119995516634	0.335388660853645	0.000000000000000
0.781671913690743	0.334155163304844	0.000000000000000
0.782223676128658	0.336621405810911	0.000000000000000
0.782775282897655	0.356350593267922	0.000000000000000
0.783326734064955	0.344020133329123	0.000000000000000
0.783878029697746	0.351418108255777	0.000000000000000
0.784429169863175	0.337854903359723	0.000000000000000
0.784980154628346	0.341553890823044	0.000000000000000
0.785530984060323	0.344020133329123	0.000000000000000
0.786081658226126	0.342786635780310	0.000000000000000
0.786632177192738	0.341553890823044	0.000000000000000
0.787182541027100	0.348951865749710	0.000000000000000
0.787732749796113	0.342786635780310	0.000000000000000
0.788282803566635	0.319359213451524	0.000000000000000
0.788832702405484	0.327989933335444	0.000000000000000
0.789382446379440	0.340320393274244	0.000000000000000
0.789932035555236	0.334155163304844	0.000000000000000
0.790481469999572	0.337854903359723	0.000000000000000
0.791030749779104	0.329223430884245	0.000000000000000
0.791579874960448	0.357583338225176	0.000000000000000
0.792128845610177	0.344020133329123	0.000000000000000
0.792677661794829	0.344020133329123	0.000000000000000
0.793226323580897	0.344020133329123	0.000000000000000
0.793774831034834	0.347719120792444	0.000000000000000
0.794323184223056	0.339087648316978	0.000000000000000
0.794871383211935	0.321824703366045	0.000000000000000
0.795419428067810	0.344020133329123	0.000000000000000
0.795967318856968	0.332922418347578	0.000000000000000
0.796515055645665	0.341553890823044	0.000000000000000
0.797062638500115	0.315659473396645	0.000000000000000
0.797610067486493	0.351418108255777	0.000000000000000
0.798157342670933	0.340320393274244	0.000000000000000
0.798704464119524	0.337854903359723	0.000000000000000
0.799251431898326	0.350185363298522	0.000000000000000
0.799798246073350	0.325524443420924	0.000000000000000
0.800344906710574	0.326757188378178	0.000000000000000
0.800891413875929	0.330456175841511	0.000000000000000
0.801437767635313	0.340320393274244	0.000000000000000
0.801983968054580	0.314426728439379	0.000000000000000
0.802530015199548	0.345252878286377	0.000000000000000
0.803075909135995	0.336621405810911	0.000000000000000
0.803621649929658	0.366214810700643	0.000000000000000
0.804167237646235	0.313193983482125	0.000000000000000
0.804712672351384	0.335388660853645	0.000000000000000
0.805257954110726	0.371146543121242	0.000000000000000
0.805803082989839	0.344020133329123	0.000000000000000
0.806348059054266	0.348951865749710	0.000000000000000
0.806892882369511	0.319359213451524	0.000000000000000
0.807437553001031	0.342786635780310	0.000000000000000
0.807982071014258	0.342786635780310	0.000000000000000
0.808526436474573	0.331689673390323	0.000000000000000
0.809070649447321	0.344020133329123	0.000000000000000
0.809614709997814	0.319359213451524	0.000000000000000
0.810158618191315	0.332922418347578	0.000000000000000
0.810702374093058	0.345252878286377	0.000000000000000
0.811245977768232	0.348951865749710	0.000000000000000
0.811789429281992	0.344020133329123	0.000000000000000
0.812332728699447	0.336621405810911	0.000000000000000
0.812875876085679	0.313193983482125	0.000000000000000
0.813418871505716	0.326757188378178	0.000000000000000
0.813961715024567	0.320591958408779	0.000000000000000
0.814504406707182	0.347719120792444	0.000000000000000
0.815046946618491	0.323058200914846	0.000000000000000
0.815589334823370	0.342786635780310	0.000000000000000
0.816131571386669	0.334155163304844	0.000000000000000
0.816673656373193	0.341553890823044	0.000000000000000
0.817215589847711	0.345252878286377	0.000000000000000
0.817757371874952	0.323058200914846	0.000000000000000
0.818299002519612	0.330456175841511	0.000000000000000
0.818840481846345	0.325524443420924	0.000000000000000
0.819381809919763	0.334155163304844	0.000000000000000
0.819922986804449	0.330456175841511	0.000000000000000
0.820464012564943	0.309494243427246	0.000000000000000
0.821004887265750	0.341553890823044	0.000000000000000
0.821545610971331	0.331689673390323	0.000000000000000
0.822086183746117	0.320591958408779	0.000000000000000
0.822626605654499	0.319359213451524	0.000000000000000
0.823166876760824	0.324290945872112	0.000000000000000
0.823706997129414	0.325524443420924	0.000000000000000
0.824246966824542	0.334155163304844	0.000000000000000
0.824786785910449	0.337854903359723	0.000000000000000
0.825326454451341	0.344020133329123	0.000000000000000
0.825865972511378	0.329223430884245	0.000000000000000
0.826405340154690	0.298397281037247	0.000000000000000
0.826944557445372	0.310727740976046	0.000000000000000
0.827483624447469	0.321824703366045	0.000000000000000
0.828022541225007	0.316892970945446	0.000000000000000
0.828561307841963	0.304562511006647	0.000000000000000
0.829099924362276	0.335388660853645	0.000000000000000
0.829638390849854	0.360049580731243	0.000000000000000
0.830176707368569	0.345252878286377	0.000000000000000
0.830714873982248	0.336621405810911	0.000000000000000
0.831252890754688	0.347719120792444	0.000000000000000
0.831790757749647	0.360049580731243	0.000000000000000
0.832328475030850	0.327989933335444	0.000000000000000
0.832866042661977	0.331689673390323	0.000000000000000
0.833403460706682	0.342786635780310	0.000000000000000
0.833940729228572	0.320591958408779	0.000000000000000
0.834477848291227	0.331689673390323	0.000000000000000
0.835014817958182	0.329223430884245	0.000000000000000
0.835551638292943	0.330456175841511	0.000000000000000
0.836088309358976	0.327989933335444	0.000000000000000
0.836624831219711	0.339087648316978	0.000000000000000
0.837161203938544	0.334155163304844	0.000000000000000
0.837697427578829	0.342786635780310	0.000000000000000
0.838233502203893	0.341553890823044	0.000000000000000
0.838769427877018	0.325524443420924	0.000000000000000
0.839305204661454	0.355117095719110	0.000000000000000
0.839840832620418	0.319359213451524	0.000000000000000
0.840376311817085	0.334155163304844	0.000000000000000
0.840911642314598	0.327989933335444	0.000000000000000
0.841446824176067	0.357583338225176	0.000000000000000
0.841981857464559	0.344020133329123	0.000000000000000
0.842516742243111	0.327989933335444	0.000000000000000
0.843051478574722	0.347719120792444	0.000000000000000
0.843586066522355	0.351418108255777	0.000000000000000
0.844120506148942	0.330456175841511	0.000000000000000
0.844654797517373	0.323058200914846	0.000000000000000
0.845188940690507	0.340320393274244	0.000000000000000
0.845722935731169	0.332922418347578	0.000000000000000
0.846256782702145	0.323058200914846	0.000000000000000
0.846790481666184	0.297163783488446	0.000000000000000
0.847324032686005	0.339087648316978	0.000000000000000
0.847857435824295	0.341553890823044	0.000000000000000
0.848390691143691	0.325524443420924	0.000000000000000
0.848923798706812	0.336621405810911	0.000000000000000
0.849456758576235	0.318125715902712	0.000000000000000
0.849989570814499	0.330456175841511	0.000000000000000
0.850522235484113	0.325524443420924	0.000000000000000
0.851054752647551	0.331689673390323	0.000000000000000
0.851587122367246	0.352650853213043	0.000000000000000
0.852119344705606	0.324290945872112	0.000000000000000
0.852651419724999	0.330456175841511	0.000000000000000
0.853183347487756	0.318125715902712	0.000000000000000
0.853715128056181	0.321824703366045	0.000000000000000
0.854246761492537	0.321824703366045	0.000000000000000
0.854778247859056	0.308261498469980	0.000000000000000
0.855309587217933	0.324290945872112	0.000000000000000
0.855840779631331	0.339087648316978	0.000000000000000
0.856371825161379	0.319359213451524	0.000000000000000
0.856902723870169	0.311960485933312	0.000000000000000
0.857433475819765	0.340320393274244	0.000000000000000
0.857964081072191	0.336621405810911	0.000000000000000
0.858494539689437	0.341553890823044	0.000000000000000
0.859024851733462	0.325524443420924	0.000000000000000
0.859555017266193	0.337854903359723	0.000000000000000
0.860085036349518	0.337854903359723	0.000000000000000
0.860614909045294	0.326757188378178	0.000000000000000
0.861144635415346	0.325524443420924	0.000000000000000
0.861674215521459	0.327989933335444	0.000000000000000
0.862203649425396	0.314426728439379	0.000000000000000
0.862732937188874	0.327989933335444	0.000000000000000
0.863262078873584	0.336621405810911	0.000000000000000
0.863791074541180	0.337854903359723	0.000000000000000
0.864319924253289	0.309494243427246	0.000000000000000
0.864848628071494	0.334155163304844	0.000000000000000
0.865377186057355	0.344020133329123	0.000000000000000
0.865905598272395	0.331689673390323	0.000000000000000
0.866433864778100	0.318125715902712	0.000000000000000
0.866961985635929	0.326757188378178	0.000000000000000
0.867489960907306	0.348951865749710	0.000000000000000
0.868017790653621	0.320591958408779	0.000000000000000
0.868545474936232	0.327989933335444	0.000000000000000
0.869073013816465	0.325524443420924	0.000000000000000
0.869600407355611	0.337854903359723	0.000000000000000
0.870127655614933	0.319359213451524	0.000000000000000
0.870654758655650	0.318125715902712	0.000000000000000
0.871181716538965	0.318125715902712	0.000000000000000
0.871708529326040	0.318125715902712	0.000000000000000
0.872235197077997	0.320591958408779	0.000000000000000
0.872761719855940	0.324290945872112	0.000000000000000
0.873288097720932	0.332922418347578	0.000000000000000
0.873814330734003	0.320591958408779	0.000000000000000
0.874340418956160	0.326757188378178	0.000000000000000
0.874866362448361	0.321824703366045	0.000000000000000
0.875392161271553	0.346485623243643	0.000000000000000
0.875917815486633	0.323058200914846	0.000000000000000
0.876443325154478	0.316892970945446	0.000000000000000
0.876968690335924	0.334155163304844	0.000000000000000
0.877493911091780	0.336621405810911	0.000000000000000
0.878018987482825	0.336621405810911	0.000000000000000
0.878543919569804	0.321824703366045	0.000000000000000
0.879068707413428	0.320591958408779	0.000000000000000
0.879593351074381	0.345252878286377	0.000000000000000
0.880117850613309	0.314426728439379	0.000000000000000
0.880642206090835	0.320591958408779	0.000000000000000
0.881166417567544	0.331689673390323	0.000000000000000
0.881690485103993	0.315659473396645	0.000000000000000
0.882214408760705	0.318125715902712	0.000000000000000
0.882738188598174	0.325524443420924	0.000000000000000
0.883261824676864	0.335388660853645	0.000000000000000
0.883785317057200	0.318125715902712	0.000000000000000
0.884308665799591	0.315659473396645	0.000000000000000
0.884831870964399	0.315659473396645	0.000000000000000
0.885354932611963	0.337854903359723	0.000000000000000
0.885877850802592	0.318125715902712	0.000000000000000
0.886400625596560	0.332922418347578	0.000000000000000
0.886923257054113	0.335388660853645	0.000000000000000
0.887445745235468	0.332922418347578	0.000000000000000
0.887968090200807	0.334155163304844	0.000000000000000
0.888490292010284	0.332922418347578	0.000000000000000
0.889012350724021	0.332922418347578	0.000000000000000
0.889534266402112	0.313193983482125	0.000000000000000
0.890056039104618	0.334155163304844	0.000000000000000
0.890577668891573	0.335388660853645	0.000000000000000
0.891099155822975	0.363748568194576	0.000000000000000
0.891620499958799	0.329223430884245	0.000000000000000
0.892141701358985	0.334155163304844	0.000000000000000
0.892662760083442	0.346485623243643	0.000000000000000
0.893183676192054	0.344020133329123	0.000000000000000
0.893704449744670	0.341553890823044	0.000000000000000
0.894225080801112	0.336621405810911	0.000000000000000
0.894745569421172	0.330456175841511	0.000000000000000
0.895265915664609	0.332922418347578	0.000000000000000
0.895786119591160	0.331689673390323	0.000000000000000
0.896306181260521	0.334155163304844	0.000000000000000
0.896826100732369	0.331689673390323	0.000000000000000
0.897345878066347	0.334155163304844	0.000000000000000
0.897865513322064	0.340320393274244	0.000000000000000
0.898385006559110	0.327989933335444	0.000000000000000
0.898904357837036	0.348951865749710	0.000000000000000
0.899423567215367	0.329223430884245	0.000000000000000
0.899942634753603	0.314426728439379	0.000000000000000
0.900461560511209	0.334155163304844	0.000000000000000
0.900980344547623	0.348951865749710	0.000000000000000
0.901498986922255	0.321824703366045	0.000000000000000
0.902017487694485	0.319359213451524	0.000000000000000
0.902535846923662	0.334155163304844	0.000000000000000
0.903054064669108	0.346485623243643	0.000000000000000
0.903572140990120	0.352650853213043	0.000000000000000
0.904090075945963	0.339087648316978	0.000000000000000
0.904607869595868	0.321824703366045	0.000000000000000
0.905125521999046	0.346485623243643	0.000000000000000
0.905643033214676	0.331689673390323	0.000000000000000
0.906160403301907	0.335388660853645	0.000000000000000
0.906677632319863	0.314426728439379	0.000000000000000
0.907194720327637	0.323058200914846	0.000000000000000
0.907711667384296	0.305795255963913	0.000000000000000
0.908228473548873	0.337854903359723	0.000000000000000
0.908745138880382	0.325524443420924	0.000000000000000
0.909261663437798	0.320591958408779	0.000000000000000
0.909778047280081	0.340320393274244	0.000000000000000
0.910294290466152	0.334155163304844	0.000000000000000
0.910810393054907	0.334155163304844	0.000000000000000
0.911326355105220	0.329223430884245	0.000000000000000
0.911842176675927	0.325524443420924	0.000000000000000
0.912357857825844	0.340320393274244	0.000000000000000
0.912873398613759	0.342786635780310	0.000000000000000
0.913388799098427	0.331689673390323	0.000000000000000
0.913904059338580	0.336621405810911	0.000000000000000
0.914419179392925	0.316892970945446	0.000000000000000
0.914934159320133	0.316892970945446	0.000000000000000
0.915448999178856	0.342786635780310	0.000000000000000
0.915963699027715	0.327989933335444	0.000000000000000
0.916478258925304	0.344020133329123	0.000000000000000
0.916992678930190	0.314426728439379	0.000000000000000
0.917506959100915	0.337854903359723	0.000000000000000
0.918021099495987	0.340320393274244	0.000000000000000
0.918535100173900	0.335388660853645	0.000000000000000
0.919048961193107	0.330456175841511	0.000000000000000
0.919562682612043	0.331689673390323	0.000000000000000
0.920076264489112	0.329223430884245	0.000000000000000
0.920589706882695	0.321824703366045	0.000000000000000
0.921103009851143	0.327989933335444	0.000000000000000
0.921616173452782	0.320591958408779	0.000000000000000
0.922129197745916	0.339087648316978	0.000000000000000
0.922642082788808	0.320591958408779	0.000000000000000
0.923154828639712	0.325524443420924	0.000000000000000
0.923667435356849	0.347719120792444	0.000000000000000
0.924179902998409	0.353884350761844	0.000000000000000
0.924692231622561	0.327989933335444	0.000000000000000
0.925204421287446	0.335388660853645	0.000000000000000
0.925716472051180	0.337854903359723	0.000000000000000
0.926228383971857	0.311960485933312	0.000000000000000
0.926740157107536	0.334155163304844	0.000000000000000
0.927251791516252	0.342786635780310	0.000000000000000
0.927763287256025	0.340320393274244	0.000000000000000
0.928274644384838	0.326757188378178	0.000000000000000
0.928785862960652	0.323058200914846	0.000000000000000
0.929296943041400	0.320591958408779	0.000000000000000
0.929807884684993	0.327989933335444	0.000000000000000
0.930318687949317	0.320591958408779	0.000000000000000
0.930829352892231	0.329223430884245	0.000000000000000
0.931339879571565	0.332922418347578	0.000000000000000
0.931850268045128	0.341553890823044	0.000000000000000
0.932360518370708	0.337854903359723	0.000000000000000
0.932870630606053	0.336621405810911	0.000000000000000
0.933380604808906	0.332922418347578	0.000000000000000
0.933890441036972	0.330456175841511	0.000000000000000
0.934400139347933	0.336621405810911	0.000000000000000
0.934909699799444	0.334155163304844	0.000000000000000
0.935419122449143	0.323058200914846	0.000000000000000
0.935928407354637	0.324290945872112	0.000000000000000
0.936437554573509	0.335388660853645	0.000000000000000
0.936946564163318	0.336621405810911	0.000000000000000
0.937455436181603	0.348951865749710	0.000000000000000
0.937964170685867	0.327989933335444	0.000000000000000
0.938472767733601	0.326757188378178	0.000000000000000
0.938981227382263	0.319359213451524	0.000000000000000
0.939489549689296	0.330456175841511	0.000000000000000
0.939997734712111	0.340320393274244	0.000000000000000
0.940505782508092	0.341553890823044	0.000000000000000
0.941013693134605	0.318125715902712	0.000000000000000
0.941521466648996	0.337854903359723	0.000000000000000
0.942029103108580	0.319359213451524	0.000000000000000
0.942536602570648	0.334155163304844	0.000000000000000
0.943043965092469	0.336621405810911	0.000000000000000
0.943551190731289	0.335388660853645	0.000000000000000
0.944058279544331	0.313193983482125	0.000000000000000
0.944565231588791	0.345252878286377	0.000000000000000
0.945072046921848	0.335388660853645	0.000000000000000
0.945578725600647	0.342786635780310	0.000000000000000
0.946085267682322	0.329223430884245	0.000000000000000
0.946591673223973	0.350185363298522	0.000000000000000
0.947097942282684	0.335388660853645	0.000000000000000
0.947604074915508	0.352650853213043	0.000000000000000
0.948110071179485	0.358816083182442	0.000000000000000
0.948615931131623	0.324290945872112	0.000000000000000
0.949121654828916	0.357583338225176	0.000000000000000
0.949627242328325	0.362515823237321	0.000000000000000
0.950132693686794	0.366214810700643	0.000000000000000
0.950638008961243	0.341553890823044	0.000000000000000
0.951143188208569	0.342786635780310	0.000000000000000
0.951648231485650	0.366214810700643	0.000000000000000
0.952153138849332	0.345252878286377	0.000000000000000
0.952657910356449	0.348951865749710	0.000000000000000
0.953162546063809	0.337854903359723	0.000000000000000
0.953667046028193	0.378545270639442	0.000000000000000
0.954171410306365	0.363748568194576	0.000000000000000
0.954675638955067	0.361282325688509	0.000000000000000
0.955179732031014	0.352650853213043	0.000000000000000
0.955683689590901	0.376079028133375	0.000000000000000
0.956187511691405	0.362515823237321	0.000000000000000
0.956691198389175	0.367447555657909	0.000000000000000
0.957194749740843	0.358816083182442	0.000000000000000
0.957698165803018	0.367447555657909	0.000000000000000
0.958201446632281	0.364981313151842	0.000000000000000
0.958704592285199	0.376079028133375	0.000000000000000
0.959207602818315	0.378545270639442	0.000000000000000
0.959710478288153	0.382244258102775	0.000000000000000
0.960213218751206	0.394574718041574	0.000000000000000
0.960715824263958	0.383477003060041	0.000000000000000
0.961218294882864	0.369913798163976	0.000000000000000
0.961720630664358	0.369913798163976	0.000000000000000
0.962222831664856	0.350185363298522	0.000000000000000
0.962724897940750	0.385943245566108	0.000000000000000
0.963226829548411	0.395807462998840	0.000000000000000
0.963728626544193	0.366214810700643	0.000000000000000
0.964230288984425	0.392108475535507	0.000000000000000
0.964731816925413	0.378545270639442	0.000000000000000
0.965233210423449	0.355117095719110	0.000000000000000
0.965734469534799	0.384710500608842	0.000000000000000
0.966235594315709	0.374846283176120	0.000000000000000
0.966736584822403	0.353884350761844	0.000000000000000
0.967237441111090	0.351418108255777	0.000000000000000
0.967738163237956	0.351418108255777	0.000000000000000
0.968238751259162	0.368681053206721	0.000000000000000
0.968739205230856	0.362515823237321	0.000000000000000
0.969239525209156	0.361282325688509	0.000000000000000
0.969739711250173	0.356350593267922	0.000000000000000
0.970239763409984	0.356350593267922	0.000000000000000
0.970739681744657	0.368681053206721	0.000000000000000
0.971239466310232	0.363748568194576	0.000000000000000
0.971739117162737	0.357583338225176	0.000000000000000
0.972238634358170	0.382244258102775	0.000000000000000
0.972738017952520	0.366214810700643	0.000000000000000
0.973237268001748	0.374846283176120	0.000000000000000
0.973736384561799	0.362515823237321	0.000000000000000
0.974235367688597	0.347719120792444	0.000000000000000
0.974734217438052	0.355117095719110	0.000000000000000
0.975232933866043	0.366214810700643	0.000000000000000
0.975731517028440	0.348951865749710	0.000000000000000
0.976229966981090	0.351418108255777	0.000000000000000
0.976728283779820	0.355117095719110	0.000000000000000
0.977226467480439	0.345252878286377	0.000000000000000
0.977724518138738	0.376079028133375	0.000000000000000
0.978222435810487	0.369913798163976	0.000000000000000
0.978720220551436	0.348951865749710	0.000000000000000
0.979217872417316	0.345252878286377	0.000000000000000
0.979715391463846	0.371146543121242	0.000000000000000
0.980212777746716	0.336621405810911	0.000000000000000
0.980710031321604	0.376079028133375	0.000000000000000
0.981207152244170	0.382244258102775	0.000000000000000
0.981704140570050	0.356350593267922	0.000000000000000
0.982200996354864	0.395807462998840	0.000000000000000
0.982697719654220	0.360049580731243	0.000000000000000
0.983194310523695	0.378545270639442	0.000000000000000
0.983690769018858	0.390875730578241	0.000000000000000
0.984187095195256	0.373612785627308	0.000000000000000
0.984683289108417	0.364981313151842	0.000000000000000
0.985179350813853	0.347719120792444	0.000000000000000
0.985675280367057	0.379778015596708	0.000000000000000
0.986171077823504	0.345252878286377	0.000000000000000
0.986666743238655	0.369913798163976	0.000000000000000
0.987162276667945	0.340320393274244	0.000000000000000
0.987657678166794	0.363748568194576	0.000000000000000
0.988152947790611	0.369913798163976	0.000000000000000
0.988648085594781	0.385943245566108	0.000000000000000
0.989143091634673	0.360049580731243	0.000000000000000
0.989637965965636	0.363748568194576	0.000000000000000
0.990132708643009	0.377311773090641	0.000000000000000
0.990627319722106	0.384710500608842	0.000000000000000
0.991121799258230	0.374846283176120	0.000000000000000
0.991616147306657	0.387176743114920	0.000000000000000
0.992110363922660	0.401972692968239	0.000000000000000
0.992604449161481	0.387176743114920	0.000000000000000
0.993098403078356	0.363748568194576	0.000000000000000
0.993592225728497	0.353884350761844	0.000000000000000
0.994085917167103	0.400739948010974	0.000000000000000
0.994579477449353	0.389642233029440	0.000000000000000
0.995072906630418	0.388409488072174	0.000000000000000
0.995566204765438	0.395807462998840	0.000000000000000
0.996059371909547	0.403206190517040	0.000000000000000
0.996552408117860	0.383477003060041	0.000000000000000
0.997045313445477	0.369913798163976	0.000000000000000
0.997538087947479	0.400739948010974	0.000000000000000
0.998030731678931	0.403206190517040	0.000000000000000
0.998523244694884	0.413070407949773	0.000000000000000
0.999015627050370	0.384710500608842	0.000000000000000
0.999507878800407	0.401972692968239	0.000000000000000
1.000000000000000	0.395807462998840	0.000000000000000
