 -2.90949568545124e-03  -1.84159682226139e-02   0.00000000000000e+00   0.00000000000000e+00 
 -2.91173337838426e-03  -1.84203919081133e-02   0.00000000000000e+00   1.09051254089422e-03 
 -2.91438664057180e-03  -1.84255969001356e-02   0.00000000000000e+00   2.18102508178844e-03 
 -2.91747444618077e-03  -1.84315763843542e-02   0.00000000000000e+00   3.27153762268266e-03 
 -2.92101576937807e-03  -1.84383235464424e-02   0.00000000000000e+00   4.36205016357688e-03 
 -2.92502958433063e-03  -1.84458315720735e-02   0.00000000000000e+00   5.45256270447110e-03 
 -2.92953486520534e-03  -1.84540936469208e-02   0.00000000000000e+00   6.54307524536532e-03 
 -2.93455058616912e-03  -1.84631029566577e-02   0.00000000000000e+00   7.63358778625954e-03 
 -2.94009572138888e-03  -1.84728526869575e-02   0.00000000000000e+00   8.72410032715376e-03 
 -2.94618924503152e-03  -1.84833360234935e-02   0.00000000000000e+00   9.81461286804798e-03 
 -2.95285013126397e-03  -1.84945461519390e-02   0.00000000000000e+00   1.09051254089422e-02 
 -2.96009735425312e-03  -1.85064762579675e-02   0.00000000000000e+00   1.19956379498364e-02 
 -2.96794988816589e-03  -1.85191195272521e-02   0.00000000000000e+00   1.30861504907306e-02 
 -2.97642670716918e-03  -1.85324691454664e-02   0.00000000000000e+00   1.41766630316249e-02 
 -2.98554678542992e-03  -1.85465182982834e-02   0.00000000000000e+00   1.52671755725191e-02 
 -2.99532909711500e-03  -1.85612601713767e-02   0.00000000000000e+00   1.63576881134133e-02 
 -3.00579261639133e-03  -1.85766879504195e-02   0.00000000000000e+00   1.74482006543075e-02 
 -3.01695631742584e-03  -1.85927948210852e-02   0.00000000000000e+00   1.85387131952017e-02 
 -3.02883917438542e-03  -1.86095739690471e-02   0.00000000000000e+00   1.96292257360960e-02 
 -3.04146016143698e-03  -1.86270185799784e-02   0.00000000000000e+00   2.07197382769902e-02 
 -3.05483825274745e-03  -1.86451218395527e-02   0.00000000000000e+00   2.18102508178844e-02 
 -3.06899242248372e-03  -1.86638769334431e-02   0.00000000000000e+00   2.29007633587786e-02 
 -3.08394164481270e-03  -1.86832770473230e-02   0.00000000000000e+00   2.39912758996728e-02 
 -3.09970489390131e-03  -1.87033153668658e-02   0.00000000000000e+00   2.50817884405671e-02 
 -3.11630114391646e-03  -1.87239850777447e-02   0.00000000000000e+00   2.61723009814613e-02 
 -3.13374936902505e-03  -1.87452793656331e-02   0.00000000000000e+00   2.72628135223555e-02 
 -3.15206854339400e-03  -1.87671914162043e-02   0.00000000000000e+00   2.83533260632497e-02 
 -3.17127764119021e-03  -1.87897144151317e-02   0.00000000000000e+00   2.94438386041440e-02 
 -3.19139563658060e-03  -1.88128415480886e-02   0.00000000000000e+00   3.05343511450382e-02 
 -3.21244150373208e-03  -1.88365660007483e-02   0.00000000000000e+00   3.16248636859324e-02 
 -3.23443421681155e-03  -1.88608809587841e-02   0.00000000000000e+00   3.27153762268266e-02 
 -3.25739274998592e-03  -1.88857796078694e-02   0.00000000000000e+00   3.38058887677208e-02 
 -3.28133607742211e-03  -1.89112551336775e-02   0.00000000000000e+00   3.48964013086151e-02 
 -3.30628317328702e-03  -1.89373007218817e-02   0.00000000000000e+00   3.59869138495093e-02 
 -3.33225014673848e-03  -1.89639074198448e-02   0.00000000000000e+00   3.70774263904035e-02 
 -3.35922440523274e-03  -1.89910448533039e-02   0.00000000000000e+00   3.81679389312977e-02 
 -3.38717681395179e-03  -1.90186703016059e-02   0.00000000000000e+00   3.92584514721919e-02 
 -3.41607803891499e-03  -1.90467408954521e-02   0.00000000000000e+00   4.03489640130862e-02 
 -3.44589874614170e-03  -1.90752137655434e-02   0.00000000000000e+00   4.14394765539804e-02 
 -3.47660960165125e-03  -1.91040460425811e-02   0.00000000000000e+00   4.25299890948746e-02 
 -3.50818127146301e-03  -1.91331948572663e-02   0.00000000000000e+00   4.36205016357688e-02 
 -3.54058442159633e-03  -1.91626173403001e-02   0.00000000000000e+00   4.47110141766630e-02 
 -3.57378971807056e-03  -1.91922706223837e-02   0.00000000000000e+00   4.58015267175573e-02 
 -3.60776782690505e-03  -1.92221118342182e-02   0.00000000000000e+00   4.68920392584515e-02 
 -3.64248941411917e-03  -1.92520981065048e-02   0.00000000000000e+00   4.79825517993457e-02 
 -3.67792514573226e-03  -1.92821865699446e-02   0.00000000000000e+00   4.90730643402399e-02 
 -3.71404568776368e-03  -1.93123343552387e-02   0.00000000000000e+00   5.01635768811341e-02 
 -3.75082170623278e-03  -1.93424985930882e-02   0.00000000000000e+00   5.12540894220284e-02 
 -3.78820589531113e-03  -1.93726444406001e-02   0.00000000000000e+00   5.23446019629226e-02 
 -3.82560244642536e-03  -1.94029820216541e-02   0.00000000000000e+00   5.34351145038168e-02 
 -3.86177944494335e-03  -1.94340055514130e-02   0.00000000000000e+00   5.45256270447110e-02 
 -3.89546936304839e-03  -1.94662251502415e-02   0.00000000000000e+00   5.56161395856052e-02 
 -3.92543706290610e-03  -1.95001395754915e-02   0.00000000000000e+00   5.67066521264995e-02 
 -3.95157105085074e-03  -1.95358533890857e-02   0.00000000000000e+00   5.77971646673937e-02 
 -3.97514559652846e-03  -1.95729850012105e-02   0.00000000000000e+00   5.88876772082879e-02 
 -3.99752050693195e-03  -1.96111228139481e-02   0.00000000000000e+00   5.99781897491821e-02 
 -4.02005541873202e-03  -1.96498552819748e-02   0.00000000000000e+00   6.10687022900763e-02 
 -4.04381443566958e-03  -1.96888621173530e-02   0.00000000000000e+00   6.21592148309706e-02 
 -4.06895924373117e-03  -1.97281016890319e-02   0.00000000000000e+00   6.32497273718648e-02 
 -4.09547988840159e-03  -1.97675853666994e-02   0.00000000000000e+00   6.43402399127590e-02 
 -4.12336641516566e-03  -1.98073245200435e-02   0.00000000000000e+00   6.54307524536532e-02 
 -4.15260886950819e-03  -1.98473305187519e-02   0.00000000000000e+00   6.65212649945474e-02 
 -4.18319729691398e-03  -1.98876147325127e-02   0.00000000000000e+00   6.76117775354417e-02 
 -4.21512174286786e-03  -1.99281885310138e-02   0.00000000000000e+00   6.87022900763359e-02 
 -4.24837225285462e-03  -1.99690632839431e-02   0.00000000000000e+00   6.97928026172301e-02 
 -4.28293887235908e-03  -2.00102503609885e-02   0.00000000000000e+00   7.08833151581243e-02 
 -4.31881164686604e-03  -2.00517611318379e-02   0.00000000000000e+00   7.19738276990185e-02 
 -4.35598062186033e-03  -2.00936069661793e-02   0.00000000000000e+00   7.30643402399128e-02 
 -4.39443584282674e-03  -2.01357992337006e-02   0.00000000000000e+00   7.41548527808070e-02 
 -4.43416735525009e-03  -2.01783493040897e-02   0.00000000000000e+00   7.52453653217012e-02 
 -4.47516520461519e-03  -2.02212685470345e-02   0.00000000000000e+00   7.63358778625954e-02 
 -4.51741943640685e-03  -2.02645683322229e-02   0.00000000000000e+00   7.74263904034896e-02 
 -4.56092009610988e-03  -2.03082600293429e-02   0.00000000000000e+00   7.85169029443839e-02 
 -4.60565722920908e-03  -2.03523550080824e-02   0.00000000000000e+00   7.96074154852781e-02 
 -4.65162115657353e-03  -2.03968638944656e-02   0.00000000000000e+00   8.06979280261723e-02 
 -4.69882507017048e-03  -2.04417355520659e-02   0.00000000000000e+00   8.17884405670665e-02 
 -4.74732184333887e-03  -2.04868116865605e-02   0.00000000000000e+00   8.28789531079607e-02 
 -4.79716831027014e-03  -2.05319233075093e-02   0.00000000000000e+00   8.39694656488550e-02 
 -4.84842130515574e-03  -2.05769014244717e-02   0.00000000000000e+00   8.50599781897492e-02 
 -4.90113766218713e-03  -2.06215770470074e-02   0.00000000000000e+00   8.61504907306434e-02 
 -4.95537421555574e-03  -2.06657811846760e-02   0.00000000000000e+00   8.72410032715376e-02 
 -5.01118779945304e-03  -2.07093448470372e-02   0.00000000000000e+00   8.83315158124318e-02 
 -5.06863524807046e-03  -2.07520990436505e-02   0.00000000000000e+00   8.94220283533261e-02 
 -5.12777339559946e-03  -2.07938747840756e-02   0.00000000000000e+00   9.05125408942203e-02 
 -5.18865907623149e-03  -2.08345030778721e-02   0.00000000000000e+00   9.16030534351145e-02 
 -5.25134912415800e-03  -2.08738149345997e-02   0.00000000000000e+00   9.26935659760087e-02 
 -5.31590037357043e-03  -2.09116413638179e-02   0.00000000000000e+00   9.37840785169029e-02 
 -5.38236965866024e-03  -2.09478133750863e-02   0.00000000000000e+00   9.48745910577972e-02 
 -5.45081519257854e-03  -2.09821633776569e-02   0.00000000000000e+00   9.59651035986914e-02 
 -5.52136717082783e-03  -2.10145968453799e-02   0.00000000000000e+00   9.70556161395856e-02 
 -5.59426158105950e-03  -2.10451266348287e-02   0.00000000000000e+00   9.81461286804798e-02 
 -5.66974286771429e-03  -2.10737741865129e-02   0.00000000000000e+00   9.92366412213740e-02 
 -5.74805547523294e-03  -2.11005609409422e-02   0.00000000000000e+00   1.00327153762268e-01 
 -5.82944384805618e-03  -2.11255083386261e-02   0.00000000000000e+00   1.01417666303162e-01 
 -5.91414961514002e-03  -2.11486348907894e-02   0.00000000000000e+00   1.02508178844057e-01 
 -6.00229027839896e-03  -2.11698299644749e-02   0.00000000000000e+00   1.03598691384951e-01 
 -6.09381305027116e-03  -2.11888057542513e-02   0.00000000000000e+00   1.04689203925845e-01 
 -6.18865280489405e-03  -2.12052616176797e-02   0.00000000000000e+00   1.05779716466739e-01 
 -6.28674441640506e-03  -2.12188969123212e-02   0.00000000000000e+00   1.06870229007634e-01 
 -6.38802275894162e-03  -2.12294109957369e-02   0.00000000000000e+00   1.07960741548528e-01 
 -6.49242270664117e-03  -2.12365032254879e-02   0.00000000000000e+00   1.09051254089422e-01 
 -6.59987913364112e-03  -2.12398729591355e-02   0.00000000000000e+00   1.10141766630316e-01 
 -6.71032691407891e-03  -2.12392195542406e-02   0.00000000000000e+00   1.11232279171210e-01 
 -6.82370092209197e-03  -2.12342423683645e-02   0.00000000000000e+00   1.12322791712105e-01 
 -6.93993600268870e-03  -2.12246407923744e-02   0.00000000000000e+00   1.13413304252999e-01 
 -7.05889701592326e-03  -2.12101942381131e-02   0.00000000000000e+00   1.14503816793893e-01 
 -7.18022870145345e-03  -2.11909338036466e-02   0.00000000000000e+00   1.15594329334787e-01 
 -7.30353263286908e-03  -2.11669399432333e-02   0.00000000000000e+00   1.16684841875682e-01 
 -7.42841038375992e-03  -2.11382931111315e-02   0.00000000000000e+00   1.17775354416576e-01 
 -7.55446352771578e-03  -2.11050737615997e-02   0.00000000000000e+00   1.18865866957470e-01 
 -7.68129363832644e-03  -2.10673623488962e-02   0.00000000000000e+00   1.19956379498364e-01 
 -7.80850228918170e-03  -2.10252393272795e-02   0.00000000000000e+00   1.21046892039258e-01 
 -7.93569105387134e-03  -2.09787851510079e-02   0.00000000000000e+00   1.22137404580153e-01 
 -8.06246150598516e-03  -2.09280802743398e-02   0.00000000000000e+00   1.23227917121047e-01 
 -8.18841521911296e-03  -2.08732051515336e-02   0.00000000000000e+00   1.24318429661941e-01 
 -8.31316060448041e-03  -2.08142422621981e-02   0.00000000000000e+00   1.25408942202835e-01 
 -8.43647759251825e-03  -2.07513248910010e-02   0.00000000000000e+00   1.26499454743730e-01 
 -8.55832594636098e-03  -2.06846395901787e-02   0.00000000000000e+00   1.27589967284624e-01 
 -8.67867393064654e-03  -2.06143754301663e-02   0.00000000000000e+00   1.28680479825518e-01 
 -8.79748981001286e-03  -2.05407214813988e-02   0.00000000000000e+00   1.29770992366412e-01 
 -8.91474184909789e-03  -2.04638668143109e-02   0.00000000000000e+00   1.30861504907306e-01 
 -9.03039831253956e-03  -2.03840004993378e-02   0.00000000000000e+00   1.31952017448201e-01 
 -9.14442746497581e-03  -2.03013116069144e-02   0.00000000000000e+00   1.33042529989095e-01 
 -9.25679757104458e-03  -2.02159892074755e-02   0.00000000000000e+00   1.34133042529989e-01 
 -9.36747689538380e-03  -2.01282223714562e-02   0.00000000000000e+00   1.35223555070883e-01 
 -9.47643370263142e-03  -2.00382001692915e-02   0.00000000000000e+00   1.36314067611778e-01 
 -9.58363625742538e-03  -1.99461116714162e-02   0.00000000000000e+00   1.37404580152672e-01 
 -9.68905282440360e-03  -1.98521459482653e-02   0.00000000000000e+00   1.38495092693566e-01 
 -9.79265166820403e-03  -1.97564920702738e-02   0.00000000000000e+00   1.39585605234460e-01 
 -9.89440105346460e-03  -1.96593391078766e-02   0.00000000000000e+00   1.40676117775354e-01 
 -9.99426924482326e-03  -1.95608761315087e-02   0.00000000000000e+00   1.41766630316249e-01 
 -1.00922245069179e-02  -1.94612922116050e-02   0.00000000000000e+00   1.42857142857143e-01 
 -1.01882351043866e-02  -1.93607764186004e-02   0.00000000000000e+00   1.43947655398037e-01 
 -1.02822693018671e-02  -1.92595178229301e-02   0.00000000000000e+00   1.45038167938931e-01 
 -1.03742953639975e-02  -1.91577054950287e-02   0.00000000000000e+00   1.46128680479826e-01 
 -1.04642815554157e-02  -1.90555285053315e-02   0.00000000000000e+00   1.47219193020720e-01 
 -1.05521961407595e-02  -1.89531759242732e-02   0.00000000000000e+00   1.48309705561614e-01 
 -1.06380073843264e-02  -1.88508368056827e-02   0.00000000000000e+00   1.49400218102508e-01 
 -1.07216812079469e-02  -1.87485860168309e-02   0.00000000000000e+00   1.50490730643402e-01 
 -1.08031755963476e-02  -1.86461115205937e-02   0.00000000000000e+00   1.51581243184297e-01 
 -1.08824468547956e-02  -1.85430194124363e-02   0.00000000000000e+00   1.52671755725191e-01 
 -1.09594512885581e-02  -1.84389157878238e-02   0.00000000000000e+00   1.53762268266085e-01 
 -1.10341452029023e-02  -1.83334067422215e-02   0.00000000000000e+00   1.54852780806979e-01 
 -1.11064849030953e-02  -1.82260983710944e-02   0.00000000000000e+00   1.55943293347874e-01 
 -1.11764266944044e-02  -1.81165967699079e-02   0.00000000000000e+00   1.57033805888768e-01 
 -1.12439268820967e-02  -1.80045080341270e-02   0.00000000000000e+00   1.58124318429662e-01 
 -1.13089417714395e-02  -1.78894382592170e-02   0.00000000000000e+00   1.59214830970556e-01 
 -1.13714276676998e-02  -1.77709935406431e-02   0.00000000000000e+00   1.60305343511450e-01 
 -1.14313408761449e-02  -1.76487799738703e-02   0.00000000000000e+00   1.61395856052345e-01 
 -1.14886377020419e-02  -1.75224036543640e-02   0.00000000000000e+00   1.62486368593239e-01 
 -1.15432724335321e-02  -1.73915074748505e-02   0.00000000000000e+00   1.63576881134133e-01 
 -1.15951753351577e-02  -1.72561725766328e-02   0.00000000000000e+00   1.64667393675027e-01 
 -1.16442608951322e-02  -1.71167678994333e-02   0.00000000000000e+00   1.65757906215921e-01 
 -1.16904433259895e-02  -1.69736674120368e-02   0.00000000000000e+00   1.66848418756816e-01 
 -1.17336368402636e-02  -1.68272450832282e-02   0.00000000000000e+00   1.67938931297710e-01 
 -1.17737556504882e-02  -1.66778748817921e-02   0.00000000000000e+00   1.69029443838604e-01 
 -1.18107139691972e-02  -1.65259307765135e-02   0.00000000000000e+00   1.70119956379498e-01 
 -1.18444260089246e-02  -1.63717867361771e-02   0.00000000000000e+00   1.71210468920393e-01 
 -1.18748059822042e-02  -1.62158167295678e-02   0.00000000000000e+00   1.72300981461287e-01 
 -1.19017681015699e-02  -1.60583947254703e-02   0.00000000000000e+00   1.73391494002181e-01 
 -1.19252265795555e-02  -1.58998946926694e-02   0.00000000000000e+00   1.74482006543075e-01 
 -1.19450956286950e-02  -1.57406905999500e-02   0.00000000000000e+00   1.75572519083969e-01 
 -1.19612894615223e-02  -1.55811564160968e-02   0.00000000000000e+00   1.76663031624864e-01 
 -1.19737222905711e-02  -1.54216661098947e-02   0.00000000000000e+00   1.77753544165758e-01 
 -1.19823083283754e-02  -1.52625936501285e-02   0.00000000000000e+00   1.78844056706652e-01 
 -1.19869617874691e-02  -1.51043130055829e-02   0.00000000000000e+00   1.79934569247546e-01 
 -1.19875968803860e-02  -1.49471981450428e-02   0.00000000000000e+00   1.81025081788441e-01 
 -1.19841278196600e-02  -1.47916230372930e-02   0.00000000000000e+00   1.82115594329335e-01 
 -1.19764688178250e-02  -1.46379616511182e-02   0.00000000000000e+00   1.83206106870229e-01 
 -1.19645340874149e-02  -1.44865879553033e-02   0.00000000000000e+00   1.84296619411123e-01 
 -1.19482378409636e-02  -1.43378759186331e-02   0.00000000000000e+00   1.85387131952017e-01 
 -1.19274942910049e-02  -1.41921995098924e-02   0.00000000000000e+00   1.86477644492912e-01 
 -1.19022176500727e-02  -1.40499326978660e-02   0.00000000000000e+00   1.87568157033806e-01 
 -1.18723221426315e-02  -1.39114494370640e-02   0.00000000000000e+00   1.88658669574700e-01 
 -1.18378137844194e-02  -1.37770138553067e-02   0.00000000000000e+00   1.89749182115594e-01 
 -1.17990116049960e-02  -1.36465155647291e-02   0.00000000000000e+00   1.90839694656489e-01 
 -1.17563012966736e-02  -1.35197644166218e-02   0.00000000000000e+00   1.91930207197383e-01 
 -1.17100685517646e-02  -1.33965702622756e-02   0.00000000000000e+00   1.93020719738277e-01 
 -1.16606990625815e-02  -1.32767429529810e-02   0.00000000000000e+00   1.94111232279171e-01 
 -1.16085785214367e-02  -1.31600923400288e-02   0.00000000000000e+00   1.95201744820065e-01 
 -1.15540926206426e-02  -1.30464282747096e-02   0.00000000000000e+00   1.96292257360960e-01 
 -1.14976270525116e-02  -1.29355606083142e-02   0.00000000000000e+00   1.97382769901854e-01 
 -1.14395675093562e-02  -1.28272991921331e-02   0.00000000000000e+00   1.98473282442748e-01 
 -1.13802996834887e-02  -1.27214538774572e-02   0.00000000000000e+00   1.99563794983642e-01 
 -1.13201511177073e-02  -1.26178625011699e-02   0.00000000000000e+00   2.00654307524537e-01 
 -1.12591914652378e-02  -1.25164870145626e-02   0.00000000000000e+00   2.01744820065431e-01 
 -1.11974189113089e-02  -1.24173237643007e-02   0.00000000000000e+00   2.02835332606325e-01 
 -1.11348316385241e-02  -1.23203690983126e-02   0.00000000000000e+00   2.03925845147219e-01 
 -1.10714278294867e-02  -1.22256193645269e-02   0.00000000000000e+00   2.05016357688113e-01 
 -1.10072056668001e-02  -1.21330709108722e-02   0.00000000000000e+00   2.06106870229008e-01 
 -1.09421633330678e-02  -1.20427200852772e-02   0.00000000000000e+00   2.07197382769902e-01 
 -1.08762990108932e-02  -1.19545632356703e-02   0.00000000000000e+00   2.08287895310796e-01 
 -1.08096108828796e-02  -1.18685967099803e-02   0.00000000000000e+00   2.09378407851690e-01 
 -1.07420971316306e-02  -1.17848168561355e-02   0.00000000000000e+00   2.10468920392585e-01 
 -1.06737559397495e-02  -1.17032200220648e-02   0.00000000000000e+00   2.11559432933479e-01 
 -1.06045854898397e-02  -1.16238025556965e-02   0.00000000000000e+00   2.12649945474373e-01 
 -1.05345839645047e-02  -1.15465608049594e-02   0.00000000000000e+00   2.13740458015267e-01 
 -1.04637495463479e-02  -1.14714911177819e-02   0.00000000000000e+00   2.14830970556161e-01 
 -1.03920804179727e-02  -1.13985898420928e-02   0.00000000000000e+00   2.15921483097056e-01 
 -1.03195748176542e-02  -1.13278532243822e-02   0.00000000000000e+00   2.17011995637950e-01 
 -1.02462402178264e-02  -1.12592606857896e-02   0.00000000000000e+00   2.18102508178844e-01 
 -1.01721035558861e-02  -1.11927561807867e-02   0.00000000000000e+00   2.19193020719738e-01 
 -1.00971942352163e-02  -1.11282791706280e-02   0.00000000000000e+00   2.20283533260633e-01 
 -1.00215416591999e-02  -1.10657691165683e-02   0.00000000000000e+00   2.21374045801527e-01 
 -9.94517523121999e-03  -1.10051654798621e-02   0.00000000000000e+00   2.22464558342421e-01 
 -9.86812435465939e-03  -1.09464077217640e-02   0.00000000000000e+00   2.23555070883315e-01 
 -9.79041843290106e-03  -1.08894353035286e-02   0.00000000000000e+00   2.24645583424209e-01 
 -9.71208686932797e-03  -1.08341876864106e-02   0.00000000000000e+00   2.25736095965104e-01 
 -9.63315906732304e-03  -1.07806043316645e-02   0.00000000000000e+00   2.26826608505998e-01 
 -9.55366443026924e-03  -1.07286247005449e-02   0.00000000000000e+00   2.27917121046892e-01 
 -9.47363236154950e-03  -1.06781882543065e-02   0.00000000000000e+00   2.29007633587786e-01 
 -9.39309226454676e-03  -1.06292344542038e-02   0.00000000000000e+00   2.30098146128680e-01 
 -9.31207354264398e-03  -1.05817027614915e-02   0.00000000000000e+00   2.31188658669575e-01 
 -9.23060559922410e-03  -1.05355326374242e-02   0.00000000000000e+00   2.32279171210469e-01 
 -9.14871783767005e-03  -1.04906635432564e-02   0.00000000000000e+00   2.33369683751363e-01 
 -9.06643966136480e-03  -1.04470349402427e-02   0.00000000000000e+00   2.34460196292257e-01 
 -8.98380047369128e-03  -1.04045862896379e-02   0.00000000000000e+00   2.35550708833152e-01 
 -8.90082967803243e-03  -1.03632570526965e-02   0.00000000000000e+00   2.36641221374046e-01 
 -8.81755667777120e-03  -1.03229866906730e-02   0.00000000000000e+00   2.37731733914940e-01 
 -8.73401087629055e-03  -1.02837146648221e-02   0.00000000000000e+00   2.38822246455834e-01 
 -8.65022167697340e-03  -1.02453804363984e-02   0.00000000000000e+00   2.39912758996728e-01 
 -8.56621848320271e-03  -1.02079234666566e-02   0.00000000000000e+00   2.41003271537623e-01 
 -8.48203069836142e-03  -1.01712832168511e-02   0.00000000000000e+00   2.42093784078517e-01 
 -8.39768771410791e-03  -1.01353991884087e-02   0.00000000000000e+00   2.43184296619411e-01 
 -8.31321440819534e-03  -1.01002263488090e-02   0.00000000000000e+00   2.44274809160305e-01 
 -8.22862434036488e-03  -1.00657584445850e-02   0.00000000000000e+00   2.45365321701200e-01 
 -8.14392932497294e-03  -1.00319952025049e-02   0.00000000000000e+00   2.46455834242094e-01 
 -8.05914117637591e-03  -9.99893634933663e-03   0.00000000000000e+00   2.47546346782988e-01 
 -7.97427170893022e-03  -9.96658161184821e-03   0.00000000000000e+00   2.48636859323882e-01 
 -7.88933273699228e-03  -9.93493071680764e-03   0.00000000000000e+00   2.49727371864776e-01 
 -7.80433607491847e-03  -9.90398339098294e-03   0.00000000000000e+00   2.50817884405671e-01 
 -7.71929353706522e-03  -9.87373936114209e-03   0.00000000000000e+00   2.51908396946565e-01 
 -7.63421693778893e-03  -9.84419835405313e-03   0.00000000000000e+00   2.52998909487459e-01 
 -7.54911809144602e-03  -9.81536009648404e-03   0.00000000000000e+00   2.54089422028353e-01 
 -7.46400881239288e-03  -9.78722431520284e-03   0.00000000000000e+00   2.55179934569248e-01 
 -7.37890091498592e-03  -9.75979073697753e-03   0.00000000000000e+00   2.56270447110142e-01 
 -7.29380621358156e-03  -9.73305908857612e-03   0.00000000000000e+00   2.57360959651036e-01 
 -7.20873652253620e-03  -9.70702909676662e-03   0.00000000000000e+00   2.58451472191930e-01 
 -7.12370365620625e-03  -9.68170048831703e-03   0.00000000000000e+00   2.59541984732824e-01 
 -7.03871942894811e-03  -9.65707298999535e-03   0.00000000000000e+00   2.60632497273719e-01 
 -6.95379565511820e-03  -9.63314632856960e-03   0.00000000000000e+00   2.61723009814613e-01 
 -6.86894414907293e-03  -9.60992023080778e-03   0.00000000000000e+00   2.62813522355507e-01 
 -6.78417672516869e-03  -9.58739442347789e-03   0.00000000000000e+00   2.63904034896401e-01 
 -6.69950519776190e-03  -9.56556863334795e-03   0.00000000000000e+00   2.64994547437296e-01 
 -6.61494138120896e-03  -9.54444258718596e-03   0.00000000000000e+00   2.66085059978190e-01 
 -6.53049708986629e-03  -9.52401601175992e-03   0.00000000000000e+00   2.67175572519084e-01 
 -6.44618415654071e-03  -9.50428830953940e-03   0.00000000000000e+00   2.68266085059978e-01 
 -6.36201635052829e-03  -9.48522484579829e-03   0.00000000000000e+00   2.69356597600872e-01 
 -6.27801105252981e-03  -9.46672750903840e-03   0.00000000000000e+00   2.70447110141767e-01 
 -6.19418603803715e-03  -9.44869124861468e-03   0.00000000000000e+00   2.71537622682661e-01 
 -6.11055908254223e-03  -9.43101101388207e-03   0.00000000000000e+00   2.72628135223555e-01 
 -6.02714796153692e-03  -9.41358175419551e-03   0.00000000000000e+00   2.73718647764449e-01 
 -5.94397045051314e-03  -9.39629841890994e-03   0.00000000000000e+00   2.74809160305344e-01 
 -5.86104432496279e-03  -9.37905595738031e-03   0.00000000000000e+00   2.75899672846238e-01 
 -5.77838736037776e-03  -9.36174931896156e-03   0.00000000000000e+00   2.76990185387132e-01 
 -5.69601733224994e-03  -9.34427345300863e-03   0.00000000000000e+00   2.78080697928026e-01 
 -5.61395201607125e-03  -9.32652330887646e-03   0.00000000000000e+00   2.79171210468920e-01 
 -5.53220918733358e-03  -9.30839383592000e-03   0.00000000000000e+00   2.80261723009815e-01 
 -5.45080662152882e-03  -9.28977998349420e-03   0.00000000000000e+00   2.81352235550709e-01 
 -5.36976209414888e-03  -9.27057670095399e-03   0.00000000000000e+00   2.82442748091603e-01 
 -5.28909338068566e-03  -9.25067893765432e-03   0.00000000000000e+00   2.83533260632497e-01 
 -5.20881825663105e-03  -9.22998164295012e-03   0.00000000000000e+00   2.84623773173391e-01 
 -5.12895449747696e-03  -9.20837976619635e-03   0.00000000000000e+00   2.85714285714286e-01 
 -5.04951987871528e-03  -9.18576825674794e-03   0.00000000000000e+00   2.86804798255180e-01 
 -4.97053217583791e-03  -9.16204206395985e-03   0.00000000000000e+00   2.87895310796074e-01 
 -4.89200897329527e-03  -9.13709768307014e-03   0.00000000000000e+00   2.88985823336968e-01 
 -4.81396078991599e-03  -9.11088878342376e-03   0.00000000000000e+00   2.90076335877863e-01 
 -4.73638916964827e-03  -9.08344165794839e-03   0.00000000000000e+00   2.91166848418757e-01 
 -4.65929507668580e-03  -9.05478729087132e-03   0.00000000000000e+00   2.92257360959651e-01 
 -4.58267947522225e-03  -9.02495666641977e-03   0.00000000000000e+00   2.93347873500545e-01 
 -4.50654332945128e-03  -8.99398076882102e-03   0.00000000000000e+00   2.94438386041440e-01 
 -4.43088760356657e-03  -8.96189058230231e-03   0.00000000000000e+00   2.95528898582334e-01 
 -4.35571326176180e-03  -8.92871709109091e-03   0.00000000000000e+00   2.96619411123228e-01 
 -4.28102126823063e-03  -8.89449127941407e-03   0.00000000000000e+00   2.97709923664122e-01 
 -4.20681258716674e-03  -8.85924413149904e-03   0.00000000000000e+00   2.98800436205016e-01 
 -4.13308818276380e-03  -8.82300663157308e-03   0.00000000000000e+00   2.99890948745911e-01 
 -4.05984901921549e-03  -8.78580976386345e-03   0.00000000000000e+00   3.00981461286805e-01 
 -3.98709606071548e-03  -8.74768451259740e-03   0.00000000000000e+00   3.02071973827699e-01 
 -3.91483027145743e-03  -8.70866186200219e-03   0.00000000000000e+00   3.03162486368593e-01 
 -3.84305261563502e-03  -8.66877279630508e-03   0.00000000000000e+00   3.04252998909487e-01 
 -3.77176405744194e-03  -8.62804829973332e-03   0.00000000000000e+00   3.05343511450382e-01 
 -3.70096556107184e-03  -8.58651935651416e-03   0.00000000000000e+00   3.06434023991276e-01 
 -3.63065809071839e-03  -8.54421695087486e-03   0.00000000000000e+00   3.07524536532170e-01 
 -3.56084261057528e-03  -8.50117206704269e-03   0.00000000000000e+00   3.08615049073064e-01 
 -3.49152008483618e-03  -8.45741568924488e-03   0.00000000000000e+00   3.09705561613959e-01 
 -3.42269147769476e-03  -8.41297880170871e-03   0.00000000000000e+00   3.10796074154853e-01 
 -3.35435775334469e-03  -8.36789238866142e-03   0.00000000000000e+00   3.11886586695747e-01 
 -3.28651987597964e-03  -8.32218743433028e-03   0.00000000000000e+00   3.12977099236641e-01 
 -3.21917880979329e-03  -8.27589492294253e-03   0.00000000000000e+00   3.14067611777535e-01 
 -3.15233551897930e-03  -8.22904583872544e-03   0.00000000000000e+00   3.15158124318430e-01 
 -3.08599096773136e-03  -8.18167116590625e-03   0.00000000000000e+00   3.16248636859324e-01 
 -3.02014612024314e-03  -8.13380188871224e-03   0.00000000000000e+00   3.17339149400218e-01 
 -2.95480194070830e-03  -8.08546899137064e-03   0.00000000000000e+00   3.18429661941112e-01 
 -2.88995939332052e-03  -8.03670345810872e-03   0.00000000000000e+00   3.19520174482007e-01 
 -2.82561944227347e-03  -7.98753627315373e-03   0.00000000000000e+00   3.20610687022901e-01 
 -2.76178305176083e-03  -7.93799842073293e-03   0.00000000000000e+00   3.21701199563795e-01 
 -2.69845118597627e-03  -7.88812088507358e-03   0.00000000000000e+00   3.22791712104689e-01 
 -2.63562480911346e-03  -7.83793465040293e-03   0.00000000000000e+00   3.23882224645583e-01 
 -2.57330488536606e-03  -7.78747070094824e-03   0.00000000000000e+00   3.24972737186478e-01 
 -2.51149237892777e-03  -7.73676002093676e-03   0.00000000000000e+00   3.26063249727372e-01 
 -2.45018825399225e-03  -7.68583359459574e-03   0.00000000000000e+00   3.27153762268266e-01 
 -2.38939347475317e-03  -7.63472240615245e-03   0.00000000000000e+00   3.28244274809160e-01 
 -2.32910900540420e-03  -7.58345743983414e-03   0.00000000000000e+00   3.29334787350055e-01 
 -2.26933581013902e-03  -7.53206967986808e-03   0.00000000000000e+00   3.30425299890949e-01 
 -2.21007485315130e-03  -7.48059011048150e-03   0.00000000000000e+00   3.31515812431843e-01 
 -2.15132639118903e-03  -7.42905122666741e-03   0.00000000000000e+00   3.32606324972737e-01 
 -2.09307346721556e-03  -7.37752228383316e-03   0.00000000000000e+00   3.33696837513631e-01 
 -2.03528136990324e-03  -7.32611045206357e-03   0.00000000000000e+00   3.34787350054526e-01 
 -1.97791457234507e-03  -7.27492464313103e-03   0.00000000000000e+00   3.35877862595420e-01 
 -1.92093754763405e-03  -7.22407376880790e-03   0.00000000000000e+00   3.36968375136314e-01 
 -1.86431476886319e-03  -7.17366674086657e-03   0.00000000000000e+00   3.38058887677208e-01 
 -1.80801070912550e-03  -7.12381247107943e-03   0.00000000000000e+00   3.39149400218103e-01 
 -1.75198984151398e-03  -7.07461987121885e-03   0.00000000000000e+00   3.40239912758997e-01 
 -1.69621663912164e-03  -7.02619785305721e-03   0.00000000000000e+00   3.41330425299891e-01 
 -1.64065557504147e-03  -6.97865532836688e-03   0.00000000000000e+00   3.42420937840785e-01 
 -1.58527112236650e-03  -6.93210120892027e-03   0.00000000000000e+00   3.43511450381679e-01 
 -1.53002775418971e-03  -6.88664440648973e-03   0.00000000000000e+00   3.44601962922574e-01 
 -1.47488994360412e-03  -6.84239383284766e-03   0.00000000000000e+00   3.45692475463468e-01 
 -1.41982216370273e-03  -6.79945839976643e-03   0.00000000000000e+00   3.46782988004362e-01 
 -1.36478888757855e-03  -6.75794701901842e-03   0.00000000000000e+00   3.47873500545256e-01 
 -1.30975458832458e-03  -6.71796860237601e-03   0.00000000000000e+00   3.48964013086150e-01 
 -1.25471620591957e-03  -6.67956838197724e-03   0.00000000000000e+00   3.50054525627045e-01 
 -1.19989916722260e-03  -6.64234344223488e-03   0.00000000000000e+00   3.51145038167939e-01 
 -1.14562698772365e-03  -6.60569847928653e-03   0.00000000000000e+00   3.52235550708833e-01 
 -1.09222356021106e-03  -6.56903744924737e-03   0.00000000000000e+00   3.53326063249727e-01 
 -1.04001277747321e-03  -6.53176430823256e-03   0.00000000000000e+00   3.54416575790622e-01 
 -9.89318532298447e-04  -6.49328301235729e-03   0.00000000000000e+00   3.55507088331516e-01 
 -9.40464717475137e-04  -6.45299751773673e-03   0.00000000000000e+00   3.56597600872410e-01 
 -8.93775225791639e-04  -6.41031178048606e-03   0.00000000000000e+00   3.57688113413304e-01 
 -8.49573950036309e-04  -6.36462975672045e-03   0.00000000000000e+00   3.58778625954199e-01 
 -8.08184782997512e-04  -6.31535540255508e-03   0.00000000000000e+00   3.59869138495093e-01 
 -7.69931815615399e-04  -6.26189282496123e-03   0.00000000000000e+00   3.60959651035987e-01 
 -7.35554379465943e-04  -6.20396226018565e-03   0.00000000000000e+00   3.62050163576881e-01 
 -7.07082272277556e-04  -6.14226639680427e-03   0.00000000000000e+00   3.63140676117775e-01 
 -6.86795246868624e-04  -6.07769821816351e-03   0.00000000000000e+00   3.64231188658670e-01 
 -6.76973056057533e-04  -6.01115070760979e-03   0.00000000000000e+00   3.65321701199564e-01 
 -6.79895452662667e-04  -5.94351684848954e-03   0.00000000000000e+00   3.66412213740458e-01 
 -6.97842030573769e-04  -5.87568961079344e-03   0.00000000000000e+00   3.67502726281352e-01 
 -7.32215622099575e-04  -5.80848828497040e-03   0.00000000000000e+00   3.68593238822246e-01 
 -7.81487547894810e-04  -5.74248580893727e-03   0.00000000000000e+00   3.69683751363141e-01 
 -8.43517158892490e-04  -5.67820369311949e-03   0.00000000000000e+00   3.70774263904035e-01 
 -9.16163806025631e-04  -5.61616344794250e-03   0.00000000000000e+00   3.71864776444929e-01 
 -9.97286840227242e-04  -5.55688658383172e-03   0.00000000000000e+00   3.72955288985823e-01 
 -1.08474561243034e-03  -5.50089461121259e-03   0.00000000000000e+00   3.74045801526718e-01 
 -1.17639947356794e-03  -5.44870904051056e-03   0.00000000000000e+00   3.75136314067612e-01 
 -1.27010777457306e-03  -5.40085138215104e-03   0.00000000000000e+00   3.76226826608506e-01 
 -1.36377102182634e-03  -5.35781758879576e-03   0.00000000000000e+00   3.77317339149400e-01 
 -1.45636611911822e-03  -5.31943516427986e-03   0.00000000000000e+00   3.78407851690294e-01 
 -1.54802384834253e-03  -5.28481504766683e-03   0.00000000000000e+00   3.79498364231189e-01 
 -1.63893120417831e-03  -5.25303472779578e-03   0.00000000000000e+00   3.80588876772083e-01 
 -1.72920969837281e-03  -5.22341892245247e-03   0.00000000000000e+00   3.81679389312977e-01 
 -1.81884817596669e-03  -5.19579322880003e-03   0.00000000000000e+00   3.82769901853871e-01 
 -1.90781944435362e-03  -5.17004379368170e-03   0.00000000000000e+00   3.83860414394766e-01 
 -1.99609631092726e-03  -5.14605676394072e-03   0.00000000000000e+00   3.84950926935660e-01 
 -2.08365158308127e-03  -5.12371828642034e-03   0.00000000000000e+00   3.86041439476554e-01 
 -2.17045806820932e-03  -5.10291450796379e-03   0.00000000000000e+00   3.87131952017448e-01 
 -2.25648857370508e-03  -5.08353157541434e-03   0.00000000000000e+00   3.88222464558342e-01 
 -2.34171590696220e-03  -5.06545563561520e-03   0.00000000000000e+00   3.89312977099237e-01 
 -2.42611287537435e-03  -5.04857283540964e-03   0.00000000000000e+00   3.90403489640131e-01 
 -2.50965228633520e-03  -5.03276932164089e-03   0.00000000000000e+00   3.91494002181025e-01 
 -2.59230694723841e-03  -5.01793124115219e-03   0.00000000000000e+00   3.92584514721919e-01 
 -2.67404966547764e-03  -5.00394474078680e-03   0.00000000000000e+00   3.93675027262814e-01 
 -2.75485324844656e-03  -4.99069596738794e-03   0.00000000000000e+00   3.94765539803708e-01 
 -2.83469147203500e-03  -4.97807187116656e-03   0.00000000000000e+00   3.95856052344602e-01 
 -2.91357286828702e-03  -4.96598823256769e-03   0.00000000000000e+00   3.96946564885496e-01 
 -2.99154951231993e-03  -4.95439695102086e-03   0.00000000000000e+00   3.98037077426390e-01 
 -3.06867623316551e-03  -4.94325221032798e-03   0.00000000000000e+00   3.99127589967285e-01 
 -3.14500785985555e-03  -4.93250819429096e-03   0.00000000000000e+00   4.00218102508179e-01 
 -3.22059922142181e-03  -4.92211908671172e-03   0.00000000000000e+00   4.01308615049073e-01 
 -3.29550514689609e-03  -4.91203907139216e-03   0.00000000000000e+00   4.02399127589967e-01 
 -3.36978046531014e-03  -4.90222233213418e-03   0.00000000000000e+00   4.03489640130862e-01 
 -3.44348000569576e-03  -4.89262305273971e-03   0.00000000000000e+00   4.04580152671756e-01 
 -3.51665859708472e-03  -4.88319541701064e-03   0.00000000000000e+00   4.05670665212650e-01 
 -3.58937106850880e-03  -4.87389360874890e-03   0.00000000000000e+00   4.06761177753544e-01 
 -3.66167224899978e-03  -4.86467181175639e-03   0.00000000000000e+00   4.07851690294438e-01 
 -3.73361696758943e-03  -4.85548420983502e-03   0.00000000000000e+00   4.08942202835333e-01 
 -3.80526005330953e-03  -4.84628498678669e-03   0.00000000000000e+00   4.10032715376227e-01 
 -3.87665633519186e-03  -4.83702832641332e-03   0.00000000000000e+00   4.11123227917121e-01 
 -3.94786064226820e-03  -4.82766841251682e-03   0.00000000000000e+00   4.12213740458015e-01 
 -4.01892780357033e-03  -4.81815942889910e-03   0.00000000000000e+00   4.13304252998909e-01 
 -4.08991264813002e-03  -4.80845555936207e-03   0.00000000000000e+00   4.14394765539804e-01 
 -4.16087000497906e-03  -4.79851098770764e-03   0.00000000000000e+00   4.15485278080698e-01 
 -4.23185470314922e-03  -4.78827989773771e-03   0.00000000000000e+00   4.16575790621592e-01 
 -4.30292157167227e-03  -4.77771647325420e-03   0.00000000000000e+00   4.17666303162486e-01 
 -4.37412543958001e-03  -4.76677489805901e-03   0.00000000000000e+00   4.18756815703381e-01 
 -4.44552113590419e-03  -4.75540935595407e-03   0.00000000000000e+00   4.19847328244275e-01 
 -4.51716348967661e-03  -4.74357403074126e-03   0.00000000000000e+00   4.20937840785169e-01 
 -4.58910732992904e-03  -4.73122310622252e-03   0.00000000000000e+00   4.22028353326063e-01 
 -4.66140714277053e-03  -4.71831066942122e-03   0.00000000000000e+00   4.23118865866958e-01 
 -4.73408815451476e-03  -4.70478254975761e-03   0.00000000000000e+00   4.24209378407852e-01 
 -4.80712438245244e-03  -4.69057012461003e-03   0.00000000000000e+00   4.25299890948746e-01 
 -4.88048467523500e-03  -4.67560331268048e-03   0.00000000000000e+00   4.26390403489640e-01 
 -4.95413788151391e-03  -4.65981203267095e-03   0.00000000000000e+00   4.27480916030534e-01 
 -5.02805284994060e-03  -4.64312620328342e-03   0.00000000000000e+00   4.28571428571429e-01 
 -5.10219842916654e-03  -4.62547574321987e-03   0.00000000000000e+00   4.29661941112323e-01 
 -5.17654346784316e-03  -4.60679057118232e-03   0.00000000000000e+00   4.30752453653217e-01 
 -5.25105681462193e-03  -4.58700060587273e-03   0.00000000000000e+00   4.31842966194111e-01 
 -5.32570731815429e-03  -4.56603576599310e-03   0.00000000000000e+00   4.32933478735005e-01 
 -5.40046382709169e-03  -4.54382597024542e-03   0.00000000000000e+00   4.34023991275900e-01 
 -5.47529519008558e-03  -4.52030113733168e-03   0.00000000000000e+00   4.35114503816794e-01 
 -5.55017030910045e-03  -4.49539136008554e-03   0.00000000000000e+00   4.36205016357688e-01 
 -5.62506430267071e-03  -4.46904703597546e-03   0.00000000000000e+00   4.37295528898582e-01 
 -5.69996423881937e-03  -4.44125759203210e-03   0.00000000000000e+00   4.38386041439477e-01 
 -5.77485854133850e-03  -4.41201688351508e-03   0.00000000000000e+00   4.39476553980371e-01 
 -5.84973563402016e-03  -4.38131876568405e-03   0.00000000000000e+00   4.40567066521265e-01 
 -5.92458394065640e-03  -4.34915709379866e-03   0.00000000000000e+00   4.41657579062159e-01 
 -5.99939188503928e-03  -4.31552572311852e-03   0.00000000000000e+00   4.42748091603053e-01 
 -6.07414789096086e-03  -4.28041850890330e-03   0.00000000000000e+00   4.43838604143948e-01 
 -6.14884038221320e-03  -4.24382930641261e-03   0.00000000000000e+00   4.44929116684842e-01 
 -6.22345778258834e-03  -4.20575197090610e-03   0.00000000000000e+00   4.46019629225736e-01 
 -6.29798851587837e-03  -4.16618035764342e-03   0.00000000000000e+00   4.47110141766630e-01 
 -6.37242100587532e-03  -4.12510832188419e-03   0.00000000000000e+00   4.48200654307525e-01 
 -6.44674367637126e-03  -4.08252971888806e-03   0.00000000000000e+00   4.49291166848419e-01 
 -6.52094495115825e-03  -4.03843840391466e-03   0.00000000000000e+00   4.50381679389313e-01 
 -6.59501325402834e-03  -3.99282823222364e-03   0.00000000000000e+00   4.51472191930207e-01 
 -6.66893700877359e-03  -3.94569305907462e-03   0.00000000000000e+00   4.52562704471101e-01 
 -6.74270463918607e-03  -3.89702673972726e-03   0.00000000000000e+00   4.53653217011996e-01 
 -6.81630456905782e-03  -3.84682312944118e-03   0.00000000000000e+00   4.54743729552890e-01 
 -6.88972522218091e-03  -3.79507608347603e-03   0.00000000000000e+00   4.55834242093784e-01 
 -6.96295502234739e-03  -3.74177945709144e-03   0.00000000000000e+00   4.56924754634678e-01 
 -7.03598239334932e-03  -3.68692710554705e-03   0.00000000000000e+00   4.58015267175573e-01 
 -7.10879575897877e-03  -3.63051288410251e-03   0.00000000000000e+00   4.59105779716467e-01 
 -7.18138354302778e-03  -3.57253064801745e-03   0.00000000000000e+00   4.60196292257361e-01 
 -7.25373416928841e-03  -3.51297425255150e-03   0.00000000000000e+00   4.61286804798255e-01 
 -7.32583606155274e-03  -3.45183755296430e-03   0.00000000000000e+00   4.62377317339149e-01 
 -7.39767764361280e-03  -3.38911440451551e-03   0.00000000000000e+00   4.63467829880044e-01 
 -7.46924733926066e-03  -3.32479866246474e-03   0.00000000000000e+00   4.64558342420938e-01 
 -7.54053357228837e-03  -3.25888418207165e-03   0.00000000000000e+00   4.65648854961832e-01 
 -7.61152476648801e-03  -3.19136481859586e-03   0.00000000000000e+00   4.66739367502726e-01 
 -7.68220934565162e-03  -3.12223442729702e-03   0.00000000000000e+00   4.67829880043621e-01 
 -7.75257573357125e-03  -3.05148686343477e-03   0.00000000000000e+00   4.68920392584515e-01 
 -7.82261235403898e-03  -2.97911598226875e-03   0.00000000000000e+00   4.70010905125409e-01 
 -7.89230763084686e-03  -2.90511563905858e-03   0.00000000000000e+00   4.71101417666303e-01 
 -7.96164998778694e-03  -2.82947968906391e-03   0.00000000000000e+00   4.72191930207197e-01 
 -8.03062784865128e-03  -2.75220198754439e-03   0.00000000000000e+00   4.73282442748092e-01 
 -8.09922963723194e-03  -2.67327638975964e-03   0.00000000000000e+00   4.74372955288986e-01 
 -8.16742575777584e-03  -2.59268017904637e-03   0.00000000000000e+00   4.75463467829880e-01 
 -8.23505397383349e-03  -2.51026865389751e-03   0.00000000000000e+00   4.76553980370774e-01 
 -8.30189280770817e-03  -2.42584263077685e-03   0.00000000000000e+00   4.77644492911668e-01 
 -8.36772050670690e-03  -2.33920267324406e-03   0.00000000000000e+00   4.78735005452563e-01 
 -8.43231531813672e-03  -2.25014934485884e-03   0.00000000000000e+00   4.79825517993457e-01 
 -8.49545548930466e-03  -2.15848320918087e-03   0.00000000000000e+00   4.80916030534351e-01 
 -8.55691926751774e-03  -2.06400482976986e-03   0.00000000000000e+00   4.82006543075245e-01 
 -8.61648490008299e-03  -1.96651477018547e-03   0.00000000000000e+00   4.83097055616140e-01 
 -8.67393063430745e-03  -1.86581359398740e-03   0.00000000000000e+00   4.84187568157034e-01 
 -8.72903471749814e-03  -1.76170186473534e-03   0.00000000000000e+00   4.85278080697928e-01 
 -8.78157539696210e-03  -1.65398014598898e-03   0.00000000000000e+00   4.86368593238822e-01 
 -8.83133092000633e-03  -1.54244900130800e-03   0.00000000000000e+00   4.87459105779716e-01 
 -8.87807953393789e-03  -1.42690899425209e-03   0.00000000000000e+00   4.88549618320611e-01 
 -8.92159948606379e-03  -1.30716068838095e-03   0.00000000000000e+00   4.89640130861505e-01 
 -8.96166902369107e-03  -1.18300464725426e-03   0.00000000000000e+00   4.90730643402399e-01 
 -8.99806639412675e-03  -1.05424143443169e-03   0.00000000000000e+00   4.91821155943293e-01 
 -9.03057021901841e-03  -9.20675346556412e-04   0.00000000000000e+00   4.92911668484188e-01 
 -9.05899278484176e-03  -7.82446400277928e-04   0.00000000000000e+00   4.94002181025082e-01 
 -9.08320628573796e-03  -6.40292037005377e-04   0.00000000000000e+00   4.95092693565976e-01 
 -9.10308909175261e-03  -4.95011286897429e-04   0.00000000000000e+00   4.96183206106870e-01 
 -9.11851957293129e-03  -3.47403180112775e-04   0.00000000000000e+00   4.97273718647764e-01 
 -9.12937609931961e-03  -1.98266746810085e-04   0.00000000000000e+00   4.98364231188659e-01 
 -9.13553704096313e-03  -4.84010171480366e-05   0.00000000000000e+00   4.99454743729553e-01 
 -9.13688076790746e-03   1.01394978714694e-04   0.00000000000000e+00   5.00545256270447e-01 
 -9.13328565019818e-03   2.50322210619430e-04   0.00000000000000e+00   5.01635768811341e-01 
 -9.12463005788089e-03   3.97581648407510e-04   0.00000000000000e+00   5.02726281352236e-01 
 -9.11079236100116e-03   5.42374261920226e-04   0.00000000000000e+00   5.03816793893130e-01 
 -9.09165092960459e-03   6.83901020998916e-04   0.00000000000000e+00   5.04907306434024e-01 
 -9.06708413373677e-03   8.21362895484903e-04   0.00000000000000e+00   5.05997818974918e-01 
 -9.03697034344329e-03   9.53960855219512e-04   0.00000000000000e+00   5.07088331515812e-01 
 -9.00132218021359e-03   1.08110861269037e-03   0.00000000000000e+00   5.08178844056707e-01 
 -8.96081940146861e-03   1.20327706278434e-03   0.00000000000000e+00   5.09269356597601e-01 
 -8.91634859937098e-03   1.32126486274990e-03   0.00000000000000e+00   5.10359869138495e-01 
 -8.86879305065001e-03   1.43586744738348e-03   0.00000000000000e+00   5.11450381679389e-01 
 -8.81877472555497e-03   1.54762328701787e-03   0.00000000000000e+00   5.12540894220284e-01 
 -8.76647270998820e-03   1.65663532685624e-03   0.00000000000000e+00   5.13631406761178e-01 
 -8.71202319579219e-03   1.76296433079388e-03   0.00000000000000e+00   5.14721919302072e-01 
 -8.65556237480949e-03   1.86667106272612e-03   0.00000000000000e+00   5.15812431842966e-01 
 -8.59722643888260e-03   1.96781628654827e-03   0.00000000000000e+00   5.16902944383860e-01 
 -8.53715157985403e-03   2.06646076615563e-03   0.00000000000000e+00   5.17993456924755e-01 
 -8.47547398956630e-03   2.16266526544353e-03   0.00000000000000e+00   5.19083969465649e-01 
 -8.41232985986193e-03   2.25649054830729e-03   0.00000000000000e+00   5.20174482006543e-01 
 -8.34785538258344e-03   2.34799737864220e-03   0.00000000000000e+00   5.21264994547437e-01 
 -8.28218674957334e-03   2.43724652034358e-03   0.00000000000000e+00   5.22355507088332e-01 
 -8.21546015267415e-03   2.52429873730676e-03   0.00000000000000e+00   5.23446019629226e-01 
 -8.14781178372839e-03   2.60921479342703e-03   0.00000000000000e+00   5.24536532170120e-01 
 -8.07937783457857e-03   2.69205545259972e-03   0.00000000000000e+00   5.25627044711014e-01 
 -8.01029449706721e-03   2.77288147872014e-03   0.00000000000000e+00   5.26717557251908e-01 
 -7.94069796303683e-03   2.85175363568361e-03   0.00000000000000e+00   5.27808069792803e-01 
 -7.87072442432993e-03   2.92873268738544e-03   0.00000000000000e+00   5.28898582333697e-01 
 -7.80049146255187e-03   3.00387100805161e-03   0.00000000000000e+00   5.29989094874591e-01 
 -7.73002780699050e-03   3.07718091645077e-03   0.00000000000000e+00   5.31079607415485e-01 
 -7.65933569965808e-03   3.14866279063951e-03   0.00000000000000e+00   5.32170119956380e-01 
 -7.58841737801145e-03   3.21831700662078e-03   0.00000000000000e+00   5.33260632497274e-01 
 -7.51727507950743e-03   3.28614394039754e-03   0.00000000000000e+00   5.34351145038168e-01 
 -7.44591104160287e-03   3.35214396797274e-03   0.00000000000000e+00   5.35441657579062e-01 
 -7.37432750175459e-03   3.41631746534934e-03   0.00000000000000e+00   5.36532170119956e-01 
 -7.30252669741943e-03   3.47866480853030e-03   0.00000000000000e+00   5.37622682660851e-01 
 -7.23051086605422e-03   3.53918637351855e-03   0.00000000000000e+00   5.38713195201745e-01 
 -7.15828305810814e-03   3.59788551363129e-03   0.00000000000000e+00   5.39803707742639e-01 
 -7.08585159639003e-03   3.65478489045099e-03   0.00000000000000e+00   5.40894220283533e-01 
 -7.01322690663201e-03   3.70991486681764e-03   0.00000000000000e+00   5.41984732824427e-01 
 -6.94041942003099e-03   3.76330582558433e-03   0.00000000000000e+00   5.43075245365322e-01 
 -6.86743956778393e-03   3.81498814960419e-03   0.00000000000000e+00   5.44165757906216e-01 
 -6.79429778108774e-03   3.86499222173031e-03   0.00000000000000e+00   5.45256270447110e-01 
 -6.72100449113935e-03   3.91334842481580e-03   0.00000000000000e+00   5.46346782988004e-01 
 -6.64757012913571e-03   3.96008714171377e-03   0.00000000000000e+00   5.47437295528899e-01 
 -6.57400512627375e-03   4.00523875527732e-03   0.00000000000000e+00   5.48527808069793e-01 
 -6.50031991375039e-03   4.04883364835956e-03   0.00000000000000e+00   5.49618320610687e-01 
 -6.42652492276256e-03   4.09090220381359e-03   0.00000000000000e+00   5.50708833151581e-01 
 -6.35263058450721e-03   4.13147480449253e-03   0.00000000000000e+00   5.51799345692475e-01 
 -6.27864733018125e-03   4.17058183324948e-03   0.00000000000000e+00   5.52889858233370e-01 
 -6.20458559098162e-03   4.20825367293754e-03   0.00000000000000e+00   5.53980370774264e-01 
 -6.13045579810525e-03   4.24452070640982e-03   0.00000000000000e+00   5.55070883315158e-01 
 -6.05626838274908e-03   4.27941331651943e-03   0.00000000000000e+00   5.56161395856052e-01 
 -5.98203377611004e-03   4.31296188611947e-03   0.00000000000000e+00   5.57251908396947e-01 
 -5.90776240938506e-03   4.34519679806305e-03   0.00000000000000e+00   5.58342420937841e-01 
 -5.83346471377107e-03   4.37614843520328e-03   0.00000000000000e+00   5.59432933478735e-01 
 -5.75915112046499e-03   4.40584718039326e-03   0.00000000000000e+00   5.60523446019629e-01 
 -5.68483206066377e-03   4.43432341648610e-03   0.00000000000000e+00   5.61613958560523e-01 
 -5.61051796556433e-03   4.46160752633490e-03   0.00000000000000e+00   5.62704471101418e-01 
 -5.53621926636361e-03   4.48772989279278e-03   0.00000000000000e+00   5.63794983642312e-01 
 -5.46194639425854e-03   4.51272089871283e-03   0.00000000000000e+00   5.64885496183206e-01 
 -5.38770978044605e-03   4.53661092694816e-03   0.00000000000000e+00   5.65976008724100e-01 
 -5.31351985612308e-03   4.55943036035189e-03   0.00000000000000e+00   5.67066521264995e-01 
 -5.23938705248655e-03   4.58120958177711e-03   0.00000000000000e+00   5.68157033805889e-01 
 -5.16532180073339e-03   4.60197897407693e-03   0.00000000000000e+00   5.69247546346783e-01 
 -5.09133453206053e-03   4.62176892010447e-03   0.00000000000000e+00   5.70338058887677e-01 
 -5.01743567766491e-03   4.64060980271282e-03   0.00000000000000e+00   5.71428571428572e-01 
 -4.94363566874347e-03   4.65853200475509e-03   0.00000000000000e+00   5.72519083969466e-01 
 -4.86994493649313e-03   4.67556590908438e-03   0.00000000000000e+00   5.73609596510360e-01 
 -4.79637391211083e-03   4.69174189855381e-03   0.00000000000000e+00   5.74700109051254e-01 
 -4.72293302679349e-03   4.70709035601648e-03   0.00000000000000e+00   5.75790621592148e-01 
 -4.64963271173804e-03   4.72164166432550e-03   0.00000000000000e+00   5.76881134133043e-01 
 -4.57648339814143e-03   4.73542620633397e-03   0.00000000000000e+00   5.77971646673937e-01 
 -4.50349551720057e-03   4.74847436489500e-03   0.00000000000000e+00   5.79062159214831e-01 
 -4.43067950011240e-03   4.76081652286169e-03   0.00000000000000e+00   5.80152671755725e-01 
 -4.35804577807387e-03   4.77248306308716e-03   0.00000000000000e+00   5.81243184296619e-01 
 -4.28560478228189e-03   4.78350436842450e-03   0.00000000000000e+00   5.82333696837514e-01 
 -4.21336694393339e-03   4.79391082172682e-03   0.00000000000000e+00   5.83424209378408e-01 
 -4.14134269422532e-03   4.80373280584724e-03   0.00000000000000e+00   5.84514721919302e-01 
 -4.06954246435459e-03   4.81300070363885e-03   0.00000000000000e+00   5.85605234460196e-01 
 -3.99797668551815e-03   4.82174489795477e-03   0.00000000000000e+00   5.86695747001091e-01 
 -3.92663893521174e-03   4.83000548437479e-03   0.00000000000000e+00   5.87786259541985e-01 
 -3.85534524287426e-03   4.83792487877807e-03   0.00000000000000e+00   5.88876772082879e-01 
 -3.78380525287395e-03   4.84570680637307e-03   0.00000000000000e+00   5.89967284623773e-01 
 -3.71172716959189e-03   4.85355582222759e-03   0.00000000000000e+00   5.91057797164667e-01 
 -3.63881919740915e-03   4.86167648140944e-03   0.00000000000000e+00   5.92148309705562e-01 
 -3.56478969870352e-03   4.87027325127327e-03   0.00000000000000e+00   5.93238822246456e-01 
 -3.48945323781312e-03   4.87949164029789e-03   0.00000000000000e+00   5.94329334787350e-01 
 -3.41291476357414e-03   4.88931594766318e-03   0.00000000000000e+00   5.95419847328244e-01 
 -3.33532840501303e-03   4.89970316976925e-03   0.00000000000000e+00   5.96510359869138e-01 
 -3.25684829115621e-03   4.91061030301625e-03   0.00000000000000e+00   5.97600872410033e-01 
 -3.17762855103017e-03   4.92199434380428e-03   0.00000000000000e+00   5.98691384950927e-01 
 -3.09782331366132e-03   4.93381228853348e-03   0.00000000000000e+00   5.99781897491821e-01 
 -3.01758670807612e-03   4.94602113360397e-03   0.00000000000000e+00   6.00872410032715e-01 
 -2.93707286330101e-03   4.95857787541589e-03   0.00000000000000e+00   6.01962922573610e-01 
 -2.85643590836243e-03   4.97143951036935e-03   0.00000000000000e+00   6.03053435114504e-01 
 -2.77582997228684e-03   4.98456303486448e-03   0.00000000000000e+00   6.04143947655398e-01 
 -2.69540918410068e-03   4.99790544530141e-03   0.00000000000000e+00   6.05234460196292e-01 
 -2.61532663939071e-03   5.01142439977013e-03   0.00000000000000e+00   6.06324972737187e-01 
 -2.53558225735071e-03   5.02517563200934e-03   0.00000000000000e+00   6.07415485278081e-01 
 -2.45586198907284e-03   5.03941590298287e-03   0.00000000000000e+00   6.08505997818975e-01 
 -2.37581330155577e-03   5.05442661421670e-03   0.00000000000000e+00   6.09596510359869e-01 
 -2.29508366179815e-03   5.07048916723685e-03   0.00000000000000e+00   6.10687022900763e-01 
 -2.21332053679864e-03   5.08788496356933e-03   0.00000000000000e+00   6.11777535441658e-01 
 -2.13017139355589e-03   5.10689540474011e-03   0.00000000000000e+00   6.12868047982552e-01 
 -2.04528369906857e-03   5.12780189227522e-03   0.00000000000000e+00   6.13958560523446e-01 
 -1.95830492033533e-03   5.15088582770065e-03   0.00000000000000e+00   6.15049073064340e-01 
 -1.86888252435484e-03   5.17642861254240e-03   0.00000000000000e+00   6.16139585605235e-01 
 -1.77666397812575e-03   5.20471164832648e-03   0.00000000000000e+00   6.17230098146129e-01 
 -1.68129674864672e-03   5.23601633657889e-03   0.00000000000000e+00   6.18320610687023e-01 
 -1.58248119978800e-03   5.27061517032962e-03   0.00000000000000e+00   6.19411123227917e-01 
 -1.48101216943931e-03   5.30859631946963e-03   0.00000000000000e+00   6.20501635768811e-01 
 -1.37871512253177e-03   5.34987438338193e-03   0.00000000000000e+00   6.21592148309706e-01 
 -1.27745563700883e-03   5.39435720591562e-03   0.00000000000000e+00   6.22682660850600e-01 
 -1.17909929081396e-03   5.44195263091979e-03   0.00000000000000e+00   6.23773173391494e-01 
 -1.08551166189065e-03   5.49256850224355e-03   0.00000000000000e+00   6.24863685932388e-01 
 -9.98558328182352e-04   5.54611266373598e-03   0.00000000000000e+00   6.25954198473282e-01 
 -9.20104867632543e-04   5.60249295924620e-03   0.00000000000000e+00   6.27044711014177e-01 
 -8.52016858184688e-04   5.66161723262331e-03   0.00000000000000e+00   6.28135223555071e-01 
 -7.96148794024229e-04   5.72339082982877e-03   0.00000000000000e+00   6.29225736095965e-01 
 -7.53424825734546e-04   5.78750943023274e-03   0.00000000000000e+00   6.30316248636859e-01 
 -7.23149414318978e-04   5.85330369237596e-03   0.00000000000000e+00   6.31406761177754e-01 
 -7.04464638022220e-04   5.92006767946015e-03   0.00000000000000e+00   6.32497273718648e-01 
 -6.96512575088962e-04   5.98709545468705e-03   0.00000000000000e+00   6.33587786259542e-01 
 -6.98435303763892e-04   6.05368108125839e-03   0.00000000000000e+00   6.34678298800436e-01 
 -7.09374902291702e-04   6.11911862237593e-03   0.00000000000000e+00   6.35768811341330e-01 
 -7.28473448917083e-04   6.18270214124139e-03   0.00000000000000e+00   6.36859323882225e-01 
 -7.54873021884725e-04   6.24372570105651e-03   0.00000000000000e+00   6.37949836423119e-01 
 -7.87715699439320e-04   6.30148336502302e-03   0.00000000000000e+00   6.39040348964013e-01 
 -8.26143559825562e-04   6.35526919634268e-03   0.00000000000000e+00   6.40130861504907e-01 
 -8.69301933200208e-04   6.40439934319954e-03   0.00000000000000e+00   6.41221374045802e-01 
 -9.16438553780556e-04   6.44888541903534e-03   0.00000000000000e+00   6.42311886586696e-01 
 -9.66921750294152e-04   6.48955804087145e-03   0.00000000000000e+00   6.43402399127590e-01 
 -1.02012677198756e-03   6.52729482562859e-03   0.00000000000000e+00   6.44492911668484e-01 
 -1.07542886810733e-03   6.56297339022747e-03   0.00000000000000e+00   6.45583424209378e-01 
 -1.13220328790003e-03   6.59747135158883e-03   0.00000000000000e+00   6.46673936750273e-01 
 -1.18982528061221e-03   6.63166632663338e-03   0.00000000000000e+00   6.47764449291167e-01 
 -1.24767009549044e-03   6.66643593228185e-03   0.00000000000000e+00   6.48854961832061e-01 
 -1.30511298178128e-03   6.70265778545496e-03   0.00000000000000e+00   6.49945474372955e-01 
 -1.36161784359825e-03   6.74108388911251e-03   0.00000000000000e+00   6.51035986913850e-01 
 -1.41717030598859e-03   6.78172702641508e-03   0.00000000000000e+00   6.52126499454744e-01 
 -1.47194620696490e-03   6.82433047017583e-03   0.00000000000000e+00   6.53217011995638e-01 
 -1.52612166120380e-03   6.86863710120615e-03   0.00000000000000e+00   6.54307524536532e-01 
 -1.57987278338193e-03   6.91438980031744e-03   0.00000000000000e+00   6.55398037077426e-01 
 -1.63337568817591e-03   6.96133144832110e-03   0.00000000000000e+00   6.56488549618321e-01 
 -1.68680649026239e-03   7.00920492602853e-03   0.00000000000000e+00   6.57579062159215e-01 
 -1.74034130431798e-03   7.05775311425112e-03   0.00000000000000e+00   6.58669574700109e-01 
 -1.79415624501931e-03   7.10671889380027e-03   0.00000000000000e+00   6.59760087241003e-01 
 -1.84841302513752e-03   7.15586661626331e-03   0.00000000000000e+00   6.60850599781898e-01 
 -1.90316848893096e-03   7.20511697422976e-03   0.00000000000000e+00   6.61941112322792e-01 
 -1.95843308589137e-03   7.25445982694477e-03   0.00000000000000e+00   6.63031624863686e-01 
 -2.01421705937758e-03   7.30388534096241e-03   0.00000000000000e+00   6.64122137404580e-01 
 -2.07053065274839e-03   7.35338368283674e-03   0.00000000000000e+00   6.65212649945474e-01 
 -2.12738410936264e-03   7.40294501912181e-03   0.00000000000000e+00   6.66303162486369e-01 
 -2.18478767257914e-03   7.45255951637168e-03   0.00000000000000e+00   6.67393675027263e-01 
 -2.24275158575670e-03   7.50221734114040e-03   0.00000000000000e+00   6.68484187568157e-01 
 -2.30128609225415e-03   7.55190865998203e-03   0.00000000000000e+00   6.69574700109051e-01 
 -2.36040049594354e-03   7.60162220393884e-03   0.00000000000000e+00   6.70665212649945e-01 
 -2.42009275216919e-03   7.65132936379268e-03   0.00000000000000e+00   6.71755725190840e-01 
 -2.48035328665532e-03   7.70099002525822e-03   0.00000000000000e+00   6.72846237731734e-01 
 -2.54117238994820e-03   7.75056386750169e-03   0.00000000000000e+00   6.73936750272628e-01 
 -2.60254035259411e-03   7.80001056968936e-03   0.00000000000000e+00   6.75027262813522e-01 
 -2.66444746513933e-03   7.84928981098746e-03   0.00000000000000e+00   6.76117775354417e-01 
 -2.72688401813015e-03   7.89836127056224e-03   0.00000000000000e+00   6.77208287895311e-01 
 -2.78984030211284e-03   7.94718462757996e-03   0.00000000000000e+00   6.78298800436205e-01 
 -2.85330660763368e-03   7.99571956120685e-03   0.00000000000000e+00   6.79389312977099e-01 
 -2.91727322523896e-03   8.04392575060917e-03   0.00000000000000e+00   6.80479825517993e-01 
 -2.98173044547496e-03   8.09176287495318e-03   0.00000000000000e+00   6.81570338058888e-01 
 -3.04666855888795e-03   8.13919061340510e-03   0.00000000000000e+00   6.82660850599782e-01 
 -3.11207785602422e-03   8.18616864513120e-03   0.00000000000000e+00   6.83751363140676e-01 
 -3.17794862743005e-03   8.23265664929771e-03   0.00000000000000e+00   6.84841875681570e-01 
 -3.24427116365171e-03   8.27861430507090e-03   0.00000000000000e+00   6.85932388222465e-01 
 -3.31103575523550e-03   8.32400129161700e-03   0.00000000000000e+00   6.87022900763359e-01 
 -3.37823269272768e-03   8.36877728810226e-03   0.00000000000000e+00   6.88113413304253e-01 
 -3.44585226667454e-03   8.41290197369294e-03   0.00000000000000e+00   6.89203925845147e-01 
 -3.51388476762237e-03   8.45633502755527e-03   0.00000000000000e+00   6.90294438386041e-01 
 -3.58232048611744e-03   8.49903612885552e-03   0.00000000000000e+00   6.91384950926936e-01 
 -3.65114971270603e-03   8.54096495675992e-03   0.00000000000000e+00   6.92475463467830e-01 
 -3.72036273793442e-03   8.58208119043473e-03   0.00000000000000e+00   6.93565976008724e-01 
 -3.78994985234890e-03   8.62234450904619e-03   0.00000000000000e+00   6.94656488549618e-01 
 -3.85990134649574e-03   8.66171459176054e-03   0.00000000000000e+00   6.95747001090513e-01 
 -3.93020751092123e-03   8.70015111774405e-03   0.00000000000000e+00   6.96837513631407e-01 
 -4.00085863617164e-03   8.73761376616295e-03   0.00000000000000e+00   6.97928026172301e-01 
 -4.07184501279325e-03   8.77406221618350e-03   0.00000000000000e+00   6.99018538713195e-01 
 -4.14315694101517e-03   8.80945615804077e-03   0.00000000000000e+00   7.00109051254090e-01 
 -4.21479638798805e-03   8.84376861892440e-03   0.00000000000000e+00   7.01199563794984e-01 
 -4.28679962481343e-03   8.87701184033012e-03   0.00000000000000e+00   7.02290076335878e-01 
 -4.35920919558921e-03   8.90920523468273e-03   0.00000000000000e+00   7.03380588876772e-01 
 -4.43206764441323e-03   8.94036821440700e-03   0.00000000000000e+00   7.04471101417666e-01 
 -4.50541751538338e-03   8.97052019192772e-03   0.00000000000000e+00   7.05561613958561e-01 
 -4.57930135259751e-03   8.99968057966967e-03   0.00000000000000e+00   7.06652126499455e-01 
 -4.65376170015349e-03   9.02786879005763e-03   0.00000000000000e+00   7.07742639040349e-01 
 -4.72884110214920e-03   9.05510423551639e-03   0.00000000000000e+00   7.08833151581243e-01 
 -4.80457924178644e-03   9.08140803479574e-03   0.00000000000000e+00   7.09923664122137e-01 
 -4.88097998273153e-03   9.10682267050094e-03   0.00000000000000e+00   7.11014176663032e-01 
 -4.95802280173472e-03   9.13140517033231e-03   0.00000000000000e+00   7.12104689203926e-01 
 -5.03568670764500e-03   9.15521284106064e-03   0.00000000000000e+00   7.13195201744820e-01 
 -5.11395070931133e-03   9.17830298945676e-03   0.00000000000000e+00   7.14285714285714e-01 
 -5.19279381558269e-03   9.20073292229146e-03   0.00000000000000e+00   7.15376226826609e-01 
 -5.27219503530804e-03   9.22255994633558e-03   0.00000000000000e+00   7.16466739367503e-01 
 -5.35213337733637e-03   9.24384136835991e-03   0.00000000000000e+00   7.17557251908397e-01 
 -5.43258785051662e-03   9.26463449513526e-03   0.00000000000000e+00   7.18647764449291e-01 
 -5.51353746369778e-03   9.28499663343245e-03   0.00000000000000e+00   7.19738276990185e-01 
 -5.59496122572881e-03   9.30498509002230e-03   0.00000000000000e+00   7.20828789531080e-01 
 -5.67683814545869e-03   9.32465717167560e-03   0.00000000000000e+00   7.21919302071974e-01 
 -5.75914723173639e-03   9.34407018516317e-03   0.00000000000000e+00   7.23009814612868e-01 
 -5.84186749341087e-03   9.36328143725583e-03   0.00000000000000e+00   7.24100327153762e-01 
 -5.92497793933111e-03   9.38234823472439e-03   0.00000000000000e+00   7.25190839694656e-01 
 -6.00845757834609e-03   9.40132788433965e-03   0.00000000000000e+00   7.26281352235551e-01 
 -6.09228541930476e-03   9.42027769287242e-03   0.00000000000000e+00   7.27371864776445e-01 
 -6.17644047105610e-03   9.43925496709353e-03   0.00000000000000e+00   7.28462377317339e-01 
 -6.26090174244907e-03   9.45831701377378e-03   0.00000000000000e+00   7.29552889858233e-01 
 -6.34564824233266e-03   9.47752113968397e-03   0.00000000000000e+00   7.30643402399128e-01 
 -6.43065897955583e-03   9.49692465159493e-03   0.00000000000000e+00   7.31733914940022e-01 
 -6.51591296296754e-03   9.51658485627746e-03   0.00000000000000e+00   7.32824427480916e-01 
 -6.60138920141678e-03   9.53655906050238e-03   0.00000000000000e+00   7.33914940021810e-01 
 -6.68706670375252e-03   9.55690457104049e-03   0.00000000000000e+00   7.35005452562705e-01 
 -6.77292447882371e-03   9.57767869466261e-03   0.00000000000000e+00   7.36095965103599e-01 
 -6.85894153547934e-03   9.59893873813955e-03   0.00000000000000e+00   7.37186477644493e-01 
 -6.94509688256836e-03   9.62074200824212e-03   0.00000000000000e+00   7.38276990185387e-01 
 -7.03136952893976e-03   9.64314581174113e-03   0.00000000000000e+00   7.39367502726281e-01 
 -7.11773848344251e-03   9.66620745540740e-03   0.00000000000000e+00   7.40458015267176e-01 
 -7.20418275492556e-03   9.68998424601172e-03   0.00000000000000e+00   7.41548527808070e-01 
 -7.29068129226776e-03   9.71453223325587e-03   0.00000000000000e+00   7.42639040348964e-01 
 -7.37721203088072e-03   9.73988622296748e-03   0.00000000000000e+00   7.43729552889858e-01 
 -7.46375206198622e-03   9.76606332542168e-03   0.00000000000000e+00   7.44820065430753e-01 
 -7.55027845104628e-03   9.79308011092734e-03   0.00000000000000e+00   7.45910577971647e-01 
 -7.63676826352289e-03   9.82095314979332e-03   0.00000000000000e+00   7.47001090512541e-01 
 -7.72319856487805e-03   9.84969901232847e-03   0.00000000000000e+00   7.48091603053435e-01 
 -7.80954642057375e-03   9.87933426884165e-03   0.00000000000000e+00   7.49182115594329e-01 
 -7.89578889607199e-03   9.90987548964172e-03   0.00000000000000e+00   7.50272628135224e-01 
 -7.98190305683476e-03   9.94133924503754e-03   0.00000000000000e+00   7.51363140676118e-01 
 -8.06786596832407e-03   9.97374210533798e-03   0.00000000000000e+00   7.52453653217012e-01 
 -8.15365469600190e-03   1.00071006408519e-02   0.00000000000000e+00   7.53544165757906e-01 
 -8.23924630533025e-03   1.00414314218881e-02   0.00000000000000e+00   7.54634678298800e-01 
 -8.32461786177112e-03   1.00767510187555e-02   0.00000000000000e+00   7.55725190839695e-01 
 -8.40974643078650e-03   1.01130760017629e-02   0.00000000000000e+00   7.56815703380589e-01 
 -8.49460907783839e-03   1.01504229412193e-02   0.00000000000000e+00   7.57906215921483e-01 
 -8.57918286838878e-03   1.01888084074334e-02   0.00000000000000e+00   7.58996728462377e-01 
 -8.66344486789967e-03   1.02282489707141e-02   0.00000000000000e+00   7.60087241003272e-01 
 -8.74737214183308e-03   1.02687612013704e-02   0.00000000000000e+00   7.61177753544166e-01 
 -8.83094175565096e-03   1.03103616697109e-02   0.00000000000000e+00   7.62268266085060e-01 
 -8.91413077481533e-03   1.03530669460446e-02   0.00000000000000e+00   7.63358778625954e-01 
 -8.99691626478819e-03   1.03968936006804e-02   0.00000000000000e+00   7.64449291166848e-01 
 -9.07927529103153e-03   1.04418582039271e-02   0.00000000000000e+00   7.65539803707743e-01 
 -9.16118491900734e-03   1.04879773260936e-02   0.00000000000000e+00   7.66630316248637e-01 
 -9.24262221417763e-03   1.05352675374887e-02   0.00000000000000e+00   7.67720828789531e-01 
 -9.32356424200440e-03   1.05837454084213e-02   0.00000000000000e+00   7.68811341330425e-01 
 -9.40398806794961e-03   1.06334275092002e-02   0.00000000000000e+00   7.69901853871320e-01 
 -9.48387075747529e-03   1.06843304101344e-02   0.00000000000000e+00   7.70992366412214e-01 
 -9.56318937604343e-03   1.07364706815326e-02   0.00000000000000e+00   7.72082878953108e-01 
 -9.64192098911601e-03   1.07898648937037e-02   0.00000000000000e+00   7.73173391494002e-01 
 -9.72004266215505e-03   1.08445296169566e-02   0.00000000000000e+00   7.74263904034896e-01 
 -9.79753146062253e-03   1.09004814216002e-02   0.00000000000000e+00   7.75354416575791e-01 
 -9.87436444998045e-03   1.09577368779432e-02   0.00000000000000e+00   7.76444929116685e-01 
 -9.95052159239701e-03   1.10163223114134e-02   0.00000000000000e+00   7.77535441657579e-01 
 -1.00259982265157e-02   1.10763158301641e-02   0.00000000000000e+00   7.78625954198473e-01 
 -1.01007947734039e-02   1.11378126582189e-02   0.00000000000000e+00   7.79716466739368e-01 
 -1.01749116573465e-02   1.12009080304378e-02   0.00000000000000e+00   7.80806979280262e-01 
 -1.02483493026287e-02   1.12656971816805e-02   0.00000000000000e+00   7.81897491821156e-01 
 -1.03211081335355e-02   1.13322753468072e-02   0.00000000000000e+00   7.82988004362050e-01 
 -1.03931885743519e-02   1.14007377606778e-02   0.00000000000000e+00   7.84078516902944e-01 
 -1.04645910493631e-02   1.14711796581522e-02   0.00000000000000e+00   7.85169029443839e-01 
 -1.05353159828540e-02   1.15436962740905e-02   0.00000000000000e+00   7.86259541984733e-01 
 -1.06053637991097e-02   1.16183828433524e-02   0.00000000000000e+00   7.87350054525627e-01 
 -1.06747349224152e-02   1.16953346007981e-02   0.00000000000000e+00   7.88440567066521e-01 
 -1.07434297770557e-02   1.17746467812874e-02   0.00000000000000e+00   7.89531079607416e-01 
 -1.08114487873162e-02   1.18564146196803e-02   0.00000000000000e+00   7.90621592148310e-01 
 -1.08787923774817e-02   1.19407333508368e-02   0.00000000000000e+00   7.91712104689204e-01 
 -1.09454609718373e-02   1.20276982096168e-02   0.00000000000000e+00   7.92802617230098e-01 
 -1.10114549946681e-02   1.21174044308803e-02   0.00000000000000e+00   7.93893129770992e-01 
 -1.10767748702590e-02   1.22099472494872e-02   0.00000000000000e+00   7.94983642311887e-01 
 -1.11414210228952e-02   1.23054219002976e-02   0.00000000000000e+00   7.96074154852781e-01 
 -1.12053935461516e-02   1.24039234363063e-02   0.00000000000000e+00   7.97164667393675e-01 
 -1.12686211782488e-02   1.25055076706013e-02   0.00000000000000e+00   7.98255179934569e-01 
 -1.13308728384976e-02   1.26101425282728e-02   0.00000000000000e+00   7.99345692475463e-01 
 -1.13918957259186e-02   1.27177839899373e-02   0.00000000000000e+00   8.00436205016358e-01 
 -1.14514370395325e-02   1.28283880362110e-02   0.00000000000000e+00   8.01526717557252e-01 
 -1.15092439783601e-02   1.29419106477104e-02   0.00000000000000e+00   8.02617230098146e-01 
 -1.15650637414222e-02   1.30583078050520e-02   0.00000000000000e+00   8.03707742639040e-01 
 -1.16186435277394e-02   1.31775354888522e-02   0.00000000000000e+00   8.04798255179935e-01 
 -1.16697305363326e-02   1.32995496797273e-02   0.00000000000000e+00   8.05888767720829e-01 
 -1.17180719662223e-02   1.34243063582939e-02   0.00000000000000e+00   8.06979280261723e-01 
 -1.17634150164295e-02   1.35517615051682e-02   0.00000000000000e+00   8.08069792802617e-01 
 -1.18055068859748e-02   1.36818711009667e-02   0.00000000000000e+00   8.09160305343511e-01 
 -1.18440947738790e-02   1.38145911263059e-02   0.00000000000000e+00   8.10250817884406e-01 
 -1.18789258791628e-02   1.39498775618022e-02   0.00000000000000e+00   8.11341330425300e-01 
 -1.19097474008469e-02   1.40876863880719e-02   0.00000000000000e+00   8.12431842966194e-01 
 -1.19363065379521e-02   1.42279735857315e-02   0.00000000000000e+00   8.13522355507088e-01 
 -1.19583504894992e-02   1.43706951353973e-02   0.00000000000000e+00   8.14612868047983e-01 
 -1.19756361776571e-02   1.45158011728068e-02   0.00000000000000e+00   8.15703380588877e-01 
 -1.19881082815690e-02   1.46631289672885e-02   0.00000000000000e+00   8.16793893129771e-01 
 -1.19958812359110e-02   1.48124137429747e-02   0.00000000000000e+00   8.17884405670665e-01 
 -1.19990755867505e-02   1.49633870502549e-02   0.00000000000000e+00   8.18974918211559e-01 
 -1.19978118801547e-02   1.51157804395189e-02   0.00000000000000e+00   8.20065430752454e-01 
 -1.19922106621911e-02   1.52693254611564e-02   0.00000000000000e+00   8.21155943293348e-01 
 -1.19823924789269e-02   1.54237536655568e-02   0.00000000000000e+00   8.22246455834242e-01 
 -1.19684778764295e-02   1.55787966031100e-02   0.00000000000000e+00   8.23336968375136e-01 
 -1.19505874007661e-02   1.57341858242056e-02   0.00000000000000e+00   8.24427480916031e-01 
 -1.19288415980042e-02   1.58896528792332e-02   0.00000000000000e+00   8.25517993456925e-01 
 -1.19033610142111e-02   1.60449293185824e-02   0.00000000000000e+00   8.26608505997819e-01 
 -1.18742661954540e-02   1.61997466926430e-02   0.00000000000000e+00   8.27699018538713e-01 
 -1.18416776878004e-02   1.63538365518046e-02   0.00000000000000e+00   8.28789531079607e-01 
 -1.18057160373175e-02   1.65069304464568e-02   0.00000000000000e+00   8.29880043620502e-01 
 -1.17665017900727e-02   1.66587599269893e-02   0.00000000000000e+00   8.30970556161396e-01 
 -1.17241554921333e-02   1.68090565437917e-02   0.00000000000000e+00   8.32061068702290e-01 
 -1.16787976895666e-02   1.69575518472538e-02   0.00000000000000e+00   8.33151581243184e-01 
 -1.16305489284400e-02   1.71039773877651e-02   0.00000000000000e+00   8.34242093784079e-01 
 -1.15795297548208e-02   1.72480647157153e-02   0.00000000000000e+00   8.35332606324973e-01 
 -1.15258607147763e-02   1.73895453814941e-02   0.00000000000000e+00   8.36423118865867e-01 
 -1.14696623543738e-02   1.75281509354911e-02   0.00000000000000e+00   8.37513631406761e-01 
 -1.14110552196807e-02   1.76636129280960e-02   0.00000000000000e+00   8.38604143947655e-01 
 -1.13501598567644e-02   1.77956629096984e-02   0.00000000000000e+00   8.39694656488550e-01 
 -1.12870968116921e-02   1.79240324306880e-02   0.00000000000000e+00   8.40785169029444e-01 
 -1.12219841180426e-02   1.80484617928593e-02   0.00000000000000e+00   8.41875681570338e-01 
 -1.11548741764043e-02   1.81689199083537e-02   0.00000000000000e+00   8.42966194111232e-01 
 -1.10857490749656e-02   1.82856205988006e-02   0.00000000000000e+00   8.44056706652127e-01 
 -1.10145874521531e-02   1.83987897019100e-02   0.00000000000000e+00   8.45147219193021e-01 
 -1.09413679463931e-02   1.85086530553921e-02   0.00000000000000e+00   8.46237731733915e-01 
 -1.08660691961121e-02   1.86154364969568e-02   0.00000000000000e+00   8.47328244274809e-01 
 -1.07886698397364e-02   1.87193658643143e-02   0.00000000000000e+00   8.48418756815703e-01 
 -1.07091485156927e-02   1.88206669951747e-02   0.00000000000000e+00   8.49509269356598e-01 
 -1.06274838624072e-02   1.89195657272480e-02   0.00000000000000e+00   8.50599781897492e-01 
 -1.05436545183064e-02   1.90162878982443e-02   0.00000000000000e+00   8.51690294438386e-01 
 -1.04576391218167e-02   1.91110593458738e-02   0.00000000000000e+00   8.52780806979280e-01 
 -1.03694163113646e-02   1.92041059078464e-02   0.00000000000000e+00   8.53871319520174e-01 
 -1.02789647253765e-02   1.92956534218723e-02   0.00000000000000e+00   8.54961832061069e-01 
 -1.01862630022788e-02   1.93859277256615e-02   0.00000000000000e+00   8.56052344601963e-01 
 -1.00912897804980e-02   1.94751546569241e-02   0.00000000000000e+00   8.57142857142857e-01 
 -9.99402369846042e-03   1.95635600533702e-02   0.00000000000000e+00   8.58233369683751e-01 
 -9.89444339459259e-03   1.96513697527099e-02   0.00000000000000e+00   8.59323882224646e-01 
 -9.79252750732091e-03   1.97388095926533e-02   0.00000000000000e+00   8.60414394765540e-01 
 -9.68825467507182e-03   1.98261054109104e-02   0.00000000000000e+00   8.61504907306434e-01 
 -9.58160353627173e-03   1.99134830451913e-02   0.00000000000000e+00   8.62595419847328e-01 
 -9.47255272934708e-03   2.00011683332062e-02   0.00000000000000e+00   8.63685932388223e-01 
 -9.36108233893957e-03   2.00893824711770e-02   0.00000000000000e+00   8.64776444929117e-01 
 -9.24726305528497e-03   2.01780558654362e-02   0.00000000000000e+00   8.65866957470011e-01 
 -9.13130825656654e-03   2.02666609791517e-02   0.00000000000000e+00   8.66957470010905e-01 
 -9.01344386190541e-03   2.03546300265640e-02   0.00000000000000e+00   8.68047982551799e-01 
 -8.89389579042273e-03   2.04413952219137e-02   0.00000000000000e+00   8.69138495092694e-01 
 -8.77288996123966e-03   2.05263887794416e-02   0.00000000000000e+00   8.70229007633588e-01 
 -8.65065229347733e-03   2.06090429133884e-02   0.00000000000000e+00   8.71319520174482e-01 
 -8.52740870625689e-03   2.06887898379946e-02   0.00000000000000e+00   8.72410032715376e-01 
 -8.40338511869952e-03   2.07650617675008e-02   0.00000000000000e+00   8.73500545256271e-01 
 -8.27880744992634e-03   2.08372909161479e-02   0.00000000000000e+00   8.74591057797165e-01 
 -8.15390161905850e-03   2.09049094981764e-02   0.00000000000000e+00   8.75681570338059e-01 
 -8.02889354521716e-03   2.09673497278270e-02   0.00000000000000e+00   8.76772082878953e-01 
 -7.90400914752346e-03   2.10240438193403e-02   0.00000000000000e+00   8.77862595419847e-01 
 -7.77947434509855e-03   2.10744239869569e-02   0.00000000000000e+00   8.78953107960742e-01 
 -7.65551505706358e-03   2.11179224449177e-02   0.00000000000000e+00   8.80043620501636e-01 
 -7.53235720253968e-03   2.11539714074631e-02   0.00000000000000e+00   8.81134133042530e-01 
 -7.41022667003793e-03   2.11820038521246e-02   0.00000000000000e+00   8.82224645583424e-01 
 -7.28933369129232e-03   2.12018431723300e-02   0.00000000000000e+00   8.83315158124318e-01 
 -7.16984737078352e-03   2.12143383067687e-02   0.00000000000000e+00   8.84405670665213e-01 
 -7.05193014106454e-03   2.12205045646804e-02   0.00000000000000e+00   8.85496183206107e-01 
 -6.93574443468840e-03   2.12213572553050e-02   0.00000000000000e+00   8.86586695747001e-01 
 -6.82145268420813e-03   2.12179116878822e-02   0.00000000000000e+00   8.87677208287895e-01 
 -6.70921732217674e-03   2.12111831716519e-02   0.00000000000000e+00   8.88767720828790e-01 
 -6.59920078114724e-03   2.12021870158538e-02   0.00000000000000e+00   8.89858233369684e-01 
 -6.49156549367267e-03   2.11919385297278e-02   0.00000000000000e+00   8.90948745910578e-01 
 -6.38647389230604e-03   2.11814530225137e-02   0.00000000000000e+00   8.92039258451472e-01 
 -6.28408840960037e-03   2.11717458034512e-02   0.00000000000000e+00   8.93129770992366e-01 
 -6.18457147810867e-03   2.11638321817802e-02   0.00000000000000e+00   8.94220283533261e-01 
 -6.08809037817118e-03   2.11583919015463e-02   0.00000000000000e+00   8.95310796074155e-01 
 -5.99484148174583e-03   2.11540909768418e-02   0.00000000000000e+00   8.96401308615049e-01 
 -5.90503196295332e-03   2.11488476930126e-02   0.00000000000000e+00   8.97491821155943e-01 
 -5.81886901379529e-03   2.11405790976831e-02   0.00000000000000e+00   8.98582333696838e-01 
 -5.73655982627338e-03   2.11272022384776e-02   0.00000000000000e+00   8.99672846237732e-01 
 -5.65831159238921e-03   2.11066341630204e-02   0.00000000000000e+00   9.00763358778626e-01 
 -5.58432370354192e-03   2.10768270440606e-02   0.00000000000000e+00   9.01853871319520e-01 
 -5.51428147873286e-03   2.10380478572214e-02   0.00000000000000e+00   9.02944383860414e-01 
 -5.44704576225437e-03   2.09942760832801e-02   0.00000000000000e+00   9.04034896401309e-01 
 -5.38145837937851e-03   2.09496295750734e-02   0.00000000000000e+00   9.05125408942203e-01 
 -5.31706155389914e-03   2.09057409985599e-02   0.00000000000000e+00   9.06215921483097e-01 
 -5.25387867335745e-03   2.08625357319273e-02   0.00000000000000e+00   9.07306434023991e-01 
 -5.19194256979412e-03   2.08199056419475e-02   0.00000000000000e+00   9.08396946564886e-01 
 -5.13128607524981e-03   2.07777425953923e-02   0.00000000000000e+00   9.09487459105780e-01 
 -5.07194202176518e-03   2.07359384590335e-02   0.00000000000000e+00   9.10577971646674e-01 
 -5.01394324138091e-03   2.06943850996430e-02   0.00000000000000e+00   9.11668484187568e-01 
 -4.95732256613766e-03   2.06529743839926e-02   0.00000000000000e+00   9.12758996728462e-01 
 -4.90211282807610e-03   2.06115981788542e-02   0.00000000000000e+00   9.13849509269357e-01 
 -4.84834685923689e-03   2.05701483509995e-02   0.00000000000000e+00   9.14940021810251e-01 
 -4.79605749166071e-03   2.05285167672005e-02   0.00000000000000e+00   9.16030534351145e-01 
 -4.74527755738822e-03   2.04865952942289e-02   0.00000000000000e+00   9.17121046892039e-01 
 -4.69603431415227e-03   2.04442917129662e-02   0.00000000000000e+00   9.18211559432934e-01 
 -4.64831624485397e-03   2.04016245026875e-02   0.00000000000000e+00   9.19302071973828e-01 
 -4.60209535814977e-03   2.03586591750427e-02   0.00000000000000e+00   9.20392584514722e-01 
 -4.55734360251953e-03   2.03154614134803e-02   0.00000000000000e+00   9.21483097055616e-01 
 -4.51403292644307e-03   2.02720969014485e-02   0.00000000000000e+00   9.22573609596510e-01 
 -4.47213527840024e-03   2.02286313223957e-02   0.00000000000000e+00   9.23664122137405e-01 
 -4.43162260687088e-03   2.01851303597702e-02   0.00000000000000e+00   9.24754634678299e-01 
 -4.39246686033483e-03   2.01416596970206e-02   0.00000000000000e+00   9.25845147219193e-01 
 -4.35463998727194e-03   2.00982850175950e-02   0.00000000000000e+00   9.26935659760087e-01 
 -4.31811393616203e-03   2.00550720049419e-02   0.00000000000000e+00   9.28026172300982e-01 
 -4.28286065548496e-03   2.00120863425096e-02   0.00000000000000e+00   9.29116684841876e-01 
 -4.24885209372056e-03   1.99693937137465e-02   0.00000000000000e+00   9.30207197382770e-01 
 -4.21606019934867e-03   1.99270598021010e-02   0.00000000000000e+00   9.31297709923664e-01 
 -4.18445692084913e-03   1.98851502910214e-02   0.00000000000000e+00   9.32388222464558e-01 
 -4.15401420670180e-03   1.98437308639560e-02   0.00000000000000e+00   9.33478735005453e-01 
 -4.12470400538649e-03   1.98028672043533e-02   0.00000000000000e+00   9.34569247546347e-01 
 -4.09649826538306e-03   1.97626249956616e-02   0.00000000000000e+00   9.35659760087241e-01 
 -4.06936893517135e-03   1.97230699213292e-02   0.00000000000000e+00   9.36750272628135e-01 
 -4.04328796323120e-03   1.96842676648046e-02   0.00000000000000e+00   9.37840785169029e-01 
 -4.01822729804244e-03   1.96462839095361e-02   0.00000000000000e+00   9.38931297709924e-01 
 -3.99407400534002e-03   1.96091759381431e-02   0.00000000000000e+00   9.40021810250818e-01 
 -3.97027152207637e-03   1.95729571273900e-02   0.00000000000000e+00   9.41112322791712e-01 
 -3.94611883493412e-03   1.95376265578260e-02   0.00000000000000e+00   9.42202835332606e-01 
 -3.92091485221329e-03   1.95031833022425e-02   0.00000000000000e+00   9.43293347873501e-01 
 -3.89395848221388e-03   1.94696264334312e-02   0.00000000000000e+00   9.44383860414395e-01 
 -3.86454863323590e-03   1.94369550241835e-02   0.00000000000000e+00   9.45474372955289e-01 
 -3.83198885372113e-03   1.94051675330236e-02   0.00000000000000e+00   9.46564885496183e-01 
 -3.79615448689381e-03   1.93741867236103e-02   0.00000000000000e+00   9.47655398037077e-01 
 -3.75803699049437e-03   1.93437876070512e-02   0.00000000000000e+00   9.48745910577972e-01 
 -3.71875684228055e-03   1.93137281146325e-02   0.00000000000000e+00   9.49836423118866e-01 
 -3.67943452001008e-03   1.92837661776400e-02   0.00000000000000e+00   9.50926935659760e-01 
 -3.64118536536057e-03   1.92536613378771e-02   0.00000000000000e+00   9.52017448200654e-01 
 -3.60468302826240e-03   1.92233116381156e-02   0.00000000000000e+00   9.53107960741549e-01 
 -3.56982618812521e-03   1.91928581280863e-02   0.00000000000000e+00   9.54198473282443e-01 
 -3.53643505398730e-03   1.91624664634187e-02   0.00000000000000e+00   9.55288985823337e-01 
 -3.50432983488697e-03   1.91323022997423e-02   0.00000000000000e+00   9.56379498364231e-01 
 -3.47333073986251e-03   1.91025312926866e-02   0.00000000000000e+00   9.57470010905125e-01 
 -3.44326030196213e-03   1.90733169577261e-02   0.00000000000000e+00   9.58560523446020e-01 
 -3.41402686734474e-03   1.90447437859902e-02   0.00000000000000e+00   9.59651035986914e-01 
 -3.38564770282335e-03   1.90167959647823e-02   0.00000000000000e+00   9.60741548527808e-01 
 -3.35814710325733e-03   1.89894512093553e-02   0.00000000000000e+00   9.61832061068702e-01 
 -3.33154936350604e-03   1.89626872349621e-02   0.00000000000000e+00   9.62922573609597e-01 
 -3.30587877842887e-03   1.89364817568559e-02   0.00000000000000e+00   9.64013086150491e-01 
 -3.28115963531677e-03   1.89108124961535e-02   0.00000000000000e+00   9.65103598691385e-01 
 -3.25740699115280e-03   1.88856643253469e-02   0.00000000000000e+00   9.66194111232279e-01 
 -3.23460872687864e-03   1.88610431721383e-02   0.00000000000000e+00   9.67284623773173e-01 
 -3.21274774691695e-03   1.88369588198928e-02   0.00000000000000e+00   9.68375136314068e-01 
 -3.19180695569036e-03   1.88134210519756e-02   0.00000000000000e+00   9.69465648854962e-01 
 -3.17176925762153e-03   1.87904396517516e-02   0.00000000000000e+00   9.70556161395856e-01 
 -3.15261755713310e-03   1.87680244025858e-02   0.00000000000000e+00   9.71646673936750e-01 
 -3.13433475864770e-03   1.87461850878435e-02   0.00000000000000e+00   9.72737186477645e-01 
 -3.11690376658799e-03   1.87249314908896e-02   0.00000000000000e+00   9.73827699018539e-01 
 -3.10030748537662e-03   1.87042733950892e-02   0.00000000000000e+00   9.74918211559433e-01 
 -3.08452881943622e-03   1.86842205838074e-02   0.00000000000000e+00   9.76008724100327e-01 
 -3.06955067318944e-03   1.86647828404092e-02   0.00000000000000e+00   9.77099236641221e-01 
 -3.05535595105893e-03   1.86459699482597e-02   0.00000000000000e+00   9.78189749182116e-01 
 -3.04192755746734e-03   1.86277916907240e-02   0.00000000000000e+00   9.79280261723010e-01 
 -3.02924839683729e-03   1.86102578511671e-02   0.00000000000000e+00   9.80370774263904e-01 
 -3.01730137359145e-03   1.85933782129541e-02   0.00000000000000e+00   9.81461286804798e-01 
 -3.00606939215246e-03   1.85771625594500e-02   0.00000000000000e+00   9.82551799345692e-01 
 -2.99553535694296e-03   1.85616206740200e-02   0.00000000000000e+00   9.83642311886587e-01 
 -2.98568217238559e-03   1.85467623400291e-02   0.00000000000000e+00   9.84732824427481e-01 
 -2.97649274290301e-03   1.85325973408423e-02   0.00000000000000e+00   9.85823336968375e-01 
 -2.96794997291785e-03   1.85191354598248e-02   0.00000000000000e+00   9.86913849509269e-01 
 -2.96003676685277e-03   1.85063864803415e-02   0.00000000000000e+00   9.88004362050164e-01 
 -2.95273602913040e-03   1.84943601857576e-02   0.00000000000000e+00   9.89094874591058e-01 
 -2.94603066417339e-03   1.84830663594381e-02   0.00000000000000e+00   9.90185387131952e-01 
 -2.93990357640439e-03   1.84725147847481e-02   0.00000000000000e+00   9.91275899672846e-01 
 -2.93433767024603e-03   1.84627152450526e-02   0.00000000000000e+00   9.92366412213741e-01 
 -2.92931585012098e-03   1.84536775237167e-02   0.00000000000000e+00   9.93456924754635e-01 
 -2.92482102045187e-03   1.84454114041055e-02   0.00000000000000e+00   9.94547437295529e-01 
 -2.92083608566134e-03   1.84379266695841e-02   0.00000000000000e+00   9.95637949836423e-01 
 -2.91734395017204e-03   1.84312331035174e-02   0.00000000000000e+00   9.96728462377317e-01 
 -2.91432751840662e-03   1.84253404892707e-02   0.00000000000000e+00   9.97818974918212e-01 
 -2.91176969478772e-03   1.84202586102088e-02   0.00000000000000e+00   9.98909487459106e-01 
 -2.90965338373799e-03   1.84159972496970e-02   0.00000000000000e+00   1.00000000000000e+00 
