  0.00000000000000e+00   0.00000000000000e+00   0.00000000000000e+00   0.00000000000000e+00 
  1.80295018827075e-02   3.27178124943939e-02   0.00000000000000e+00   1.01010101010101e-02 
  3.60091637178845e-02   6.56465914945367e-02   0.00000000000000e+00   2.02020202020202e-02 
  5.39533906777169e-02   9.87396788781127e-02   0.00000000000000e+00   3.03030303030303e-02 
  7.18765879343908e-02   1.31950416522806e-01   0.00000000000000e+00   4.04040404040404e-02 
  8.97931606600923e-02   1.65232146306301e-01   0.00000000000000e+00   5.05050505050505e-02 
  1.07717514027007e-01   1.98538210106282e-01   0.00000000000000e+00   6.06060606060606e-02 
  1.25664053207322e-01   2.31821949800434e-01   0.00000000000000e+00   7.07070707070707e-02 
  1.43647183373222e-01   2.65036707266440e-01   0.00000000000000e+00   8.08080808080808e-02 
  1.61681309696894e-01   2.98135824381985e-01   0.00000000000000e+00   9.09090909090909e-02 
  1.79780837350524e-01   3.31072643024753e-01   0.00000000000000e+00   1.01010101010101e-01 
  1.97960171506297e-01   3.63800505072429e-01   0.00000000000000e+00   1.11111111111111e-01 
  2.16233717336401e-01   3.96272752402696e-01   0.00000000000000e+00   1.21212121212121e-01 
  2.34615880013020e-01   4.28442726893239e-01   0.00000000000000e+00   1.31313131313131e-01 
  2.53121064708340e-01   4.60263770421743e-01   0.00000000000000e+00   1.41414141414141e-01 
  2.71763676594549e-01   4.91689224865891e-01   0.00000000000000e+00   1.51515151515152e-01 
  2.90558120843832e-01   5.22672432103368e-01   0.00000000000000e+00   1.61616161616162e-01 
  3.09518802628374e-01   5.53166734011858e-01   0.00000000000000e+00   1.71717171717172e-01 
  3.28660127120363e-01   5.83125472469046e-01   0.00000000000000e+00   1.81818181818182e-01 
  3.47996499491983e-01   6.12501989352615e-01   0.00000000000000e+00   1.91919191919192e-01 
  3.67542324915422e-01   6.41249626540251e-01   0.00000000000000e+00   2.02020202020202e-01 
  3.87312008562865e-01   6.69321725909636e-01   0.00000000000000e+00   2.12121212121212e-01 
  4.07319955606498e-01   6.96671629338457e-01   0.00000000000000e+00   2.22222222222222e-01 
  4.27580571218507e-01   7.23252678704396e-01   0.00000000000000e+00   2.32323232323232e-01 
  4.48108260571078e-01   7.49018215885139e-01   0.00000000000000e+00   2.42424242424242e-01 
  4.68917428836397e-01   7.73921582758368e-01   0.00000000000000e+00   2.52525252525253e-01 
  4.90022481186651e-01   7.97916121201770e-01   0.00000000000000e+00   2.62626262626263e-01 
  5.11437822794024e-01   8.20955173093027e-01   0.00000000000000e+00   2.72727272727273e-01 
  5.33177858830705e-01   8.42992080309825e-01   0.00000000000000e+00   2.82828282828283e-01 
  5.55256994468877e-01   8.63980184729848e-01   0.00000000000000e+00   2.92929292929293e-01 
  5.77689634880728e-01   8.83872828230779e-01   0.00000000000000e+00   3.03030303030303e-01 
  6.00490185238443e-01   9.02623352690303e-01   0.00000000000000e+00   3.13131313131313e-01 
  6.23673050714209e-01   9.20185099986105e-01   0.00000000000000e+00   3.23232323232323e-01 
  6.47252636480211e-01   9.36511411995869e-01   0.00000000000000e+00   3.33333333333333e-01 
  6.71243347708636e-01   9.51555630597279e-01   0.00000000000000e+00   3.43434343434343e-01 
  6.95659589571670e-01   9.65271097668019e-01   0.00000000000000e+00   3.53535353535354e-01 
  7.20503344447266e-01   9.77533246980340e-01   0.00000000000000e+00   3.63636363636364e-01 
  7.45717918482013e-01   9.87849531163565e-01   0.00000000000000e+00   3.73737373737374e-01 
  7.71229310598540e-01   9.95618862610113e-01   0.00000000000000e+00   3.83838383838384e-01 
  7.96963517227013e-01   1.00024013808121e+00   0.00000000000000e+00   3.93939393939394e-01 
  8.22850445716942e-01   1.00133654313719e+00   0.00000000000000e+00   4.04040404040404e-01 
  8.48837077680606e-01   9.99510461719658e-01   0.00000000000000e+00   4.14141414141414e-01 
  8.74875053053930e-01   9.95631429742591e-01   0.00000000000000e+00   4.24242424242424e-01 
  9.00901094263899e-01   9.90432884073040e-01   0.00000000000000e+00   4.34343434343434e-01 
  9.26761150077656e-01   9.83820062160859e-01   0.00000000000000e+00   4.44444444444444e-01 
  9.52267024626544e-01   9.75386673116962e-01   0.00000000000000e+00   4.54545454545455e-01 
  9.77242602518033e-01   9.64757487346737e-01   0.00000000000000e+00   4.64646464646465e-01 
  1.00164397569335e+00   9.51901608687597e-01   0.00000000000000e+00   4.74747474747475e-01 
  1.02550846707672e+00   9.36999706722669e-01   0.00000000000000e+00   4.84848484848485e-01 
  1.04887458203051e+00   9.20235530690207e-01   0.00000000000000e+00   4.94949494949495e-01 
  1.07178082591711e+00   9.01792829828469e-01   0.00000000000000e+00   5.05050505050505e-01 
  1.09426570409891e+00   8.81855353375707e-01   0.00000000000000e+00   5.15151515151515e-01 
  1.11636772193828e+00   8.60606850570178e-01   0.00000000000000e+00   5.25252525252525e-01 
  1.13812538479760e+00   8.38231070650136e-01   0.00000000000000e+00   5.35353535353535e-01 
  1.15957719803927e+00   8.14911762853836e-01   0.00000000000000e+00   5.45454545454546e-01 
  1.18075782134513e+00   7.90811735657325e-01   0.00000000000000e+00   5.55555555555556e-01 
  1.20168296461333e+00   7.65990610879936e-01   0.00000000000000e+00   5.65656565656566e-01 
  1.22236251093335e+00   7.40476281804630e-01   0.00000000000000e+00   5.75757575757576e-01 
  1.24280634180531e+00   7.14296633059946e-01   0.00000000000000e+00   5.85858585858586e-01 
  1.26302433872938e+00   6.87479549274424e-01   0.00000000000000e+00   5.95959595959596e-01 
  1.28302638320567e+00   6.60052915076604e-01   0.00000000000000e+00   6.06060606060606e-01 
  1.30282235673433e+00   6.32044615095024e-01   0.00000000000000e+00   6.16161616161616e-01 
  1.32242214081550e+00   6.03482533958226e-01   0.00000000000000e+00   6.26262626262626e-01 
  1.34183561694932e+00   5.74394556294747e-01   0.00000000000000e+00   6.36363636363636e-01 
  1.36107266663592e+00   5.44808566733128e-01   0.00000000000000e+00   6.46464646464647e-01 
  1.38014317137545e+00   5.14752449901907e-01   0.00000000000000e+00   6.56565656565657e-01 
  1.39905701266804e+00   4.84254090429626e-01   0.00000000000000e+00   6.66666666666667e-01 
  1.41782407201384e+00   4.53341372944822e-01   0.00000000000000e+00   6.76767676767677e-01 
  1.43645423091297e+00   4.22042182076036e-01   0.00000000000000e+00   6.86868686868687e-01 
  1.45495737086559e+00   3.90384402451807e-01   0.00000000000000e+00   6.96969696969697e-01 
  1.47334337337182e+00   3.58395918700674e-01   0.00000000000000e+00   7.07070707070707e-01 
  1.49162211993181e+00   3.26104615451179e-01   0.00000000000000e+00   7.17171717171717e-01 
  1.50980349204570e+00   2.93538377331858e-01   0.00000000000000e+00   7.27272727272727e-01 
  1.52789737121362e+00   2.60725088971253e-01   0.00000000000000e+00   7.37373737373737e-01 
  1.54591363893571e+00   2.27692634997902e-01   0.00000000000000e+00   7.47474747474748e-01 
  1.56386217671212e+00   1.94468900040346e-01   0.00000000000000e+00   7.57575757575758e-01 
  1.58175286604297e+00   1.61081768727123e-01   0.00000000000000e+00   7.67676767676768e-01 
  1.59959558842842e+00   1.27559125686774e-01   0.00000000000000e+00   7.77777777777778e-01 
  1.61740022536859e+00   9.39288555478369e-02   0.00000000000000e+00   7.87878787878788e-01 
  1.63517665836363e+00   6.02188429388527e-02   0.00000000000000e+00   7.97979797979798e-01 
  1.65293476891367e+00   2.64569724883599e-02   0.00000000000000e+00   8.08080808080808e-01 
  1.67068443851886e+00  -7.32887117510125e-03   0.00000000000000e+00   8.18181818181818e-01 
  1.68843554867934e+00  -4.11108034229919e-02   0.00000000000000e+00   8.28282828282828e-01 
  1.70619798089523e+00  -7.48609396267719e-02   0.00000000000000e+00   8.38383838383838e-01 
  1.72398161666668e+00  -1.08551395157902e-01   0.00000000000000e+00   8.48484848484849e-01 
  1.74179633749383e+00  -1.42154285387843e-01   0.00000000000000e+00   8.58585858585859e-01 
  1.75965202487682e+00  -1.75641725688055e-01   0.00000000000000e+00   8.68686868686869e-01 
  1.77755856031579e+00  -2.08985831429998e-01   0.00000000000000e+00   8.78787878787879e-01 
  1.79552582531087e+00  -2.42158717985134e-01   0.00000000000000e+00   8.88888888888889e-01 
  1.81356370136220e+00  -2.75132500724922e-01   0.00000000000000e+00   8.98989898989899e-01 
  1.83168206996993e+00  -3.07879295020823e-01   0.00000000000000e+00   9.09090909090909e-01 
  1.84989081263418e+00  -3.40371216244298e-01   0.00000000000000e+00   9.19191919191919e-01 
  1.86819981085511e+00  -3.72580379766807e-01   0.00000000000000e+00   9.29292929292929e-01 
  1.88661894613285e+00  -4.04478900959810e-01   0.00000000000000e+00   9.39393939393939e-01 
  1.90515809996753e+00  -4.36038895194768e-01   0.00000000000000e+00   9.49494949494950e-01 
  1.92382715385930e+00  -4.67232477843142e-01   0.00000000000000e+00   9.59595959595960e-01 
  1.94263598930829e+00  -4.98031764276391e-01   0.00000000000000e+00   9.69696969696970e-01 
  1.96159448781464e+00  -5.28408869865977e-01   0.00000000000000e+00   9.79797979797980e-01 
  1.98071253087850e+00  -5.58335909983360e-01   0.00000000000000e+00   9.89898989898990e-01 
  2.00000000000000e+00  -5.87785000000000e-01   0.00000000000000e+00   1.00000000000000e+00 
