 -2.90949568545124e-03  -1.84159682226139e-02   0.00000000000000e+00   0.00000000000000e+00 
 -2.91155592117132e-03  -1.84203116960126e-02   0.00000000000000e+00   1.09051254089422e-03 
 -2.91407262868331e-03  -1.84254508886518e-02   0.00000000000000e+00   2.18102508178844e-03 
 -2.91708359354139e-03  -1.84313759121821e-02   0.00000000000000e+00   3.27153762268266e-03 
 -2.92060047397158e-03  -1.84380787306788e-02   0.00000000000000e+00   4.36205016357688e-03 
 -2.92460778170490e-03  -1.84455570689989e-02   0.00000000000000e+00   5.45256270447110e-03 
 -2.92912768314520e-03  -1.84538033083634e-02   0.00000000000000e+00   6.54307524536532e-03 
 -2.93417721559662e-03  -1.84628102843128e-02   0.00000000000000e+00   7.63358778625954e-03 
 -2.93977201335278e-03  -1.84725708827744e-02   0.00000000000000e+00   8.72410032715376e-03 
 -2.94592782975893e-03  -1.84830778732814e-02   0.00000000000000e+00   9.81461286804798e-03 
 -2.95266083016840e-03  -1.84943236918029e-02   0.00000000000000e+00   1.09051254089422e-02 
 -2.95998752391387e-03  -1.85063007822028e-02   0.00000000000000e+00   1.19956379498364e-02 
 -2.96792362006196e-03  -1.85190011603622e-02   0.00000000000000e+00   1.30861504907306e-02 
 -2.97648845089218e-03  -1.85324168199682e-02   0.00000000000000e+00   1.41766630316249e-02 
 -2.98569572478214e-03  -1.85465391488712e-02   0.00000000000000e+00   1.52671755725191e-02 
 -2.99556654307622e-03  -1.85613606066922e-02   0.00000000000000e+00   1.63576881134133e-02 
 -3.00611387019447e-03  -1.85768710504229e-02   0.00000000000000e+00   1.74482006543075e-02 
 -3.01735647496949e-03  -1.85930624672720e-02   0.00000000000000e+00   1.85387131952017e-02 
 -3.02931988963959e-03  -1.86099278491759e-02   0.00000000000000e+00   1.96292257360960e-02 
 -3.04200612681421e-03  -1.86274517963047e-02   0.00000000000000e+00   2.07197382769902e-02 
 -3.05544305780537e-03  -1.86456296796140e-02   0.00000000000000e+00   2.18102508178844e-02 
 -3.06966384846688e-03  -1.86644589455762e-02   0.00000000000000e+00   2.29007633587786e-02 
 -3.08464105212091e-03  -1.86839123132557e-02   0.00000000000000e+00   2.39912758996728e-02 
 -3.10040510170112e-03  -1.87039845641782e-02   0.00000000000000e+00   2.50817884405671e-02 
 -3.11703151721064e-03  -1.87246879507361e-02   0.00000000000000e+00   2.61723009814613e-02 
 -3.13450580327950e-03  -1.87460005416670e-02   0.00000000000000e+00   2.72628135223555e-02 
 -3.15278127371705e-03  -1.87678881768509e-02   0.00000000000000e+00   2.83533260632497e-02 
 -3.17186356281406e-03  -1.87903365480394e-02   0.00000000000000e+00   2.94438386041440e-02 
 -3.19188217172103e-03  -1.88133783498310e-02   0.00000000000000e+00   3.05343511450382e-02 
 -3.21290693391251e-03  -1.88370243495754e-02   0.00000000000000e+00   3.16248636859324e-02 
 -3.23484312064534e-03  -1.88612243833790e-02   0.00000000000000e+00   3.27153762268266e-02 
 -3.25757504649201e-03  -1.88859205278705e-02   0.00000000000000e+00   3.38058887677208e-02 
 -3.28106095429998e-03  -1.89110822520643e-02   0.00000000000000e+00   3.48964013086151e-02 
 -3.30553405714447e-03  -1.89367809087316e-02   0.00000000000000e+00   3.59869138495093e-02 
 -3.33125714319514e-03  -1.89630987794909e-02   0.00000000000000e+00   3.70774263904035e-02 
 -3.35814897452533e-03  -1.89899903795484e-02   0.00000000000000e+00   3.81679389312977e-02 
 -3.38593003318512e-03  -1.90173365857224e-02   0.00000000000000e+00   3.92584514721919e-02 
 -3.41431841400930e-03  -1.90450173882533e-02   0.00000000000000e+00   4.03489640130862e-02 
 -3.44318413256441e-03  -1.90729708038764e-02   0.00000000000000e+00   4.14394765539804e-02 
 -3.47315566332060e-03  -1.91014245445593e-02   0.00000000000000e+00   4.25299890948746e-02 
 -3.50509499556635e-03  -1.91306955111128e-02   0.00000000000000e+00   4.36205016357688e-02 
 -3.53912119794950e-03  -1.91608160984343e-02   0.00000000000000e+00   4.47110141766630e-02 
 -3.57360321406960e-03  -1.91911484807227e-02   0.00000000000000e+00   4.58015267175573e-02 
 -3.60667638605946e-03  -1.92209656562463e-02   0.00000000000000e+00   4.68920392584515e-02 
 -3.63888333160167e-03  -1.92504999157420e-02   0.00000000000000e+00   4.79825517993457e-02 
 -3.67507754401736e-03  -1.92816916780533e-02   0.00000000000000e+00   4.90730643402399e-02 
 -3.71566432789693e-03  -1.93146064983708e-02   0.00000000000000e+00   5.01635768811341e-02 
 -3.75805268502648e-03  -1.93480548030003e-02   0.00000000000000e+00   5.12540894220284e-02 
 -3.79961139158580e-03  -1.93808301680410e-02   0.00000000000000e+00   5.23446019629226e-02 
 -3.83770922375465e-03  -1.94117261695924e-02   0.00000000000000e+00   5.34351145038168e-02 
 -3.87003557318918e-03  -1.94398478037412e-02   0.00000000000000e+00   5.45256270447110e-02 
 -3.89722401987845e-03  -1.94671598134080e-02   0.00000000000000e+00   5.56161395856052e-02 
 -3.92147452872859e-03  -1.94971072857290e-02   0.00000000000000e+00   5.67066521264995e-02 
 -3.94440392037994e-03  -1.95311425422960e-02   0.00000000000000e+00   5.77971646673937e-02 
 -3.96689103181981e-03  -1.95682420084149e-02   0.00000000000000e+00   5.88876772082879e-02 
 -3.98976914740546e-03  -1.96072292827171e-02   0.00000000000000e+00   5.99781897491821e-02 
 -4.01387140789890e-03  -1.96469281385972e-02   0.00000000000000e+00   6.10687022900763e-02 
 -4.03978179575904e-03  -1.96864655884665e-02   0.00000000000000e+00   6.21592148309706e-02 
 -4.06732348186110e-03  -1.97258945932349e-02   0.00000000000000e+00   6.32497273718648e-02 
 -4.09617493017345e-03  -1.97654442298783e-02   0.00000000000000e+00   6.43402399127590e-02 
 -4.12601460466447e-03  -1.98053435753727e-02   0.00000000000000e+00   6.54307524536532e-02 
 -4.15652332008353e-03  -1.98458199873900e-02   0.00000000000000e+00   6.65212649945474e-02 
 -4.18756892910898e-03  -1.98869640286317e-02   0.00000000000000e+00   6.76117775354417e-02 
 -4.21933927935582e-03  -1.99286322253219e-02   0.00000000000000e+00   6.87022900763359e-02 
 -4.25205358873831e-03  -1.99706581602141e-02   0.00000000000000e+00   6.97928026172301e-02 
 -4.28593107517071e-03  -2.00128754160621e-02   0.00000000000000e+00   7.08833151581243e-02 
 -4.32119093670555e-03  -2.00551175932848e-02   0.00000000000000e+00   7.19738276990185e-02 
 -4.35795286282893e-03  -2.00973067956874e-02   0.00000000000000e+00   7.30643402399128e-02 
 -4.39600587386019e-03  -2.01396592257857e-02   0.00000000000000e+00   7.41548527808070e-02 
 -4.43507039255675e-03  -2.01824520970892e-02   0.00000000000000e+00   7.52453653217012e-02 
 -4.47487215221874e-03  -2.02259570148970e-02   0.00000000000000e+00   7.63358778625954e-02 
 -4.51553525694944e-03  -2.02700248841271e-02   0.00000000000000e+00   7.74263904034896e-02 
 -4.55784533931467e-03  -2.03138083277023e-02   0.00000000000000e+00   7.85169029443839e-02 
 -4.60224152386202e-03  -2.03568457067455e-02   0.00000000000000e+00   7.96074154852781e-02 
 -4.64852433563118e-03  -2.03993806001725e-02   0.00000000000000e+00   8.06979280261723e-02 
 -4.69643907104856e-03  -2.04417175769253e-02   0.00000000000000e+00   8.17884405670665e-02 
 -4.74573102654057e-03  -2.04841612059461e-02   0.00000000000000e+00   8.28789531079607e-02 
 -4.79614549853360e-03  -2.05270160561769e-02   0.00000000000000e+00   8.39694656488550e-02 
 -4.84742778345407e-03  -2.05705866965599e-02   0.00000000000000e+00   8.50599781897492e-02 
 -4.89948963203170e-03  -2.06149686977797e-02   0.00000000000000e+00   8.61504907306434e-02 
 -4.95292263440784e-03  -2.06594040313678e-02   0.00000000000000e+00   8.72410032715376e-02 
 -5.00849191963873e-03  -2.07029167752350e-02   0.00000000000000e+00   8.83315158124318e-02 
 -5.06696261683760e-03  -2.07445310072207e-02   0.00000000000000e+00   8.94220283533261e-02 
 -5.12907397594706e-03  -2.07833058499431e-02   0.00000000000000e+00   9.05125408942203e-02 
 -5.19433126841679e-03  -2.08199714418343e-02   0.00000000000000e+00   9.16030534351145e-02 
 -5.26049083761083e-03  -2.08576262660788e-02   0.00000000000000e+00   9.26935659760087e-02 
 -5.32561355607384e-03  -2.08988674552474e-02   0.00000000000000e+00   9.37840785169029e-02 
 -5.39003242767024e-03  -2.09427530811069e-02   0.00000000000000e+00   9.48745910577972e-02 
 -5.45481603518354e-03  -2.09871954812415e-02   0.00000000000000e+00   9.59651035986914e-02 
 -5.52103333665040e-03  -2.10301064087428e-02   0.00000000000000e+00   9.70556161395856e-02 
 -5.58975329010750e-03  -2.10693976167026e-02   0.00000000000000e+00   9.81461286804798e-02 
 -5.66204485359149e-03  -2.11029808582126e-02   0.00000000000000e+00   9.92366412213740e-02 
 -5.73897672610352e-03  -2.11287686173428e-02   0.00000000000000e+00   1.00327153762268e-01 
 -5.82125735299756e-03  -2.11456899862277e-02   0.00000000000000e+00   1.01417666303162e-01 
 -5.90851939576077e-03  -2.11557098362741e-02   0.00000000000000e+00   1.02508178844057e-01 
 -6.00019558603474e-03  -2.11613572255250e-02   0.00000000000000e+00   1.03598691384951e-01 
 -6.09571865546106e-03  -2.11651612120232e-02   0.00000000000000e+00   1.04689203925845e-01 
 -6.19452208607402e-03  -2.11696440785433e-02   0.00000000000000e+00   1.05779716466739e-01 
 -6.29615471586469e-03  -2.11762865631776e-02   0.00000000000000e+00   1.06870229007634e-01 
 -6.40040402096229e-03  -2.11844147490630e-02   0.00000000000000e+00   1.07960741548528e-01 
 -6.50708704932724e-03  -2.11930877163624e-02   0.00000000000000e+00   1.09051254089422e-01 
 -6.61602084891999e-03  -2.12013645452384e-02   0.00000000000000e+00   1.10141766630316e-01 
 -6.72702246770098e-03  -2.12083043158537e-02   0.00000000000000e+00   1.11232279171210e-01 
 -6.83990895363063e-03  -2.12129661083710e-02   0.00000000000000e+00   1.12322791712105e-01 
 -6.95449735466941e-03  -2.12144090029528e-02   0.00000000000000e+00   1.13413304252999e-01 
 -7.07060471877773e-03  -2.12116920797621e-02   0.00000000000000e+00   1.14503816793893e-01 
 -7.18804809391604e-03  -2.12038744189613e-02   0.00000000000000e+00   1.15594329334787e-01 
 -7.30664452804478e-03  -2.11900151007133e-02   0.00000000000000e+00   1.16684841875682e-01 
 -7.42621106912438e-03  -2.11691732051806e-02   0.00000000000000e+00   1.17775354416576e-01 
 -7.54658373266155e-03  -2.11406158731694e-02   0.00000000000000e+00   1.18865866957470e-01 
 -7.66768603764176e-03  -2.11045700971110e-02   0.00000000000000e+00   1.19956379498364e-01 
 -7.78946671980866e-03  -2.10615394795402e-02   0.00000000000000e+00   1.21046892039258e-01 
 -7.91187451725659e-03  -2.10120276487770e-02   0.00000000000000e+00   1.22137404580153e-01 
 -8.03485816807990e-03  -2.09565382331416e-02   0.00000000000000e+00   1.23227917121047e-01 
 -8.15836641037294e-03  -2.08955748609542e-02   0.00000000000000e+00   1.24318429661941e-01 
 -8.28234798223005e-03  -2.08296411605348e-02   0.00000000000000e+00   1.25408942202835e-01 
 -8.40675162174557e-03  -2.07592407602037e-02   0.00000000000000e+00   1.26499454743730e-01 
 -8.53152606701384e-03  -2.06848772882810e-02   0.00000000000000e+00   1.27589967284624e-01 
 -8.65662005612923e-03  -2.06070543730869e-02   0.00000000000000e+00   1.28680479825518e-01 
 -8.78198232718606e-03  -2.05262756429414e-02   0.00000000000000e+00   1.29770992366412e-01 
 -8.90756112099217e-03  -2.04430446620591e-02   0.00000000000000e+00   1.30861504907306e-01 
 -9.03303559660853e-03  -2.03578303070149e-02   0.00000000000000e+00   1.31952017448201e-01 
 -9.15737197345774e-03  -2.02710095485104e-02   0.00000000000000e+00   1.33042529989095e-01 
 -9.27941973339829e-03  -2.01829443084728e-02   0.00000000000000e+00   1.34133042529989e-01 
 -9.39802835828864e-03  -2.00939965088290e-02   0.00000000000000e+00   1.35223555070883e-01 
 -9.51217101721023e-03  -2.00044915419210e-02   0.00000000000000e+00   1.36314067611778e-01 
 -9.62174797834808e-03  -1.99144809921343e-02   0.00000000000000e+00   1.37404580152672e-01 
 -9.72708016976449e-03  -1.98238922068438e-02   0.00000000000000e+00   1.38495092693566e-01 
 -9.82849061624657e-03  -1.97326519141811e-02   0.00000000000000e+00   1.39585605234460e-01 
 -9.92630234258144e-03  -1.96406868422777e-02   0.00000000000000e+00   1.40676117775354e-01 
 -1.00208383735562e-02  -1.95479237192651e-02   0.00000000000000e+00   1.41766630316249e-01 
 -1.01124217339580e-02  -1.94542892732749e-02   0.00000000000000e+00   1.42857142857143e-01 
 -1.02013754485740e-02  -1.93597102324386e-02   0.00000000000000e+00   1.43947655398037e-01 
 -1.02880225421912e-02  -1.92641133248877e-02   0.00000000000000e+00   1.45038167938931e-01 
 -1.03726860395967e-02  -1.91674252787538e-02   0.00000000000000e+00   1.46128680479826e-01 
 -1.04556889655778e-02  -1.90695728221685e-02   0.00000000000000e+00   1.47219193020720e-01 
 -1.05373543449215e-02  -1.89704826832631e-02   0.00000000000000e+00   1.48309705561614e-01 
 -1.06180051888764e-02  -1.88700815892401e-02   0.00000000000000e+00   1.49400218102508e-01 
 -1.06978714150687e-02  -1.87682898771065e-02   0.00000000000000e+00   1.50490730643402e-01 
 -1.07768675070478e-02  -1.86650062316319e-02   0.00000000000000e+00   1.51581243184297e-01 
 -1.08548412037831e-02  -1.85601247560595e-02   0.00000000000000e+00   1.52671755725191e-01 
 -1.09316402442442e-02  -1.84535395536323e-02   0.00000000000000e+00   1.53762268266085e-01 
 -1.10071123674008e-02  -1.83451447275935e-02   0.00000000000000e+00   1.54852780806979e-01 
 -1.10811053122224e-02  -1.82348343811863e-02   0.00000000000000e+00   1.55943293347874e-01 
 -1.11534668176786e-02  -1.81225026176539e-02   0.00000000000000e+00   1.57033805888768e-01 
 -1.12240446227390e-02  -1.80080435402394e-02   0.00000000000000e+00   1.58124318429662e-01 
 -1.12926864663731e-02  -1.78913512521859e-02   0.00000000000000e+00   1.59214830970556e-01 
 -1.13592400875506e-02  -1.77723198567366e-02   0.00000000000000e+00   1.60305343511450e-01 
 -1.14235532252410e-02  -1.76508434571348e-02   0.00000000000000e+00   1.61395856052345e-01 
 -1.14854736184140e-02  -1.75268161566235e-02   0.00000000000000e+00   1.62486368593239e-01 
 -1.15448453293632e-02  -1.74001125973531e-02   0.00000000000000e+00   1.63576881134133e-01 
 -1.16014686318532e-02  -1.72703756434592e-02   0.00000000000000e+00   1.64667393675027e-01 
 -1.16551150436634e-02  -1.71370959501482e-02   0.00000000000000e+00   1.65757906215921e-01 
 -1.17055555800839e-02  -1.69997615128895e-02   0.00000000000000e+00   1.66848418756816e-01 
 -1.17525612564047e-02  -1.68578603271522e-02   0.00000000000000e+00   1.67938931297710e-01 
 -1.17959030879160e-02  -1.67108803884057e-02   0.00000000000000e+00   1.69029443838604e-01 
 -1.18353520899078e-02  -1.65583096921191e-02   0.00000000000000e+00   1.70119956379498e-01 
 -1.18706792776702e-02  -1.63996362337617e-02   0.00000000000000e+00   1.71210468920393e-01 
 -1.19016556664934e-02  -1.62343480088027e-02   0.00000000000000e+00   1.72300981461287e-01 
 -1.19280523463186e-02  -1.60619337869904e-02   0.00000000000000e+00   1.73391494002181e-01 
 -1.19497263769939e-02  -1.58827740131527e-02   0.00000000000000e+00   1.74482006543075e-01 
 -1.19667863164104e-02  -1.56998576557997e-02   0.00000000000000e+00   1.75572519083969e-01 
 -1.19793864696014e-02  -1.55166481702526e-02   0.00000000000000e+00   1.76663031624864e-01 
 -1.19876811416005e-02  -1.53366090118326e-02   0.00000000000000e+00   1.77753544165758e-01 
 -1.19918246374410e-02  -1.51632036358607e-02   0.00000000000000e+00   1.78844056706652e-01 
 -1.19919676510160e-02  -1.49997219306824e-02   0.00000000000000e+00   1.79934569247546e-01 
 -1.19882068796718e-02  -1.48468584777857e-02   0.00000000000000e+00   1.81025081788441e-01 
 -1.19805974729259e-02  -1.47033108908573e-02   0.00000000000000e+00   1.82115594329335e-01 
 -1.19691935126275e-02  -1.45677254668582e-02   0.00000000000000e+00   1.83206106870229e-01 
 -1.19540490806262e-02  -1.44387485027495e-02   0.00000000000000e+00   1.84296619411123e-01 
 -1.19352182587713e-02  -1.43150262954923e-02   0.00000000000000e+00   1.85387131952017e-01 
 -1.19127551289123e-02  -1.41952051420475e-02   0.00000000000000e+00   1.86477644492912e-01 
 -1.18867137728985e-02  -1.40779313393763e-02   0.00000000000000e+00   1.87568157033806e-01 
 -1.18571482725794e-02  -1.39618511844396e-02   0.00000000000000e+00   1.88658669574700e-01 
 -1.18241127098044e-02  -1.38456109741985e-02   0.00000000000000e+00   1.89749182115594e-01 
 -1.17876611664228e-02  -1.37278570056140e-02   0.00000000000000e+00   1.90839694656489e-01 
 -1.17478477242842e-02  -1.36072355756471e-02   0.00000000000000e+00   1.91930207197383e-01 
 -1.17047265601986e-02  -1.34823946078413e-02   0.00000000000000e+00   1.93020719738277e-01 
 -1.16584024787968e-02  -1.33528492301126e-02   0.00000000000000e+00   1.94111232279171e-01 
 -1.16091141232419e-02  -1.32204070917363e-02   0.00000000000000e+00   1.95201744820065e-01 
 -1.15571219985252e-02  -1.30872503134317e-02   0.00000000000000e+00   1.96292257360960e-01 
 -1.15026866096383e-02  -1.29555610159183e-02   0.00000000000000e+00   1.97382769901854e-01 
 -1.14460684615725e-02  -1.28275213199154e-02   0.00000000000000e+00   1.98473282442748e-01 
 -1.13875280593192e-02  -1.27053133461425e-02   0.00000000000000e+00   1.99563794983642e-01 
 -1.13273113207153e-02  -1.25906343510033e-02   0.00000000000000e+00   2.00654307524537e-01 
 -1.12655994704518e-02  -1.24830312470446e-02   0.00000000000000e+00   2.01744820065431e-01 
 -1.12025558050437e-02  -1.23814550298568e-02   0.00000000000000e+00   2.02835332606325e-01 
 -1.11383436203476e-02  -1.22848566731403e-02   0.00000000000000e+00   2.03925845147219e-01 
 -1.10731262122201e-02  -1.21921871505958e-02   0.00000000000000e+00   2.05016357688113e-01 
 -1.10070668020187e-02  -1.21023984554263e-02   0.00000000000000e+00   2.06106870229008e-01 
 -1.09403067161140e-02  -1.20147422095115e-02   0.00000000000000e+00   2.07197382769902e-01 
 -1.08729350268312e-02  -1.19291851212596e-02   0.00000000000000e+00   2.08287895310796e-01 
 -1.08050331767277e-02  -1.18457983109796e-02   0.00000000000000e+00   2.09378407851690e-01 
 -1.07366826083609e-02  -1.17646528989805e-02   0.00000000000000e+00   2.10468920392585e-01 
 -1.06679647642882e-02  -1.16858200055712e-02   0.00000000000000e+00   2.11559432933479e-01 
 -1.05989610870670e-02  -1.16093707510608e-02   0.00000000000000e+00   2.12649945474373e-01 
 -1.05297530192548e-02  -1.15353762557582e-02   0.00000000000000e+00   2.13740458015267e-01 
 -1.04604220034090e-02  -1.14639076399723e-02   0.00000000000000e+00   2.14830970556161e-01 
 -1.03910494820869e-02  -1.13950360240123e-02   0.00000000000000e+00   2.15921483097056e-01 
 -1.03217155747562e-02  -1.13288314564728e-02   0.00000000000000e+00   2.17011995637950e-01 
 -1.02522809427498e-02  -1.12651862229617e-02   0.00000000000000e+00   2.18102508178844e-01 
 -1.01821436449442e-02  -1.12036178970962e-02   0.00000000000000e+00   2.19193020719738e-01 
 -1.01106431338273e-02  -1.11435965808121e-02   0.00000000000000e+00   2.20283533260633e-01 
 -1.00371188618873e-02  -1.10845923760453e-02   0.00000000000000e+00   2.21374045801527e-01 
 -9.96091028161213e-03  -1.10260753847317e-02   0.00000000000000e+00   2.22464558342421e-01 
 -9.88135776046081e-03  -1.09675162677514e-02   0.00000000000000e+00   2.23555070883315e-01 
 -9.79823349521197e-03  -1.09086494851848e-02   0.00000000000000e+00   2.24645583424209e-01 
 -9.71242975499544e-03  -1.08498937354832e-02   0.00000000000000e+00   2.25736095965104e-01 
 -9.62501804311954e-03  -1.07917772090447e-02   0.00000000000000e+00   2.26826608505998e-01 
 -9.53706986289261e-03  -1.07348280962674e-02   0.00000000000000e+00   2.27917121046892e-01 
 -9.44965671762294e-03  -1.06795745875494e-02   0.00000000000000e+00   2.29007633587786e-01 
 -9.36385011061888e-03  -1.06265448732888e-02   0.00000000000000e+00   2.30098146128680e-01 
 -9.28072154518874e-03  -1.05762671438837e-02   0.00000000000000e+00   2.31188658669575e-01 
 -9.20134252464083e-03  -1.05292695897323e-02   0.00000000000000e+00   2.32279171210469e-01 
 -9.12678455228349e-03  -1.04860804012326e-02   0.00000000000000e+00   2.33369683751363e-01 
 -9.05791274501857e-03  -1.04471250088938e-02   0.00000000000000e+00   2.34460196292257e-01 
 -8.99190907067397e-03  -1.04109950015671e-02   0.00000000000000e+00   2.35550708833152e-01 
 -8.92278666201935e-03  -1.03747041706666e-02   0.00000000000000e+00   2.36641221374046e-01 
 -8.84639066547091e-03  -1.03361665595122e-02   0.00000000000000e+00   2.37731733914940e-01 
 -8.76336622175746e-03  -1.02956566040720e-02   0.00000000000000e+00   2.38822246455834e-01 
 -8.67508964233550e-03  -1.02538082928256e-02   0.00000000000000e+00   2.39912758996728e-01 
 -8.58293723866154e-03  -1.02112556142529e-02   0.00000000000000e+00   2.41003271537623e-01 
 -8.48828532219208e-03  -1.01686325568335e-02   0.00000000000000e+00   2.42093784078517e-01 
 -8.39251020438362e-03  -1.01265731090472e-02   0.00000000000000e+00   2.43184296619411e-01 
 -8.29698819669267e-03  -1.00857112593736e-02   0.00000000000000e+00   2.44274809160305e-01 
 -8.20309561057574e-03  -1.00466809962926e-02   0.00000000000000e+00   2.45365321701200e-01 
 -8.11220875748931e-03  -1.00101163082838e-02   0.00000000000000e+00   2.46455834242094e-01 
 -8.02542540063647e-03  -9.97651095417338e-03   0.00000000000000e+00   2.47546346782988e-01 
 -7.94240076235199e-03  -9.94563247388745e-03   0.00000000000000e+00   2.48636859323882e-01 
 -7.86232449742262e-03  -9.91701402650370e-03   0.00000000000000e+00   2.49727371864776e-01 
 -7.78438603099310e-03  -9.89018865549102e-03   0.00000000000000e+00   2.50817884405671e-01 
 -7.70777478820818e-03  -9.86468940431833e-03   0.00000000000000e+00   2.51908396946565e-01 
 -7.63168019421262e-03  -9.84004931645454e-03   0.00000000000000e+00   2.52998909487459e-01 
 -7.55529167415117e-03  -9.81580143536857e-03   0.00000000000000e+00   2.54089422028353e-01 
 -7.47779865579495e-03  -9.79147880623969e-03   0.00000000000000e+00   2.55179934569248e-01 
 -7.39856795360042e-03  -9.76672999341255e-03   0.00000000000000e+00   2.56270447110142e-01 
 -7.31762435431638e-03  -9.74163205117110e-03   0.00000000000000e+00   2.57360959651036e-01 
 -7.23514516870340e-03  -9.71636136169705e-03   0.00000000000000e+00   2.58451472191930e-01 
 -7.15130770752206e-03  -9.69109430717208e-03   0.00000000000000e+00   2.59541984732824e-01 
 -7.06628928153295e-03  -9.66600726977788e-03   0.00000000000000e+00   2.60632497273719e-01 
 -6.98026720149666e-03  -9.64127663169615e-03   0.00000000000000e+00   2.61723009814613e-01 
 -6.89341877817376e-03  -9.61707877510859e-03   0.00000000000000e+00   2.62813522355507e-01 
 -6.80592132232483e-03  -9.59359008219688e-03   0.00000000000000e+00   2.63904034896401e-01 
 -6.71795210978708e-03  -9.57098637869868e-03   0.00000000000000e+00   2.64994547437296e-01 
 -6.62968263937880e-03  -9.54935144347863e-03   0.00000000000000e+00   2.66085059978190e-01 
 -6.54127224038012e-03  -9.52857515471576e-03   0.00000000000000e+00   2.67175572519084e-01 
 -6.45287870152085e-03  -9.50852284456559e-03   0.00000000000000e+00   2.68266085059978e-01 
 -6.36465981153079e-03  -9.48905984518363e-03   0.00000000000000e+00   2.69356597600872e-01 
 -6.27677335913973e-03  -9.47005148872539e-03   0.00000000000000e+00   2.70447110141767e-01 
 -6.18937583557804e-03  -9.45136353547357e-03   0.00000000000000e+00   2.71537622682661e-01 
 -6.10255275614837e-03  -9.43288516516057e-03   0.00000000000000e+00   2.72628135223555e-01 
 -6.01628340388959e-03  -9.41454061026469e-03   0.00000000000000e+00   2.73718647764449e-01 
 -5.93053835157672e-03  -9.39625697733147e-03   0.00000000000000e+00   2.74809160305344e-01 
 -5.84528817198481e-03  -9.37796137290641e-03   0.00000000000000e+00   2.75899672846238e-01 
 -5.76050343788889e-03  -9.35958090353503e-03   0.00000000000000e+00   2.76990185387132e-01 
 -5.67615472206400e-03  -9.34104267576285e-03   0.00000000000000e+00   2.78080697928026e-01 
 -5.59221259728518e-03  -9.32227379613538e-03   0.00000000000000e+00   2.79171210468920e-01 
 -5.50864763632746e-03  -9.30320137119814e-03   0.00000000000000e+00   2.80261723009815e-01 
 -5.42547305263651e-03  -9.28376018993316e-03   0.00000000000000e+00   2.81352235550709e-01 
 -5.34305193577434e-03  -9.26394807741011e-03   0.00000000000000e+00   2.82442748091603e-01 
 -5.26191889509244e-03  -9.24379376088372e-03   0.00000000000000e+00   2.83533260632497e-01 
 -5.18260971916165e-03  -9.22332618006497e-03   0.00000000000000e+00   2.84623773173391e-01 
 -5.10566019655277e-03  -9.20257427466481e-03   0.00000000000000e+00   2.85714285714286e-01 
 -5.03160611583664e-03  -9.18156698439425e-03   0.00000000000000e+00   2.86804798255180e-01 
 -4.96098326558407e-03  -9.16033324896425e-03   0.00000000000000e+00   2.87895310796074e-01 
 -4.89426454854840e-03  -9.13888151544423e-03   0.00000000000000e+00   2.88985823336968e-01 
 -4.82959705102265e-03  -9.11646231560598e-03   0.00000000000000e+00   2.90076335877863e-01 
 -4.76225183150136e-03  -9.09139318573716e-03   0.00000000000000e+00   2.91166848418757e-01 
 -4.68991494054664e-03  -9.06291905761168e-03   0.00000000000000e+00   2.92257360959651e-01 
 -4.61342449387243e-03  -9.03148188383554e-03   0.00000000000000e+00   2.93347873500545e-01 
 -4.53380736186004e-03  -8.99759529804230e-03   0.00000000000000e+00   2.94438386041440e-01 
 -4.45209041489082e-03  -8.96177293386555e-03   0.00000000000000e+00   2.95528898582334e-01 
 -4.36930052334608e-03  -8.92452842493886e-03   0.00000000000000e+00   2.96619411123228e-01 
 -4.28646455760717e-03  -8.88637540489581e-03   0.00000000000000e+00   2.97709923664122e-01 
 -4.20460938805539e-03  -8.84782750736996e-03   0.00000000000000e+00   2.98800436205016e-01 
 -4.12476188507209e-03  -8.80939836599489e-03   0.00000000000000e+00   2.99890948745911e-01 
 -4.04775618062650e-03  -8.77149892796171e-03   0.00000000000000e+00   3.00981461286805e-01 
 -3.97357405848528e-03  -8.73408602960880e-03   0.00000000000000e+00   3.02071973827699e-01 
 -3.90196176330386e-03  -8.69699101763744e-03   0.00000000000000e+00   3.03162486368593e-01 
 -3.83266553176076e-03  -8.66004523449896e-03   0.00000000000000e+00   3.04252998909487e-01 
 -3.76543160053446e-03  -8.62308002264471e-03   0.00000000000000e+00   3.05343511450382e-01 
 -3.70000620630348e-03  -8.58592672452603e-03   0.00000000000000e+00   3.06434023991276e-01 
 -3.63613558574630e-03  -8.54841668259426e-03   0.00000000000000e+00   3.07524536532170e-01 
 -3.57354425088238e-03  -8.51037112680607e-03   0.00000000000000e+00   3.08615049073064e-01 
 -3.51148622523261e-03  -8.47139228195794e-03   0.00000000000000e+00   3.09705561613959e-01 
 -3.44876070497992e-03  -8.43087065771558e-03   0.00000000000000e+00   3.10796074154853e-01 
 -3.38414829500570e-03  -8.38818810977971e-03   0.00000000000000e+00   3.11886586695747e-01 
 -3.31642960019133e-03  -8.34272649385109e-03   0.00000000000000e+00   3.12977099236641e-01 
 -3.24451388049246e-03  -8.29394303736736e-03   0.00000000000000e+00   3.14067611777535e-01 
 -3.16916779277492e-03  -8.24238311164226e-03   0.00000000000000e+00   3.15158124318430e-01 
 -3.09255398638888e-03  -8.18940992108955e-03   0.00000000000000e+00   3.16248636859324e-01 
 -3.01686911933946e-03  -8.13640659387183e-03   0.00000000000000e+00   3.17339149400218e-01 
 -2.94430984963176e-03  -8.08475625815174e-03   0.00000000000000e+00   3.18429661941112e-01 
 -2.87707283527087e-03  -8.03584204209187e-03   0.00000000000000e+00   3.19520174482007e-01 
 -2.81649314101107e-03  -7.99041674428278e-03   0.00000000000000e+00   3.20610687022901e-01 
 -2.75926118664535e-03  -7.94583520602123e-03   0.00000000000000e+00   3.21701199563795e-01 
 -2.70050925166677e-03  -7.89831235495270e-03   0.00000000000000e+00   3.22791712104689e-01 
 -2.63588114304270e-03  -7.84448528228072e-03   0.00000000000000e+00   3.23882224645583e-01 
 -2.56644206525798e-03  -7.78546422873647e-03   0.00000000000000e+00   3.24972737186478e-01 
 -2.49651515341719e-03  -7.72504752622428e-03   0.00000000000000e+00   3.26063249727372e-01 
 -2.42991422960914e-03  -7.66662164790224e-03   0.00000000000000e+00   3.27153762268266e-01 
 -2.36721161975596e-03  -7.61094753444213e-03   0.00000000000000e+00   3.28244274809160e-01 
 -2.30780379138004e-03  -7.55783371001759e-03   0.00000000000000e+00   3.29334787350055e-01 
 -2.25108556365655e-03  -7.50708736368137e-03   0.00000000000000e+00   3.30425299890949e-01 
 -2.19645175576064e-03  -7.45851568448622e-03   0.00000000000000e+00   3.31515812431843e-01 
 -2.14329718686746e-03  -7.41192586148490e-03   0.00000000000000e+00   3.32606324972737e-01 
 -2.09101667615217e-03  -7.36712508373016e-03   0.00000000000000e+00   3.33696837513631e-01 
 -2.03900233190971e-03  -7.32388219415954e-03   0.00000000000000e+00   3.34787350054526e-01 
 -1.98660233617091e-03  -7.28134468712351e-03   0.00000000000000e+00   3.35877862595420e-01 
 -1.93312924916575e-03  -7.23815617720879e-03   0.00000000000000e+00   3.36968375136314e-01 
 -1.87789460403363e-03  -7.19294575053464e-03   0.00000000000000e+00   3.38058887677208e-01 
 -1.82020993391395e-03  -7.14434249322032e-03   0.00000000000000e+00   3.39149400218103e-01 
 -1.75967521284887e-03  -7.09146315650056e-03   0.00000000000000e+00   3.40239912758997e-01 
 -1.69731898712484e-03  -7.03583976919993e-03   0.00000000000000e+00   3.41330425299891e-01 
 -1.63461126608098e-03  -6.97975073878938e-03   0.00000000000000e+00   3.42420937840785e-01 
 -1.57302218786863e-03  -6.92547469052177e-03   0.00000000000000e+00   3.43511450381679e-01 
 -1.51402189063912e-03  -6.87529024964995e-03   0.00000000000000e+00   3.44601962922574e-01 
 -1.45885939485262e-03  -6.83111746096705e-03   0.00000000000000e+00   3.45692475463468e-01 
 -1.40719031772255e-03  -6.79229239117816e-03   0.00000000000000e+00   3.46782988004362e-01 
 -1.35797176490722e-03  -6.75701835006939e-03   0.00000000000000e+00   3.47873500545256e-01 
 -1.31015786914641e-03  -6.72349382632681e-03   0.00000000000000e+00   3.48964013086150e-01 
 -1.26270276317985e-03  -6.68991730863649e-03   0.00000000000000e+00   3.50054525627045e-01 
 -1.21456058553365e-03  -6.65448729687125e-03   0.00000000000000e+00   3.51145038167939e-01 
 -1.16492585239778e-03  -6.61586701520604e-03   0.00000000000000e+00   3.52235550708833e-01 
 -1.11387262203529e-03  -6.57442011442545e-03   0.00000000000000e+00   3.53326063249727e-01 
 -1.06167606584690e-03  -6.53089905915407e-03   0.00000000000000e+00   3.54416575790622e-01 
 -1.00861135523332e-03  -6.48605631401649e-03   0.00000000000000e+00   3.55507088331516e-01 
 -9.54953661595279e-04  -6.44064434363730e-03   0.00000000000000e+00   3.56597600872410e-01 
 -9.00978156333484e-04  -6.39541561264107e-03   0.00000000000000e+00   3.57688113413304e-01 
 -8.46977315312147e-04  -6.35110637168471e-03   0.00000000000000e+00   3.58778625954199e-01 
 -7.94459855526284e-04  -6.30731327559689e-03   0.00000000000000e+00   3.59869138495093e-01 
 -7.46929817142371e-04  -6.26176339766972e-03   0.00000000000000e+00   3.60959651035987e-01 
 -7.08076433502629e-04  -6.21201028855648e-03   0.00000000000000e+00   3.62050163576881e-01 
 -6.81588937949275e-04  -6.15560749891042e-03   0.00000000000000e+00   3.63140676117775e-01 
 -6.70483389610831e-04  -6.09081277749756e-03   0.00000000000000e+00   3.64231188658670e-01 
 -6.74180337741828e-04  -6.01964508558430e-03   0.00000000000000e+00   3.65321701199564e-01 
 -6.90904817194189e-04  -5.94537399530260e-03   0.00000000000000e+00   3.66412213740458e-01 
 -7.18881111154029e-04  -5.87126980708832e-03   0.00000000000000e+00   3.67502726281352e-01 
 -7.56614770799378e-04  -5.79998860479170e-03   0.00000000000000e+00   3.68593238822246e-01 
 -8.03551785865439e-04  -5.73213279756074e-03   0.00000000000000e+00   3.69683751363141e-01 
 -8.59334467982067e-04  -5.66787607827540e-03   0.00000000000000e+00   3.70774263904035e-01 
 -9.23605128779118e-04  -5.60739213981565e-03   0.00000000000000e+00   3.71864776444929e-01 
 -9.96006079886441e-04  -5.55085467506144e-03   0.00000000000000e+00   3.72955288985823e-01 
 -1.07612157117047e-03  -5.49841396278938e-03   0.00000000000000e+00   3.74045801526718e-01 
 -1.16288571215045e-03  -5.44995810487352e-03   0.00000000000000e+00   3.75136314067612e-01 
 -1.25482466283301e-03  -5.40521069264789e-03   0.00000000000000e+00   3.76226826608506e-01 
 -1.35045828237799e-03  -5.36389277655439e-03   0.00000000000000e+00   3.77317339149400e-01 
 -1.44830642994526e-03  -5.32572540703493e-03   0.00000000000000e+00   3.78407851690294e-01 
 -1.54688896469467e-03  -5.29042963453140e-03   0.00000000000000e+00   3.79498364231189e-01 
 -1.64472574578609e-03  -5.25772650948571e-03   0.00000000000000e+00   3.80588876772083e-01 
 -1.74033663237936e-03  -5.22733708233976e-03   0.00000000000000e+00   3.81679389312977e-01 
 -1.83224148363435e-03  -5.19898240353544e-03   0.00000000000000e+00   3.82769901853871e-01 
 -1.91896015871091e-03  -5.17238352351467e-03   0.00000000000000e+00   3.83860414394766e-01 
 -1.99974010903983e-03  -5.14729659569725e-03   0.00000000000000e+00   3.84950926935660e-01 
 -2.07826536365882e-03  -5.12369181795057e-03   0.00000000000000e+00   3.86041439476554e-01 
 -2.15984633476537e-03  -5.10161943679604e-03   0.00000000000000e+00   3.87131952017448e-01 
 -2.24700729113480e-03  -5.08109199898705e-03   0.00000000000000e+00   3.88222464558342e-01 
 -2.33792030800440e-03  -5.06206299525263e-03   0.00000000000000e+00   3.89312977099237e-01 
 -2.43037967686507e-03  -5.04448079007784e-03   0.00000000000000e+00   3.90403489640131e-01 
 -2.52217968920771e-03  -5.02829374794771e-03   0.00000000000000e+00   3.91494002181025e-01 
 -2.61111463652324e-03  -5.01345023334728e-03   0.00000000000000e+00   3.92584514721919e-01 
 -2.69497881030255e-03  -4.99989861076158e-03   0.00000000000000e+00   3.93675027262814e-01 
 -2.77156650203655e-03  -4.98758724467564e-03   0.00000000000000e+00   3.94765539803708e-01 
 -2.83882533230414e-03  -4.97645571877712e-03   0.00000000000000e+00   3.95856052344602e-01 
 -2.90020540025839e-03  -4.96612850270586e-03   0.00000000000000e+00   3.96946564885496e-01 
 -2.96579149648489e-03  -4.95585358314689e-03   0.00000000000000e+00   3.98037077426390e-01 
 -3.03988113226634e-03  -4.94529378583745e-03   0.00000000000000e+00   3.99127589967285e-01 
 -3.12039562146754e-03  -4.93456255132894e-03   0.00000000000000e+00   4.00218102508179e-01 
 -3.20496678389417e-03  -4.92379377912396e-03   0.00000000000000e+00   4.01308615049073e-01 
 -3.29122643935193e-03  -4.91312136872511e-03   0.00000000000000e+00   4.02399127589967e-01 
 -3.37680640764650e-03  -4.90267921963497e-03   0.00000000000000e+00   4.03489640130862e-01 
 -3.45933850858357e-03  -4.89260123135613e-03   0.00000000000000e+00   4.04580152671756e-01 
 -3.53645456196883e-03  -4.88302130339119e-03   0.00000000000000e+00   4.05670665212650e-01 
 -3.60596495419732e-03  -4.87406044513758e-03   0.00000000000000e+00   4.06761177753544e-01 
 -3.66901949247468e-03  -4.86559860474175e-03   0.00000000000000e+00   4.07851690294438e-01 
 -3.72972956483434e-03  -4.85730194406215e-03   0.00000000000000e+00   4.08942202835333e-01 
 -3.79230812908434e-03  -4.84882928616904e-03   0.00000000000000e+00   4.10032715376227e-01 
 -3.85978041874911e-03  -4.83991774385661e-03   0.00000000000000e+00   4.11123227917121e-01 
 -3.93171788532952e-03  -4.83053208851367e-03   0.00000000000000e+00   4.12213740458015e-01 
 -4.00706768411056e-03  -4.82067824247544e-03   0.00000000000000e+00   4.13304252998909e-01 
 -4.08477697037717e-03  -4.81036212807716e-03   0.00000000000000e+00   4.14394765539804e-01 
 -4.16379289941434e-03  -4.79958966765408e-03   0.00000000000000e+00   4.15485278080698e-01 
 -4.24306262650703e-03  -4.78836678354143e-03   0.00000000000000e+00   4.16575790621592e-01 
 -4.32153330694021e-03  -4.77669939807446e-03   0.00000000000000e+00   4.17666303162486e-01 
 -4.39814656364279e-03  -4.76461166504720e-03   0.00000000000000e+00   4.18756815703381e-01 
 -4.47176571030105e-03  -4.75238580040948e-03   0.00000000000000e+00   4.19847328244275e-01 
 -4.54119639837721e-03  -4.74049526978902e-03   0.00000000000000e+00   4.20937840785169e-01 
 -4.60595871621953e-03  -4.72919080902510e-03   0.00000000000000e+00   4.22028353326063e-01 
 -4.66775854615726e-03  -4.71802922241922e-03   0.00000000000000e+00   4.23118865866958e-01 
 -4.72871752055986e-03  -4.70643532467679e-03   0.00000000000000e+00   4.24209378407852e-01 
 -4.79095727179678e-03  -4.69383393050321e-03   0.00000000000000e+00   4.25299890948746e-01 
 -4.85659943223750e-03  -4.67964985460387e-03   0.00000000000000e+00   4.26390403489640e-01 
 -4.92776235774867e-03  -4.66330881566785e-03   0.00000000000000e+00   4.27480916030534e-01 
 -5.00533922025699e-03  -4.64457455934075e-03   0.00000000000000e+00   4.28571428571429e-01 
 -5.08716677291659e-03  -4.62405409398319e-03   0.00000000000000e+00   4.29661941112323e-01 
 -5.17061305119361e-03  -4.60248374667143e-03   0.00000000000000e+00   4.30752453653217e-01 
 -5.25304609055421e-03  -4.58059984448173e-03   0.00000000000000e+00   4.31842966194111e-01 
 -5.33183392646456e-03  -4.55913871449034e-03   0.00000000000000e+00   4.32933478735005e-01 
 -5.40504787896315e-03  -4.53858087569038e-03   0.00000000000000e+00   4.34023991275900e-01 
 -5.47435003443509e-03  -4.51810076545132e-03   0.00000000000000e+00   4.35114503816794e-01 
 -5.54254550122490e-03  -4.49645706588800e-03   0.00000000000000e+00   4.36205016357688e-01 
 -5.61243987015502e-03  -4.47240828362196e-03   0.00000000000000e+00   4.37295528898582e-01 
 -5.68665500267486e-03  -4.44479906953313e-03   0.00000000000000e+00   4.38386041439477e-01 
 -5.76526527929623e-03  -4.41366849895587e-03   0.00000000000000e+00   4.39476553980371e-01 
 -5.84648230023895e-03  -4.37992903956329e-03   0.00000000000000e+00   4.40567066521265e-01 
 -5.92847509684883e-03  -4.34451311808037e-03   0.00000000000000e+00   4.41657579062159e-01 
 -6.00941270047167e-03  -4.30835316123208e-03   0.00000000000000e+00   4.42748091603053e-01 
 -6.08781425700654e-03  -4.27219250652598e-03   0.00000000000000e+00   4.43838604143948e-01 
 -6.16375545026889e-03  -4.23593383936396e-03   0.00000000000000e+00   4.44929116684842e-01 
 -6.23774437138380e-03  -4.19924631141154e-03   0.00000000000000e+00   4.46019629225736e-01 
 -6.31028912847376e-03  -4.16179906515434e-03   0.00000000000000e+00   4.47110141766630e-01 
 -6.38189782966126e-03  -4.12326124307794e-03   0.00000000000000e+00   4.48200654307525e-01 
 -6.45307858306877e-03  -4.08330198766796e-03   0.00000000000000e+00   4.49291166848419e-01 
 -6.52433949681878e-03  -4.04159044141001e-03   0.00000000000000e+00   4.50381679389313e-01 
 -6.59618600174497e-03  -3.99779732459924e-03   0.00000000000000e+00   4.51472191930207e-01 
 -6.66888674697092e-03  -3.95173290035568e-03   0.00000000000000e+00   4.52562704471101e-01 
 -6.74229122781314e-03  -3.90345445217215e-03   0.00000000000000e+00   4.53653217011996e-01 
 -6.81620601546326e-03  -3.85304456006310e-03   0.00000000000000e+00   4.54743729552890e-01 
 -6.89043768111291e-03  -3.80058580404292e-03   0.00000000000000e+00   4.55834242093784e-01 
 -6.96479279595371e-03  -3.74616076412604e-03   0.00000000000000e+00   4.56924754634678e-01 
 -7.03907793340016e-03  -3.68985202375627e-03   0.00000000000000e+00   4.58015267175573e-01 
 -7.11311345523770e-03  -3.63176343867316e-03   0.00000000000000e+00   4.59105779716467e-01 
 -7.18676615941999e-03  -3.57207050497946e-03   0.00000000000000e+00   4.60196292257361e-01 
 -7.25991260904552e-03  -3.51096378415803e-03   0.00000000000000e+00   4.61286804798255e-01 
 -7.33242936721278e-03  -3.44863383769169e-03   0.00000000000000e+00   4.62377317339149e-01 
 -7.40419299702027e-03  -3.38527122706329e-03   0.00000000000000e+00   4.63467829880044e-01 
 -7.47508006156647e-03  -3.32106651375567e-03   0.00000000000000e+00   4.64558342420938e-01 
 -7.54496712394987e-03  -3.25621025925166e-03   0.00000000000000e+00   4.65648854961832e-01 
 -7.61373074726898e-03  -3.19089302503410e-03   0.00000000000000e+00   4.66739367502726e-01 
 -7.68124826624142e-03  -3.12530423601917e-03   0.00000000000000e+00   4.67829880043621e-01 
 -7.74759905174836e-03  -3.05933572527220e-03   0.00000000000000e+00   4.68920392584515e-01 
 -7.81333377480107e-03  -2.99218511807139e-03   0.00000000000000e+00   4.70010905125409e-01 
 -7.87907018466989e-03  -2.92295123588223e-03   0.00000000000000e+00   4.71101417666303e-01 
 -7.94542603062512e-03  -2.85073290017022e-03   0.00000000000000e+00   4.72191930207197e-01 
 -8.01301906193707e-03  -2.77462893240085e-03   0.00000000000000e+00   4.73282442748092e-01 
 -8.08246702787608e-03  -2.69373815403962e-03   0.00000000000000e+00   4.74372955288986e-01 
 -8.15421423555493e-03  -2.60734352863926e-03   0.00000000000000e+00   4.75463467829880e-01 
 -8.22742829567806e-03  -2.51608347764570e-03   0.00000000000000e+00   4.76553980370774e-01 
 -8.30070660867813e-03  -2.42120180997879e-03   0.00000000000000e+00   4.77644492911668e-01 
 -8.37264392808721e-03  -2.32394514475054e-03   0.00000000000000e+00   4.78735005452563e-01 
 -8.44183500743740e-03  -2.22556010107300e-03   0.00000000000000e+00   4.79825517993457e-01 
 -8.50689822503593e-03  -2.12727113996287e-03   0.00000000000000e+00   4.80916030534351e-01 
 -8.56731030022077e-03  -2.02949766917087e-03   0.00000000000000e+00   4.82006543075245e-01 
 -8.62362940876261e-03  -1.93164477929175e-03   0.00000000000000e+00   4.83097055616140e-01 
 -8.67648272245240e-03  -1.83305284832996e-03   0.00000000000000e+00   4.84187568157034e-01 
 -8.72649741308111e-03  -1.73306225428998e-03   0.00000000000000e+00   4.85278080697928e-01 
 -8.77430065243969e-03  -1.63101337517624e-03   0.00000000000000e+00   4.86368593238822e-01 
 -8.82051961231911e-03  -1.52624658899320e-03   0.00000000000000e+00   4.87459105779716e-01 
 -8.86578146451030e-03  -1.41810227374532e-03   0.00000000000000e+00   4.88549618320611e-01 
 -8.91051180476673e-03  -1.30597611727883e-03   0.00000000000000e+00   4.89640130861505e-01 
 -8.95410240316680e-03  -1.18954747575305e-03   0.00000000000000e+00   4.90730643402399e-01 
 -8.99561449992279e-03  -1.06858639842167e-03   0.00000000000000e+00   4.91821155943293e-01 
 -9.03410918852815e-03  -9.42862974796162e-04   0.00000000000000e+00   4.92911668484188e-01 
 -9.06864756247630e-03  -8.12147294387969e-04   0.00000000000000e+00   4.94002181025082e-01 
 -9.09829071526068e-03  -6.76209446708548e-04   0.00000000000000e+00   4.95092693565976e-01 
 -9.12209974037473e-03  -5.34819521269344e-04   0.00000000000000e+00   4.96183206106870e-01 
 -9.13914150932335e-03  -3.87755156770245e-04   0.00000000000000e+00   4.97273718647764e-01 
 -9.14896920227260e-03  -2.35429372393723e-04   0.00000000000000e+00   4.98364231188659e-01 
 -9.15198338225793e-03  -7.93623247834246e-05   0.00000000000000e+00   4.99454743729553e-01 
 -9.14866966203293e-03   7.88147087743241e-05   0.00000000000000e+00   5.00545256270447e-01 
 -9.13951365435119e-03   2.37470450993197e-04   0.00000000000000e+00   5.01635768811341e-01 
 -9.12500097196630e-03   3.94973624586883e-04   0.00000000000000e+00   5.02726281352236e-01 
 -9.10561722763186e-03   5.49692952269025e-04   0.00000000000000e+00   5.03816793893130e-01 
 -9.08184803410146e-03   6.99997156753311e-04   0.00000000000000e+00   5.04907306434024e-01 
 -9.05417900412869e-03   8.44254960753416e-04   0.00000000000000e+00   5.05997818974918e-01 
 -9.02309575046715e-03   9.80835086983013e-04   0.00000000000000e+00   5.07088331515812e-01 
 -8.98901572576051e-03   1.10849055365227e-03   0.00000000000000e+00   5.08178844056707e-01 
 -8.95201767450069e-03   1.22788405924490e-03   0.00000000000000e+00   5.09269356597601e-01 
 -8.91207533017698e-03   1.34027036783038e-03   0.00000000000000e+00   5.10359869138495e-01 
 -8.86916239428500e-03   1.44690442386248e-03   0.00000000000000e+00   5.11450381679389e-01 
 -8.82325256832036e-03   1.54904117179499e-03   0.00000000000000e+00   5.12540894220284e-01 
 -8.77431955377871e-03   1.64793555608170e-03   0.00000000000000e+00   5.13631406761178e-01 
 -8.72233705215565e-03   1.74484252117639e-03   0.00000000000000e+00   5.14721919302072e-01 
 -8.66727876494683e-03   1.84101701153285e-03   0.00000000000000e+00   5.15812431842966e-01 
 -8.60911839364785e-03   1.93771397160487e-03   0.00000000000000e+00   5.16902944383860e-01 
 -8.54782963975436e-03   2.03618834584623e-03   0.00000000000000e+00   5.17993456924755e-01 
 -8.48338620476196e-03   2.13769507871072e-03   0.00000000000000e+00   5.19083969465649e-01 
 -8.41590219395092e-03   2.24294925731181e-03   0.00000000000000e+00   5.20174482006543e-01 
 -8.34646997454115e-03   2.34890451824193e-03   0.00000000000000e+00   5.21264994547437e-01 
 -8.27659780409299e-03   2.45091519212744e-03   0.00000000000000e+00   5.22355507088332e-01 
 -8.20740705083807e-03   2.54561183384938e-03   0.00000000000000e+00   5.23446019629226e-01 
 -8.13888956094574e-03   2.63335336422306e-03   0.00000000000000e+00   5.24536532170120e-01 
 -8.07083300502582e-03   2.71517265389269e-03   0.00000000000000e+00   5.25627044711014e-01 
 -8.00302505368816e-03   2.79210257350246e-03   0.00000000000000e+00   5.26717557251908e-01 
 -7.93525337754260e-03   2.86517599369659e-03   0.00000000000000e+00   5.27808069792803e-01 
 -7.86730564719896e-03   2.93542578511927e-03   0.00000000000000e+00   5.28898582333697e-01 
 -7.79896953326711e-03   3.00388481841471e-03   0.00000000000000e+00   5.29989094874591e-01 
 -7.73003270635687e-03   3.07158596422712e-03   0.00000000000000e+00   5.31079607415485e-01 
 -7.66028309432072e-03   3.13956103581076e-03   0.00000000000000e+00   5.32170119956380e-01 
 -7.58962589403455e-03   3.20835981479550e-03   0.00000000000000e+00   5.33260632497274e-01 
 -7.51826878046643e-03   3.27728875356814e-03   0.00000000000000e+00   5.34351145038168e-01 
 -7.44646753882402e-03   3.34545654848187e-03   0.00000000000000e+00   5.35441657579062e-01 
 -7.37447795431499e-03   3.41197189588982e-03   0.00000000000000e+00   5.36532170119956e-01 
 -7.30255581214700e-03   3.47594349214518e-03   0.00000000000000e+00   5.37622682660851e-01 
 -7.23095689752773e-03   3.53648003360106e-03   0.00000000000000e+00   5.38713195201745e-01 
 -7.15987557607296e-03   3.59295124875867e-03   0.00000000000000e+00   5.39803707742639e-01 
 -7.08910789945187e-03   3.64641969314585e-03   0.00000000000000e+00   5.40894220283533e-01 
 -7.01829203124586e-03   3.69861623972445e-03   0.00000000000000e+00   5.41984732824427e-01 
 -6.94715948644072e-03   3.75061699704556e-03   0.00000000000000e+00   5.43075245365322e-01 
 -6.87561172324610e-03   3.80230816438558e-03   0.00000000000000e+00   5.44165757906216e-01 
 -6.80356812870829e-03   3.85345040680708e-03   0.00000000000000e+00   5.45256270447110e-01 
 -6.73094808987358e-03   3.90380438937266e-03   0.00000000000000e+00   5.46346782988004e-01 
 -6.65767099378827e-03   3.95313077714489e-03   0.00000000000000e+00   5.47437295528899e-01 
 -6.58365622749866e-03   4.00119023518634e-03   0.00000000000000e+00   5.48527808069793e-01 
 -6.50882317805102e-03   4.04774342855961e-03   0.00000000000000e+00   5.49618320610687e-01 
 -6.43309123249166e-03   4.09255102232728e-03   0.00000000000000e+00   5.50708833151581e-01 
 -6.35641848638236e-03   4.13540193490191e-03   0.00000000000000e+00   5.51799345692475e-01 
 -6.27903937997396e-03   4.17628678871683e-03   0.00000000000000e+00   5.52889858233370e-01 
 -6.20130850250838e-03   4.21528390296801e-03   0.00000000000000e+00   5.53980370774264e-01 
 -6.12358093486275e-03   4.25247195569601e-03   0.00000000000000e+00   5.55070883315158e-01 
 -6.04621175791422e-03   4.28792962494137e-03   0.00000000000000e+00   5.56161395856052e-01 
 -5.96955605253991e-03   4.32173558874465e-03   0.00000000000000e+00   5.57251908396947e-01 
 -5.89396889961696e-03   4.35396852514641e-03   0.00000000000000e+00   5.58342420937841e-01 
 -5.81980538002251e-03   4.38470711218721e-03   0.00000000000000e+00   5.59432933478735e-01 
 -5.74738567424073e-03   4.41402851173564e-03   0.00000000000000e+00   5.60523446019629e-01 
 -5.67644740266837e-03   4.44198457759939e-03   0.00000000000000e+00   5.61613958560523e-01 
 -5.60624671135430e-03   4.46860624697620e-03   0.00000000000000e+00   5.62704471101418e-01 
 -5.53602529356649e-03   4.49392382919407e-03   0.00000000000000e+00   5.63794983642312e-01 
 -5.46502484257289e-03   4.51796763358099e-03   0.00000000000000e+00   5.64885496183206e-01 
 -5.39248705164143e-03   4.54076796946494e-03   0.00000000000000e+00   5.65976008724100e-01 
 -5.31765986197993e-03   4.56235562882997e-03   0.00000000000000e+00   5.67066521264995e-01 
 -5.24041802202412e-03   4.58280982478900e-03   0.00000000000000e+00   5.68157033805889e-01 
 -5.16178968090795e-03   4.60229887115668e-03   0.00000000000000e+00   5.69247546346783e-01 
 -5.08292699654006e-03   4.62100066147903e-03   0.00000000000000e+00   5.70338058887677e-01 
 -5.00498212682907e-03   4.63909308930209e-03   0.00000000000000e+00   5.71428571428572e-01 
 -4.92910722456774e-03   4.65675404505868e-03   0.00000000000000e+00   5.72519083969466e-01 
 -4.85620336249449e-03   4.67400862945930e-03   0.00000000000000e+00   5.73609596510360e-01 
 -4.78624835930362e-03   4.69032011551578e-03   0.00000000000000e+00   5.74700109051254e-01 
 -4.71897955804740e-03   4.70505062602122e-03   0.00000000000000e+00   5.75790621592148e-01 
 -4.65356702622251e-03   4.71812229873186e-03   0.00000000000000e+00   5.76881134133043e-01 
 -4.58865664310199e-03   4.72997475051239e-03   0.00000000000000e+00   5.77971646673937e-01 
 -4.52287460522874e-03   4.74106702903722e-03   0.00000000000000e+00   5.79062159214831e-01 
 -4.45484710914567e-03   4.75185818198078e-03   0.00000000000000e+00   5.80152671755725e-01 
 -4.38320035139570e-03   4.76280725701748e-03   0.00000000000000e+00   5.81243184296619e-01 
 -4.30679930290436e-03   4.77431616714919e-03   0.00000000000000e+00   5.82333696837514e-01 
 -4.22669514847494e-03   4.78626370136148e-03   0.00000000000000e+00   5.83424209378408e-01 
 -4.14511221775761e-03   4.79824793491366e-03   0.00000000000000e+00   5.84514721919302e-01 
 -4.06428604591674e-03   4.80986426177495e-03   0.00000000000000e+00   5.85605234460196e-01 
 -3.98645216811670e-03   4.82070807591459e-03   0.00000000000000e+00   5.86695747001091e-01 
 -3.91359592761246e-03   4.83042313393754e-03   0.00000000000000e+00   5.87786259541985e-01 
 -3.84506698029033e-03   4.83916267650211e-03   0.00000000000000e+00   5.88876772082879e-01 
 -3.77863570377210e-03   4.84738522216152e-03   0.00000000000000e+00   5.89967284623773e-01 
 -3.71205109918013e-03   4.85555342159244e-03   0.00000000000000e+00   5.91057797164667e-01 
 -3.64306216763681e-03   4.86412992547154e-03   0.00000000000000e+00   5.92148309705562e-01 
 -3.56941958293332e-03   4.87357704449428e-03   0.00000000000000e+00   5.93238822246456e-01 
 -3.48999835053165e-03   4.88412856135759e-03   0.00000000000000e+00   5.94329334787350e-01 
 -3.40674769869423e-03   4.89539340223096e-03   0.00000000000000e+00   5.95419847328244e-01 
 -3.32213751316768e-03   4.90687466613706e-03   0.00000000000000e+00   5.96510359869138e-01 
 -3.23863767969861e-03   4.91807545209860e-03   0.00000000000000e+00   5.97600872410033e-01 
 -3.15871808403368e-03   4.92849885913824e-03   0.00000000000000e+00   5.98691384950927e-01 
 -3.08438355448401e-03   4.93776433610733e-03   0.00000000000000e+00   5.99781897491821e-01 
 -3.01412364975499e-03   4.94637079530644e-03   0.00000000000000e+00   6.00872410032715e-01 
 -2.94482124372118e-03   4.95521911552568e-03   0.00000000000000e+00   6.01962922573610e-01 
 -2.87335093999327e-03   4.96521224464104e-03   0.00000000000000e+00   6.03053435114504e-01 
 -2.79660948855767e-03   4.97724657930281e-03   0.00000000000000e+00   6.04143947655398e-01 
 -2.71337117843801e-03   4.99166311232572e-03   0.00000000000000e+00   6.05234460196292e-01 
 -2.62568951601685e-03   5.00783279549595e-03   0.00000000000000e+00   6.06324972737187e-01 
 -2.53594811768829e-03   5.02502892917253e-03   0.00000000000000e+00   6.07415485278081e-01 
 -2.44653059984638e-03   5.04252481371446e-03   0.00000000000000e+00   6.08505997818975e-01 
 -2.35981992627080e-03   5.05959400898341e-03   0.00000000000000e+00   6.09596510359869e-01 
 -2.27723743283595e-03   5.07589245222465e-03   0.00000000000000e+00   6.10687022900763e-01 
 -2.19731555342996e-03   5.09222481064113e-03   0.00000000000000e+00   6.11777535441658e-01 
 -2.11804646449007e-03   5.10961057697219e-03   0.00000000000000e+00   6.12868047982552e-01 
 -2.03742234245351e-03   5.12906924395718e-03   0.00000000000000e+00   6.13958560523446e-01 
 -1.95343536375750e-03   5.15162030433542e-03   0.00000000000000e+00   6.15049073064340e-01 
 -1.86446554272695e-03   5.17810058907280e-03   0.00000000000000e+00   6.16139585605235e-01 
 -1.77110091089654e-03   5.20830700922984e-03   0.00000000000000e+00   6.17230098146129e-01 
 -1.67470977930564e-03   5.24166898408079e-03   0.00000000000000e+00   6.18320610687023e-01 
 -1.57666135443292e-03   5.27761551117078e-03   0.00000000000000e+00   6.19411123227917e-01 
 -1.47832484275703e-03   5.31557558804493e-03   0.00000000000000e+00   6.20501635768811e-01 
 -1.38106945075667e-03   5.35497821224837e-03   0.00000000000000e+00   6.21592148309706e-01 
 -1.28626050954416e-03   5.39526372090647e-03   0.00000000000000e+00   6.22682660850600e-01 
 -1.19501982331150e-03   5.43658502715210e-03   0.00000000000000e+00   6.23773173391494e-01 
 -1.10808526190535e-03   5.48021846161350e-03   0.00000000000000e+00   6.24863685932388e-01 
 -1.02616090090544e-03   5.52753923919736e-03   0.00000000000000e+00   6.25954198473282e-01 
 -9.49950815891477e-04   5.57992257481037e-03   0.00000000000000e+00   6.27044711014177e-01 
 -8.80159082443204e-04   5.63874368335921e-03   0.00000000000000e+00   6.28135223555071e-01 
 -8.17494744172946e-04   5.70535727121386e-03   0.00000000000000e+00   6.29225736095965e-01 
 -7.63083849226554e-04   5.77939660821824e-03   0.00000000000000e+00   6.30316248636859e-01 
 -7.18778433327241e-04   5.85749801470450e-03   0.00000000000000e+00   6.31406761177754e-01 
 -6.86503316432330e-04   5.93599735038860e-03   0.00000000000000e+00   6.32497273718648e-01 
 -6.68183318499126e-04   6.01123047498650e-03   0.00000000000000e+00   6.33587786259542e-01 
 -6.65676952868518e-04   6.07961160739112e-03   0.00000000000000e+00   6.34678298800436e-01 
 -6.78807852339150e-04   6.13995972748350e-03   0.00000000000000e+00   6.35768811341330e-01 
 -7.05033348859606e-04   6.19389023874424e-03   0.00000000000000e+00   6.36859323882225e-01 
 -7.41677710253616e-04   6.24317579585848e-03   0.00000000000000e+00   6.37949836423119e-01 
 -7.86065204344907e-04   6.28958905351134e-03   0.00000000000000e+00   6.39040348964013e-01 
 -8.35520098957213e-04   6.33490266638795e-03   0.00000000000000e+00   6.40130861504907e-01 
 -8.87399423427203e-04   6.38085014065173e-03   0.00000000000000e+00   6.41221374045802e-01 
 -9.40091880728455e-04   6.42793217927265e-03   0.00000000000000e+00   6.42311886586696e-01 
 -9.93201107855045e-04   6.47519769418260e-03   0.00000000000000e+00   6.43402399127590e-01 
 -1.04640046283538e-03   6.52161228384038e-03   0.00000000000000e+00   6.44492911668484e-01 
 -1.09936330369788e-03   6.56614154670478e-03   0.00000000000000e+00   6.45583424209378e-01 
 -1.15176298847095e-03   6.60775108123461e-03   0.00000000000000e+00   6.46673936750273e-01 
 -1.20327287518300e-03   6.64540648588867e-03   0.00000000000000e+00   6.47764449291167e-01 
 -1.25360463417769e-03   6.67835818859774e-03   0.00000000000000e+00   6.48854961832061e-01 
 -1.30283172279566e-03   6.70854629027829e-03   0.00000000000000e+00   6.49945474372955e-01 
 -1.35122661087803e-03   6.73939043243495e-03   0.00000000000000e+00   6.51035986913850e-01 
 -1.39906583101975e-03   6.77432105527348e-03   0.00000000000000e+00   6.52126499454744e-01 
 -1.44723425032543e-03   6.81538153921078e-03   0.00000000000000e+00   6.53217011995638e-01 
 -1.49807849527194e-03   6.86128231607399e-03   0.00000000000000e+00   6.54307524536532e-01 
 -1.55364521253094e-03   6.91036475625371e-03   0.00000000000000e+00   6.55398037077426e-01 
 -1.61337525742647e-03   6.96158394486478e-03   0.00000000000000e+00   6.56488549618321e-01 
 -1.67588732575203e-03   7.01408860163905e-03   0.00000000000000e+00   6.57579062159215e-01 
 -1.73979980091954e-03   7.06702751988032e-03   0.00000000000000e+00   6.58669574700109e-01 
 -1.80373106634094e-03   7.11954949289239e-03   0.00000000000000e+00   6.59760087241003e-01 
 -1.86629950542816e-03   7.17080331397906e-03   0.00000000000000e+00   6.60850599781898e-01 
 -1.92612350159313e-03   7.21993777644415e-03   0.00000000000000e+00   6.61941112322792e-01 
 -1.98182661255450e-03   7.26610534943575e-03   0.00000000000000e+00   6.63031624863686e-01 
 -2.03298798869125e-03   7.30913735823457e-03   0.00000000000000e+00   6.64122137404580e-01 
 -2.08125327113110e-03   7.35033316986743e-03   0.00000000000000e+00   6.65212649945474e-01 
 -2.12853782401179e-03   7.39118376346439e-03   0.00000000000000e+00   6.66303162486369e-01 
 -2.17675701147105e-03   7.43318011815547e-03   0.00000000000000e+00   6.67393675027263e-01 
 -2.22782619764662e-03   7.47781321307072e-03   0.00000000000000e+00   6.68484187568157e-01 
 -2.28366074667625e-03   7.52657402734018e-03   0.00000000000000e+00   6.69574700109051e-01 
 -2.34595313306863e-03   7.58076663397466e-03   0.00000000000000e+00   6.70665212649945e-01 
 -2.41370343673128e-03   7.63943737408181e-03   0.00000000000000e+00   6.71755725190840e-01 
 -2.48412536411971e-03   7.70013460911521e-03   0.00000000000000e+00   6.72846237731734e-01 
 -2.55440055124721e-03   7.76037980756830e-03   0.00000000000000e+00   6.73936750272628e-01 
 -2.62171063412708e-03   7.81769443793454e-03   0.00000000000000e+00   6.75027262813522e-01 
 -2.68323726619183e-03   7.86959998236118e-03   0.00000000000000e+00   6.76117775354417e-01 
 -2.73749522344438e-03   7.91466287117187e-03   0.00000000000000e+00   6.77208287895311e-01 
 -2.78795976782706e-03   7.95533773735936e-03   0.00000000000000e+00   6.78298800436205e-01 
 -2.83925968530568e-03   7.99498338645952e-03   0.00000000000000e+00   6.79389312977099e-01 
 -2.89601017960374e-03   8.03694963551526e-03   0.00000000000000e+00   6.80479825517993e-01 
 -2.96062409436962e-03   8.08312881778083e-03   0.00000000000000e+00   6.81570338058888e-01 
 -3.03089750114823e-03   8.13235796661975e-03   0.00000000000000e+00   6.82660850599782e-01 
 -3.10407739751369e-03   8.18310374103257e-03   0.00000000000000e+00   6.83751363140676e-01 
 -3.17828747849287e-03   8.23422118498982e-03   0.00000000000000e+00   6.84841875681570e-01 
 -3.25261382992230e-03   8.28499169037095e-03   0.00000000000000e+00   6.85932388222465e-01 
 -3.32619175027362e-03   8.33471845070176e-03   0.00000000000000e+00   6.87022900763359e-01 
 -3.39815653801851e-03   8.38270465950805e-03   0.00000000000000e+00   6.88113413304253e-01 
 -3.46764349162862e-03   8.42825351031562e-03   0.00000000000000e+00   6.89203925845147e-01 
 -3.53378790957560e-03   8.47066819665025e-03   0.00000000000000e+00   6.90294438386041e-01 
 -3.59572509033112e-03   8.50925191203776e-03   0.00000000000000e+00   6.91384950926936e-01 
 -3.65271702828490e-03   8.54339152033455e-03   0.00000000000000e+00   6.92475463467830e-01 
 -3.70725931896897e-03   8.57460936443085e-03   0.00000000000000e+00   6.93565976008724e-01 
 -3.76513800702909e-03   8.60660415639492e-03   0.00000000000000e+00   6.94656488549618e-01 
 -3.82902936250473e-03   8.64110435025923e-03   0.00000000000000e+00   6.95747001090513e-01 
 -3.89818838811956e-03   8.67766618090533e-03   0.00000000000000e+00   6.96837513631407e-01 
 -3.97170929583542e-03   8.71574379450323e-03   0.00000000000000e+00   6.97928026172301e-01 
 -4.04868629761411e-03   8.75479133722293e-03   0.00000000000000e+00   6.99018538713195e-01 
 -4.12821360541748e-03   8.79426295523442e-03   0.00000000000000e+00   7.00109051254090e-01 
 -4.20938543120731e-03   8.83361279470771e-03   0.00000000000000e+00   7.01199563794984e-01 
 -4.29129598694545e-03   8.87229500181278e-03   0.00000000000000e+00   7.02290076335878e-01 
 -4.37304189315032e-03   8.90976540919402e-03   0.00000000000000e+00   7.03380588876772e-01 
 -4.45394765225740e-03   8.94563941270116e-03   0.00000000000000e+00   7.04471101417666e-01 
 -4.53374971963109e-03   8.97982085814366e-03   0.00000000000000e+00   7.05561613958561e-01 
 -4.61222786969144e-03   9.01224392338836e-03   0.00000000000000e+00   7.06652126499455e-01 
 -4.68916187685854e-03   9.04284278630207e-03   0.00000000000000e+00   7.07742639040349e-01 
 -4.76433151555244e-03   9.07155162475162e-03   0.00000000000000e+00   7.08833151581243e-01 
 -4.83751656019319e-03   9.09830461660380e-03   0.00000000000000e+00   7.09923664122137e-01 
 -4.90849678520088e-03   9.12303593972546e-03   0.00000000000000e+00   7.11014176663032e-01 
 -4.97705336750719e-03   9.14568024741773e-03   0.00000000000000e+00   7.12104689203926e-01 
 -5.04347977411060e-03   9.16634585306208e-03   0.00000000000000e+00   7.13195201744820e-01 
 -5.10934219900206e-03   9.18557250895725e-03   0.00000000000000e+00   7.14285714285714e-01 
 -5.17640113160118e-03   9.20396583118098e-03   0.00000000000000e+00   7.15376226826609e-01 
 -5.24641706132758e-03   9.22213143581103e-03   0.00000000000000e+00   7.16466739367503e-01 
 -5.32085613912875e-03   9.24059349231491e-03   0.00000000000000e+00   7.17557251908397e-01 
 -5.39954064431427e-03   9.25942129325739e-03   0.00000000000000e+00   7.18647764449291e-01 
 -5.48172241667222e-03   9.27852628447310e-03   0.00000000000000e+00   7.19738276990185e-01 
 -5.56665273197681e-03   9.29781975572803e-03   0.00000000000000e+00   7.20828789531080e-01 
 -5.65358286600222e-03   9.31721299678813e-03   0.00000000000000e+00   7.21919302071974e-01 
 -5.74176409452263e-03   9.33661729741936e-03   0.00000000000000e+00   7.23009814612868e-01 
 -5.83044769331224e-03   9.35594394738770e-03   0.00000000000000e+00   7.24100327153762e-01 
 -5.91888493814523e-03   9.37510423645910e-03   0.00000000000000e+00   7.25190839694656e-01 
 -6.00633700400926e-03   9.39401164898585e-03   0.00000000000000e+00   7.26281352235551e-01 
 -6.09251224461454e-03   9.41267880571303e-03   0.00000000000000e+00   7.27371864776445e-01 
 -6.17773880085667e-03   9.43125572986646e-03   0.00000000000000e+00   7.28462377317339e-01 
 -6.26239039171899e-03   9.44990254901503e-03   0.00000000000000e+00   7.29552889858233e-01 
 -6.34684073618481e-03   9.46877939072759e-03   0.00000000000000e+00   7.30643402399128e-01 
 -6.43146355323746e-03   9.48804638257302e-03   0.00000000000000e+00   7.31733914940022e-01 
 -6.51663256186026e-03   9.50786365212018e-03   0.00000000000000e+00   7.32824427480916e-01 
 -6.60272148103654e-03   9.52839132693794e-03   0.00000000000000e+00   7.33914940021810e-01 
 -6.69010402974963e-03   9.54978953459517e-03   0.00000000000000e+00   7.35005452562705e-01 
 -6.77911474563329e-03   9.57220651233032e-03   0.00000000000000e+00   7.36095965103599e-01 
 -6.86951338464472e-03   9.59561606888126e-03   0.00000000000000e+00   7.37186477644493e-01 
 -6.96062303725518e-03   9.61985949848675e-03   0.00000000000000e+00   7.38276990185387e-01 
 -7.05175589149074e-03   9.64477478682991e-03   0.00000000000000e+00   7.39367502726281e-01 
 -7.14222413537751e-03   9.67019991959385e-03   0.00000000000000e+00   7.40458015267176e-01 
 -7.23133995694154e-03   9.69597288246169e-03   0.00000000000000e+00   7.41548527808070e-01 
 -7.31841554420894e-03   9.72193166111654e-03   0.00000000000000e+00   7.42639040348964e-01 
 -7.40276308520579e-03   9.74791424124151e-03   0.00000000000000e+00   7.43729552889858e-01 
 -7.48369476795816e-03   9.77375860851972e-03   0.00000000000000e+00   7.44820065430753e-01 
 -7.56062895760534e-03   9.79932497130209e-03   0.00000000000000e+00   7.45910577971647e-01 
 -7.63463638428525e-03   9.82481937479046e-03   0.00000000000000e+00   7.47001090512541e-01 
 -7.70809312750517e-03   9.85072107132650e-03   0.00000000000000e+00   7.48091603053435e-01 
 -7.78341082947934e-03   9.87751675645881e-03   0.00000000000000e+00   7.49182115594329e-01 
 -7.86295386581343e-03   9.90568890345971e-03   0.00000000000000e+00   7.50272628135224e-01 
 -7.94762315970294e-03   9.93558925694252e-03   0.00000000000000e+00   7.51363140676118e-01 
 -8.03661041958618e-03   9.96741687917046e-03   0.00000000000000e+00   7.52453653217012e-01 
 -8.12901056321591e-03   1.00013621861970e-02   0.00000000000000e+00   7.53544165757906e-01 
 -8.22391850834488e-03   1.00376155940755e-02   0.00000000000000e+00   7.54634678298800e-01 
 -8.32042917272586e-03   1.00763675188595e-02   0.00000000000000e+00   7.55725190839695e-01 
 -8.41763747409394e-03   1.01178083765754e-02   0.00000000000000e+00   7.56815703380589e-01 
 -8.51439391459569e-03   1.01617544123045e-02   0.00000000000000e+00   7.57906215921483e-01 
 -8.60858352702912e-03   1.02065438533759e-02   0.00000000000000e+00   7.58996728462377e-01 
 -8.69785298718490e-03   1.02501500311350e-02   0.00000000000000e+00   7.60087241003272e-01 
 -8.78009467459085e-03   1.02907321751175e-02   0.00000000000000e+00   7.61177753544166e-01 
 -8.85577740258398e-03   1.03283988315005e-02   0.00000000000000e+00   7.62268266085060e-01 
 -8.92690828654327e-03   1.03644224179169e-02   0.00000000000000e+00   7.63358778625954e-01 
 -8.99551504690128e-03   1.04000909416781e-02   0.00000000000000e+00   7.64449291166848e-01 
 -9.06362540409060e-03   1.04366924100955e-02   0.00000000000000e+00   7.65539803707743e-01 
 -9.13326707854379e-03   1.04755148304802e-02   0.00000000000000e+00   7.66630316248637e-01 
 -9.20646779069343e-03   1.05178462101436e-02   0.00000000000000e+00   7.67720828789531e-01 
 -9.28525526097210e-03   1.05649745563970e-02   0.00000000000000e+00   7.68811341330425e-01 
 -9.37157419419301e-03   1.06181360387678e-02   0.00000000000000e+00   7.69901853871320e-01 
 -9.46451276356001e-03   1.06767831110302e-02   0.00000000000000e+00   7.70992366412214e-01 
 -9.55964966135992e-03   1.07381767873898e-02   0.00000000000000e+00   7.72082878953108e-01 
 -9.65234823710831e-03   1.07994436146822e-02   0.00000000000000e+00   7.73173391494002e-01 
 -9.73859798912076e-03   1.08581128427270e-02   0.00000000000000e+00   7.74263904034896e-01 
 -9.81828185807645e-03   1.09142177600956e-02   0.00000000000000e+00   7.75354416575791e-01 
 -9.89277695031653e-03   1.09687526169888e-02   0.00000000000000e+00   7.76444929116685e-01 
 -9.96346344755000e-03   1.10227136415078e-02   0.00000000000000e+00   7.77535441657579e-01 
 -1.00317215314858e-02   1.10770970617536e-02   0.00000000000000e+00   7.78625954198473e-01 
 -1.00989313838330e-02   1.11328991058272e-02   0.00000000000000e+00   7.79716466739368e-01 
 -1.01664731863005e-02   1.11911160018298e-02   0.00000000000000e+00   7.80806979280262e-01 
 -1.02357271205974e-02   1.12527439778623e-02   0.00000000000000e+00   7.81897491821156e-01 
 -1.03080733684325e-02   1.13187792620259e-02   0.00000000000000e+00   7.82988004362050e-01 
 -1.03844688450959e-02   1.13898945416926e-02   0.00000000000000e+00   7.84078516902944e-01 
 -1.04631914476131e-02   1.14647146887612e-02   0.00000000000000e+00   7.85169029443839e-01 
 -1.05414740259033e-02   1.15410657512992e-02   0.00000000000000e+00   7.86259541984733e-01 
 -1.06166260184436e-02   1.16168462120452e-02   0.00000000000000e+00   7.87350054525627e-01 
 -1.06876832460352e-02   1.16915778645384e-02   0.00000000000000e+00   7.88440567066521e-01 
 -1.07553593940845e-02   1.17663601920902e-02   0.00000000000000e+00   7.89531079607416e-01 
 -1.08204374110091e-02   1.18423578057606e-02   0.00000000000000e+00   7.90621592148310e-01 
 -1.08837002452264e-02   1.19207353166093e-02   0.00000000000000e+00   7.91712104689204e-01 
 -1.09459308451541e-02   1.20026573356965e-02   0.00000000000000e+00   7.92802617230098e-01 
 -1.10079121592096e-02   1.20892884740820e-02   0.00000000000000e+00   7.93893129770992e-01 
 -1.10704271358106e-02   1.21817933428258e-02   0.00000000000000e+00   7.94983642311887e-01 
 -1.11342587233745e-02   1.22813365529879e-02   0.00000000000000e+00   7.96074154852781e-01 
 -1.12001857776444e-02   1.23890763403386e-02   0.00000000000000e+00   7.97164667393675e-01 
 -1.12681041025295e-02   1.25047953826998e-02   0.00000000000000e+00   7.98255179934569e-01 
 -1.13359316772352e-02   1.26251954373986e-02   0.00000000000000e+00   7.99345692475463e-01 
 -1.14013220386119e-02   1.27465667582950e-02   0.00000000000000e+00   8.00436205016358e-01 
 -1.14626778032653e-02   1.28664398746451e-02   0.00000000000000e+00   8.01526717557252e-01 
 -1.15199944938745e-02   1.29849827414215e-02   0.00000000000000e+00   8.02617230098146e-01 
 -1.15734715157253e-02   1.31027008885735e-02   0.00000000000000e+00   8.03707742639040e-01 
 -1.16233082741039e-02   1.32200998460506e-02   0.00000000000000e+00   8.04798255179935e-01 
 -1.16697041742960e-02   1.33376851438022e-02   0.00000000000000e+00   8.05888767720829e-01 
 -1.17128586215876e-02   1.34559623117777e-02   0.00000000000000e+00   8.06979280261723e-01 
 -1.17529710212647e-02   1.35754368799265e-02   0.00000000000000e+00   8.08069792802617e-01 
 -1.17902407786133e-02   1.36966143781981e-02   0.00000000000000e+00   8.09160305343511e-01 
 -1.18248672989193e-02   1.38200003365417e-02   0.00000000000000e+00   8.10250817884406e-01 
 -1.18570499187761e-02   1.39461002231205e-02   0.00000000000000e+00   8.11341330425300e-01 
 -1.18868722354229e-02   1.40753154027275e-02   0.00000000000000e+00   8.12431842966194e-01 
 -1.19140654406643e-02   1.42077302641923e-02   0.00000000000000e+00   8.13522355507088e-01 
 -1.19382938965919e-02   1.43433690854310e-02   0.00000000000000e+00   8.14612868047983e-01 
 -1.19592219652973e-02   1.44822561443597e-02   0.00000000000000e+00   8.15703380588877e-01 
 -1.19765140088719e-02   1.46244157188943e-02   0.00000000000000e+00   8.16793893129771e-01 
 -1.19898343894076e-02   1.47698720869508e-02   0.00000000000000e+00   8.17884405670665e-01 
 -1.19988474689957e-02   1.49186495264453e-02   0.00000000000000e+00   8.18974918211559e-01 
 -1.20032176097279e-02   1.50707723152938e-02   0.00000000000000e+00   8.20065430752454e-01 
 -1.20026216160109e-02   1.52262482394473e-02   0.00000000000000e+00   8.21155943293348e-01 
 -1.19969834337621e-02   1.53847575052134e-02   0.00000000000000e+00   8.22246455834242e-01 
 -1.19864542339249e-02   1.55456791380393e-02   0.00000000000000e+00   8.23336968375136e-01 
 -1.19711936376434e-02   1.57083809628503e-02   0.00000000000000e+00   8.24427480916031e-01 
 -1.19513612660620e-02   1.58722308045718e-02   0.00000000000000e+00   8.25517993456925e-01 
 -1.19271167403250e-02   1.60365964881292e-02   0.00000000000000e+00   8.26608505997819e-01 
 -1.18986196815766e-02   1.62008458384478e-02   0.00000000000000e+00   8.27699018538713e-01 
 -1.18660297109611e-02   1.63643466804532e-02   0.00000000000000e+00   8.28789531079607e-01 
 -1.18295064496228e-02   1.65264668390707e-02   0.00000000000000e+00   8.29880043620502e-01 
 -1.17892095187060e-02   1.66865741392257e-02   0.00000000000000e+00   8.30970556161396e-01 
 -1.17452985393550e-02   1.68440364058435e-02   0.00000000000000e+00   8.32061068702290e-01 
 -1.16979331327141e-02   1.69982214638496e-02   0.00000000000000e+00   8.33151581243184e-01 
 -1.16472729199275e-02   1.71484971381694e-02   0.00000000000000e+00   8.34242093784079e-01 
 -1.15934775221395e-02   1.72942312537283e-02   0.00000000000000e+00   8.35332606324973e-01 
 -1.15367065604945e-02   1.74347916354516e-02   0.00000000000000e+00   8.36423118865867e-01 
 -1.14771198417667e-02   1.75695664705308e-02   0.00000000000000e+00   8.37513631406761e-01 
 -1.14148820330265e-02   1.76984770850514e-02   0.00000000000000e+00   8.38604143947655e-01 
 -1.13501630144522e-02   1.78220166449553e-02   0.00000000000000e+00   8.39694656488550e-01 
 -1.12831329225235e-02   1.79407064305608e-02   0.00000000000000e+00   8.40785169029444e-01 
 -1.12139618937203e-02   1.80550677221858e-02   0.00000000000000e+00   8.41875681570338e-01 
 -1.11428200645222e-02   1.81656218001485e-02   0.00000000000000e+00   8.42966194111232e-01 
 -1.10698775714090e-02   1.82728899447669e-02   0.00000000000000e+00   8.44056706652127e-01 
 -1.09953045508606e-02   1.83773934363591e-02   0.00000000000000e+00   8.45147219193021e-01 
 -1.09192711393565e-02   1.84796535552432e-02   0.00000000000000e+00   8.46237731733915e-01 
 -1.08419474733766e-02   1.85801915817373e-02   0.00000000000000e+00   8.47328244274809e-01 
 -1.07635036894007e-02   1.86795287961595e-02   0.00000000000000e+00   8.48418756815703e-01 
 -1.06841099239084e-02   1.87781864788278e-02   0.00000000000000e+00   8.49509269356598e-01 
 -1.06039362418770e-02   1.88766858107883e-02   0.00000000000000e+00   8.50599781897492e-01 
 -1.05230430115501e-02   1.89753956734215e-02   0.00000000000000e+00   8.51690294438386e-01 
 -1.04411596933484e-02   1.90742255255786e-02   0.00000000000000e+00   8.52780806979280e-01 
 -1.03579535988484e-02   1.91729985405131e-02   0.00000000000000e+00   8.53871319520174e-01 
 -1.02730920396262e-02   1.92715378914782e-02   0.00000000000000e+00   8.54961832061069e-01 
 -1.01862423272580e-02   1.93696667517274e-02   0.00000000000000e+00   8.56052344601963e-01 
 -1.00970717733203e-02   1.94672082945140e-02   0.00000000000000e+00   8.57142857142857e-01 
 -1.00052476893892e-02   1.95639856930915e-02   0.00000000000000e+00   8.58233369683751e-01 
 -9.91043738704109e-03   1.96598221207133e-02   0.00000000000000e+00   8.59323882224646e-01 
 -9.81230817785216e-03   1.97545407506327e-02   0.00000000000000e+00   8.60414394765540e-01 
 -9.71052737339870e-03   1.98479647561031e-02   0.00000000000000e+00   8.61504907306434e-01 
 -9.60476228525699e-03   1.99399173103779e-02   0.00000000000000e+00   8.62595419847328e-01 
 -9.49468022500330e-03   2.00302215867105e-02   0.00000000000000e+00   8.63685932388223e-01 
 -9.37995745903916e-03   2.01187027306600e-02   0.00000000000000e+00   8.64776444929117e-01 
 -9.26083127485628e-03   2.02053094530222e-02   0.00000000000000e+00   8.65866957470011e-01 
 -9.13842246993968e-03   2.02901850582066e-02   0.00000000000000e+00   8.66957470010905e-01 
 -9.01392949405107e-03   2.03734899535843e-02   0.00000000000000e+00   8.68047982551799e-01 
 -8.88855079695212e-03   2.04553845465260e-02   0.00000000000000e+00   8.69138495092694e-01 
 -8.76331342366016e-03   2.05359213636550e-02   0.00000000000000e+00   8.70229007633588e-01 
 -8.63845674277640e-03   2.06146571744853e-02   0.00000000000000e+00   8.71319520174482e-01 
 -8.51399400220712e-03   2.06910064300102e-02   0.00000000000000e+00   8.72410032715376e-01 
 -8.38993843038174e-03   2.07643835689647e-02   0.00000000000000e+00   8.73500545256271e-01 
 -8.26630325572966e-03   2.08342030300836e-02   0.00000000000000e+00   8.74591057797165e-01 
 -8.14310170668030e-03   2.08998792521019e-02   0.00000000000000e+00   8.75681570338059e-01 
 -8.02034701166307e-03   2.09608266737544e-02   0.00000000000000e+00   8.76772082878953e-01 
 -7.89805239910737e-03   2.10164597337760e-02   0.00000000000000e+00   8.77862595419847e-01 
 -7.77623109744264e-03   2.10661928709016e-02   0.00000000000000e+00   8.78953107960742e-01 
 -7.65489633509827e-03   2.11094405238661e-02   0.00000000000000e+00   8.80043620501636e-01 
 -7.53406134050366e-03   2.11456171314043e-02   0.00000000000000e+00   8.81134133042530e-01 
 -7.41373945559087e-03   2.11741378716061e-02   0.00000000000000e+00   8.82224645583424e-01 
 -7.29400207779677e-03   2.11947960955580e-02   0.00000000000000e+00   8.83315158124318e-01 
 -7.17507310487496e-03   2.12083785399342e-02   0.00000000000000e+00   8.84405670665213e-01 
 -7.05720117416162e-03   2.12158330948100e-02   0.00000000000000e+00   8.85496183206107e-01 
 -6.94063492299292e-03   2.12181076502609e-02   0.00000000000000e+00   8.86586695747001e-01 
 -6.82562298870501e-03   2.12161500963621e-02   0.00000000000000e+00   8.87677208287895e-01 
 -6.71241400863407e-03   2.12109083231891e-02   0.00000000000000e+00   8.88767720828790e-01 
 -6.60125662011625e-03   2.12033302208172e-02   0.00000000000000e+00   8.89858233369684e-01 
 -6.49239946048774e-03   2.11943636793218e-02   0.00000000000000e+00   8.90948745910578e-01 
 -6.38609116708469e-03   2.11849565887784e-02   0.00000000000000e+00   8.92039258451472e-01 
 -6.28258037724327e-03   2.11760568392622e-02   0.00000000000000e+00   8.93129770992366e-01 
 -6.18211572829964e-03   2.11686123208487e-02   0.00000000000000e+00   8.94220283533261e-01 
 -6.08494780172811e-03   2.11632438514409e-02   0.00000000000000e+00   8.95310796074155e-01 
 -5.99133884579456e-03   2.11586094856938e-02   0.00000000000000e+00   8.96401308615049e-01 
 -5.90155544082312e-03   2.11526384742338e-02   0.00000000000000e+00   8.97491821155943e-01 
 -5.81586417430882e-03   2.11432588612919e-02   0.00000000000000e+00   8.98582333696838e-01 
 -5.73453163374670e-03   2.11283986910989e-02   0.00000000000000e+00   8.99672846237732e-01 
 -5.65782440663178e-03   2.11059860078859e-02   0.00000000000000e+00   9.00763358778626e-01 
 -5.58599618212467e-03   2.10739881321346e-02   0.00000000000000e+00   9.01853871319520e-01 
 -5.51845062816126e-03   2.10329607531571e-02   0.00000000000000e+00   9.02944383860414e-01 
 -5.45322813971240e-03   2.09876108133726e-02   0.00000000000000e+00   9.04034896401309e-01 
 -5.38835725490909e-03   2.09427695928182e-02   0.00000000000000e+00   9.05125408942203e-01 
 -5.32327303308275e-03   2.09001041820907e-02   0.00000000000000e+00   9.06215921483097e-01 
 -5.25837679347308e-03   2.08591079189867e-02   0.00000000000000e+00   9.07306434023991e-01 
 -5.19408882150594e-03   2.08192314739002e-02   0.00000000000000e+00   9.08396946564886e-01 
 -5.13082940260717e-03   2.07799255172255e-02   0.00000000000000e+00   9.09487459105780e-01 
 -5.06901882220263e-03   2.07406407193567e-02   0.00000000000000e+00   9.10577971646674e-01 
 -5.00907736571817e-03   2.07008277506881e-02   0.00000000000000e+00   9.11668484187568e-01 
 -4.95142298307272e-03   2.06599403152534e-02   0.00000000000000e+00   9.12758996728462e-01 
 -4.89624775948250e-03   2.06177254975628e-02   0.00000000000000e+00   9.13849509269357e-01 
 -4.84333273411292e-03   2.05744642986022e-02   0.00000000000000e+00   9.14940021810251e-01 
 -4.79241535843511e-03   2.05304943363426e-02   0.00000000000000e+00   9.16030534351145e-01 
 -4.74323308392016e-03   2.04861532287552e-02   0.00000000000000e+00   9.17121046892039e-01 
 -4.69552336203915e-03   2.04417785938110e-02   0.00000000000000e+00   9.18211559432934e-01 
 -4.64902364426320e-03   2.03977080494811e-02   0.00000000000000e+00   9.19302071973828e-01 
 -4.60349643558826e-03   2.03542462397394e-02   0.00000000000000e+00   9.20392584514722e-01 
 -4.55895566697979e-03   2.03113668962731e-02   0.00000000000000e+00   9.21483097055616e-01 
 -4.51556037706050e-03   2.02688527684820e-02   0.00000000000000e+00   9.22573609596510e-01 
 -4.47347135886604e-03   2.02264842967096e-02   0.00000000000000e+00   9.23664122137405e-01 
 -4.43284940543208e-03   2.01840419212992e-02   0.00000000000000e+00   9.24754634678299e-01 
 -4.39385530979427e-03   2.01413060825942e-02   0.00000000000000e+00   9.25845147219193e-01 
 -4.35659993448300e-03   2.00981184813875e-02   0.00000000000000e+00   9.26935659760087e-01 
 -4.32081081347688e-03   2.00547911297449e-02   0.00000000000000e+00   9.28026172300982e-01 
 -4.28603790758622e-03   2.00118539067874e-02   0.00000000000000e+00   9.29116684841876e-01 
 -4.25183084310453e-03   1.99698370985538e-02   0.00000000000000e+00   9.30207197382770e-01 
 -4.21807506407056e-03   1.99288571156516e-02   0.00000000000000e+00   9.31297709923664e-01 
 -4.18552984639711e-03   1.98879542407480e-02   0.00000000000000e+00   9.32388222464558e-01 
 -4.15458511515946e-03   1.98466563517292e-02   0.00000000000000e+00   9.33478735005453e-01 
 -4.12495753333102e-03   1.98053635076518e-02   0.00000000000000e+00   9.34569247546347e-01 
 -4.09631821052549e-03   1.97645347799280e-02   0.00000000000000e+00   9.35659760087241e-01 
 -4.06833825635657e-03   1.97246292399701e-02   0.00000000000000e+00   9.36750272628135e-01 
 -4.04071230457466e-03   1.96860569310309e-02   0.00000000000000e+00   9.37840785169029e-01 
 -4.01378019496984e-03   1.96478831811502e-02   0.00000000000000e+00   9.38931297709924e-01 
 -3.98840762002049e-03   1.96082738762943e-02   0.00000000000000e+00   9.40021810250818e-01 
 -3.96453943722022e-03   1.95683411663208e-02   0.00000000000000e+00   9.41112322791712e-01 
 -3.94180884522134e-03   1.95301811815991e-02   0.00000000000000e+00   9.42202835332606e-01 
 -3.91984887356168e-03   1.94958905864329e-02   0.00000000000000e+00   9.43293347873501e-01 
 -3.89811169717112e-03   1.94672894360401e-02   0.00000000000000e+00   9.44383860414395e-01 
 -3.87323610987413e-03   1.94418948442605e-02   0.00000000000000e+00   9.45474372955289e-01 
 -3.83967902953462e-03   1.94138539329569e-02   0.00000000000000e+00   9.46564885496183e-01 
 -3.79677507413603e-03   1.93807186630156e-02   0.00000000000000e+00   9.47655398037077e-01 
 -3.75321013077773e-03   1.93467233916263e-02   0.00000000000000e+00   9.48745910577972e-01 
 -3.71323579487626e-03   1.93141102212359e-02   0.00000000000000e+00   9.49836423118866e-01 
 -3.67609240700512e-03   1.92826091888974e-02   0.00000000000000e+00   9.50926935659760e-01 
 -3.64084026969598e-03   1.92518600813477e-02   0.00000000000000e+00   9.52017448200654e-01 
 -3.60653968548056e-03   1.92215026853237e-02   0.00000000000000e+00   9.53107960741549e-01 
 -3.57235144316638e-03   1.91912159192341e-02   0.00000000000000e+00   9.54198473282443e-01 
 -3.53833495606932e-03   1.91610286465843e-02   0.00000000000000e+00   9.55288985823337e-01 
 -3.50502271729703e-03   1.91311539590544e-02   0.00000000000000e+00   9.56379498364231e-01 
 -3.47295145043552e-03   1.91018065957705e-02   0.00000000000000e+00   9.57470010905125e-01 
 -3.44263687678349e-03   1.90731933469301e-02   0.00000000000000e+00   9.58560523446020e-01 
 -3.41381927410833e-03   1.90452275136225e-02   0.00000000000000e+00   9.59651035986914e-01 
 -3.38556395084554e-03   1.90175676395206e-02   0.00000000000000e+00   9.60741548527808e-01 
 -3.35790565679083e-03   1.89902415337942e-02   0.00000000000000e+00   9.61832061068702e-01 
 -3.33109448010542e-03   1.89633589970451e-02   0.00000000000000e+00   9.62922573609597e-01 
 -3.30537879478026e-03   1.89370291640651e-02   0.00000000000000e+00   9.64013086150491e-01 
 -3.28085033501413e-03   1.89113003283237e-02   0.00000000000000e+00   9.65103598691385e-01 
 -3.25732069566736e-03   1.88861119728319e-02   0.00000000000000e+00   9.66194111232279e-01 
 -3.23461433021958e-03   1.88614092526611e-02   0.00000000000000e+00   9.67284623773173e-01 
 -3.21274182111472e-03   1.88372126266823e-02   0.00000000000000e+00   9.68375136314068e-01 
 -3.19176539055336e-03   1.88135634461083e-02   0.00000000000000e+00   9.69465648854962e-01 
 -3.17173782147847e-03   1.87904992728059e-02   0.00000000000000e+00   9.70556161395856e-01 
 -3.15263555275332e-03   1.87680270206179e-02   0.00000000000000e+00   9.71646673936750e-01 
 -3.13439805532350e-03   1.87461387627654e-02   0.00000000000000e+00   9.72737186477645e-01 
 -3.11697338425272e-03   1.87248300830961e-02   0.00000000000000e+00   9.73827699018539e-01 
 -3.10036000228523e-03   1.87041171701681e-02   0.00000000000000e+00   9.74918211559433e-01 
 -3.08457405246150e-03   1.86840234372258e-02   0.00000000000000e+00   9.76008724100327e-01 
 -3.06961181335607e-03   1.86645639283171e-02   0.00000000000000e+00   9.77099236641221e-01 
 -3.05543228856464e-03   1.86457379834774e-02   0.00000000000000e+00   9.78189749182116e-01 
 -3.04199882375129e-03   1.86275470845628e-02   0.00000000000000e+00   9.79280261723010e-01 
 -3.02932093142280e-03   1.86100138105636e-02   0.00000000000000e+00   9.80370774263904e-01 
 -3.01737954673462e-03   1.85931458627709e-02   0.00000000000000e+00   9.81461286804798e-01 
 -3.00614518972458e-03   1.85769466208519e-02   0.00000000000000e+00   9.82551799345692e-01 
 -2.99561043655097e-03   1.85614307720113e-02   0.00000000000000e+00   9.83642311886587e-01 
 -2.98575317147983e-03   1.85466045161523e-02   0.00000000000000e+00   9.84732824427481e-01 
 -2.97655583162322e-03   1.85324768188582e-02   0.00000000000000e+00   9.85823336968375e-01 
 -2.96800233925551e-03   1.85190568834955e-02   0.00000000000000e+00   9.86913849509269e-01 
 -2.96007560158197e-03   1.85063525179703e-02   0.00000000000000e+00   9.88004362050164e-01 
 -2.95275850564901e-03   1.84943715722619e-02   0.00000000000000e+00   9.89094874591058e-01 
 -2.94603427664320e-03   1.84831223993939e-02   0.00000000000000e+00   9.90185387131952e-01 
 -2.93988659376776e-03   1.84726123821604e-02   0.00000000000000e+00   9.91275899672846e-01 
 -2.93429935205905e-03   1.84628491054483e-02   0.00000000000000e+00   9.92366412213741e-01 
 -2.92925670776706e-03   1.84538397773998e-02   0.00000000000000e+00   9.93456924754635e-01 
 -2.92474313337554e-03   1.84455915252222e-02   0.00000000000000e+00   9.94547437295529e-01 
 -2.92074152037943e-03   1.84381114913045e-02   0.00000000000000e+00   9.95637949836423e-01 
 -2.91722976424492e-03   1.84314072818549e-02   0.00000000000000e+00   9.96728462377317e-01 
 -2.91422328373186e-03   1.84254811796568e-02   0.00000000000000e+00   9.97818974918212e-01 
 -2.91171020786638e-03   1.84203412440742e-02   0.00000000000000e+00   9.98909487459106e-01 
 -2.90965338373799e-03   1.84159972496970e-02   0.00000000000000e+00   1.00000000000000e+00 
