0.00000000000	0.00000000000	1.00000000000
0.01367151971	-0.00000875041	1.00000096245
0.04011525284	0.00441286778	0.99945461658
0.07797748062	0.02404183933	0.99698033317
0.11017651503	0.05681091568	0.99270074596
0.13040977566	0.09824637064	0.98693070235
0.14162054089	0.15466564121	0.97843541676
0.13476723626	0.21458652458	0.96828432015
0.10342191527	0.28539749190	0.95378811462
0.05796848844	0.34069857568	0.93956996928
-0.01350338429	0.39235343308	0.92112747742
-0.07599590557	0.41715827118	0.90664466275
-0.14921975705	0.43216055669	0.89008065270
-0.22453418006	0.43670453807	0.87321440440
-0.33579344140	0.41745942608	0.84754638981
-0.44538614425	0.36750845101	0.81975656018
-0.54574187267	0.28900584733	0.78990225054
-0.62787652809	0.18922651381	0.75938426641
-0.69059998124	0.06222430050	0.72566914307
-0.72022858108	-0.06362115071	0.69468774577
-0.72670761424	-0.19739623951	0.66233188588
-0.71080465611	-0.31537155385	0.63356407514
-0.66024968229	-0.47082636074	0.59378832691
-0.57306255012	-0.61751000368	0.55249058339
-0.45347417175	-0.73411372719	0.51171456668
-0.32546254765	-0.82337564838	0.47336807508
-0.16540943956	-0.89702335839	0.43026792493
0.04305148893	-0.93330414403	0.37847475124
0.25798053502	-0.91783793956	0.32547262193
0.43649474502	-0.86223805845	0.27948910941
0.60167479880	-0.77100411104	0.23285405011
0.72307550607	-0.67010679162	0.19390734518
0.83623699217	-0.53632959735	0.15050850012
0.91675694185	-0.39798780282	0.11097936714
0.97561898950	-0.23082938162	0.06709755823
1.00048065969	-0.08038335000	0.02937189516
1.00085535850	0.08040267729	-0.01049059715
0.97668954824	0.23107081425	-0.04824388995
0.92128781916	0.39077673371	-0.09010613538
0.85141885480	0.51601263265	-0.12557319281
0.75429772222	0.64196190354	-0.16501164010
0.65054570409	0.73905128104	-0.20008256046
0.51195093381	0.82924996001	-0.24101416451
0.39166916315	0.88225464719	-0.27346274915
0.24305858194	0.92281735740	-0.31157632351
0.10693443223	0.93705208804	-0.34526652546
-0.05880700752	0.92507546648	-0.38626903888
-0.16518505957	0.89812440265	-0.41321914458
-0.25135616915	0.86456382937	-0.43603751789
-0.36184261447	0.81459106206	-0.46592417177
-0.51973405389	0.69945988407	-0.51339672123
-0.64774726104	0.52223929024	-0.56642410976
-0.70446437521	0.37896814613	-0.60391852426
-0.73457485039	0.24733075079	-0.63680165405
-0.74122622418	0.09659919268	-0.67318692080
-0.70492373485	-0.06378210572	-0.71253769528
-0.63528949398	-0.20308000081	-0.74974239077
-0.55493958233	-0.29997952444	-0.77949856072
-0.46068703311	-0.37321261938	-0.80759288223
-0.38209834179	-0.41314772457	-0.82813359228
-0.29290500230	-0.44133195594	-0.84980611880
-0.19113943585	-0.45423364543	-0.87317973427
-0.07436619750	-0.43646808153	-0.89939573811
0.01972982952	-0.39061359718	-0.92193810658
0.07823187927	-0.33940061775	-0.93813168128
0.12499340911	-0.27739971581	-0.95377053406
0.15274582998	-0.20414206132	-0.96835890544
0.15092788741	-0.12482196681	-0.98142560305
0.12663732474	-0.06329682873	-0.99057917376
0.08625659635	-0.02052561979	-0.99661560826
0.04035007655	-0.00094281166	-0.99950340658
0.01152842698	0.00087465003	-1.00000007932
0.00000000000	0.00000000000	-1.00000000000
