  0.00000000000000e+00   0.00000000000000e+00   1.00000000000000e+00   0.00000000000000e+00 
  2.00200064766806e-03   3.77231885107057e-02   9.99282653007796e-01   1.00100100100100e-03 
  4.00399839164997e-03   7.53954662226715e-02   9.97141481630936e-01   2.00200200200200e-03 
  6.00599374150348e-03   1.12962907054193e-01   9.93583800200054e-01   3.00300300300300e-03 
  8.00798720678638e-03   1.50371584923567e-01   9.88616923045789e-01   4.00400400400400e-03 
  1.00099792970564e-02   1.87567573749089e-01   9.82248164498777e-01   5.00500500500500e-03 
  1.20119705218714e-02   2.24496947449054e-01   9.74484838889652e-01   6.00600600600601e-03 
  1.40139613907891e-02   2.61105779941758e-01   9.65334260549053e-01   7.00700700700701e-03 
  1.60159524133673e-02   2.97340145145498e-01   9.54803743807616e-01   8.00800800800801e-03 
  1.80179440667611e-02   3.33146472861307e-01   9.42901599989309e-01   9.00900900900901e-03 
  2.00199364721567e-02   3.68475102540533e-01   9.29647093169892e-01   1.00100100100100e-02 
  2.20219295305504e-02   4.03278792010182e-01   9.15066262421909e-01   1.10110110110110e-02 
  2.40239231396711e-02   4.37510334979323e-01   8.99185247340278e-01   1.20120120120120e-02 
  2.60259171972481e-02   4.71122525157024e-01   8.82030187519920e-01   1.30130130130130e-02 
  2.80279116010105e-02   5.04068156252354e-01   8.63627222555754e-01   1.40140140140140e-02 
  3.00299062486875e-02   5.36300021974383e-01   8.44002492042701e-01   1.50150150150150e-02 
  3.20319010380081e-02   5.67770916032181e-01   8.23182135575679e-01   1.60160160160160e-02 
  3.40338958667015e-02   5.98433632134814e-01   8.01192292749610e-01   1.70170170170170e-02 
  3.60358906324969e-02   6.28240963991355e-01   7.78059103159412e-01   1.80180180180180e-02 
  3.80378852341174e-02   6.57145812713598e-01   7.53808835639243e-01   1.90190190190190e-02 
  4.00398796190026e-02   6.85106342773365e-01   7.28474092499569e-01   2.00200200200200e-02 
  4.20418738044104e-02   7.12088261885795e-01   7.02096552943303e-01   2.10210210210210e-02 
  4.40438678129852e-02   7.38057859739312e-01   6.74718596470125e-01   2.20220220220220e-02 
  4.60458616673714e-02   7.62981426022337e-01   6.46382602579714e-01   2.30230230230230e-02 
  4.80478553902136e-02   7.86825250423293e-01   6.17130950771751e-01   2.40240240240240e-02 
  5.00498490041561e-02   8.09555622630601e-01   5.87006020545913e-01   2.50250250250250e-02 
  5.20518425318435e-02   8.31138832332685e-01   5.56050191401880e-01   2.60260260260260e-02 
  5.40538359959202e-02   8.51541169217966e-01   5.24305842839331e-01   2.70270270270270e-02 
  5.60558294190307e-02   8.70728922974867e-01   4.91815354357947e-01   2.80280280280280e-02 
  5.80578228238196e-02   8.88668383541236e-01   4.58621105584886e-01   2.90290290290290e-02 
  6.00598162362287e-02   9.05329358022297e-01   4.24767273760160e-01   3.00300300300300e-02 
  6.20618096937888e-02   9.20694016267890e-01   3.90304354682502e-01   3.10310310310310e-02 
  6.40638032365758e-02   9.34747242954852e-01   3.55284231689927e-01   3.20320320320320e-02 
  6.60657969046656e-02   9.47473922760022e-01   3.19758788120452e-01   3.30330330330330e-02 
  6.80677907381338e-02   9.58858940360239e-01   2.83779907312094e-01   3.40340340340340e-02 
  7.00697847770563e-02   9.68887180432341e-01   2.47399472602868e-01   3.50350350350350e-02 
  7.20717790615089e-02   9.77543527653165e-01   2.10669367330791e-01   3.60360360360360e-02 
  7.40737736315674e-02   9.84812866699552e-01   1.73641474833879e-01   3.70370370370370e-02 
  7.60757685273077e-02   9.90680082248339e-01   1.36367678450150e-01   3.80380380380380e-02 
  7.80777637888054e-02   9.95130058976365e-01   9.88998615176185e-02   3.90390390390390e-02 
  8.00797594395848e-02   9.98148997383495e-01   6.12900282470723e-02   4.00400400400400e-02 
  8.20817553456650e-02   9.99735619245421e-01   2.35913330657531e-02   4.10410410410410e-02 
  8.40837512858926e-02   9.99895576377734e-01  -1.41424329989583e-02   4.20420420420420e-02 
  8.60857470381910e-02   9.98634593965568e-01  -5.18574721798847e-02   4.30430430430430e-02 
  8.80877423804837e-02   9.95958397194054e-01  -8.94999867098481e-02   4.40440440440440e-02 
  9.00897370906942e-02   9.91872711248326e-01  -1.27016178821671e-01   4.50450450450450e-02 
  9.20917309467461e-02   9.86383261313517e-01  -1.64352250748177e-01   4.60460460460460e-02 
  9.40937237265629e-02   9.79495772574759e-01  -2.01454404722187e-01   4.70470470470470e-02 
  9.60957152080681e-02   9.71215970217186e-01  -2.38268842976525e-01   4.80480480480480e-02 
  9.80977051691851e-02   9.61549579425930e-01  -2.74741767744013e-01   4.90490490490490e-02 
  1.00099693409859e-01   9.50502545014853e-01  -3.10819449729699e-01   5.00500500500500e-02 
  1.02101680566383e-01   9.38089153121896e-01  -3.46450760159227e-01   5.10510510510511e-02 
  1.04103668350224e-01   9.24334413095540e-01  -3.81587913364147e-01   5.20520520520521e-02 
  1.06105658543579e-01   9.09264039732449e-01  -4.16183343609023e-01   5.30530530530531e-02 
  1.08107652928646e-01   8.92903747829288e-01  -4.50189485158420e-01   5.40540540540541e-02 
  1.10109653287622e-01   8.75279252182720e-01  -4.83558772276901e-01   5.50550550550551e-02 
  1.12111661402706e-01   8.56416267589411e-01  -5.16243639229029e-01   5.60560560560561e-02 
  1.14113679056095e-01   8.36340508846024e-01  -5.48196520279370e-01   5.70570570570571e-02 
  1.16115708029986e-01   8.15077690749225e-01  -5.79369849692486e-01   5.80580580580581e-02 
  1.18117750106578e-01   7.92653528095677e-01  -6.09716061732941e-01   5.90590590590591e-02 
  1.20119807067521e-01   7.69093737296701e-01  -6.39187591996895e-01   6.00600600600601e-02 
  1.22121879534366e-01   7.44427457680263e-01  -6.67739698935128e-01   6.10610610610611e-02 
  1.24123964519625e-01   7.18694477196142e-01  -6.95336422839885e-01   6.20620620620621e-02 
  1.26126058336008e-01   6.91936648571822e-01  -7.21943506810656e-01   6.30630630630631e-02 
  1.28128157296229e-01   6.64195824534784e-01  -7.47526693946937e-01   6.40640640640641e-02 
  1.30130257713002e-01   6.35513857812511e-01  -7.72051727348219e-01   6.50650650650651e-02 
  1.32132355899038e-01   6.05932601132486e-01  -7.95484350113996e-01   6.60660660660661e-02 
  1.34134448167050e-01   5.75493907222189e-01  -8.17790305343761e-01   6.70670670670671e-02 
  1.36136530829752e-01   5.44239628809104e-01  -8.38935336137006e-01   6.80680680680681e-02 
  1.38138600199856e-01   5.12211618620713e-01  -8.58885185593225e-01   6.90690690690691e-02 
  1.40140652590076e-01   4.79451729384498e-01  -8.77605596811912e-01   7.00700700700701e-02 
  1.42142684814067e-01   4.46002549509677e-01  -8.95063689213436e-01   7.10710710710711e-02 
  1.44144697837435e-01   4.11912764914717e-01  -9.11237989500521e-01   7.20720720720721e-02 
  1.46146694678476e-01   3.77234076078444e-01  -9.26112664046090e-01   7.30730730730731e-02 
  1.48148678370067e-01   3.42018204894318e-01  -9.39671919285776e-01   7.40740740740741e-02 
  1.50150651945084e-01   3.06316873255794e-01  -9.51899961655211e-01   7.50750750750751e-02 
  1.52152618436405e-01   2.70181803056332e-01  -9.62780997590026e-01   7.60760760760761e-02 
  1.54154580876906e-01   2.33664716189389e-01  -9.72299233525854e-01   7.70770770770771e-02 
  1.56156542299466e-01   1.96817334548423e-01  -9.80438875898326e-01   7.80780780780781e-02 
  1.58158505736961e-01   1.59691380026891e-01  -9.87184131143076e-01   7.90790790790791e-02 
  1.60160474222267e-01   1.22338574518250e-01  -9.92519205695734e-01   8.00800800800801e-02 
  1.62162450722858e-01   8.48106711687557e-02  -9.96428611972696e-01   8.10810810810811e-02 
  1.64164436229875e-01   4.71603674796600e-02  -9.98906108105750e-01   8.20820820820821e-02 
  1.66166429453778e-01   9.44145073811144e-03  -9.99956121784504e-01   8.30830830830831e-02 
  1.68168428978359e-01  -2.82922312425719e-02  -9.99583673280511e-01   8.40840840840841e-02 
  1.70170433387406e-01  -6.59868306490738e-02  -9.97793782865325e-01   8.50850850850851e-02 
  1.72172441264713e-01  -1.03588499668076e-01  -9.94591470810498e-01   8.60860860860861e-02 
  1.74174451194070e-01  -1.41043390486262e-01  -9.89981757387585e-01   8.70870870870871e-02 
  1.76176461759267e-01  -1.78297655290315e-01  -9.83969662868138e-01   8.80880880880881e-02 
  1.78178471544096e-01  -2.15297446266917e-01  -9.76560207523709e-01   8.90890890890891e-02 
  1.80180479132348e-01  -2.51988915602750e-01  -9.67758411625854e-01   9.00900900900901e-02 
  1.82182483108517e-01  -2.88318217442671e-01  -9.57569302063242e-01   9.10910910910911e-02 
  1.84184482561342e-01  -3.24232909647530e-01  -9.46002649204784e-01   9.20920920920921e-02 
  1.86186477970540e-01  -3.59684422278169e-01  -9.33081308476641e-01   9.30930930930931e-02 
  1.88188470053637e-01  -3.94624847404632e-01  -9.18830372386808e-01   9.40940940940941e-02 
  1.90190459528157e-01  -4.29006277096962e-01  -9.03274933443287e-01   9.50950950950951e-02 
  1.92192447111624e-01  -4.62780803425201e-01  -8.86440084154071e-01   9.60960960960961e-02 
  1.94194433521563e-01  -4.95900518459392e-01  -8.68350917027161e-01   9.70970970970971e-02 
  1.96196419475500e-01  -5.28317514269578e-01  -8.49032524570553e-01   9.80980980980981e-02 
  1.98198405690959e-01  -5.59983882925801e-01  -8.28509999292244e-01   9.90990990990991e-02 
  2.00200392885465e-01  -5.90851716498104e-01  -8.06808433700233e-01   1.00100100100100e-01 
  2.02202381776542e-01  -6.20873107056531e-01  -7.83952920302517e-01   1.01101101101101e-01 
  2.04204372984759e-01  -6.50001290608506e-01  -7.59969974206916e-01   1.02102102102102e-01 
  2.06206366427591e-01  -6.78197798561314e-01  -7.34896426675402e-01   1.03103103103103e-01 
  2.08208361712582e-01  -7.05427819021892e-01  -7.08773656439373e-01   1.04104104104104e-01 
  2.10210358445922e-01  -7.31656556071611e-01  -6.81643062096031e-01   1.05105105105105e-01 
  2.12212356233801e-01  -7.56849213791843e-01  -6.53546042242574e-01   1.06106106106106e-01 
  2.14214354682410e-01  -7.80970996263962e-01  -6.24523995476204e-01   1.07107107107107e-01 
  2.16216353397939e-01  -8.03987107569339e-01  -5.94618320394119e-01   1.08108108108108e-01 
  2.18218351986578e-01  -8.25862751789347e-01  -5.63870415593521e-01   1.09109109109109e-01 
  2.20220350054517e-01  -8.46563133005359e-01  -5.32321679671608e-01   1.10110110110110e-01 
  2.22222347207946e-01  -8.66053455298747e-01  -5.00013511225583e-01   1.11111111111111e-01 
  2.24224343064925e-01  -8.84299274005949e-01  -4.66987502748062e-01   1.12112112112112e-01 
  2.26226337534846e-01  -9.01274767022075e-01  -4.33290006448447e-01   1.13113113113113e-01 
  2.28228330829026e-01  -9.16963048125347e-01  -3.98972307210350e-01   1.14114114114114e-01 
  2.30230323172766e-01  -9.31347645038972e-01  -3.64085918418105e-01   1.15115115115115e-01 
  2.32232314791369e-01  -9.44412085486152e-01  -3.28682353456045e-01   1.16116116116116e-01 
  2.34234305910137e-01  -9.56139897190093e-01  -2.92813125708504e-01   1.17117117117117e-01 
  2.36236296754372e-01  -9.66514607874000e-01  -2.56529748559816e-01   1.18118118118118e-01 
  2.38238287549375e-01  -9.75519745261078e-01  -2.19883735394314e-01   1.19119119119119e-01 
  2.40240278520449e-01  -9.83138837074531e-01  -1.82926599596332e-01   1.20120120120120e-01 
  2.42242269892896e-01  -9.89355411037564e-01  -1.45709854550203e-01   1.21121121121121e-01 
  2.44244261891753e-01  -9.94153010927926e-01  -1.08285015488354e-01   1.22122122122122e-01 
  2.46246254652141e-01  -9.97520619437181e-01  -7.07042237346275e-02   1.23123123123123e-01 
  2.48248248088796e-01  -9.99460550218315e-01  -3.30211551840751e-02   1.24124124124124e-01 
  2.50250242083308e-01  -9.99977121917613e-01   4.71028346681917e-03   1.25125125125125e-01 
  2.52252236517266e-01  -9.99074653181360e-01   4.24361855215707e-02   1.26126126126126e-01 
  2.54254231272262e-01  -9.96757462655842e-01   8.01026442836980e-02   1.27127127127127e-01 
  2.56256226229884e-01  -9.93029868987342e-01   1.17655753056716e-01   1.28128128128128e-01 
  2.58258221271723e-01  -9.87896190822147e-01   1.55041605144142e-01   1.29129129129129e-01 
  2.60260216279369e-01  -9.81360746806541e-01   1.92206293849491e-01   1.30130130130130e-01 
  2.62262211134411e-01  -9.73427855586808e-01   2.29095912476279e-01   1.31131131131131e-01 
  2.64264205718439e-01  -9.64101835809235e-01   2.65656554328024e-01   1.32132132132132e-01 
  2.66266199933460e-01  -9.53389046725373e-01   3.01834887368043e-01   1.33133133133133e-01 
  2.68268193811482e-01  -9.41308841202210e-01   3.37581238723229e-01   1.34134134134134e-01 
  2.70270187435505e-01  -9.27885668747197e-01   3.72847370797764e-01   1.35135135135135e-01 
  2.72272180888649e-01  -9.13143990870391e-01   4.07585049375911e-01   1.36136136136136e-01 
  2.74274174254035e-01  -8.97108269081845e-01   4.41746040241936e-01   1.37137137137137e-01 
  2.76276167614784e-01  -8.79802964891618e-01   4.75282109180103e-01   1.38138138138138e-01 
  2.78278161054015e-01  -8.61252539809764e-01   5.08145021974678e-01   1.39139139139139e-01 
  2.80280154654848e-01  -8.41481455346340e-01   5.40286544409924e-01   1.40140140140140e-01 
  2.82282148500406e-01  -8.20514173011403e-01   5.71658442270106e-01   1.41141141141141e-01 
  2.84284142673806e-01  -7.98375154315008e-01   6.02212481339488e-01   1.42142142142142e-01 
  2.86286137253587e-01  -7.75089263891871e-01   6.31900743005361e-01   1.43143143143143e-01 
  2.88288132225307e-01  -7.50689542805843e-01   6.60681709915033e-01   1.44144144144144e-01 
  2.90290127487982e-01  -7.25216642646003e-01   6.88519822934257e-01   1.45145145145145e-01 
  2.92292122937334e-01  -6.98711504762766e-01   7.15379749780582e-01   1.46146146146146e-01 
  2.94294118469083e-01  -6.71215070506545e-01   7.41226158171558e-01   1.47147147147147e-01 
  2.96296113978953e-01  -6.42768281227754e-01   7.66023715824736e-01   1.48148148148148e-01 
  2.98298109362662e-01  -6.13412078276806e-01   7.89737090457663e-01   1.49149149149149e-01 
  3.00300104515935e-01  -5.83187403004114e-01   8.12330949787890e-01   1.50150150150150e-01 
  3.02302099334491e-01  -5.52135196760092e-01   8.33769961532966e-01   1.51151151151151e-01 
  3.04304093714052e-01  -5.20296400895153e-01   8.54018793410440e-01   1.52152152152152e-01 
  3.06306087550724e-01  -4.87711972258692e-01   8.73042140367673e-01   1.53153153153153e-01 
  3.08308080814576e-01  -4.54425846088206e-01   8.90809930015305e-01   1.54154154154154e-01 
  3.10310073637095e-01  -4.20488457831173e-01   9.07303510037145e-01   1.55155155155155e-01 
  3.12312066171061e-01  -3.85951100418715e-01   9.22505734610785e-01   1.56156156156156e-01 
  3.14314058569254e-01  -3.50865066781953e-01   9.36399457913816e-01   1.57157157157157e-01 
  3.16316050984456e-01  -3.15281649852006e-01   9.48967534123831e-01   1.58158158158158e-01 
  3.18318043569447e-01  -2.79252142559994e-01   9.60192817418422e-01   1.59159159159159e-01 
  3.20320036477008e-01  -2.42827837837038e-01   9.70058161975180e-01   1.60160160160160e-01 
  3.22322029859920e-01  -2.06060028614259e-01   9.78546421971699e-01   1.61161161161161e-01 
  3.24324023870962e-01  -1.69000007822778e-01   9.85640451585571e-01   1.62162162162162e-01 
  3.26326018662917e-01  -1.31699068393714e-01   9.91323104994386e-01   1.63163163163163e-01 
  3.28328014328457e-01  -9.42088146705108e-02   9.95579661332201e-01   1.64164164164164e-01 
  3.30330010623283e-01  -5.65825968695596e-02   9.98408994782412e-01   1.65165165165165e-01 
  3.32332007185735e-01  -1.88743732427343e-02   9.99814714278663e-01   1.66166166166166e-01 
  3.34334003654035e-01   1.88618973383716e-02   9.99800433580334e-01   1.67167167167167e-01 
  3.36335999666403e-01   5.65722560021632e-02   9.98369766446810e-01   1.68168168168168e-01 
  3.38337994861061e-01   9.42027438770490e-02   9.95526326637472e-01   1.69169169169169e-01 
  3.40339988876230e-01   1.31699402091434e-01   9.91273727911702e-01   1.70170170170170e-01 
  3.42341981350132e-01   1.69008271773725e-01   9.85615584028884e-01   1.71171171171171e-01 
  3.44343971920987e-01   2.06075394052328e-01   9.78555508748400e-01   1.72172172172172e-01 
  3.46345960227018e-01   2.42846810055649e-01   9.70097115829631e-01   1.73173173173173e-01 
  3.48347945978446e-01   2.79268726703881e-01   9.60244638596449e-01   1.74174174174174e-01 
  3.50349930108811e-01   3.15290167736207e-01   9.49012836835138e-01   1.75175175175175e-01 
  3.52351914574083e-01   3.50862511151889e-01   9.36425268210134e-01   1.76176176176176e-01 
  3.54353901361650e-01   3.85937207296022e-01   9.22505760742512e-01   1.77177177177177e-01 
  3.56355892458903e-01   4.20465706513704e-01   9.07278142453346e-01   1.78178178178178e-01 
  3.58357889853228e-01   4.54399459150030e-01   8.90766241363713e-01   1.79179179179179e-01 
  3.60359895532017e-01   4.87689915550098e-01   8.72993885494686e-01   1.80180180180180e-01 
  3.62361911482657e-01   5.20288526059004e-01   8.53984902867341e-01   1.81181181181181e-01 
  3.64363939692539e-01   5.52146741021845e-01   8.33763121502751e-01   1.82182182182182e-01 
  3.66365982149050e-01   5.83216010783717e-01   8.12352369421993e-01   1.83183183183183e-01 
  3.68368040824531e-01   6.13447818348016e-01   7.89776517512422e-01   1.84184184184184e-01 
  3.70370115853142e-01   6.42797635799554e-01   7.66064672607345e-01   1.85185185185185e-01 
  3.72372203789713e-01   6.71228702825045e-01   7.41256137056129e-01   1.86186186186186e-01 
  3.74374300776527e-01   6.98705154386451e-01   7.15391388318986e-01   1.87187187187187e-01 
  3.76376402955867e-01   7.25191125445733e-01   6.88510903856125e-01   1.88188188188188e-01 
  3.78378506470018e-01   7.50650750964853e-01   6.60655161127758e-01   1.89189189189189e-01 
  3.80380607461262e-01   7.75048165905772e-01   6.31864637594096e-01   1.90190190190190e-01 
  3.82382702071884e-01   7.98347505230453e-01   6.02179810715345e-01   1.91191191191191e-01 
  3.84384786444168e-01   8.20512903900858e-01   5.71641157951719e-01   1.92192192192192e-01 
  3.86386856720397e-01   8.41508496878949e-01   5.40289156763426e-01   1.93193193193193e-01 
  3.88388909042854e-01   8.61298419126686e-01   5.08164284610678e-01   1.94194194194194e-01 
  3.90390940482486e-01   8.79849221033212e-01   4.75308435353214e-01   1.95195195195195e-01 
  3.92392952703353e-01   8.97139399554689e-01   4.41770508283201e-01   1.96196196196196e-01 
  3.94394948786994e-01   9.13151138471202e-01   4.07601564635721e-01   1.97197197197197e-01 
  3.96396931815352e-01   9.27866622619429e-01   3.72852666265436e-01   1.98198198198198e-01 
  3.98398904870373e-01   9.41268036836047e-01   3.37574875027008e-01   1.99199199199199e-01 
  4.00400871034001e-01   9.53337565957731e-01   3.01819252775101e-01   2.00200200200200e-01 
  4.02402833388181e-01   9.64057394821160e-01   2.65636861364376e-01   2.01201201201201e-01 
  4.04404795014857e-01   9.73409708263011e-01   2.29078762649495e-01   2.02202202202202e-01 
  4.06406758995974e-01   9.81376691119961e-01   1.92196018485121e-01   2.03203203203203e-01 
  4.08408728413476e-01   9.87940528228686e-01   1.55039690725917e-01   2.04204204204204e-01 
  4.10410706179858e-01   9.93084187791682e-01   1.17660952436403e-01   2.05205205205205e-01 
  4.12412692768393e-01   9.96801914431685e-01   8.01125775284443e-02   2.06206206206206e-01 
  4.14414686822691e-01   9.99096411246326e-01   4.24485407140504e-02   2.07207207207207e-01 
  4.16416686941989e-01   9.99970586461856e-01   4.72284582614286e-03   2.08208208208208e-01 
  4.18418691725525e-01   9.99427348304533e-01  -3.30105033023573e-02   2.09209209209209e-01 
  4.20420699772537e-01   9.97469605000609e-01  -7.06975028385293e-02   2.10210210210210e-01 
  4.22422709682263e-01   9.94100264776342e-01  -1.08284148949451e-01   2.11211211211211e-01 
  4.24424720053939e-01   9.89322235857984e-01  -1.45716437802205e-01   2.12212212212212e-01 
  4.26426729486804e-01   9.83138426471791e-01  -1.82940365563867e-01   2.13213213213213e-01 
  4.28428736580096e-01   9.75551744844017e-01  -2.19901928401519e-01   2.14214214214214e-01 
  4.30430739941543e-01   9.66565181840529e-01  -2.56547143461172e-01   2.15215215215215e-01 
  4.32432738891052e-01   9.56188658271031e-01  -2.92823787127947e-01   2.16216216216216e-01 
  4.34434733988009e-01   9.44444155974365e-01  -3.28682697606023e-01   2.17217217217217e-01 
  4.36436725916018e-01   9.31354865497279e-01  -3.64075019942790e-01   2.18218218218218e-01 
  4.38438715358684e-01   9.16943977386525e-01  -3.98951899185640e-01   2.19219219219219e-01 
  4.40440702999609e-01   9.01234682188855e-01  -4.33264480381963e-01   2.20220220220220e-01 
  4.42442689522398e-01   8.84250170451018e-01  -4.66963908579149e-01   2.21221221221221e-01 
  4.44444675610655e-01   8.66013632719767e-01  -5.00001328824588e-01   2.22222222222222e-01 
  4.46446661947983e-01   8.46548259541850e-01  -5.32327886165672e-01   2.23223223223223e-01 
  4.48448649217986e-01   8.25877241464020e-01  -5.63894725649791e-01   2.24224224224224e-01 
  4.50450638104268e-01   8.04023769033027e-01  -5.94652992324337e-01   2.25225225225225e-01 
  4.52452629134286e-01   7.81013595369111e-01  -6.24555730367918e-01   2.26226226226226e-01 
  4.54454622153342e-01   7.56883668710330e-01  -6.53564280695940e-01   2.27227227227227e-01 
  4.56456616820500e-01   7.31673993653696e-01  -6.81642249300983e-01   2.28228228228228e-01 
  4.58458612794824e-01   7.05424574867260e-01  -7.08753242228268e-01   2.29229229229229e-01 
  4.60460609735375e-01   6.78175417019072e-01  -7.34860865523019e-01   2.30230230230230e-01 
  4.62462607301215e-01   6.49966524777182e-01  -7.59928725230460e-01   2.31231231231231e-01 
  4.64464605151405e-01   6.20837902809641e-01  -7.83920427395813e-01   2.32232232232232e-01 
  4.66466602945009e-01   5.90829555784497e-01  -8.06799578064303e-01   2.33233233233233e-01 
  4.68468600341087e-01   5.59981488369803e-01  -8.28529783281153e-01   2.34234234234234e-01 
  4.70470596998702e-01   5.28333705233607e-01  -8.49074649091586e-01   2.35235235235235e-01 
  4.72472592600944e-01   4.95926708649940e-01  -8.68398605415243e-01   2.36236236236236e-01 
  4.74474587126731e-01   4.62807126894743e-01  -8.86476224847855e-01   2.37237237237237e-01 
  4.76476580753963e-01   4.29025708860421e-01  -9.03288902392099e-01   2.38238238238238e-01 
  4.78478573664243e-01   3.94633280092334e-01  -9.18818159963142e-01   2.39239239239239e-01 
  4.80480566039173e-01   3.59680666135844e-01  -9.33045519476151e-01   2.40240240240240e-01 
  4.82482558060357e-01   3.24218692536315e-01  -9.45952502846290e-01   2.41241241241241e-01 
  4.84484549909397e-01   2.88298184839107e-01  -9.57520631988726e-01   2.42242242242242e-01 
  4.86486541767895e-01   2.51969968589584e-01  -9.67731428818624e-01   2.43243243243243e-01 
  4.88488533817455e-01   2.15284869333106e-01  -9.76566415251152e-01   2.44244244244244e-01 
  4.90490526239678e-01   1.78293712615036e-01  -9.84007113201475e-01   2.45245245245245e-01 
  4.92492519214394e-01   1.41047343459467e-01  -9.90035170007654e-01   2.46246246246246e-01 
  4.94494512813515e-01   1.03597792036675e-01  -9.94639864124441e-01   2.47247247247247e-01 
  4.96496506940813e-01   6.59989349991178e-02  -9.97822363443693e-01   2.48248248248248e-01 
  4.98498501485497e-01   2.83048089526377e-02  -9.99584865791751e-01   2.49249249249249e-01 
  5.00500496336776e-01  -9.43054949692753e-03  -9.99929568994955e-01   2.50250250250250e-01 
  5.02502491383857e-01  -4.71531037437332e-02  -9.98858670879647e-01   2.51251251251251e-01 
  5.04504486515950e-01  -8.48088171819405e-02  -9.96374369272166e-01   2.52252252252252e-01 
  5.06506481622263e-01  -1.22343653205711e-01  -9.92478861998854e-01   2.53253253253253e-01 
  5.08508476592003e-01  -1.59703575209200e-01  -9.87174346886051e-01   2.54254254254254e-01 
  5.10510471314381e-01  -1.96834546586570e-01  -9.80463021760098e-01   2.55255255255255e-01 
  5.12512465678603e-01  -2.33682530733312e-01  -9.72347084452900e-01   2.56256256256256e-01 
  5.14514459612166e-01  -2.70194333892110e-01  -9.62832246883867e-01   2.57257257257257e-01 
  5.16516453190400e-01  -3.06320016526466e-01  -9.51937788813464e-01   2.58258258258258e-01 
  5.18518446524305e-01  -3.42010424374197e-01  -9.39686264050797e-01   2.59259259259259e-01 
  5.20520439724881e-01  -3.77216403173132e-01  -9.26100226404970e-01   2.60260260260260e-01 
  5.22522432903130e-01  -4.11888798661091e-01  -9.11202229685091e-01   2.61261261261261e-01 
  5.24524426170054e-01  -4.45978456575897e-01  -8.95014827700264e-01   2.62262262262262e-01 
  5.26526419636652e-01  -4.79436222655377e-01  -8.77560574259593e-01   2.63263263263263e-01 
  5.28528413413926e-01  -5.12212942637351e-01  -8.58862023172187e-01   2.64264264264264e-01 
  5.30530407612877e-01  -5.44259462259645e-01  -8.38941728247148e-01   2.65265265265265e-01 
  5.32532402344506e-01  -5.75526627260079e-01  -8.17822243293584e-01   2.66266266266266e-01 
  5.34534397703950e-01  -6.05965960036436e-01  -7.95527060016188e-01   2.67267267267267e-01 
  5.36536393618025e-01  -6.35536162812203e-01  -7.72089621834366e-01   2.68268268268268e-01 
  5.38538389912129e-01  -6.64200263596357e-01  -7.47549367993180e-01   2.69269269269269e-01 
  5.40540386410272e-01  -6.91921349900776e-01  -7.21945820212650e-01   2.70270270270270e-01 
  5.42542382936457e-01  -7.18662509237335e-01  -6.95318500212802e-01   2.71271271271271e-01 
  5.44544379314692e-01  -7.44386829117912e-01  -6.67706929713657e-01   2.72272272272272e-01 
  5.46546375368982e-01  -7.69057397054385e-01  -6.39150630435237e-01   2.73273273273273e-01 
  5.48548370923334e-01  -7.92637300558629e-01  -6.09689124097567e-01   2.74274274274274e-01 
  5.50550365801754e-01  -8.15089627142523e-01  -5.79361932420668e-01   2.75275275275275e-01 
  5.52552359828248e-01  -8.36377464317941e-01  -5.48208577124566e-01   2.76276276276276e-01 
  5.54554352830691e-01  -8.56464052762880e-01  -5.16268675275745e-01   2.77277277277277e-01 
  5.56556344814934e-01  -8.75319678121220e-01  -4.83586229457515e-01   2.78278278278278e-01 
  5.58558336035363e-01  -8.92924463960566e-01  -4.50211366396390e-01   2.79279279279279e-01 
  5.60560326764837e-01  -9.09259265205701e-01  -4.16194668091378e-01   2.80280280280280e-01 
  5.62562317276217e-01  -9.24304936781399e-01  -3.81586716541491e-01   2.81281281281281e-01 
  5.64564307842363e-01  -9.38042333612443e-01  -3.46438093745733e-01   2.82282282282282e-01 
  5.66566298736137e-01  -9.50452310623609e-01  -3.10799381703116e-01   2.83283283283283e-01 
  5.68568290230399e-01  -9.61515722739676e-01  -2.74721162412648e-01   2.84284284284284e-01 
  5.70570282598009e-01  -9.71213424885424e-01  -2.38254017873334e-01   2.85285285285285e-01 
  5.72572276111827e-01  -9.79526271985631e-01  -2.01448530084187e-01   2.86286286286286e-01 
  5.74574271044696e-01  -9.86435119476411e-01  -1.64355281130332e-01   2.87287287287287e-01 
  5.76576267514241e-01  -9.91924837078388e-01  -1.27025529190648e-01   2.88288288288288e-01 
  5.78578265108212e-01  -9.95993998796696e-01  -8.95128405467406e-02   2.89289289289289e-01 
  5.80580263301379e-01  -9.98644100559164e-01  -5.18712735962241e-02   2.90290290290290e-01 
  5.82582261568514e-01  -9.99876638293617e-01  -1.41548867367172e-02   2.91291291291291e-01 
  5.84584259384387e-01  -9.99693107927883e-01   2.35822616341692e-02   2.92292292292292e-01 
  5.86586256223770e-01  -9.98095005389790e-01   6.12861131188159e-02   2.93293293293293e-01 
  5.88588251561434e-01  -9.95083826607164e-01   9.89026093196100e-02   2.94294294294294e-01 
  5.90590244872150e-01  -9.90661067507832e-01   1.36377691838939e-01   2.95295295295295e-01 
  5.92592235630689e-01  -9.84828224019622e-01   1.73657302279183e-01   2.96296296296296e-01 
  5.94594223311823e-01  -9.77586792070361e-01   2.10687382242731e-01   2.97297297297297e-01 
  5.96596207567314e-01  -9.68939609140115e-01   2.47414176405193e-01   2.98298298298298e-01 
  5.98598189677993e-01  -9.58901860619257e-01   2.83786718987696e-01   2.99299299299299e-01 
  6.00600171802582e-01  -9.47495386055518e-01   3.19755547467739e-01   3.00300300300300e-01 
  6.02602156108304e-01  -9.34742089475060e-01   3.55271213889288e-01   3.01301301301301e-01 
  6.04604144762386e-01  -9.20663874904040e-01   3.90284270296315e-01   3.02302302302302e-01 
  6.06606139932054e-01  -9.05282646368617e-01   4.24745268732786e-01   3.03303303303303e-01 
  6.08608143784534e-01  -8.88620307894949e-01   4.58604761242675e-01   3.04304304304304e-01 
  6.10610158487052e-01  -8.70698763509195e-01   4.91813299869946e-01   3.05305305305305e-01 
  6.12612186206833e-01  -8.51539917237514e-01   5.24321436658571e-01   3.06306306306306e-01 
  6.14614229111104e-01  -8.31165673106062e-01   5.56079723652521e-01   3.07307307307307e-01 
  6.16616289294600e-01  -8.09598137443810e-01   5.87038854850894e-01   3.08308308308308e-01 
  6.18618366250224e-01  -7.86866677636198e-01   6.17154619309314e-01   3.09309309309309e-01 
  6.20620456211041e-01  -7.63009758456314e-01   6.46389189686709e-01   3.10310310310310e-01 
  6.22622555203922e-01  -7.38066420108603e-01   6.74705142420070e-01   3.11311311311311e-01 
  6.24624659255741e-01  -7.12075702797507e-01   7.02065053946391e-01   3.12312312312312e-01 
  6.26626764393368e-01  -6.85076646727472e-01   7.28431500702659e-01   3.13313313313313e-01 
  6.28628866643675e-01  -6.57108292102940e-01   7.53767059125868e-01   3.14314314314314e-01 
  6.30630962033534e-01  -6.28209679128358e-01   7.78034305653006e-01   3.15315315315315e-01 
  6.32633046589818e-01  -5.98419848008168e-01   8.01195816721064e-01   3.16316316316316e-01 
  6.34635116339398e-01  -5.67777838946813e-01   8.23214168767036e-01   3.17317317317317e-01 
  6.36637167310130e-01  -5.36322693717960e-01   8.44051940678001e-01   3.18318318318318e-01 
  6.38639197070128e-01  -5.04095911121515e-01   8.63675547605367e-01   3.19319319319319e-01 
  6.40641207843370e-01  -4.71146417002624e-01   8.82063000876491e-01   3.20320320320320e-01 
  6.42643202730134e-01  -4.37524535085284e-01   8.99194494389139e-01   3.21321321321321e-01 
  6.44645184830697e-01  -4.03280589093491e-01   9.15050222041079e-01   3.22322322322322e-01 
  6.46647157245338e-01  -3.68464902751246e-01   9.29610377730075e-01   3.23323323323323e-01 
  6.48649123074334e-01  -3.33127799782544e-01   9.42855155353896e-01   3.24324324324324e-01 
  6.50651085417965e-01  -2.97319603911387e-01   9.54764748810307e-01   3.25325325325325e-01 
  6.52653047376508e-01  -2.61090638861770e-01   9.65319351997074e-01   3.26326326326326e-01 
  6.54655012050241e-01  -2.24491228357690e-01   9.74499158811966e-01   3.27327327327327e-01 
  6.56656982539443e-01  -1.87571696123150e-01   9.82284363152747e-01   3.28328328328328e-01 
  6.58658961596961e-01  -1.50382656469106e-01   9.88656753854012e-01   3.29329329329329e-01 
  6.60660949187089e-01  -1.12977056021556e-01   9.93610921064921e-01   3.30330330330330e-01 
  6.62662943932319e-01  -7.54089636729820e-02   9.97147614688447e-01   3.31331331331331e-01 
  6.64664944446576e-01  -3.77324554835606e-02   9.99267623968681e-01   3.32332332332332e-01 
  6.66666949343783e-01  -1.60751347257938e-06   9.99971738149712e-01   3.33333333333333e-01 
  6.68668957237864e-01   3.77295041771088e-02   9.99260746475632e-01   3.34334334334334e-01 
  6.70670966742741e-01   7.54068035280021e-02   9.97135438190530e-01   3.35335335335335e-01 
  6.72672976472338e-01   1.12976214479032e-01   9.93596602538496e-01   3.36336336336336e-01 
  6.74674985040580e-01   1.50383660970024e-01   9.88645028763622e-01   3.37337337337337e-01 
  6.76676991061389e-01   1.87575066940795e-01   9.82281506109997e-01   3.38338338338338e-01 
  6.78678993181191e-01   2.24496424568287e-01   9.74507144964599e-01   3.39339339339339e-01 
  6.80680990979586e-01   2.61095685189742e-01   9.65332276069418e-01   3.40340340340340e-01 
  6.82682985085848e-01   2.97323003895153e-01   9.54777601641632e-01   3.41341341341341e-01 
  6.84684976185156e-01   3.33128653142441e-01   9.42864376264685e-01   3.42342342342342e-01 
  6.86686964962691e-01   3.68462905389532e-01   9.29613854522019e-01   3.43343343343343e-01 
  6.88688952103631e-01   4.03276033094355e-01   9.15047290997077e-01   3.44344344344344e-01 
  6.90690938293155e-01   4.37518308714830e-01   8.99185940273302e-01   3.45345345345345e-01 
  6.92692924216443e-01   4.71140004708887e-01   8.82051056934136e-01   3.46346346346346e-01 
  6.94694910558673e-01   5.04091393534448e-01   8.63663895563022e-01   3.47347347347347e-01 
  6.96696898005025e-01   5.36322747649440e-01   8.44045710743403e-01   3.48348348348348e-01 
  6.98698887240247e-01   5.67784344382926e-01   8.23217764201753e-01   3.49349349349349e-01 
  7.00700878696265e-01   5.98429318014876e-01   8.01205507096089e-01   3.50350350350350e-01 
  7.02702872127057e-01   6.28218463838482e-01   7.78045624690783e-01   3.51351351351351e-01 
  7.04704867174149e-01   6.57113847873309e-01   7.53776665642808e-01   3.52352352352352e-01 
  7.06706863479068e-01   6.85077536138929e-01   7.28437178609132e-01   3.53353353353353e-01 
  7.08708860683338e-01   7.12071594654911e-01   7.02065712246725e-01   3.54354354354354e-01 
  7.10710858428487e-01   7.38058089440821e-01   6.74700815212559e-01   3.55355355355355e-01 
  7.12712856356041e-01   7.62999086516230e-01   6.46381036163601e-01   3.56356356356356e-01 
  7.14714854107526e-01   7.86856651900706e-01   6.17144923756825e-01   3.57357357357357e-01 
  7.16716851324468e-01   8.09592851613816e-01   5.87031026649199e-01   3.58358358358358e-01 
  7.18718847648394e-01   8.31169751675133e-01   5.56077893497692e-01   3.59359359359359e-01 
  7.20720842773372e-01   8.51550998886302e-01   5.24325114221297e-01   3.60360360360360e-01 
  7.22722836762786e-01   8.70711351061535e-01   4.91819597569055e-01   3.61361361361361e-01 
  7.24724829838389e-01   8.88630330681335e-01   4.58611390778305e-01   3.62362362362362e-01 
  7.26726822222542e-01   9.05287478454038e-01   4.24750553093065e-01   3.63363363363363e-01 
  7.28728814137604e-01   9.20662335087978e-01   3.90287143757351e-01   3.64364364364364e-01 
  7.30730805805936e-01   9.34734441291490e-01   3.55271222015186e-01   3.65365365365365e-01 
  7.32732797449896e-01   9.47483337772909e-01   3.19752847110584e-01   3.66366366366366e-01 
  7.34734789291844e-01   9.58888565240569e-01   2.83782078287569e-01   3.67367367367367e-01 
  7.36736781554142e-01   9.68929664402806e-01   2.47408974790155e-01   3.68368368368368e-01 
  7.38738774459147e-01   9.77586175967953e-01   2.10683595862365e-01   3.69369369369369e-01 
  7.40740768220558e-01   9.84838058590517e-01   1.73656082628466e-01   3.70370370370370e-01 
  7.42742762849163e-01   9.90675061880252e-01   1.36378494368530e-01   3.71371371371371e-01 
  7.44744758150764e-01   9.95096826433719e-01   9.89048281157221e-02   3.72372372372372e-01 
  7.46746753922088e-01   9.98103430800607e-01   6.12891667030315e-02   3.73373373373373e-01 
  7.48748749959862e-01   9.99694953530608e-01   2.35855929634572e-02   3.74374374374374e-01 
  7.50750746060812e-01   9.99871473173413e-01  -1.41518102700086e-02   3.75375375375375e-01 
  7.52752742021665e-01   9.98633068278711e-01  -5.18689601643734e-02   3.76376376376376e-01 
  7.54754737639147e-01   9.95979817396194e-01  -8.95117738866389e-02   3.77377377377377e-01 
  7.56756732709986e-01   9.91911799075554e-01  -1.27026168603815e-01   3.78378378378378e-01 
  7.58758727030908e-01   9.86429091866480e-01  -1.64358061482902e-01   3.79379379379379e-01 
  7.60760720399066e-01   9.79531793129911e-01  -2.01453373432206e-01   3.80380380380380e-01 
  7.62762712736330e-01   9.71225496360167e-01  -2.38259118464947e-01   3.81381381381381e-01 
  7.64764704261872e-01   9.61528897090867e-01  -2.74724916408756e-01   3.82382382382382e-01 
  7.66766695238222e-01   9.50462601496744e-01  -3.10800767091359e-01   3.83383383383383e-01 
  7.68768685927908e-01   9.38047215752530e-01  -3.46436670340480e-01   3.84384384384384e-01 
  7.70770676593459e-01   9.24303346032957e-01  -3.81582625983845e-01   3.85385385385385e-01 
  7.72772667497404e-01   9.09251598512758e-01  -4.16188633849181e-01   3.86386386386386e-01 
  7.74774658902271e-01   8.92912579366666e-01  -4.50204693764211e-01   3.87387387387387e-01 
  7.76776651070589e-01   8.75306894769412e-01  -4.83580805556662e-01   3.88388388388388e-01 
  7.78778644264887e-01   8.56455150895730e-01  -5.16266969054257e-01   3.89389389389389e-01 
  7.80780638747693e-01   8.36377953920351e-01  -5.48213184084723e-01   3.90390390390390e-01 
  7.82782634711188e-01   8.15097738783574e-01  -5.79370663135242e-01   3.91391391391391e-01 
  7.84784631913065e-01   7.92648235246863e-01  -6.09698108319845e-01   3.92392392392392e-01 
  7.86786629945313e-01   7.69067480638744e-01  -6.39157078112085e-01   3.93393393393393e-01 
  7.88788628399596e-01   7.44393520807414e-01  -6.67709136634928e-01   3.94394394394394e-01 
  7.90790626867575e-01   7.18664401601069e-01  -6.95315848011341e-01   3.95395395395395e-01 
  7.92792624940913e-01   6.91918168867905e-01  -7.21938776364293e-01   3.96396396396396e-01 
  7.94794622211273e-01   6.64192868456119e-01  -7.47539485816750e-01   3.97397397397397e-01 
  7.96796618270318e-01   6.35526546213904e-01  -7.72079540491680e-01   3.98398398398398e-01 
  7.98798612709708e-01   6.05957247989461e-01  -7.95520504512049e-01   3.99399399399399e-01 
  8.00800605121108e-01   5.75523019630984e-01  -8.17823942000824e-01   4.00400400400400e-01 
  8.02802595125453e-01   5.44262210560849e-01  -8.38951864881445e-01   4.01401401401401e-01 
  8.04804582912292e-01   5.12219066947446e-01  -8.58874983332279e-01   4.02402402402402e-01 
  8.06806569187081e-01   4.79443185130501e-01  -8.77571899537606e-01   4.03403403403403e-01 
  8.08808554673981e-01   4.45984355384657e-01  -8.95021501753925e-01   4.04404404404404e-01 
  8.10810540097149e-01   4.11892367984547e-01  -9.11202678237741e-01   4.05405405405405e-01 
  8.12812526180744e-01   3.77217013204812e-01  -9.26094317245555e-01   4.06406406406406e-01 
  8.14814513648924e-01   3.42008081320089e-01  -9.39675307033870e-01   4.07407407407407e-01 
  8.16816503225847e-01   3.06315362605013e-01  -9.51924535859190e-01   4.08408408408408e-01 
  8.18818495635672e-01   2.70188647334226e-01  -9.62820891978016e-01   4.09409409409409e-01 
  8.20820491602556e-01   2.33677725782360e-01  -9.72343263646852e-01   4.10410410410410e-01 
  8.22822491847059e-01   1.96832395591281e-01  -9.80470574328183e-01   4.11411411411411e-01 
  8.24824496473841e-01   1.59703714735955e-01  -9.87187770279625e-01   4.12412412412412e-01 
  8.26826504279560e-01   1.22345417803125e-01  -9.92492588571174e-01   4.13413413413413e-01 
  8.28828513893709e-01   8.48115814525190e-02  -9.96384400948191e-01   4.14414414414414e-01 
  8.30830523945783e-01   4.71562823438594e-02  -9.98862579156042e-01   4.15415415415415e-01 
  8.32832533065276e-01   9.43359713687596e-03  -9.99926494940089e-01   4.16416416416416e-01 
  8.34834539881682e-01  -2.83023975087077e-02  -9.99575520045695e-01   4.17417417417417e-01 
  8.36836543024496e-01  -6.59976249331680e-02  -9.97809026218224e-01   4.18418418418418e-01 
  8.38838541123211e-01  -1.03598008476775e-01  -9.94626385203039e-01   4.19419419419419e-01 
  8.40840532807322e-01  -1.41049471479807e-01  -9.90026968745503e-01   4.20420420420420e-01 
  8.42842516706322e-01  -1.78297937282535e-01  -9.84010148590981e-01   4.21421421421421e-01 
  8.44844491986078e-01  -2.15289789049582e-01  -9.76577780543764e-01   4.22422422422422e-01 
  8.46846460730764e-01  -2.51973911779007e-01  -9.67745235790112e-01   4.23423423423423e-01 
  8.48848426012283e-01  -2.88300037233278e-01  -9.57532459899336e-01   4.24424424424424e-01 
  8.50850390903318e-01  -3.24217897847312e-01  -9.45959402073418e-01   4.25425425425425e-01 
  8.52852358476556e-01  -3.59677226056021e-01  -9.33046011514347e-01   4.26426426426426e-01 
  8.54854331804681e-01  -3.94627754294321e-01  -9.18812237424106e-01   4.27427427427427e-01 
  8.56856313960378e-01  -4.29019214997131e-01  -9.03278029004680e-01   4.28428428428428e-01 
  8.58858308016333e-01  -4.62801340599361e-01  -8.86463335458057e-01   4.29429429429429e-01 
  8.60860317045230e-01  -4.95923863535929e-01  -8.68388105986219e-01   4.30430430430430e-01 
  8.62862344119755e-01  -5.28336516241747e-01  -8.49072289791155e-01   4.31431431431431e-01 
  8.64864392080700e-01  -5.59989396956134e-01  -8.28536403595414e-01   4.32432432432432e-01 
  8.66866459984766e-01  -5.90838573199156e-01  -8.06810225053328e-01   4.33433433433433e-01 
  8.68868543806055e-01  -6.20844975191819e-01  -7.83931075967922e-01   4.34434434434434e-01 
  8.70870639428929e-01  -6.49969674722965e-01  -7.59936497775060e-01   4.35435435435435e-01 
  8.72872742737745e-01  -6.78173743581433e-01  -7.34864031910610e-01   4.36436436436436e-01 
  8.74874849616862e-01  -7.05418253556066e-01  -7.08751219810433e-01   4.37437437437437e-01 
  8.76876955950640e-01  -7.31664276435703e-01  -6.81635602910397e-01   4.38438438438438e-01 
  8.78879057623437e-01  -7.56872884009187e-01  -6.53554722646368e-01   4.39439439439439e-01 
  8.80881150519613e-01  -7.81005148065361e-01  -6.24546120454208e-01   4.40440440440440e-01 
  8.82883230523528e-01  -8.04022140393063e-01  -5.94647337769785e-01   4.41441441441441e-01 
  8.84885293538568e-01  -8.25884982396996e-01  -5.63895950620743e-01   4.42442442442442e-01 
  8.86887337580840e-01  -8.46560304115703e-01  -5.32333375610319e-01   4.43443443443443e-01 
  8.88889364671337e-01  -8.66025177819382e-01  -5.00008309582382e-01   4.44444444444444e-01 
  8.90891377277758e-01  -8.84257840504174e-01  -4.66970261418438e-01   4.45445445445445e-01 
  8.92893377867804e-01  -9.01236529166219e-01  -4.33268740000002e-01   4.46446446446446e-01 
  8.94895368909175e-01  -9.16939480801660e-01  -3.98953254208580e-01   4.47447447447447e-01 
  8.96897352869569e-01  -9.31344932406635e-01  -3.64073312925684e-01   4.48448448448448e-01 
  8.98899332216688e-01  -9.44431120977288e-01  -3.28678425032823e-01   4.49449449449449e-01 
  9.00901309418229e-01  -9.56176283509760e-01  -2.92818099411505e-01   4.50450450450450e-01 
  9.02903286941894e-01  -9.66558657000190e-01  -2.56541844943244e-01   4.51451451451451e-01 
  9.04905267255382e-01  -9.75556478444721e-01  -2.19899170509544e-01   4.52452452452452e-01 
  9.06907252381081e-01  -9.83150806040993e-01  -1.82940214040812e-01   4.53453453453453e-01 
  9.08909242203117e-01  -9.89336244595934e-01  -1.45718133981774e-01   4.54454454454454e-01 
  9.10911235964605e-01  -9.94111459963228e-01  -1.08286994276801e-01   4.55455455455455e-01 
  9.12913232908534e-01  -9.97475118760454e-01  -7.07008590405990e-02   4.56456456456456e-01 
  9.14915232277898e-01  -9.99425887605193e-01  -3.30137923878660e-02   4.57457457457457e-01 
  9.16917233315687e-01  -9.99962433115027e-01   4.72014156669205e-03   4.58458458458458e-01 
  9.18919235264895e-01  -9.99083421907536e-01   4.24468787083757e-02   4.59459459459459e-01 
  9.20921237368512e-01  -9.96787520600301e-01   8.01123549224852e-02   4.60460460460460e-01 
  9.22923238869530e-01  -9.93073395810903e-01   1.17662506094315e-01   4.61461461461461e-01 
  9.24925239010943e-01  -9.87939714156923e-01   1.55043268109166e-01   4.62462462462462e-01 
  9.26927237079736e-01  -9.81385959925495e-01   1.92200717207617e-01   4.63463463463463e-01 
  9.28929232972626e-01  -9.73422949073486e-01   2.29082874743281e-01   4.64464464464464e-01 
  9.30931227032022e-01  -9.64069780723388e-01   2.65639183898486e-01   4.65465465465465e-01 
  9.32933219610508e-01  -9.53345743134860e-01   3.01819120321484e-01   4.66466466466466e-01 
  9.34935211060670e-01  -9.41270124567560e-01   3.37572159660532e-01   4.67467467467467e-01 
  9.36937201735095e-01  -9.27862213281149e-01   3.72847777563880e-01   4.68468468468468e-01 
  9.38939191986369e-01  -9.13141297535284e-01   4.07595449679786e-01   4.69469469469469e-01 
  9.40941182167076e-01  -8.97126665589626e-01   4.41764651656500e-01   4.70470470470470e-01 
  9.42943172629802e-01  -8.79837605703832e-01   4.75304859142279e-01   4.71471471471471e-01 
  9.44945163727135e-01  -8.61293406137561e-01   5.08165547785378e-01   4.72472472472472e-01 
  9.46947155809170e-01  -8.41513435004784e-01   5.40296243233768e-01   4.73473473473473e-01 
  9.48949149033542e-01  -8.20523237764725e-01   5.71650338998480e-01   4.74474474474474e-01 
  9.50951143231654e-01  -7.98358830333386e-01   6.02187784528597e-01   4.75475475475475e-01 
  9.52953138203319e-01  -7.75057242778765e-01   6.31869164271075e-01   4.76476476476476e-01 
  9.54955133748344e-01  -7.50655505168860e-01   6.60655062672868e-01   4.77477477477477e-01 
  9.56957129666539e-01  -7.25190647571673e-01   6.88506064180926e-01   4.78478478478478e-01 
  9.58959125757714e-01  -6.98699700055200e-01   7.15382753242204e-01   4.79479479479479e-01 
  9.60961121821678e-01  -6.71219692687443e-01   7.41245714303653e-01   4.80480480480480e-01 
  9.62963117658239e-01  -6.42787655536400e-01   7.66055531812227e-01   4.81481481481481e-01 
  9.64965113067208e-01  -6.13440618670069e-01   7.89772790214879e-01   4.82482482482482e-01 
  9.66967107848393e-01  -5.83215612156451e-01   8.12358073958561e-01   4.83483483483483e-01 
  9.68969101856791e-01  -5.52151580558395e-01   8.33774638746823e-01   4.84484484484485e-01 
  9.70971095181507e-01  -5.20295589905134e-01   8.53997072003764e-01   4.85485485485485e-01 
  9.72973087973714e-01  -4.87696859392130e-01   8.73002965423505e-01   4.86486486486486e-01 
  9.74975080384583e-01  -4.54404608230098e-01   8.90769910721462e-01   4.87487487487487e-01 
  9.76977072565288e-01  -4.20468055629762e-01   9.07275499613043e-01   4.88488488488488e-01 
  9.78979064667002e-01  -3.85936420801835e-01   9.22497323813660e-01   4.89489489489490e-01 
  9.80981056840895e-01  -3.50858922957041e-01   9.36412975038725e-01   4.90490490490490e-01 
  9.82983049238143e-01  -3.15284781306096e-01   9.49000045003650e-01   4.91491491491491e-01 
  9.84985042009916e-01  -2.79263215059718e-01   9.60236125423846e-01   4.92492492492492e-01 
  9.86987035307388e-01  -2.42843443428628e-01   9.70098808014725e-01   4.93493493493493e-01 
  9.88989029266978e-01  -2.06074917641125e-01   9.78566663909570e-01   4.94494494494495e-01 
  9.90991023849903e-01  -1.69009844332993e-01   9.85629895667486e-01   4.95495495495495e-01 
  9.92993018902562e-01  -1.31702235855359e-01   9.91286328329692e-01   4.96496496496497e-01 
  9.94995014269359e-01  -9.42061359395111e-02   9.95533919402726e-01   4.97497497497497e-01 
  9.96997009794699e-01  -5.65755883167347e-02   9.98370626393129e-01   4.98498498498498e-01 
  9.98999005322986e-01  -1.88646367183134e-02   9.99794406807441e-01   4.99499499499500e-01 
  1.00100100069862e+00   1.88726751244648e-02   9.99803218152202e-01   5.00500500500501e-01 
  1.00300299576602e+00   5.65823034803121e-02   9.98395017933951e-01   5.01501501501502e-01 
  1.00500499036957e+00   9.42102046179445e-02   9.95567763659229e-01   5.02502502502503e-01 
  1.00700698435369e+00   1.31702334806076e-01   9.91319412834576e-01   5.03503503503503e-01 
  1.00900897756524e+00   1.69004671986867e-01   9.85648059816461e-01   5.04504504504504e-01 
  1.01101096999136e+00   2.06064423811785e-01   9.78559563560922e-01   5.05505505505506e-01 
  1.01301296183202e+00   2.42830664405267e-01   9.70071568260775e-01   5.06506506506507e-01 
  1.01501495330500e+00   2.79252623910457e-01   9.60202703238169e-01   5.07507507507508e-01 
  1.01701694462808e+00   3.15279532470498e-01   9.48971597815253e-01   5.08508508508508e-01 
  1.01901893601904e+00   3.50860620228531e-01   9.36396881314177e-01   5.09509509509509e-01 
  1.02102092769565e+00   3.85945117327700e-01   9.22497183057089e-01   5.10510510510511e-01 
  1.02302291987570e+00   4.20482253911141e-01   9.07291132366141e-01   5.11511511511512e-01 
  1.02502491277696e+00   4.54421260121997e-01   8.90797358563483e-01   5.12512512512513e-01 
  1.02702690661721e+00   4.87711366103411e-01   8.73034490971262e-01   5.13513513513513e-01 
  1.02902890161422e+00   5.20301802016762e-01   8.54021158941627e-01   5.14514514514514e-01 
  1.03103089788128e+00   5.52143729548480e-01   8.33779168808699e-01   5.15515515515516e-01 
  1.03303289513983e+00   5.83195552139574e-01   8.12342238180466e-01   5.16516516516517e-01 
  1.03503489301953e+00   6.13417370084709e-01   7.89746875658200e-01   5.17517517517518e-01 
  1.03703689115004e+00   6.42769283678543e-01   7.66029589843171e-01   5.18518518518518e-01 
  1.03903888916100e+00   6.71211393215739e-01   7.41226889336654e-01   5.19519519519519e-01 
  1.04104088668207e+00   6.98703798990958e-01   7.15375282739916e-01   5.20520520520521e-01 
  1.04304288334290e+00   7.25206601298856e-01   6.88511278654237e-01   5.21521521521522e-01 
  1.04504487877314e+00   7.50679900434095e-01   6.60671385680886e-01   5.22522522522523e-01 
  1.04704687260245e+00   7.75083796691336e-01   6.31892112421136e-01   5.23523523523523e-01 
  1.04904886446048e+00   7.98378390365239e-01   6.02209967476258e-01   5.24524524524524e-01 
  1.05105085403862e+00   8.20524753369652e-01   5.71662175216247e-01   5.25525525525526e-01 
  1.05305284166123e+00   8.41493919192675e-01   5.40293298465740e-01   5.26526526526527e-01 
  1.05505482802413e+00   8.61262766846906e-01   5.08152206308106e-01   5.27527527527528e-01 
  1.05705681382783e+00   8.79808249694378e-01   4.75287822598180e-01   5.28528528528528e-01 
  1.05905879977287e+00   8.97107321097126e-01   4.41749071190799e-01   5.29529529529529e-01 
  1.06106078655977e+00   9.13136934417185e-01   4.07584875940793e-01   5.30530530530531e-01 
  1.06306277488906e+00   9.27874043016585e-01   3.72844160703006e-01   5.31531531531532e-01 
  1.06506476546128e+00   9.41295600257364e-01   3.37575849332269e-01   5.32532532532533e-01 
  1.06706675897694e+00   9.53378559501554e-01   3.01828865683418e-01   5.33533533533533e-01 
  1.06906875613657e+00   9.64099874111188e-01   2.65652133611288e-01   5.34534534534534e-01 
  1.07107075762134e+00   9.73436686561782e-01   2.29094624372008e-01   5.35535535535536e-01 
  1.07307276327467e+00   9.81374318616530e-01   1.92207359360363e-01   5.36536536536537e-01 
  1.07507477180002e+00   9.87909222387425e-01   1.55044149793303e-01   5.37537537537538e-01 
  1.07707678181921e+00   9.93038646927737e-01   1.17659006641132e-01   5.38538538538539e-01 
  1.07907879195409e+00   9.96759841290734e-01   8.01059408741509e-02   5.39539539539539e-01 
  1.08108080082647e+00   9.99070054529684e-01   4.24389634626602e-02   5.40540540540541e-01 
  1.08308280705819e+00   9.99966535697857e-01   4.71208537697095e-03   5.41541541541542e-01 
  1.08508480927108e+00   9.99446533848522e-01  -3.30206824126180e-02   5.42542542542543e-01 
  1.08708680608696e+00   9.97507298034946e-01  -7.07053289358034e-02   5.43543543543544e-01 
  1.08908879612768e+00   9.94146077310400e-01  -1.08287843222282e-01   5.44544544544544e-01 
  1.09109077801524e+00   9.89360121582033e-01  -1.45714214425446e-01   5.45545545545546e-01 
  1.09309275126475e+00   9.83150821657692e-01  -1.82931031533382e-01   5.46546546546547e-01 
  1.09509471835277e+00   9.75533299315236e-01  -2.19886872548902e-01   5.47547547547548e-01 
  1.09709668236886e+00   9.66525518650096e-01  -2.56530727201841e-01   5.48548548548549e-01 
  1.09909864640259e+00   9.56145443757701e-01  -2.92811585222037e-01   5.49549549549550e-01 
  1.10110061354355e+00   9.44411038733486e-01  -3.28678436339319e-01   5.50550550550551e-01 
  1.10310258688130e+00   9.31340267672879e-01  -3.64080270283524e-01   5.51551551551552e-01 
  1.10510456950541e+00   9.16951094671312e-01  -3.98966076784488e-01   5.52552552552553e-01 
  1.10710656450545e+00   9.01261483824216e-01  -4.33284845572046e-01   5.53553553553554e-01 
  1.10910857497100e+00   8.84289399227019e-01  -4.66985566376036e-01   5.54554554554555e-01 
  1.11111060399163e+00   8.66052804975157e-01  -5.00017228926286e-01   5.55555555555556e-01 
  1.11311265416667e+00   8.46570897762588e-01  -5.32329550663078e-01   5.56556556556557e-01 
  1.11511472372961e+00   8.25873851057015e-01  -5.63878729573856e-01   5.57557557557558e-01 
  1.11711680862343e+00   8.03997597335020e-01  -5.94624363691420e-01   5.58558558558559e-01 
  1.11911890477082e+00   7.80978119960122e-01  -6.24526081091578e-01   5.59559559559560e-01 
  1.12112100809452e+00   7.56851402295853e-01  -6.53543509850128e-01   5.60560560560561e-01 
  1.12312311451723e+00   7.31653427705732e-01  -6.81636278042876e-01   5.61561561561562e-01 
  1.12512521996168e+00   7.05420179553284e-01  -7.08764013745627e-01   5.62562562562563e-01 
  1.12712732035059e+00   6.78187641202034e-01  -7.34886345034185e-01   5.63563563563564e-01 
  1.12912941160666e+00   6.49991796015501e-01  -7.59962899984356e-01   5.64564564564565e-01 
  1.13113148965262e+00   6.20868627357218e-01  -7.83953306671940e-01   5.65565565565566e-01 
  1.13313355049304e+00   5.90854278610139e-01  -8.06817404465740e-01   5.66566566566567e-01 
  1.13513559291280e+00   5.59990328406981e-01  -8.28522209551644e-01   5.67567567567568e-01 
  1.13713761909188e+00   5.28324992433011e-01  -8.49043501818080e-01   5.68568568568569e-01 
  1.13913963141657e+00   4.95906889764234e-01  -8.68357593799026e-01   5.69569569569570e-01 
  1.14114163227320e+00   4.62784639476667e-01  -8.86440798028454e-01   5.70570570570571e-01 
  1.14314362404808e+00   4.29006860646315e-01  -9.03269427040341e-01   5.71571571571572e-01 
  1.14514560912751e+00   3.94622172349187e-01  -9.18819793368663e-01   5.72572572572573e-01 
  1.14714758989780e+00   3.59679193661292e-01  -9.33068209547395e-01   5.73573573573574e-01 
  1.14914956874528e+00   3.24226543658637e-01  -9.45990988110515e-01   5.74574574574575e-01 
  1.15115154805625e+00   2.88312841417237e-01  -9.57564441591995e-01   5.75575575575576e-01 
  1.15315353021644e+00   2.51986707014467e-01  -9.67764886313016e-01   5.76576576576577e-01 
  1.15515551692146e+00   2.15297956130111e-01  -9.76573160392056e-01   5.77577577577578e-01 
  1.15715750783982e+00   1.78299916278274e-01  -9.83983383790198e-01   5.78578578578579e-01 
  1.15915950226973e+00   1.41046556484093e-01  -9.89992102678828e-01   5.79579579579580e-01 
  1.16116149950940e+00   1.03591845772718e-01  -9.94595863229331e-01   5.80580580580581e-01 
  1.16316349885706e+00   6.59897531692878e-02  -9.97791211613094e-01   5.81581581581582e-01 
  1.16516549961090e+00   2.82942476989435e-02  -9.99574694001503e-01   5.82582582582583e-01 
  1.16716750106915e+00  -9.44070161317275e-03  -9.99942856565946e-01   5.83583583583584e-01 
  1.16916950253001e+00  -4.71611257419235e-02  -9.98892245477808e-01   5.84584584584585e-01 
  1.17117150329171e+00  -8.48130556621583e-02  -9.96419406908475e-01   5.85585585585586e-01 
  1.17317350265245e+00  -1.22342522348740e-01  -9.92520887029333e-01   5.86586586586587e-01 
  1.17517549999333e+00  -1.59695776032187e-01  -9.87194900385072e-01   5.87587587587588e-01 
  1.17717749533980e+00  -1.96820771422534e-01  -9.80452631347889e-01   5.88588588588589e-01 
  1.17917948901903e+00  -2.33666261354673e-01  -9.72311337429409e-01   5.89589589589590e-01 
  1.18118148135990e+00  -2.70181003221365e-01  -9.62788310823330e-01   5.90590590590591e-01 
  1.18318347269130e+00  -3.06313754415379e-01  -9.51900843723342e-01   5.91591591591592e-01 
  1.18518546334212e+00  -3.42013272329483e-01  -9.39666228323140e-01   5.92592592592593e-01 
  1.18718745364125e+00  -3.77228314356443e-01  -9.26101756816417e-01   5.93593593593594e-01 
  1.18918944391758e+00  -4.11907637889030e-01  -9.11224721396863e-01   5.94594594594595e-01 
  1.19119143449998e+00  -4.46000000320002e-01  -8.95052414258176e-01   5.95595595595596e-01 
  1.19319342571736e+00  -4.79454159042130e-01  -8.77602127594048e-01   5.96596596596597e-01 
  1.19519541789008e+00  -5.12219045508111e-01  -8.58891457439447e-01   5.97597597597598e-01 
  1.19719741110588e+00  -5.44248344634347e-01  -8.38946297537371e-01   5.98598598598599e-01 
  1.19919940519745e+00  -5.75500953109829e-01  -8.17801639368788e-01   5.99599599599600e-01 
  1.20120139998444e+00  -6.05936033588763e-01  -7.95492938687025e-01   6.00600600600601e-01 
  1.20320339528652e+00  -6.35512748725368e-01  -7.72055651245403e-01   6.01601601601602e-01 
  1.20520539092336e+00  -6.64190261173857e-01  -7.47525232797245e-01   6.02602602602603e-01 
  1.20720738671463e+00  -6.91927733588443e-01  -7.21937139095874e-01   6.03603603603604e-01 
  1.20920938247998e+00  -7.18684328623345e-01  -6.95326825894611e-01   6.04604604604605e-01 
  1.21121137803909e+00  -7.44419208932768e-01  -6.67729748946784e-01   6.05605605605606e-01 
  1.21321337321161e+00  -7.69091537170930e-01  -6.39181364005714e-01   6.06606606606607e-01 
  1.21521536781738e+00  -7.92660484403612e-01  -6.09717133367347e-01   6.07607607607608e-01 
  1.21721736175211e+00  -8.15089321160677e-01  -5.79375707942408e-01   6.08608608608609e-01 
  1.21921935510943e+00  -8.36352005442887e-01  -5.48204051491079e-01   6.09609609609610e-01 
  1.22122134801478e+00  -8.56424214937543e-01  -5.16250465367371e-01   6.10610610610611e-01 
  1.22322334059363e+00  -8.75281627331944e-01  -4.83563250925300e-01   6.11611611611612e-01 
  1.22522533297144e+00  -8.92899920313389e-01  -4.50190709518880e-01   6.12612612612613e-01 
  1.22722732527365e+00  -9.09254771569178e-01  -4.16181142502122e-01   6.13613613613614e-01 
  1.22922931762574e+00  -9.24321858786607e-01  -3.81582851229048e-01   6.14614614614615e-01 
  1.23123131015315e+00  -9.38076859652976e-01  -3.46444137053670e-01   6.15615615615616e-01 
  1.23323330298134e+00  -9.50495451855583e-01  -3.10813301330002e-01   6.16616616616617e-01 
  1.23523529623578e+00  -9.61553313081728e-01  -2.74738645412058e-01   6.17617617617618e-01 
  1.23723729001906e+00  -9.71228011472480e-01  -2.38268997767376e-01   6.18618618618619e-01 
  1.23923928427815e+00  -9.79509996755473e-01  -2.01456778624710e-01   6.19619619619620e-01 
  1.24124127889505e+00  -9.86395091663329e-01  -1.64355906362958e-01   6.20620620620621e-01 
  1.24324327375156e+00  -9.91879136782280e-01  -1.27020304339123e-01   6.21621621621622e-01 
  1.24524526872950e+00  -9.95957972698556e-01  -8.95038959102114e-02   6.22622622622623e-01 
  1.24724726371065e+00  -9.98627439998390e-01  -5.18606044332248e-02   6.23623623623624e-01 
  1.24924925857682e+00  -9.99883379268012e-01  -1.41443532651768e-02   6.24624624624625e-01 
  1.25125125320981e+00  -9.99721631093652e-01   2.35909342369314e-02   6.25625625625626e-01 
  1.25325324749143e+00  -9.98138036061544e-01   6.12913347160943e-02   6.26626626626627e-01 
  1.25525524130346e+00  -9.95128434757917e-01   9.89029248153065e-02   6.27627627627628e-01 
  1.25725723453412e+00  -9.90689116204866e-01   1.36371834331003e-01   6.28628628628629e-01 
  1.25925922721468e+00  -9.84826403429555e-01   1.73645382397696e-01   6.29629629629630e-01 
  1.26126121951738e+00  -9.77556500319934e-01   2.10672059335689e-01   6.30630630630631e-01 
  1.26326321162038e+00  -9.68896028568693e-01   2.47400404987992e-01   6.31631631631632e-01 
  1.26526520370185e+00  -9.58861609868520e-01   2.83778959197613e-01   6.32632632632633e-01 
  1.26726719593997e+00  -9.47469865912104e-01   3.19756261807564e-01   6.33633633633634e-01 
  1.26926918851290e+00  -9.34737418392136e-01   3.55280852660845e-01   6.34634634634635e-01 
  1.27127118159883e+00  -9.20680889001304e-01   3.90301271600468e-01   6.35635635635636e-01 
  1.27327317537591e+00  -9.05316899432298e-01   4.24766058469442e-01   6.36636636636637e-01 
  1.27527517002232e+00  -8.88662071377806e-01   4.58623753110774e-01   6.37637637637638e-01 
  1.27727716571567e+00  -8.70733046243691e-01   4.91822906312822e-01   6.38638638638639e-01 
  1.27927916248790e+00  -8.51551477101874e-01   5.24314851490639e-01   6.39639639639640e-01 
  1.28128116003325e+00  -8.31150638150467e-01   5.56057374455724e-01   6.40640640640641e-01 
  1.28328315799822e+00  -8.09565446441918e-01   5.87009173181377e-01   6.41641641641642e-01 
  1.28528515602929e+00  -7.86830819028673e-01   6.17128945640895e-01   6.42642642642643e-01 
  1.28728715377296e+00  -7.62981672963176e-01   6.46375389807580e-01   6.43643643643644e-01 
  1.28928915087572e+00  -7.38052925297877e-01   6.74707203654724e-01   6.44644644644645e-01 
  1.29129114698405e+00  -7.12079493085221e-01   7.02083085155630e-01   6.45645645645646e-01 
  1.29329314174446e+00  -6.85096293377654e-01   7.28461732283594e-01   6.46646646646647e-01 
  1.29529513480343e+00  -6.57138243227623e-01   7.53801843011917e-01   6.47647647647648e-01 
  1.29729712580746e+00  -6.28240259687569e-01   7.78062115313898e-01   6.48648648648649e-01 
  1.29929911451879e+00  -5.98438677230661e-01   8.01203021642766e-01   6.49649649649650e-01 
  1.30130110139329e+00  -5.67778322785800e-01   8.23195666222669e-01   6.50650650650651e-01 
  1.30330308714397e+00  -5.36307171990567e-01   8.44015095170451e-01   6.51651651651652e-01 
  1.30530507248427e+00  -5.04073205641514e-01   8.63636361061516e-01   6.52652652652653e-01 
  1.30730705812762e+00  -4.71124404535190e-01   8.82034516471265e-01   6.53653653653654e-01 
  1.30930904478746e+00  -4.37508749468153e-01   8.99184613975096e-01   6.54654654654655e-01 
  1.31131103317724e+00  -4.03274221236953e-01   9.15061706148413e-01   6.55655655655656e-01 
  1.31331302401037e+00  -3.68468800638141e-01   9.29640845566617e-01   6.56656656656657e-01 
  1.31531501800031e+00  -3.33140468468270e-01   9.42897084805109e-01   6.57657657657658e-01 
  1.31731701586049e+00  -2.97337205523888e-01   9.54805476439292e-01   6.58658658658659e-01 
  1.31931901824665e+00  -2.61107153113555e-01   9.65341620992088e-01   6.59659659659660e-01 
  1.32132102474044e+00  -2.24501440439111e-01   9.74491318901224e-01   6.60660660660661e-01 
  1.32332303397364e+00  -1.87573839090892e-01   9.82249391052906e-01   6.61661661661662e-01 
  1.32532504454529e+00  -1.50378211743003e-01   9.88610969270372e-01   6.62662662662663e-01 
  1.32732705505444e+00  -1.12968421069543e-01   9.93571185376857e-01   6.63663663663664e-01 
  1.32932906410010e+00  -7.53983297446252e-02   9.97125171195598e-01   6.64664664664665e-01 
  1.33133107028133e+00  -3.77218004423485e-02   9.99268058549832e-01   6.65665665665666e-01 
  1.33333307219715e+00   7.30416318282107e-06   9.99994979262795e-01   6.66666666666667e-01 
  1.33533506844661e+00   3.77351213978649e-02   9.99301065157723e-01   6.67667667667668e-01 
  1.33733705762874e+00   7.54077885875979e-02   9.97181448057853e-01   6.68668668668669e-01 
  1.33933903835069e+00   1.12971447350044e-01   9.93631300624421e-01   6.69669669669670e-01 
  1.34134101046098e+00   1.50372896523436e-01   9.88652049241994e-01   6.70670670670671e-01 
  1.34334297637375e+00   1.87560293227349e-01   9.82258044899658e-01   6.71671671671672e-01 
  1.34534493882067e+00   2.24481962705595e-01   9.74465238357589e-01   6.72672672672673e-01 
  1.34734690053344e+00   2.61086230201989e-01   9.65289580375957e-01   6.73673673673674e-01 
  1.34934886424374e+00   2.97321420960334e-01   9.54747021714939e-01   6.74674674674675e-01 
  1.35135083268325e+00   3.33135860224445e-01   9.42853513134708e-01   6.75675675675676e-01 
  1.35335280858365e+00   3.68477873238133e-01   9.29625005395437e-01   6.76676676676677e-01 
  1.35535479467664e+00   4.03295785245213e-01   9.15077449257299e-01   6.77677677677678e-01 
  1.35735679369390e+00   4.37537921489488e-01   8.99226795480470e-01   6.78678678678679e-01 
  1.35935880836711e+00   4.71152607214774e-01   8.82088994825122e-01   6.79679679679680e-01 
  1.36136084074116e+00   5.04089404892155e-01   8.63682295184426e-01   6.80680680680681e-01 
  1.36336288923410e+00   5.36304410645055e-01   8.44037075341869e-01   6.81681681681682e-01 
  1.36536495107112e+00   5.67755869444195e-01   8.23187703799013e-01   6.82682682682683e-01 
  1.36736702347672e+00   5.98402027554095e-01   8.01168551459618e-01   6.83683683683684e-01 
  1.36936910367537e+00   6.28201131239289e-01   7.78013989227436e-01   6.84684684684685e-01 
  1.37137118889157e+00   6.57111426764302e-01   7.53758388006221e-01   6.85685685685686e-01 
  1.37337327634978e+00   6.85091160393665e-01   7.28436118699730e-01   6.86686686686687e-01 
  1.37537536327451e+00   7.12098578391907e-01   7.02081552211713e-01   6.87687687687688e-01 
  1.37737744689023e+00   7.38091927023551e-01   6.74729059445930e-01   6.88688688688689e-01 
  1.37937952442143e+00   7.63029452553127e-01   6.46413011306134e-01   6.89689689689690e-01 
  1.38138159320608e+00   7.86869950153667e-01   6.17168229289684e-01   6.90690690690691e-01 
  1.38338365236208e+00   8.09580823248040e-01   5.87036601321768e-01   6.91691691691692e-01 
  1.38538570242047e+00   8.31136309897712e-01   5.56065625815331e-01   6.92692692692693e-01 
  1.38738774395125e+00   8.51510836420786e-01   5.24302955721361e-01   6.93693693693694e-01 
  1.38938977752439e+00   8.70678829135375e-01   4.91796243990838e-01   6.94694694694695e-01 
  1.39139180370988e+00   8.88614714359589e-01   4.58593143574746e-01   6.95695695695696e-01 
  1.39339382307770e+00   9.05292918411537e-01   4.24741307424066e-01   6.96696696696697e-01 
  1.39539583619784e+00   9.20687867609329e-01   3.90288388489778e-01   6.97697697697698e-01 
  1.39739784364028e+00   9.34773988271074e-01   3.55282039722872e-01   6.98698698698699e-01 
  1.39939984597500e+00   9.47525706714881e-01   3.19769914074327e-01   6.99699699699700e-01 
  1.40140184377228e+00   9.58917513887400e-01   2.83799684330127e-01   7.00700700700701e-01 
  1.40340383763164e+00   9.68930448965222e-01   2.47421032978983e-01   7.01701701701702e-01 
  1.40540582820661e+00   9.77557636361149e-01   2.10687351562636e-01   7.02702702702703e-01 
  1.40740781615654e+00   9.84793504635100e-01   1.73652431875740e-01   7.03703703703704e-01 
  1.40940980214079e+00   9.90632482347000e-01   1.36370065712939e-01   7.04704704704705e-01 
  1.41141178681870e+00   9.95068998056771e-01   9.88940448688785e-02   7.05705705705706e-01 
  1.41341377084963e+00   9.98097480324334e-01   6.12781611382045e-02   7.06706706706707e-01 
  1.41541575489292e+00   9.99712357709613e-01   2.35762063155593e-02   7.07707707707708e-01 
  1.41741773960794e+00   9.99908058772530e-01  -1.41580278044025e-02   7.08708708708709e-01 
  1.41941972565403e+00   9.98679012073007e-01  -5.18707494270388e-02   7.09709709709710e-01 
  1.42142171369054e+00   9.96019646170966e-01  -8.95081667577031e-02   7.10710710710711e-01 
  1.42342370422654e+00   9.91927358893559e-01  -1.27016760018288e-01   7.11711711711712e-01 
  1.42542569707041e+00   9.86413390711084e-01  -1.64344277564405e-01   7.12712712712713e-01 
  1.42742769182654e+00   9.79493012846618e-01  -2.01438837011586e-01   7.13713713713714e-01 
  1.42942968809928e+00   9.71181496983272e-01  -2.38248556017519e-01   7.14714714714715e-01 
  1.43143168549297e+00   9.61494114804162e-01  -2.74721552239890e-01   7.15715715715716e-01 
  1.43343368361198e+00   9.50446137992400e-01  -3.10805943336383e-01   7.16716716716717e-01 
  1.43543568206064e+00   9.38052838231097e-01  -3.46449846964687e-01   7.17717717717718e-01 
  1.43743768044332e+00   9.24329487203371e-01  -3.81601380782478e-01   7.18718718718719e-01 
  1.43943967836436e+00   9.09291356592332e-01  -4.16208662447446e-01   7.19719719719720e-01 
  1.44144167542812e+00   8.92953718081094e-01  -4.50219809617275e-01   7.20720720720721e-01 
  1.44344367126459e+00   8.75332614438505e-01  -4.83583342529791e-01   7.21721721721722e-01 
  1.44544566584596e+00   8.56454381726501e-01  -5.16253155501496e-01   7.22722722722723e-01 
  1.44744765938818e+00   8.36352687977381e-01  -5.48186970835233e-01   7.23723723723724e-01 
  1.44944965211246e+00   8.15061358593979e-01  -5.79342592996257e-01   7.24724724724725e-01 
  1.45145164423997e+00   7.92614218979134e-01  -6.09677826449821e-01   7.25725725725726e-01 
  1.45345363599192e+00   7.69045094535681e-01  -6.39150475661177e-01   7.26726726726727e-01 
  1.45545562758948e+00   7.44387810666457e-01  -6.67718345095580e-01   7.27727727727728e-01 
  1.45745761925384e+00   7.18676192774303e-01  -6.95339239218276e-01   7.28728728728729e-01 
  1.45945961120620e+00   6.91944066262054e-01  -7.21970962494521e-01   7.29729729729730e-01 
  1.46146160366775e+00   6.64225256532547e-01  -7.47571319389566e-01   7.30730730730731e-01 
  1.46346359685792e+00   6.35553655820148e-01  -7.72098193646993e-01   7.31731731731732e-01 
  1.46546559087056e+00   6.05967939494478e-01  -7.95515142963718e-01   7.32732732732733e-01 
  1.46746758559222e+00   5.75514679303037e-01  -8.17795092047426e-01   7.33733733733734e-01 
  1.46946958089005e+00   5.44241185955241e-01  -8.38911842193079e-01   7.34734734734735e-01 
  1.47147157663119e+00   5.12194770160507e-01  -8.58839194695637e-01   7.35735735735736e-01 
  1.47347357268278e+00   4.79422742628250e-01  -8.77550950850061e-01   7.36736736736737e-01 
  1.47547556891197e+00   4.45972414067897e-01  -8.95020911951308e-01   7.37737737737738e-01 
  1.47747756518590e+00   4.11891095188863e-01  -9.11222879294340e-01   7.38738738738739e-01 
  1.47947956137171e+00   3.77226096700567e-01  -9.26130654174115e-01   7.39739739739740e-01 
  1.48148155733655e+00   3.42024729312426e-01  -9.39718037885596e-01   7.40740740740741e-01 
  1.48348355294756e+00   3.06334303733856e-01  -9.51958831723742e-01   7.41741741741742e-01 
  1.48548554809961e+00   2.70203167402107e-01  -9.62830061584673e-01   7.42742742742743e-01 
  1.48748754280174e+00   2.33683938331464e-01  -9.72322036414694e-01   7.43743743743744e-01 
  1.48948953709242e+00   1.96830334013321e-01  -9.80428484934401e-01   7.44744744744745e-01 
  1.49149153101008e+00   1.59696071940078e-01  -9.87143135867512e-01   7.45745745745746e-01 
  1.49349352459319e+00   1.22334869604131e-01  -9.92459717937744e-01   7.46746746746747e-01 
  1.49549551788018e+00   8.48004444978872e-02  -9.96371959868814e-01   7.47747747747748e-01 
  1.49749751090952e+00   4.71465141137413e-02  -9.98873590384438e-01   7.48748748748749e-01 
  1.49949950371965e+00   9.42679594409275e-03  -9.99958338208336e-01   7.49749749749750e-01 
  1.50150149634903e+00  -2.83049925186591e-02  -9.99619932064222e-01   7.50750750750751e-01 
  1.50350348883610e+00  -6.59951337821192e-02  -9.97852100675815e-01   7.51751751751752e-01 
  1.50550548122189e+00  -1.03589992943595e-01  -9.94649621308007e-01   7.52752752752753e-01 
  1.50750747357702e+00  -1.41036881643187e-01  -9.90019288328350e-01   7.53753753753754e-01 
  1.50950946599098e+00  -1.78283715814767e-01  -9.83975568087612e-01   7.54754754754755e-01 
  1.51151145855357e+00  -2.15278421181018e-01  -9.76533051213182e-01   7.55755755755756e-01 
  1.51351345135458e+00  -2.51968923464626e-01  -9.67706328332449e-01   7.56756756756757e-01 
  1.51551544448381e+00  -2.88303148388265e-01  -9.57509990072802e-01   7.57757757757758e-01 
  1.51751743803106e+00  -3.24229021674623e-01  -9.45958627061631e-01   7.58758758758759e-01 
  1.51951943208614e+00  -3.59694469046380e-01  -9.33066829926325e-01   7.59759759759760e-01 
  1.52152142673883e+00  -3.94647416226220e-01  -9.18849189294274e-01   7.60760760760761e-01 
  1.52352342207894e+00  -4.29035788936828e-01  -9.03320295792863e-01   7.61761761761762e-01 
  1.52552541819357e+00  -4.62807580900603e-01  -8.86494874657038e-01   7.62762762762763e-01 
  1.52752741502641e+00  -4.95914391653282e-01  -8.68394788940481e-01   7.63763763763764e-01 
  1.52952941230914e+00  -5.28313152912399e-01  -8.49052456915283e-01   7.64764764764765e-01 
  1.53153140975635e+00  -5.59961226320385e-01  -8.28501147903137e-01   7.65765765765766e-01 
  1.53353340708259e+00  -5.90815973519677e-01  -8.06774131225739e-01   7.66766766766767e-01 
  1.53553540400246e+00  -6.20834756152702e-01  -7.83904676204789e-01   7.67767767767768e-01 
  1.53753740023052e+00  -6.49974935861897e-01  -7.59926052161979e-01   7.68768768768769e-01 
  1.53953939548136e+00  -6.78193874289695e-01  -7.34871528419008e-01   7.69769769769770e-01 
  1.54154138946955e+00  -7.05448933078529e-01  -7.08774374297571e-01   7.70770770770771e-01 
  1.54354338190966e+00  -7.31697473870834e-01  -6.81667859119360e-01   7.71771771771772e-01 
  1.54554537251628e+00  -7.56896858390541e-01  -6.53585252276611e-01   7.72772772772773e-01 
  1.54754736117423e+00  -7.81007342047420e-01  -6.24562327434383e-01   7.73773773773774e-01 
  1.54954934838819e+00  -8.03999716195450e-01  -5.94643976344618e-01   7.74774774774775e-01 
  1.55155133480389e+00  -8.25847169402565e-01  -5.63877165372101e-01   7.75775775775776e-01 
  1.55355332106705e+00  -8.46522890236703e-01  -5.32308860881611e-01   7.76776776776777e-01 
  1.55555530782338e+00  -8.66000067265796e-01  -4.99986029237938e-01   7.77777777777778e-01 
  1.55755729571860e+00  -8.84251889057780e-01  -4.66955636805863e-01   7.78778778778779e-01 
  1.55955928539844e+00  -9.01251544180591e-01  -4.33264649950168e-01   7.79779779779780e-01 
  1.56156127750861e+00  -9.16972221202164e-01  -3.98960035035636e-01   7.80780780780781e-01 
  1.56356327269484e+00  -9.31387108690437e-01  -3.64088758427048e-01   7.81781781781782e-01 
  1.56556527160284e+00  -9.44469395213340e-01  -3.28697786489194e-01   7.82782782782783e-01 
  1.56756727476031e+00  -9.56193461452347e-01  -2.92834486029167e-01   7.83783783783784e-01 
  1.56956928152544e+00  -9.66545501508728e-01  -2.56550192094532e-01   7.84784784784785e-01 
  1.57157129058807e+00  -9.75518460500749e-01  -2.19898507463893e-01   7.85785785785786e-01 
  1.57357330063021e+00  -9.83105362707252e-01  -1.82933061506645e-01   7.86786786786787e-01 
  1.57557531033387e+00  -9.89299232407079e-01  -1.45707483592198e-01   7.87787787787788e-01 
  1.57757731838104e+00  -9.94093093879076e-01  -1.08275403089946e-01   7.88788788788789e-01 
  1.57957932345374e+00  -9.97479971402086e-01  -7.06904493692906e-02   7.89789789789790e-01 
  1.58158132423397e+00  -9.99452889254952e-01  -3.30062517996305e-02   7.90790790790791e-01 
  1.58358331940373e+00  -1.00000487171652e+00   4.72356024963812e-03   7.91791791791792e-01 
  1.58558530764503e+00  -9.99128943065630e-01   4.24453574091071e-02   7.92792792792793e-01 
  1.58758728767907e+00  -9.96818337524477e-01   8.01055240590264e-02   7.93793793793794e-01 
  1.58958925982344e+00  -9.93074841607834e-01   1.17651004687853e-01   7.94794794794795e-01 
  1.59159122651275e+00  -9.87911583051771e-01   1.55029486545250e-01   7.95795795795796e-01 
  1.59359319032751e+00  -9.81342471287770e-01   1.92188708075818e-01   7.96796796796797e-01 
  1.59559515384823e+00  -9.73381415747315e-01   2.29076407724142e-01   7.97797797797798e-01 
  1.59759711965543e+00  -9.64042325861889e-01   2.65640323934821e-01   7.98798798798799e-01 
  1.59959909032962e+00  -9.53339111062975e-01   3.01828195152449e-01   7.99799799799800e-01 
  1.60160106845131e+00  -9.41285680782055e-01   3.37587759821621e-01   8.00800800800801e-01 
  1.60360305660102e+00  -9.27895944450611e-01   3.72866756386935e-01   8.01801801801802e-01 
  1.60560505735926e+00  -9.13183811500129e-01   4.07612923292978e-01   8.02802802802803e-01 
  1.60760707330622e+00  -8.97163192558900e-01   4.41773999569591e-01   8.03803803803804e-01 
  1.60960910597370e+00  -8.79851859391403e-01   4.75299612353055e-01   8.04804804804805e-01 
  1.61161115351636e+00  -8.61280021309482e-01   5.08145470775266e-01   8.05805805805806e-01 
  1.61361321341020e+00  -8.41480387133356e-01   5.40268506234721e-01   8.06806806806807e-01 
  1.61561528313120e+00  -8.20485665683235e-01   5.71625650129930e-01   8.07807807807808e-01 
  1.61761736015536e+00  -7.98328565779333e-01   6.02173833859397e-01   8.08808808808809e-01 
  1.61961944195868e+00  -7.75041796241865e-01   6.31869988821628e-01   8.09809809809810e-01 
  1.62162152601713e+00  -7.50658065891042e-01   6.60671046415131e-01   8.10810810810811e-01 
  1.62362360980672e+00  -7.25210083547082e-01   6.88533938038406e-01   8.11811811811812e-01 
  1.62562569080344e+00  -6.98730558030196e-01   7.15415595089960e-01   8.12812812812813e-01 
  1.62762776648328e+00  -6.71252198160599e-01   7.41272948968300e-01   8.13813813813814e-01 
  1.62962983452275e+00  -6.42808701861809e-01   7.66064044086151e-01   8.14814814814815e-01 
  1.63163189432671e+00  -6.13442291707530e-01   7.89756517440588e-01   8.15815815815816e-01 
  1.63363394618267e+00  -5.83199544117650e-01   8.12322905307330e-01   8.16816816816817e-01 
  1.63563599038528e+00  -5.52127070449893e-01   8.33735783276823e-01   8.17817817817818e-01 
  1.63763802722914e+00  -5.20271482061987e-01   8.53967726939509e-01   8.18818818818819e-01 
  1.63964005700889e+00  -4.87679390311658e-01   8.72991311885832e-01   8.19819819819820e-01 
  1.64164208001915e+00  -4.54397406556631e-01   8.90779113706236e-01   8.20820820820821e-01 
  1.64364409655454e+00  -4.20472142154640e-01   9.07303707991163e-01   8.21821821821822e-01 
  1.64564610690968e+00  -3.85950208463409e-01   9.22537670331055e-01   8.22822822822823e-01 
  1.64764811137920e+00  -3.50878216840666e-01   9.36453576316357e-01   8.23823823823824e-01 
  1.64965011026546e+00  -3.15302872524932e-01   9.49024269361027e-01   8.24824824824825e-01 
  1.65165210411948e+00  -2.79273902592597e-01   9.60231213590600e-01   8.25825825825826e-01 
  1.65365409378829e+00  -2.42844630718251e-01   9.70066133520770e-01   8.26826826826827e-01 
  1.65565608013621e+00  -2.06068590502967e-01   9.78521352546413e-01   8.27827827827828e-01 
  1.65765806402753e+00  -1.68999315547822e-01   9.85589194062404e-01   8.28828828828829e-01 
  1.65966004632657e+00  -1.31690339453894e-01   9.91261981463618e-01   8.29829829829830e-01 
  1.66166202789762e+00  -9.41951958222556e-02   9.95532038144928e-01   8.30830830830831e-01 
  1.66366400960499e+00  -5.65674182539929e-02   9.98391687501210e-01   8.31831831831832e-01 
  1.66566599231299e+00  -1.88605403501792e-02   9.99833252927339e-01   8.32832832832833e-01 
  1.66766797688593e+00   1.88719042881082e-02   9.99849057818189e-01   8.33833833833834e-01 
  1.66966996418776e+00   5.65763823281327e-02   9.98431430693781e-01   8.34834834834835e-01 
  1.67167195476607e+00   9.41996113489514e-02   9.95577492332591e-01   8.35835835835836e-01 
  1.67367394826527e+00   1.31689025190519e-01   9.91298043649098e-01   8.36836836836837e-01 
  1.67567594416964e+00   1.68992184670217e-01   9.85606310747106e-01   8.37837837837838e-01 
  1.67767794196348e+00   2.06056650605424e-01   9.78515519730415e-01   8.38838838838839e-01 
  1.67967994113107e+00   2.42829983813518e-01   9.70038896702826e-01   8.39839839839840e-01 
  1.68168194115673e+00   2.79259745111880e-01   9.60189667768140e-01   8.40840840840841e-01 
  1.68368394152472e+00   3.15293495317882e-01   9.48981059030162e-01   8.41841841841842e-01 
  1.68568594171935e+00   3.50878795248904e-01   9.36426296592691e-01   8.42842842842843e-01 
  1.68768794122492e+00   3.85963205722326e-01   9.22538606559529e-01   8.43843843843844e-01 
  1.68968993952570e+00   4.20494287555524e-01   9.07331215034478e-01   8.44844844844845e-01 
  1.69169193617151e+00   4.54420348270691e-01   8.90818926870950e-01   8.45845845845846e-01 
  1.69369393120554e+00   4.87695319348000e-01   8.73028437593728e-01   8.46846846846847e-01 
  1.69569592489578e+00   5.20275694761512e-01   8.53991860579676e-01   8.47847847847848e-01 
  1.69769791751139e+00   5.52117981496257e-01   8.33741336714617e-01   8.48848848848849e-01 
  1.69969990932150e+00   5.83178686537267e-01   8.12309006884376e-01   8.49849849849850e-01 
  1.70170190059526e+00   6.13414316869577e-01   7.89727011974776e-01   8.50850850850851e-01 
  1.70370389160181e+00   6.42781379478212e-01   7.66027492871645e-01   8.51851851851852e-01 
  1.70570588261030e+00   6.71236381348206e-01   7.41242590460805e-01   8.52852852852853e-01 
  1.70770787388987e+00   6.98735829464591e-01   7.15404445628082e-01   8.53853853853854e-01 
  1.70970986570965e+00   7.25236230812398e-01   6.88545199259301e-01   8.54854854854855e-01 
  1.71171185833170e+00   7.50694367712405e-01   6.60697243489988e-01   8.55855855855856e-01 
  1.71371385183318e+00   7.75074182751430e-01   6.31899504350368e-01   8.56856856856857e-01 
  1.71571584609370e+00   7.98347271137586e-01   6.02197891049942e-01   8.57857857857858e-01 
  1.71771784098321e+00   8.20485602022307e-01   5.71638654029431e-01   8.58858858858859e-01 
  1.71971983637167e+00   8.41461144557030e-01   5.40268043729555e-01   8.59859859859860e-01 
  1.72172183212904e+00   8.61245867893191e-01   5.08132310591032e-01   8.60860860860861e-01 
  1.72372382812526e+00   8.79811741182220e-01   4.75277705054589e-01   8.61861861861862e-01 
  1.72572582423029e+00   8.97130733575555e-01   4.41750477560944e-01   8.62862862862863e-01 
  1.72772782031408e+00   9.13174814224631e-01   4.07596878550818e-01   8.63863863863864e-01 
  1.72972981624659e+00   9.27915952280883e-01   3.72863158464928e-01   8.64864864864865e-01 
  1.73173181189785e+00   9.41326129073101e-01   3.37595572190456e-01   8.65865865865866e-01 
  1.73373380717241e+00   9.53382323359217e-01   3.01842199381775e-01   8.66866866866867e-01 
  1.73573580206225e+00   9.64074181894726e-01   2.65655745300906e-01   8.67867867867868e-01 
  1.73773779657302e+00   9.73393328512481e-01   2.29089637122243e-01   8.68868868868869e-01 
  1.73973979071037e+00   9.81331387045339e-01   1.92197302020175e-01   8.69869869869870e-01 
  1.74174178447994e+00   9.87879981326149e-01   1.55032167169103e-01   8.70870870870871e-01 
  1.74374377788736e+00   9.93030735187767e-01   1.17647659743416e-01   8.71871871871872e-01 
  1.74574577093830e+00   9.96775272463047e-01   8.00972069175067e-02   8.72872872872873e-01 
  1.74774776363839e+00   9.99105216984843e-01   4.24342358657690e-02   8.73873873873874e-01 
  1.74974975599327e+00   1.00001219258601e+00   4.71217376259122e-03   8.74874874874875e-01 
  1.75175174800859e+00   9.99487823099397e-01  -3.30155522176251e-02   8.75875875875876e-01 
  1.75375373970316e+00   9.97525763861435e-01  -7.06955943555738e-02   8.76876876876877e-01 
  1.75575573118278e+00   9.94133092374601e-01  -1.08275129892536e-01   8.77877877877878e-01 
  1.75775772258852e+00   9.89322331040559e-01  -1.45701549027780e-01   8.78878878878879e-01 
  1.75975971406158e+00   9.83106017833631e-01  -1.82922242569651e-01   8.79879879879880e-01 
  1.76176170574313e+00   9.75496690728141e-01  -2.19884601326480e-01   8.80880880880881e-01 
  1.76376369777437e+00   9.66506887698409e-01  -2.56536016106609e-01   8.81881881881882e-01 
  1.76576569029648e+00   9.56149146718758e-01  -2.92823877718378e-01   8.82882882882883e-01 
  1.76776768345064e+00   9.44436005763510e-01  -3.28695576970127e-01   8.83883883883884e-01 
  1.76976967737804e+00   9.31380002806985e-01  -3.64098504670199e-01   8.84884884884885e-01 
  1.77177167221987e+00   9.16993675823508e-01  -3.98980051626924e-01   8.85885885885886e-01 
  1.77377366810676e+00   9.01289997822324e-01  -4.33287807533322e-01   8.86886886886887e-01 
  1.77577566494399e+00   8.84291247376247e-01  -4.66973616301760e-01   8.87887887887888e-01 
  1.77777766242049e+00   8.66028635463484e-01  -4.99993405467442e-01   8.88888888888889e-01 
  1.77977966021644e+00   8.46533733426341e-01  -5.32303267313029e-01   8.89889889889890e-01 
  1.78178165801206e+00   8.25838112607130e-01  -5.63859294121174e-01   8.90890890890891e-01 
  1.78378365548753e+00   8.03973344348157e-01  -5.94617578174541e-01   8.91891891891892e-01 
  1.78578565232305e+00   7.80970999991728e-01  -6.24534211755788e-01   8.92892892892893e-01 
  1.78778764819882e+00   7.56862650880151e-01  -6.53565287147574e-01   8.93893893893894e-01 
  1.78978964279504e+00   7.31679868355730e-01  -6.81666896632562e-01   8.94894894894895e-01 
  1.79179163579191e+00   7.05454223760780e-01  -7.08795132493405e-01   8.95895895895896e-01 
  1.79379362687081e+00   6.78217306413573e-01  -7.34906106201642e-01   8.96896896896897e-01 
  1.79579561598083e+00   6.50004713795345e-01  -7.59960207837786e-01   8.97897897897898e-01 
  1.79779760367487e+00   6.20861084997026e-01  -7.83927479163887e-01   8.98898898898899e-01 
  1.79979959058854e+00   5.90832297969586e-01  -8.06779284392642e-01   8.99899899899900e-01 
  1.80180157735748e+00   5.59964230664000e-01  -8.28486987736741e-01   9.00900900900901e-01 
  1.80380356461732e+00   5.28302761031237e-01  -8.49021953408880e-01   9.01901901901902e-01 
  1.80580555300368e+00   4.95893767022267e-01  -8.68355545621754e-01   9.02902902902903e-01 
  1.80780754315221e+00   4.62783126588061e-01  -8.86459128588057e-01   9.03903903903904e-01 
  1.80980953569852e+00   4.29016717679586e-01  -9.03304066520484e-01   9.04904904904905e-01 
  1.81181153127825e+00   3.94640418247820e-01  -9.18861723631728e-01   9.05905905905906e-01 
  1.81381353052703e+00   3.59700106243730e-01  -9.33103464134484e-01   9.06906906906907e-01 
  1.81581553386750e+00   3.24242494190008e-01  -9.46002847754790e-01   9.07907907907908e-01 
  1.81781754048415e+00   2.88319146090239e-01  -9.57546197041540e-01   9.08908908908909e-01 
  1.81981954911528e+00   2.51983374475554e-01  -9.67724434406611e-01   9.09909909909910e-01 
  1.82182155849854e+00   2.15288494213144e-01  -9.76528488407338e-01   9.10910910910911e-01 
  1.82382356737162e+00   1.78287820170189e-01  -9.83949287601058e-01   9.11911911911912e-01 
  1.82582557447218e+00   1.41034667213873e-01  -9.89977760545109e-01   9.12912912912913e-01 
  1.82782757853790e+00   1.03582350211379e-01  -9.94604835796827e-01   9.13913913913914e-01 
  1.82982957830646e+00   6.59841840298877e-02  -9.97821441913548e-01   9.14914914914915e-01 
  1.83183157251553e+00   2.82934835365904e-02  -9.99618507452609e-01   9.15915915915916e-01 
  1.83383355990279e+00  -9.43643640133314e-03  -9.99986960971347e-01   9.16916916916917e-01 
  1.83583553931237e+00  -4.71522767002298e-02  -9.98918333048766e-01   9.17917917917918e-01 
  1.83783751148908e+00  -8.48010200497937e-02  -9.96414901774322e-01   9.18918918918919e-01 
  1.83983947881615e+00  -1.22329892030761e-01  -9.92488209683501e-01   9.19919919919920e-01 
  1.84184144373043e+00  -1.59686126177133e-01  -9.87150102668884e-01   9.20920920920921e-01 
  1.84384340866878e+00  -1.96816956022925e-01  -9.80412426623050e-01   9.21921921921922e-01 
  1.84584537606806e+00  -2.33669615102147e-01  -9.72287027438580e-01   9.22922922922923e-01 
  1.84784734836512e+00  -2.70191336948810e-01  -9.62785751008055e-01   9.23923923923924e-01 
  1.84984932799684e+00  -3.06329355096928e-01  -9.51920443224053e-01   9.24924924924925e-01 
  1.85185131740007e+00  -3.42030903080503e-01  -9.39702949979159e-01   9.25925925925926e-01 
  1.85385331901167e+00  -3.77243214433550e-01  -9.26145117165951e-01   9.26926926926927e-01 
  1.85585533525802e+00  -4.11913541492679e-01  -9.11258833310882e-01   9.27927927927928e-01 
  1.85785736712196e+00  -4.45991727820234e-01  -8.95061862403800e-01   9.28928928928929e-01 
  1.85985941268261e+00  -4.79432829197861e-01  -8.77583786858274e-01   9.29929929929930e-01 
  1.86186146967109e+00  -5.12192526119817e-01  -8.58855605589765e-01   9.30930930930931e-01 
  1.86386353581851e+00  -5.44226499080369e-01  -8.38908317513728e-01   9.31931931931932e-01 
  1.86586560885598e+00  -5.75490428573779e-01  -8.17772921545619e-01   9.32932932932933e-01 
  1.86786768651460e+00  -6.05939995094315e-01  -7.95480416600891e-01   9.33933933933934e-01 
  1.86986976652550e+00  -6.35530879136232e-01  -7.72061801595007e-01   9.34934934934935e-01 
  1.87187184661977e+00  -6.64218761193798e-01  -7.47548075443420e-01   9.35935935935936e-01 
  1.87387392452853e+00  -6.91959321761275e-01  -7.21970237061586e-01   9.36936936936937e-01 
  1.87587599798288e+00  -7.18708241332927e-01  -6.95359285364963e-01   9.37937937937938e-01 
  1.87787806501173e+00  -7.44423143774643e-01  -6.67748085666509e-01   9.38938938938939e-01 
  1.87988012517035e+00  -7.69071614491543e-01  -6.39179070256391e-01   9.39939939939940e-01 
  1.88188217850180e+00  -7.92624422052601e-01  -6.09697728508130e-01   9.40940940940941e-01 
  1.88388422504932e+00  -8.15052336431201e-01  -5.79349551144038e-01   9.41941941941942e-01 
  1.88588626485617e+00  -8.36326127600728e-01  -5.48180028886429e-01   9.42942942942943e-01 
  1.88788829796561e+00  -8.56416565534568e-01  -5.16234652457611e-01   9.43943943943944e-01 
  1.88989032442089e+00  -8.75294420206102e-01  -4.83558912579903e-01   9.44944944944945e-01 
  1.89189234426528e+00  -8.92930461588717e-01  -4.50198299975615e-01   9.45945945945946e-01 
  1.89389435754202e+00  -9.09295459655796e-01  -4.16198305367060e-01   9.46946946946947e-01 
  1.89589636429439e+00  -9.24360184380726e-01  -3.81604419476549e-01   9.47947947947948e-01 
  1.89789836460075e+00  -9.38096099331420e-01  -3.46462408194974e-01   9.48948948948949e-01 
  1.89990035906929e+00  -9.50485127485436e-01  -3.10822186957124e-01   9.49949949949950e-01 
  1.90190234871811e+00  -9.61517285217191e-01  -2.74736882077408e-01   9.50950950950951e-01 
  1.90390433457600e+00  -9.71182799515657e-01  -2.38259703426996e-01   9.51951951951952e-01 
  1.90590631767174e+00  -9.79471897369809e-01  -2.01443860877060e-01   9.52952952952953e-01 
  1.90790829903409e+00  -9.86374805768622e-01  -1.64342564298767e-01   9.53953953953954e-01 
  1.90991027969186e+00  -9.91881751701068e-01  -1.27009023563295e-01   9.54954954954955e-01 
  1.91191226067380e+00  -9.95982962156122e-01  -8.94964485418129e-02   9.55955955955956e-01 
  1.91391424300872e+00  -9.98668664122759e-01  -5.18580491054907e-02   9.56956956956957e-01 
  1.91591622772537e+00  -9.99929084589951e-01  -1.41470351254997e-02   9.57957957957958e-01 
  1.91791821584649e+00  -9.99754525870351e-01   2.35833847115838e-02   9.58958958958959e-01 
  1.91992020783263e+00  -9.98142280168610e-01   6.12801116468997e-02   9.59959959959960e-01 
  1.92192220313412e+00  -9.95102200495576e-01   9.88902444612606e-02   9.60960960960961e-01 
  1.92392420109588e+00  -9.90645450824875e-01   1.36360902552555e-01   9.61961961961962e-01 
  1.92592620106281e+00  -9.84783195130135e-01   1.73639205318672e-01   9.62962962962963e-01 
  1.92792820237982e+00  -9.77526597384982e-01   2.10672272157503e-01   9.63963963963964e-01 
  1.92993020439180e+00  -9.68886821563044e-01   2.47407222466928e-01   9.64964964964965e-01 
  1.93193220644367e+00  -9.58875031637947e-01   2.83791175644841e-01   9.65965965965966e-01 
  1.93393420788032e+00  -9.47502391583320e-01   3.19771251089129e-01   9.66966966966967e-01 
  1.93593620804667e+00  -9.34780065372789e-01   3.55294568197681e-01   9.67967967967968e-01 
  1.93793820628762e+00  -9.20719216979979e-01   3.90308246368390e-01   9.68968968968969e-01 
  1.93994020210727e+00  -9.05333836276131e-01   4.24760593103418e-01   9.69969969969970e-01 
  1.94194219573032e+00  -8.88650704362864e-01   4.58605293776932e-01   9.70970970970971e-01 
  1.94394418758524e+00  -8.70700219738641e-01   4.91797554640801e-01   9.71971971971972e-01 
  1.94594617810053e+00  -8.51512781125676e-01   5.24292582040967e-01   9.72972972972973e-01 
  1.94794816770468e+00  -8.31118787246179e-01   5.56045582323377e-01   9.73973973973974e-01 
  1.94995015682619e+00  -8.09548636822370e-01   5.87011761833965e-01   9.74974974974975e-01 
  1.95195214589355e+00  -7.86832728576458e-01   6.17146326918677e-01   9.75975975975976e-01 
  1.95395413533525e+00  -7.63001461230659e-01   6.46404483923456e-01   9.76976976976977e-01 
  1.95595612557978e+00  -7.38085233507185e-01   6.74741439194244e-01   9.77977977977978e-01 
  1.95795811705564e+00  -7.12114444128248e-01   7.02112399076986e-01   9.78978978978979e-01 
  1.95996011015700e+00  -6.85120133599244e-01   7.28473229008826e-01   9.79979979979980e-01 
  1.96196210483649e+00  -6.57141598278671e-01   7.53788272929283e-01   9.80980980980981e-01 
  1.96396410074033e+00  -6.28223864485754e-01   7.78027759267930e-01   9.81981981981982e-01 
  1.96596609750853e+00  -5.98412073926469e-01   8.01162034952922e-01   9.82982982982983e-01 
  1.96796809478114e+00  -5.67751368306793e-01   8.23161446912415e-01   9.83983983983984e-01 
  1.96997009219816e+00  -5.36286889332708e-01   8.43996342074558e-01   9.84984984984985e-01 
  1.97197208939964e+00  -5.04063778710190e-01   8.63637067367507e-01   9.85985985985986e-01 
  1.97397408602561e+00  -4.71127178145216e-01   8.82053969719417e-01   9.86986986986987e-01 
  1.97597608171609e+00  -4.37522229343765e-01   8.99217396058441e-01   9.87987987987988e-01 
  1.97797807611110e+00  -4.03294074011810e-01   9.15097693312734e-01   9.88988988988989e-01 
  1.97998006885586e+00  -3.68487896537505e-01   9.29665309010660e-01   9.89989989989990e-01 
  1.98198205993870e+00  -3.33151714746477e-01   9.42897368982631e-01   9.90990990990991e-01 
  1.98398404989973e+00  -2.97338102592236e-01   9.54781737675431e-01   9.91991991991992e-01 
  1.98598603932892e+00  -2.61100045805757e-01   9.65307250079329e-01   9.92992992992993e-01 
  1.98798802881625e+00  -2.24490530118025e-01   9.74462741184593e-01   9.93993993993994e-01 
  1.98999001895171e+00  -1.87562541260014e-01   9.82237045981495e-01   9.94994994994995e-01 
  1.99199201032526e+00  -1.50369064962702e-01   9.88618999460303e-01   9.95995995995996e-01 
  1.99399400352689e+00  -1.12963086957068e-01   9.93597436611288e-01   9.96996996996997e-01 
  1.99599599914657e+00  -7.53975929740837e-02   9.97161192424720e-01   9.97997997997998e-01 
  1.99799799777428e+00  -3.77255687447366e-02   9.99299101890867e-01   9.98998998998999e-01 
  2.00000000000000e+00   0.00000000000000e+00   1.00000000000000e+00   1.00000000000000e+00 
