1	0.013434101949877
2	0.011772365705441
3	0.009266975884408
4	0.006769320298670
5	0.004366994545637
6	0.002533402261655
7	0.002130412986730
8	0.000461756628358
9	0.000311131507725
10	0.000174589500416
11	0.000080787714981
12	0.000069836976218
13	0.000061639442510
14	0.000051071830700
15	0.000040882797135
16	0.000029328071881
17	0.000017441219531
18	0.000014078488727
19	0.000010550164793
20	0.000008127814331
21	0.000006474766802
22	0.000005098170904
23	0.000004617084182
24	0.000004131429511
25	0.000003628829645
26	0.000003035658098
27	0.000002596453307
29	0.000002296466167
30	0.000002095526061
31	0.000001744188251
32	0.000001543492155
34	0.000001233825532
35	0.000001105567645
36	0.000000949737815
37	0.000000838722381
39	0.000000704431909
41	0.000000627350359
42	0.000000550928847
43	0.000000470840257
44	0.000000412238699
45	0.000000393493837
46	0.000000360022302
48	0.000000319594649
50	0.000000279288882
52	0.000000242286613
54	0.000000211336078
56	0.000000190364114
58	0.000000173195224
60	0.000000158676353
62	0.000000138552126
63	0.000000136408560
65	0.000000119672600
67	0.000000110409797
69	0.000000099580757
