0.00000000000	0.00000000000	1.00000000000	0.00000000000
0.00629356957	0.00015763199	0.99998044592	0.00121910384
0.01257454747	0.00063659006	0.99992102237	0.00243854404
0.01883137967	0.00143427106	0.99982186795	0.00365882520
0.02505104120	0.00254830531	0.99968309143	0.00488018272
0.03122180407	0.00397691249	0.99950472683	0.00610313190
0.03733118734	0.00571864560	0.99928676465	0.00732807795
0.04336576428	0.00777207999	0.99902918469	0.00855526991
0.04931389579	0.01013455711	0.99873198866	0.00978513090
0.05516481998	0.01280195939	0.99839522508	0.01101808430
0.06090679389	0.01577001885	0.99801894744	0.01225440220
0.06652782256	0.01903465099	0.99760317685	0.01349437001
0.07201639093	0.02259248061	0.99714783321	0.01473846344
0.07735940291	0.02643946722	0.99665290473	0.01598687814
0.08254619231	0.03057082576	0.99611835388	0.01724003681
0.08756691073	0.03497984562	0.99554426416	0.01849821332
0.09241091796	0.03965923398	0.99493076931	0.01976155119
0.09706850687	0.04460294892	0.99427781573	0.02103054318
0.10152795802	0.04980329020	0.99358554269	0.02230526154
0.10577857442	0.05525411478	0.99285385526	0.02358619186
0.10980748009	0.06094683928	0.99208295519	0.02487327363
0.11360549430	0.06687447917	0.99127277114	0.02616689014
0.11716529028	0.07302924394	0.99042327701	0.02746730104
0.12047904650	0.07940261118	0.98953450927	0.02877466139
0.12353871842	0.08598589849	0.98860648847	0.03008915223
0.12633586903	0.09276991568	0.98763926625	0.03141091428
0.12886197567	0.09974572786	0.98663281427	0.03274020017
0.13110797131	0.10690337775	0.98558720391	0.03407713144
0.13306574174	0.11423226527	0.98450253637	0.03542179407
0.13472842393	0.12172214482	0.98337879138	0.03677442361
0.13608878065	0.12936161920	0.98221606422	0.03813512220
0.13713937095	0.13713874986	0.98101447705	0.03950397761
0.13787264637	0.14504101430	0.97977419112	0.04088104815
0.13828302402	0.15305832110	0.97849506777	0.04226663341
0.13836673668	0.16117914822	0.97717728674	0.04366059596
0.13812020329	0.16939325173	0.97582077881	0.04506308079
0.13753978078	0.17768970959	0.97442552569	0.04647418897
0.13662176543	0.18605730237	0.97299149591	0.04789404577
0.13536256925	0.19448329816	0.97151885472	0.04932259736
0.13375847268	0.20295563431	0.97000758796	0.05075998309
0.13180584667	0.21146110963	0.96845781232	0.05220623089
0.12950110250	0.21998600582	0.96686966908	0.05366136450
0.12684069083	0.22851635769	0.96524327947	0.05512544085
0.12382250902	0.23703934332	0.96357865718	0.05659855149
0.12044653040	0.24554191399	0.96187598919	0.05808057430
0.11671242542	0.25401212334	0.96013518780	0.05957163997
0.11262040815	0.26243663750	0.95835637316	0.06107171199
0.10817075313	0.27080199493	0.95653962179	0.06258080694
0.10336359417	0.27909492543	0.95468489607	0.06409904606
0.09820061093	0.28730178974	0.95279243847	0.06562628507
0.09268374936	0.29541101597	0.95086224804	0.06716254428
0.08681474148	0.30341135800	0.94889418235	0.06870796278
0.08059676244	0.31128956453	0.94688851858	0.07026236091
0.07403210947	0.31903356492	0.94484517119	0.07182585565
0.06712393688	0.32663014133	0.94276426771	0.07339840985
0.05987601379	0.33406541053	0.94064604753	0.07497991694
0.05229154104	0.34132602567	0.93849051710	0.07657045801
0.04437457907	0.34839776248	0.93629786141	0.07816999057
0.03613001182	0.35526789465	0.93406817863	0.07977849718
0.02756353950	0.36192526066	0.93180147083	0.08139598860
0.01868186360	0.36835805003	0.92949791652	0.08302235756
0.00949126707	0.37455479274	0.92715750644	0.08465764022
-0.00000109401	0.38050339115	0.92478038127	0.08630177658
-0.00978790303	0.38619169725	0.92236664514	0.08795474134
-0.01986191782	0.39160881956	0.91991630276	0.08961655935
-0.03021516530	0.39674473028	0.91742945502	0.09128717146
-0.04083897527	0.40158917664	0.91490629274	0.09296646698
-0.05172521642	0.40613218113	0.91234680393	0.09465447921
-0.06286534741	0.41036352674	0.90975100372	0.09635122959
-0.07424932537	0.41427241479	0.90711918382	0.09805656732
-0.08586806822	0.41784838242	0.90445133918	0.09977054356
-0.09771113589	0.42108047433	0.90174770551	0.10149306202
-0.10976842886	0.42395788925	0.89900836251	0.10322413302
-0.12202833369	0.42647169700	0.89623354437	0.10496363763
-0.13447982089	0.42861538839	0.89342316431	0.10671162607
-0.14711074982	0.43038207523	0.89057742877	0.10846797439
-0.15991024161	0.43176480030	0.88769631081	0.11023271429
-0.17286598244	0.43275643330	0.88478003960	0.11200572654
-0.18596598685	0.43334990490	0.88182869780	0.11378698851
-0.19919860985	0.43353809797	0.87884221792	0.11557657282
-0.21254969815	0.43331382994	0.87582102507	0.11737426298
-0.22600662216	0.43266999808	0.87276513000	0.11918009662
-0.23955619565	0.43160103063	0.86967466161	0.12099402553
-0.25318569584	0.43010291429	0.86654963753	0.12281605124
-0.26688111680	0.42817187194	0.86339030095	0.12464604799
-0.28062880118	0.42580413372	0.86019674454	0.12648398352
-0.29441440832	0.42299605484	0.85696914747	0.12832978095
-0.30822431318	0.41974381708	0.85370744683	0.13018350640
-0.32204294851	0.41604401202	0.85041196231	0.13204501277
-0.33585502084	0.41189327500	0.84708288769	0.13391423021
-0.34964691804	0.40728945920	0.84372015158	0.13579122495
-0.36340414121	0.40223251434	0.84032404729	0.13767584634
-0.37711311554	0.39672220841	0.83689458728	0.13956810405
-0.39075939261	0.39075865834	0.83343193290	0.14146792910
-0.40432843667	0.38434204551	0.82993620064	0.14337528153
-0.41780490971	0.37747295619	0.82640764692	0.14529004956
-0.43117431992	0.37015154395	0.82284623687	0.14721228370
-0.44442085235	0.36237862486	0.81925221112	0.14914188892
-0.45752872670	0.35415508494	0.81562574465	0.15107880963
-0.47048296668	0.34548321703	0.81196700489	0.15302298580
-0.48326945616	0.33636674691	0.80827614543	0.15497435598
-0.49587440812	0.32680926734	0.80455317203	0.15693293942
-0.50828305085	0.31681511151	0.80079831242	0.15889864158
-0.52048071991	0.30638857092	0.79701170074	0.16087142083
-0.53245218655	0.29553443789	0.79319358166	0.16285118165
-0.54418295717	0.28425689722	0.78934391040	0.16483798138
-0.55565810046	0.27256248814	0.78546310541	0.16683163194
-0.56686533840	0.26045716296	0.78155104047	0.16883221937
-0.57779070849	0.24794878423	0.77760813071	0.17083955485
-0.58842147118	0.23504391298	0.77363430306	0.17285370183
-0.59874386263	0.22175029265	0.76962979131	0.17487457021
-0.60874408422	0.20807577085	0.76559478947	0.17690209342
-0.61840852160	0.19402792214	0.76152934872	0.17893627940
-0.62772263653	0.17961578757	0.75743387116	0.18097696318
-0.63667437058	0.16484769484	0.75330826445	0.18302422227
-0.64525205545	0.14973454758	0.74915287315	0.18507791217
-0.65344478087	0.13428617992	0.74496766780	0.18713807590
-0.66124074668	0.11851411842	0.74075301405	0.18920456417
-0.66862871590	0.10242887146	0.73650893684	0.19127739790
-0.67559689283	0.08604213304	0.73223571317	0.19335647697
-0.68213368865	0.06936516335	0.72793344288	0.19544179025
-0.68822734171	0.05240979883	0.72360231170	0.19753328676
-0.69386762467	0.03518886288	0.71924261398	0.19963085772
-0.69904649488	0.01771426696	0.71485427159	0.20173456762
-0.70375529305	0.00000035809	0.71043775426	0.20384421987
-0.70798595459	-0.01794044197	0.70599298809	0.20595988040
-0.71173001073	-0.03609412521	0.70152023535	0.20808145645
-0.71497906469	-0.05444681534	0.69701966544	0.21020890178
-0.71772466501	-0.07298424497	0.69249148514	0.21234215461
-0.71995844050	-0.09169235697	0.68793579004	0.21448120738
-0.72167307654	-0.11055603948	0.68335282388	0.21662598222
-0.72286244182	-0.12955942249	0.67874290435	0.21877636651
-0.72352056191	-0.14868805573	0.67410594486	0.22093243796
-0.72364135934	-0.16792540913	0.66944230593	0.22309406770
-0.72321889810	-0.18725521377	0.66475223210	0.22526118299
-0.72224882974	-0.20666251492	0.66003568944	0.22743383528
-0.72072856838	-0.22613044267	0.65529315242	0.22961183739
-0.71865554111	-0.24564405913	0.65052457743	0.23179524207
-0.71602729055	-0.26518714665	0.64573017979	0.23398398450
-0.71284140610	-0.28474343562	0.64091013559	0.23617801953
-0.70909565445	-0.30429585264	0.63606476814	0.23837723688
-0.70478767835	-0.32382816204	0.63119414245	0.24058164533
-0.69991526015	-0.34332355918	0.62629841279	0.24279121437
-0.69447748537	-0.36276429935	0.62137794598	0.24500581858
-0.68847428554	-0.38213355203	0.61643285615	0.24722544746
-0.68190572623	-0.40141416842	0.61146328716	0.24945007834
-0.67477205424	-0.42058848481	0.60646946425	0.25167965351
-0.66707376974	-0.43963849614	0.60145166500	0.25391409335
-0.65881309854	-0.45854744788	0.59641006891	0.25615335804
-0.64999396710	-0.47729985291	0.59134475284	0.25839744892
-0.64062104012	-0.49587898537	0.58625609822	0.26064623350
-0.63069852713	-0.51426918760	0.58114415498	0.26289972739
-0.62023127916	-0.53245365625	0.57600924648	0.26515782681
-0.60922370318	-0.55041644552	0.57085141237	0.26742055411
-0.59768092023	-0.56814045346	0.56567097775	0.26968780748
-0.58560789915	-0.58560891344	0.56046813174	0.27195954620
-0.57300967631	-0.60280497455	0.55524304347	0.27423573942
-0.55989159614	-0.61971138071	0.54999596093	0.27651632317
-0.54625910091	-0.63631095255	0.54472708753	0.27880125399
-0.53211960998	-0.65258798855	0.53943661556	0.28109049080
-0.51748284000	-0.66852797507	0.53412483193	0.28338394917
-0.50235813334	-0.68411704124	0.52879179976	0.28568164227
-0.48675557299	-0.69934058045	0.52343779438	0.28798349269
-0.47068536425	-0.71418396357	0.51806307281	0.29028943223
-0.45415765715	-0.72863267527	0.51266781984	0.29259942484
-0.43718252845	-0.74267227584	0.50725215158	0.29491346473
-0.41977120540	-0.75628746796	0.50181649706	0.29723141350
-0.40193395125	-0.76946483663	0.49636083603	0.29955332458
-0.38368277917	-0.78219072418	0.49088554820	0.30187908088
-0.36502933159	-0.79445187034	0.48539084498	0.30420863813
-0.34598525097	-0.80623511921	0.47987688353	0.30654197584
-0.32656359609	-0.81752839112	0.47434390823	0.30887903516
-0.30677824838	-0.82832107654	0.46879207546	0.31121979299
-0.28664378673	-0.83860231835	0.46322168033	0.31356416854
-0.26617465960	-0.84836139896	0.45763293513	0.31591211691
-0.24538561951	-0.85758750396	0.45202609201	0.31826357736
-0.22429109098	-0.86626999520	0.44640127394	0.32061854417
-0.20290649141	-0.87439785270	0.44075882895	0.32297691821
-0.18124643555	-0.88196040479	0.43509885272	0.32533870674
-0.15932622736	-0.88894683671	0.42942157948	0.32770385976
-0.13716260082	-0.89534843915	0.42372743117	0.33007224792
-0.11477126965	-0.90115934470	0.41801638723	0.33244392458
-0.09216971986	-0.90637334906	0.41228883797	0.33481877297
-0.06937451421	-0.91098454207	0.40654490120	0.33719679018
-0.04640277735	-0.91498691748	0.40078480198	0.33957792952
-0.02327254720	-0.91837438495	0.39500895809	0.34196206553
-0.00000004599	-0.92114116281	0.38921729975	0.34434927475
0.02339640163	-0.92328120462	0.38341024873	0.34673943156
0.04689903525	-0.92478860343	0.37758805293	0.34913248289
0.07049007172	-0.92565757427	0.37175093329	0.35152838738
0.09415200664	-0.92588445679	0.36589898486	0.35392715380
0.11786565026	-0.92546772917	0.36003266289	0.35632864185
0.14161336321	-0.92440601670	0.35415200827	0.35873288155
0.16537677969	-0.92269796721	0.34825721223	0.36113984179
0.18913643203	-0.92034237563	0.34234871130	0.36354939206
0.21287397387	-0.91733800701	0.33642663652	0.36596152716
0.23657042939	-0.91368372135	0.33049124859	0.36837618962
0.26020688527	-0.90937849922	0.32454277233	0.37079333707
0.28376533919	-0.90442321716	0.31858130996	0.37321297675
0.30722681008	-0.89882107426	0.31260732153	0.37563497041
0.33057364842	-0.89257513814	0.30662091365	0.37805932382
0.35378768787	-0.88568862636	0.30062230100	0.38048599932
0.37685000382	-0.87816505041	0.29461187423	0.38291488870
0.39974287711	-0.87000758776	0.28858968994	0.38534601923
0.42244726033	-0.86121990597	0.28255613184	0.38777928659
0.44494540421	-0.85180521561	0.27651121913	0.39021473392
0.46721737099	-0.84176777016	0.27045554754	0.39265217249
0.48924606519	-0.83111272692	0.26438910769	0.39509165588
0.51101405927	-0.81984748709	0.25831213952	0.39753313573
0.53250359059	-0.80797979301	0.25222497123	0.39997652865
0.55369737649	-0.79551719488	0.24612778241	0.40242181135
0.57457766256	-0.78246756721	0.24002087356	0.40486891242
0.59512726128	-0.76883856243	0.23390437939	0.40731782735
0.61532903011	-0.75463975370	0.22777872647	0.40976843575
0.63516814810	-0.73988110279	0.22164395350	0.41222077347
0.65462886259	-0.72457336195	0.21550038503	0.41467476237
0.67369564519	-0.70872719865	0.20934827079	0.41713035463
0.69235283896	-0.69235345891	0.20318789591	0.41958748865
0.71058507692	-0.67546279542	0.19701944294	0.42204614411
0.72837654503	-0.65806632896	0.19084323836	0.42450624361
0.74571168178	-0.64017512706	0.18465953683	0.42696773864
0.76257645342	-0.62180112259	0.17846841247	0.42943064977
0.77895698057	-0.60295860293	0.17227026205	0.43189486653
0.79483996300	-0.58366143588	0.16606529102	0.43436035471
0.81021217801	-0.56392344186	0.15985366926	0.43682709445
0.82506016402	-0.54375891366	0.15363568503	0.43929501925
0.83937169821	-0.52318309459	0.14741168540	0.44176404214
0.85313630593	-0.50221144207	0.14118185537	0.44423414336
0.86634377149	-0.48085914942	0.13494627990	0.44670534303
0.87898308231	-0.45914277396	0.12870542467	0.44917751066
0.89104380220	-0.43707808190	0.12245950236	0.45165061623
0.90251564117	-0.41468060934	0.11620864777	0.45412466073
0.91338782638	-0.39196692255	0.10995326817	0.45659953753
0.92365010196	-0.36895287211	0.10369354402	0.45907522976
0.93329375543	-0.34565549884	0.09742971496	0.46155169392
0.94231172050	-0.32209287394	0.09116203370	0.46402887811
0.95069693072	-0.29828349668	0.08489084109	0.46650669558
0.95844276402	-0.27424473977	0.07861616977	0.46898518151
0.96554221779	-0.24999519221	0.07233836196	0.47146424889
0.97198851575	-0.22555318614	0.06605767871	0.47394384302
0.97777637640	-0.20093747390	0.05977443394	0.47642389152
0.98290228630	-0.17616595357	0.05348867152	0.47890443177
0.98736247725	-0.15125821164	0.04720085556	0.48138533550
0.99115347237	-0.12623274385	0.04091116597	0.48386658669
0.99427176784	-0.10110844010	0.03461987676	0.48634813228
0.99671393906	-0.07590392481	0.02832719060	0.48882994739
0.99847663688	-0.05063812554	0.02203337851	0.49131198012
0.99955807289	-0.02533065601	0.01573879882	0.49379414125
0.99995807550	-0.00000026370	0.00944351217	0.49627645601
0.99967653710	0.02533323611	0.00314783963	0.49875884685
0.99871344145	0.05064990431	-0.00314786782	0.50124122444
0.99706884537	0.07593091964	-0.00944353394	0.50372360786
0.99474432960	0.10115653999	-0.01573878010	0.50620589882
0.99174290625	0.12630801875	-0.02203340133	0.50868806932
0.98806769111	0.15136655273	-0.02832717309	0.51117008372
0.98372184567	0.17631330800	-0.03461986005	0.51365190211
0.97870863490	0.20112918071	-0.04091115436	0.51613345590
0.97303130135	0.22579547890	-0.04720084705	0.51861471546
0.96669320889	0.25029345982	-0.05348870818	0.52109564285
0.95969959324	0.27460386470	-0.05977430167	0.52357611901
0.95205681705	0.29870951113	-0.06605765457	0.52605620783
0.94377178308	0.32259172190	-0.07233839709	0.52853581656
0.93485155394	0.34623169284	-0.07861611163	0.53101483339
0.92530250640	0.36961255416	-0.08489088468	0.53349334549
0.91513203464	0.39271515828	-0.09116217506	0.53597119194
0.90434848033	0.41552266689	-0.09742983542	0.53844836538
0.89296190118	0.43801862094	-0.10369359513	0.54092480780
0.88098234582	0.46018685725	-0.10995324218	0.54340048411
0.86841972031	0.48201152837	-0.11620864221	0.54587538982
0.85528445386	0.50347596848	-0.12245941131	0.54834942154
0.84158663917	0.52456422207	-0.12870535071	0.55082254897
0.82733663169	0.54526011188	-0.13494617172	0.55329470620
0.81254552844	0.56554848597	-0.14118172454	0.55576588746
0.79722598700	0.58541404712	-0.14741164247	0.55823600605
0.78139012922	0.60484236368	-0.15363580162	0.56070507152
0.76505102054	0.62381803341	-0.15985372930	0.56317295464
0.74822197642	0.64232798793	-0.16606530397	0.56563966076
0.73091761795	0.66036015152	-0.17227033106	0.56810516164
0.71315302854	0.67790214262	-0.17846846808	0.57056936978
0.69494266561	0.69494227784	-0.18465959137	0.57303228441
0.67630185042	0.71146813081	-0.19084328038	0.57549378639
0.65724463792	0.72746848033	-0.19701953368	0.57795392309
0.63778660737	0.74293086728	-0.20318784715	0.58041254142
0.61794182353	0.75784424171	-0.20934821456	0.58286968648
0.59772663954	0.77219790450	-0.21550025583	0.58532525704
0.57715780804	0.78598296524	-0.22164380846	0.58777924138
0.55625220269	0.79919055585	-0.22777867350	0.59023161306
0.53502756945	0.81181134008	-0.23390438921	0.59268224019
0.51350040613	0.82383689304	-0.24002085511	0.59513113488
0.49168814402	0.83525987410	-0.24612784239	0.59757825725
0.46960890023	0.84607421350	-0.25222506982	0.60002354560
0.44728096883	0.85627390021	-0.25831220278	0.60246691634
0.42472168826	0.86585341092	-0.26438915231	0.60490838406
0.40194892719	0.87480700695	-0.27045566687	0.60734789774
0.37898113954	0.88312880905	-0.27651132626	0.60978533800
0.35583546964	0.89081355347	-0.28255604829	0.61222072095
0.33252983423	0.89785705161	-0.28858969177	0.61465403811
0.30908406148	0.90425592150	-0.29461176660	0.61708513922
0.28551637276	0.91000737337	-0.30062218540	0.61951403590
0.26184500877	0.91510866930	-0.30662083281	0.62194072837
0.23808958358	0.91955832689	-0.31260726252	0.62436508539
0.21426888882	0.92335660725	-0.31858125380	0.62678706927
0.19040094837	0.92650396182	-0.32454275501	0.62920671064
0.16650578214	0.92900062483	-0.33049119180	0.63162382737
0.14260040635	0.93084721785	-0.33642671365	0.63403853081
0.11870419450	0.93204415965	-0.34234885758	0.63645068284
0.09483568553	0.93259203129	-0.34825734245	0.63886021853
0.07101277527	0.93249155928	-0.35415202097	0.64126712693
0.04725367547	0.93174528826	-0.36003268128	0.64367136962
0.02357672072	0.93035758868	-0.36589909387	0.64607289981
0.00000034765	0.92833296312	-0.37175097592	0.64847164819
-0.02345719327	0.92567596291	-0.37758805966	0.65086755087
-0.04677833353	0.92239114729	-0.38341021339	0.65326059927
-0.06994538562	0.91848410892	-0.38921719485	0.65565074039
-0.09294126739	0.91396137230	-0.39500883175	0.65803795096
-0.11574832746	0.90882966394	-0.40078477278	0.66042213327
-0.13834956424	0.90309564380	-0.40654479515	0.66280324176
-0.16072850949	0.89676586745	-0.41228877767	0.66518127228
-0.18286798742	0.88984713455	-0.41801638191	0.66755613002
-0.20475156179	0.88234609913	-0.42372742152	0.66992778237
-0.22636306469	0.87426984238	-0.42942170656	0.67229619577
-0.24768924532	0.86563478819	-0.43509898150	0.67466133477
-0.26871579279	0.85645640029	-0.44075887158	0.67702310590
-0.28942584866	0.84673930173	-0.44640129410	0.67938150291
-0.30980223092	0.83648803719	-0.45202605623	0.68173647195
-0.32982981311	0.82571174694	-0.45763291343	0.68408794871
-0.34949587292	0.81442391148	-0.46322167327	0.68643590175
-0.36878749708	0.80263839501	-0.46879202287	0.68878024862
-0.38769244778	0.79036869233	-0.47434380109	0.69112096973
-0.40619892613	0.77762799467	-0.47987693987	0.69345808410
-0.42429351835	0.76443066772	-0.48539084098	0.69579138572
-0.44196506574	0.75078955459	-0.49088553681	0.69812093407
-0.45920192933	0.73671781847	-0.49636087795	0.70044671113
-0.47599196032	0.72222910416	-0.50181650318	0.70276860793
-0.49232380148	0.70733648135	-0.50725225122	0.70508659933
-0.50818573343	0.69205343297	-0.51266778583	0.70740058455
-0.52356720333	0.67639256100	-0.51806308744	0.70971059720
-0.53845869422	0.66036911576	-0.52343784147	0.71201654641
-0.55285284873	0.64399987862	-0.52879182703	0.71431838282
-0.56674248184	0.62730163710	-0.53412481006	0.71661605038
-0.58012078712	0.61029074688	-0.53943665414	0.71890953404
-0.59298089412	0.59298365378	-0.54472715195	0.72119878719
-0.60531572134	0.57539718169	-0.54999594678	0.72348369723
-0.61711919201	0.55754679501	-0.55524305200	0.72576431081
-0.62838437697	0.53944927787	-0.56046805063	0.72804048663
-0.63910529498	0.52112004831	-0.56567088782	0.73031223961
-0.64927554425	0.50257530705	-0.57085124545	0.73257946871
-0.65888946533	0.48383025201	-0.57600906379	0.73484218490
-0.66794319697	0.46490161455	-0.58114414676	0.73710034353
-0.67643460053	0.44580792751	-0.58625609401	0.73935381360
-0.68436237496	0.42656617233	-0.59134489067	0.74160263274
-0.69172468279	0.40719463364	-0.59641012859	0.74384666354
-0.69852036782	0.38770995229	-0.60145178575	0.74608593803
-0.70474798617	0.36812957783	-0.60646958094	0.74832037209
-0.71040635753	0.34847040913	-0.61146333044	0.75054992340
-0.71549499814	0.32874920180	-0.61643286322	0.75277455464
-0.72001406833	0.30898273275	-0.62137797863	0.75499421459
-0.72396380483	0.28918778711	-0.62629842811	0.75720882893
-0.72734466359	0.26938072121	-0.63119402827	0.75941835116
-0.73015881194	0.24957759991	-0.63606474667	0.76162280560
-0.73240976398	0.22979665824	-0.64091009425	0.76382201207
-0.73410142938	0.21005378640	-0.64573011095	0.76601602859
-0.73523759404	0.19036595566	-0.65052451845	0.76820476721
-0.73582212955	0.17074957985	-0.65529312165	0.77038817602
-0.73585894789	0.15122054469	-0.66003580016	0.77256623571
-0.73535201124	0.13179547676	-0.66475219970	0.77473881776
-0.73430528819	0.11248909293	-0.66944237520	0.77690598028
-0.73272293684	0.09331754298	-0.67410597804	0.77906759393
-0.73061132066	0.07429593011	-0.67874284439	0.78122361924
-0.72797890983	0.05543870096	-0.68335290142	0.78337406405
-0.72483438169	0.03676115582	-0.68793581097	0.78551881085
-0.72118628276	0.01827755613	-0.69249143169	0.78765783182
-0.71704303984	0.00000164679	-0.69701969319	0.78979113086
-0.71241336846	-0.01805168928	-0.70152018432	0.79191854921
-0.70730545849	-0.03586982144	-0.70599299516	0.79404016272
-0.70172794834	-0.05343852933	-0.71043775918	0.79615582920
-0.69568934731	-0.07074437079	-0.71485424104	0.79826546583
-0.68919764720	-0.08777566659	-0.71924259182	0.80036917311
-0.68226346619	-0.10451883161	-0.72360231744	0.80246674726
-0.67489826388	-0.12096300874	-0.72793347288	0.80455825228
-0.66711404983	-0.13709620372	-0.73223575226	0.80664357655
-0.65892265444	-0.15290694282	-0.73650892046	0.80872263959
-0.65033539646	-0.16838477432	-0.74075295518	0.81079546218
-0.64136383644	-0.18351880056	-0.74496765080	0.81286197373
-0.63201953876	-0.19829837145	-0.74915279155	0.81492209618
-0.62231508360	-0.21271424273	-0.75330827506	0.81697581236
-0.61226451052	-0.22675778536	-0.75743389481	0.81902305879
-0.60188162347	-0.24042082198	-0.76152950387	0.82106379909
-0.59118044422	-0.25369492398	-0.76559481312	0.82309792302
-0.58017393272	-0.26657299978	-0.76962987737	0.82512548963
-0.56887610134	-0.27904672772	-0.77363430215	0.82714632985
-0.55729962001	-0.29110937069	-0.77760812412	0.82916048866
-0.54545815785	-0.30275318251	-0.78155097873	0.83116780512
-0.53336359428	-0.31397235392	-0.78546306727	0.83316840380
-0.52103111312	-0.32476034289	-0.78934392459	0.83516207439
-0.50847580603	-0.33511305083	-0.79319352003	0.83714883322
-0.49571303058	-0.34502620531	-0.79701168526	0.83912862340
-0.48275814659	-0.35449556655	-0.80079818905	0.84110135179
-0.46962516863	-0.36351787558	-0.80455312542	0.84306709178
-0.45632965630	-0.37208887093	-0.80827608674	0.84502565176
-0.44288605533	-0.38020636816	-0.81196708968	0.84697706989
-0.42931024993	-0.38786852275	-0.81562584757	0.84892123183
-0.41561706750	-0.39507416493	-0.81925230096	0.85085814025
-0.40182143616	-0.40182205111	-0.82284629325	0.85278774269
-0.38793804417	-0.40811108282	-0.82640766568	0.85470998157
-0.37398176250	-0.41394014363	-0.82993615172	0.85662473656
-0.35996564728	-0.41930896840	-0.83343188776	0.85853210264
-0.34590493604	-0.42421782660	-0.83689459342	0.86043195212
-0.33181530388	-0.42866827750	-0.84032401265	0.86232417227
-0.31771120604	-0.43266234234	-0.84372012504	0.86420877604
-0.30360687653	-0.43620210057	-0.84708289235	0.86608576390
-0.28951715875	-0.43929035163	-0.85041213761	0.86795506600
-0.27545779839	-0.44193062037	-0.85370747976	0.86981650266
-0.26144168942	-0.44412700740	-0.85696913773	0.87167022850
-0.24748397247	-0.44588319912	-0.86019673223	0.87351605505
-0.23359802752	-0.44720318660	-0.86339022333	0.87535398122
-0.21979715932	-0.44809096447	-0.86654951645	0.87718397034
-0.20609439995	-0.44855057539	-0.86967450912	0.87900597640
-0.19250281188	-0.44858620762	-0.87276502672	0.88081990697
-0.17903523203	-0.44820403112	-0.87582097199	0.88262573317
-0.16570455568	-0.44741207865	-0.87884225640	0.88442345005
-0.15252379963	-0.44621842763	-0.88182869356	0.88621298967
-0.13950547776	-0.44463110704	-0.88478013691	0.88799430114
-0.12666153141	-0.44265806511	-0.88769649564	0.88976736105
-0.11400425455	-0.44030732355	-0.89057752457	0.89153204526
-0.10154393248	-0.43758654083	-0.89342336186	0.89328845831
-0.08929244386	-0.43450370730	-0.89623370871	0.89503643004
-0.07726045812	-0.43106662527	-0.89900846712	0.89677590629
-0.06545764654	-0.42728292030	-0.90174769514	0.89850692650
-0.05389392362	-0.42316215898	-0.90445131216	0.90022946995
-0.04257955901	-0.41871589811	-0.90711907003	0.90194343343
-0.03152390292	-0.41395541530	-0.90975086086	0.90364879592
-0.02073611676	-0.40889188050	-0.91234654724	0.90534550926
-0.01022481266	-0.40353619945	-0.91490604868	0.90703355430
0.00000146570	-0.39789925032	-0.91742922550	0.90871286460
0.00993495002	-0.39199151000	-0.91991605247	0.91038344155
0.01956820292	-0.38582325517	-0.92236651341	0.91204528578
0.02889329554	-0.37940524240	-0.92478038021	0.91369824711
0.03790439495	-0.37274899134	-0.92715772724	0.91534241569
0.04659508481	-0.36586853206	-0.92949824544	0.91697765083
0.05496052886	-0.35877671646	-0.93180197144	0.91860404343
0.06299515718	-0.35148693041	-0.93406867474	0.92022148687
0.07069439876	-0.34401167175	-0.93629833056	0.92183000935
0.07805346678	-0.33636363020	-0.93849078014	0.92342953231
0.08506851457	-0.32855456819	-0.94064606776	0.92502011525
0.09173520319	-0.32059746434	-0.94276397326	0.92660162785
0.09805055318	-0.31250438285	-0.94484458890	0.92817417647
0.10401097614	-0.30428816225	-0.94688773562	0.92973765385
0.10961352833	-0.29596089910	-0.94889336252	0.93129203649
0.11485594153	-0.28753387784	-0.95086156274	0.93283740588
0.11973697292	-0.27902057345	-0.95279222352	0.93437374402
0.12425656739	-0.27043638579	-0.95468508711	0.93590097278
0.12841537956	-0.26179543302	-0.95654011360	0.93741917647
0.13221382167	-0.25311214546	-0.95835711293	0.93892830280
0.13565267033	-0.24440008910	-0.96013600379	0.94042837282
0.13873289427	-0.23567221428	-0.96187675500	0.94191943636
0.14145547181	-0.22694136053	-0.96357928578	0.94340148710
0.14382154480	-0.21821990503	-0.96524354029	0.94487452486
0.14583254125	-0.20951914023	-0.96686960288	0.94633866099
0.14748972757	-0.20085110565	-0.96845735472	0.94779381128
0.14879479302	-0.19222659941	-0.97000685892	0.94924004548
0.14975135500	-0.18365811690	-0.97151802957	0.95067738346
0.15036498285	-0.17515865186	-0.97299083399	0.95210598373
0.15064115177	-0.16674196835	-0.97442504313	0.95352580251
0.15058533364	-0.15842012533	-0.97582065342	0.95493699908
0.15020292408	-0.15020598627	-0.97717746115	0.95633951406
0.14949928731	-0.14211123046	-0.97849540114	0.95773340713
0.14847953021	-0.13414580433	-0.97977462711	0.95911895993
0.14714890393	-0.12632144071	-0.98101494596	0.96049606896
0.14551253254	-0.11864815323	-0.98221638998	0.96186485985
0.14357728641	-0.11113573262	-0.98337902921	0.96322557263
0.14135222925	-0.10379582804	-0.98450264877	0.96457818150
0.13884594072	-0.09663847881	-0.98558723225	0.96592288121
0.13606678922	-0.08967362068	-0.98663272683	0.96725981389
0.13302299227	-0.08291106885	-0.98763904993	0.96858907062
0.12972213126	-0.07635947825	-0.98860624552	0.96991090111
0.12617203264	-0.07002822676	-0.98953420650	0.97122534381
0.12237955795	-0.06392490291	-0.99042304473	0.97253274297
0.11835500300	-0.05805832473	-0.99127260965	0.97383310127
0.11411002889	-0.05243539762	-0.99208294996	0.97512675854
0.10965648240	-0.04706360630	-0.99285399516	0.97641388217
0.10500573886	-0.04195014678	-0.99358568570	0.97769465829
0.10016800529	-0.03710129433	-0.99427806464	0.97896947186
0.09515426196	-0.03252442932	-0.99493099014	0.98023839111
0.08997388945	-0.02822565896	-0.99554447725	0.98150179876
0.08463628557	-0.02421147160	-0.99611846382	0.98275996828
0.07915104951	-0.02048854642	-0.99665283194	0.98401307122
0.07352910670	-0.01706107861	-0.99714762657	0.98526150197
0.06778378625	-0.01393175616	-0.99760292336	0.98650560717
0.06192850964	-0.01110356931	-0.99801873981	0.98774564581
0.05597635183	-0.00857964187	-0.99839506802	0.98898187193
0.04993890288	-0.00636284046	-0.99873193584	0.99021477182
0.04382792280	-0.00445656256	-0.99902929241	0.99144472353
0.03765603396	-0.00286476212	-0.99928700070	0.99267187640
0.03143330021	-0.00159091842	-0.99950499259	0.99389684764
0.02517267395	-0.00063664644	-0.99968322300	0.99511982055
0.01888659373	-0.00000091492	-0.99982180324	0.99634122478
0.01258747540	0.00031697980	-0.99992079535	0.99756147142
0.00628805574	0.00031732703	-0.99998020606	0.99878088856
0.00000000000	0.00000000000	-1.00000000000	1.00000000000
