0.00000000000	0.00000000000	0.00000000000	0.00000000000
0.02042447385	0.03708823234	0.00000000000	0.01144507145
0.04077574875	0.07441783915	0.00000000000	0.02288357402
0.06106358256	0.11189983465	0.00000000000	0.03430916866
0.08129745665	0.14944484257	0.00000000000	0.04571538960
0.10148666014	0.18696384012	0.00000000000	0.05709575708
0.12164037488	0.22436890926	0.00000000000	0.06844389077
0.14176713654	0.26157282011	0.00000000000	0.07975327056
0.16187534482	0.29849054698	0.00000000000	0.09101758661
0.18197273329	0.33503883488	0.00000000000	0.10223050129
0.20206647354	0.37113691841	0.00000000000	0.11338576560
0.22216307781	0.40670683795	0.00000000000	0.12447721873
0.24226765617	0.44167261532	0.00000000000	0.13549843208
0.26238534453	0.47596320198	0.00000000000	0.14644354299
0.28251971723	0.50951010401	0.00000000000	0.15730642635
0.30267359197	0.54224915539	0.00000000000	0.16808117655
0.32284876429	0.57412037956	0.00000000000	0.17876199684
0.34304597243	0.60506821227	0.00000000000	0.18934321076
0.36326511156	0.63504204553	0.00000000000	0.19981939727
0.38350501117	0.66399603860	0.00000000000	0.21018528998
0.40376297762	0.69188862920	0.00000000000	0.22043556046
0.42403626305	0.71868464360	0.00000000000	0.23056557033
0.44432072693	0.74435339785	0.00000000000	0.24057068664
0.46461165740	0.76886975545	0.00000000000	0.25044668839
0.48490417900	0.79221440624	0.00000000000	0.26018994000
0.50519293408	0.81437319939	0.00000000000	0.26979720392
0.52547192433	0.83533672614	0.00000000000	0.27926553763
0.54573589642	0.85510140521	0.00000000000	0.28859290130
0.56598057627	0.87366905573	0.00000000000	0.29777819159
0.58620206983	0.89104570326	0.00000000000	0.30682089726
0.60639886418	0.90724262083	0.00000000000	0.31572191793
0.62657091785	0.92227462707	0.00000000000	0.32448305417
0.64672129716	0.93616042013	0.00000000000	0.33310761928
0.66685663261	0.94892170176	0.00000000000	0.34160050159
0.68698785439	0.96058237527	0.00000000000	0.34996833321
0.70712991989	0.97116128568	0.00000000000	0.35821963954
0.72728109173	0.98053689493	0.00000000000	0.36636495002
0.74742552929	0.98845876763	0.00000000000	0.37441684697
0.76755563231	0.99468403663	0.00000000000	0.38238992760
0.78767214318	0.99897601327	0.00000000000	0.39030065748
0.80778307791	1.00111042007	0.00000000000	0.39816710188
0.82790755707	1.00118281333	0.00000000000	0.40600855713
0.84807345279	0.99959754418	0.00000000000	0.41384496908
0.86830998849	0.99675489724	0.00000000000	0.42169646108
0.88864388902	0.99303456243	0.00000000000	0.42958270012
0.90906666872	0.98852334612	0.00000000000	0.43752246655
0.92953014708	0.98300598979	0.00000000000	0.44553297463
0.94997467357	0.97623678883	0.00000000000	0.45362988578
0.97032981620	0.96795602086	0.00000000000	0.46182674054
0.99057079655	0.95803672871	0.00000000000	0.47013517282
1.01072311783	0.94650093173	0.00000000000	0.47856452889
1.03081103303	0.93338143878	0.00000000000	0.48712254848
1.05085449241	0.91871862835	0.00000000000	0.49581487789
1.07087096565	0.90256211204	0.00000000000	0.50464559404
1.09087611806	0.88497261647	0.00000000000	0.51361728624
1.11088486748	0.86602315688	0.00000000000	0.52273133991
1.13091136294	0.84580082295	0.00000000000	0.53198776429
1.15097058150	0.82440665797	0.00000000000	0.54138578934
1.17107784136	0.80195391285	0.00000000000	0.55092377667
1.19123777533	0.77850609681	0.00000000000	0.56059933385
1.21144334091	0.75406995153	0.00000000000	0.57040941335
1.23168697391	0.72865317019	0.00000000000	0.58035051716
1.25196105342	0.70226741652	0.00000000000	0.59041864981
1.27225807481	0.67492831833	0.00000000000	0.60060937793
1.29257125978	0.64665477669	0.00000000000	0.61091812083
1.31289370590	0.61747021936	0.00000000000	0.62133971048
1.33321987768	0.58740053750	0.00000000000	0.63186914676
1.35354424507	0.55647601094	0.00000000000	0.64250090287
1.37386224997	0.52472986250	0.00000000000	0.65322942796
1.39416985620	0.49219883984	0.00000000000	0.66404892405
1.41446399754	0.45892238231	0.00000000000	0.67495359871
1.43474232945	0.42494283546	0.00000000000	0.68593755477
1.45500298333	0.39030568536	0.00000000000	0.69699467867
1.47524475245	0.35505904946	0.00000000000	0.70811876489
1.49546725717	0.31925313492	0.00000000000	0.71930363740
1.51567078777	0.28294022588	0.00000000000	0.73054309774
1.53585598207	0.24617497552	0.00000000000	0.74183078030
1.55602404283	0.20901371523	0.00000000000	0.75316030942
1.57617682323	0.17151395778	0.00000000000	0.76452538824
1.59631623762	0.13373514726	0.00000000000	0.77591950816
1.61644459932	0.09573768512	0.00000000000	0.78733618091
1.63656474019	0.05758232820	0.00000000000	0.79876905170
1.65667950932	0.01933076052	0.00000000000	0.81021166001
1.67679189242	-0.01895500736	0.00000000000	0.82165755246
1.69690471628	-0.05721245891	0.00000000000	0.83310016077
1.71702097102	-0.09537957021	0.00000000000	0.84453303157
1.73714351456	-0.13339463062	0.00000000000	0.85594970432
1.75727519182	-0.17119684370	0.00000000000	0.86734382423
1.77741833364	-0.20872575505	0.00000000000	0.87870890305
1.79757487624	-0.24592185442	0.00000000000	0.89003843217
1.81774669873	-0.28272755059	0.00000000000	0.90132611473
1.83793491572	-0.31908620914	0.00000000000	0.91256550936
1.85814043539	-0.35494349837	0.00000000000	0.92375038187
1.87836346845	-0.39024680522	0.00000000000	0.93487446809
1.89860367733	-0.42494579532	0.00000000000	0.94593159198
1.91885990128	-0.45899221209	0.00000000000	0.95691554805
1.93913032134	-0.49234041940	0.00000000000	0.96782022271
1.95941264572	-0.52494791204	0.00000000000	0.97863971880
1.97970386422	-0.55677508130	0.00000000000	0.98936824389
2.00000000000	-0.58778500000	0.00000000000	1.00000000000
