  0.00000000000000e+00   0.00000000000000e+00   0.00000000000000e+00   0.00000000000000e+00 
  8.86112087346906e-03   1.39187631652949e-02   0.00000000000000e+00   5.02512562814070e-03 
  1.77228775430485e-02   2.78357361096412e-02   0.00000000000000e+00   1.00502512562814e-02 
  2.65858792819213e-02   4.17491838841609e-02   0.00000000000000e+00   1.50753768844221e-02 
  3.54507353632705e-02   5.56573715399755e-02   0.00000000000000e+00   2.01005025125628e-02 
  4.43180550602791e-02   6.95585641282070e-02   0.00000000000000e+00   2.51256281407035e-02 
  5.31884476461300e-02   8.34510266999769e-02   0.00000000000000e+00   3.01507537688442e-02 
  6.20625223940063e-02   9.73330243064071e-02   0.00000000000000e+00   3.51758793969849e-02 
  7.09408885770910e-02   1.11202821998619e-01   0.00000000000000e+00   4.02010050251256e-02 
  7.98241554685672e-02   1.25058684827735e-01   0.00000000000000e+00   4.52261306532663e-02 
  8.87129323416177e-02   1.38898877844877e-01   0.00000000000000e+00   5.02512562814070e-02 
  9.76078303650309e-02   1.52721661356744e-01   0.00000000000000e+00   5.52763819095477e-02 
  1.06509486217814e-01   1.66525231821717e-01   0.00000000000000e+00   6.03015075376884e-02 
  1.15418554852531e-01   1.80307739962151e-01   0.00000000000000e+00   6.53266331658292e-02 
  1.24335691619329e-01   1.94067335505309e-01   0.00000000000000e+00   7.03517587939698e-02 
  1.33261551868356e-01   2.07802168178457e-01   0.00000000000000e+00   7.53768844221106e-02 
  1.42196790949758e-01   2.21510387708855e-01   0.00000000000000e+00   8.04020100502513e-02 
  1.51142064213684e-01   2.35190143823769e-01   0.00000000000000e+00   8.54271356783920e-02 
  1.60098027010282e-01   2.48839586250462e-01   0.00000000000000e+00   9.04522613065327e-02 
  1.69065334689697e-01   2.62456864716196e-01   0.00000000000000e+00   9.54773869346734e-02 
  1.78044642602078e-01   2.76040128948236e-01   0.00000000000000e+00   1.00502512562814e-01 
  1.87036606097573e-01   2.89587528673844e-01   0.00000000000000e+00   1.05527638190955e-01 
  1.96041880526328e-01   3.03097213620284e-01   0.00000000000000e+00   1.10552763819095e-01 
  2.05061121249786e-01   3.16567333483296e-01   0.00000000000000e+00   1.15577889447236e-01 
  2.14095004509164e-01   3.29995979683179e-01   0.00000000000000e+00   1.20603015075377e-01 
  2.23144270689419e-01   3.43381064615075e-01   0.00000000000000e+00   1.25628140703518e-01 
  2.32209672452324e-01   3.56720466409552e-01   0.00000000000000e+00   1.30653266331658e-01 
  2.41291962459647e-01   3.70012063197179e-01   0.00000000000000e+00   1.35678391959799e-01 
  2.50391893373159e-01   3.83253733108524e-01   0.00000000000000e+00   1.40703517587940e-01 
  2.59510217854628e-01   3.96443354274156e-01   0.00000000000000e+00   1.45728643216080e-01 
  2.68647688565826e-01   4.09578804824644e-01   0.00000000000000e+00   1.50753768844221e-01 
  2.77805058168522e-01   4.22657962890556e-01   0.00000000000000e+00   1.55778894472362e-01 
  2.86983079324487e-01   4.35678706602461e-01   0.00000000000000e+00   1.60804020100503e-01 
  2.96182504695489e-01   4.48638914090927e-01   0.00000000000000e+00   1.65829145728643e-01 
  3.05404086943299e-01   4.61536463486524e-01   0.00000000000000e+00   1.70854271356784e-01 
  3.14648578729687e-01   4.74369232919819e-01   0.00000000000000e+00   1.75879396984925e-01 
  3.23916746045988e-01   4.87135057522176e-01   0.00000000000000e+00   1.80904522613065e-01 
  3.33209452907024e-01   4.99831456215697e-01   0.00000000000000e+00   1.85929648241206e-01 
  3.42527607070893e-01   5.12455806813154e-01   0.00000000000000e+00   1.90954773869347e-01 
  3.51872116497965e-01   5.25005486474812e-01   0.00000000000000e+00   1.95979899497487e-01 
  3.61243889148610e-01   5.37477872360938e-01   0.00000000000000e+00   2.01005025125628e-01 
  3.70643832983199e-01   5.49870341631798e-01   0.00000000000000e+00   2.06030150753769e-01 
  3.80072855962103e-01   5.62180271447660e-01   0.00000000000000e+00   2.11055276381910e-01 
  3.89531866045693e-01   5.74405038968790e-01   0.00000000000000e+00   2.16080402010050e-01 
  3.99021771194338e-01   5.86542021355454e-01   0.00000000000000e+00   2.21105527638191e-01 
  4.08543479368410e-01   5.98588595767919e-01   0.00000000000000e+00   2.26130653266332e-01 
  4.18097898528279e-01   6.10542139366452e-01   0.00000000000000e+00   2.31155778894472e-01 
  4.27685936634315e-01   6.22400029311319e-01   0.00000000000000e+00   2.36180904522613e-01 
  4.37308521733109e-01   6.34159542957259e-01   0.00000000000000e+00   2.41206030150754e-01 
  4.46966693020431e-01   6.45817405374788e-01   0.00000000000000e+00   2.46231155778894e-01 
  4.56661527923958e-01   6.57370151665586e-01   0.00000000000000e+00   2.51256281407035e-01 
  4.66394103906428e-01   6.68814316757116e-01   0.00000000000000e+00   2.56281407035176e-01 
  4.76165498430583e-01   6.80146435576840e-01   0.00000000000000e+00   2.61306532663317e-01 
  4.85976788959162e-01   6.91363043052219e-01   0.00000000000000e+00   2.66331658291457e-01 
  4.95829052954904e-01   7.02460674110716e-01   0.00000000000000e+00   2.71356783919598e-01 
  5.05723367880549e-01   7.13435863679793e-01   0.00000000000000e+00   2.76381909547739e-01 
  5.15660811198837e-01   7.24285146686911e-01   0.00000000000000e+00   2.81407035175879e-01 
  5.25642460372508e-01   7.35005058059532e-01   0.00000000000000e+00   2.86432160804020e-01 
  5.35669392864300e-01   7.45592132725118e-01   0.00000000000000e+00   2.91457286432161e-01 
  5.45742686881496e-01   7.56042881920692e-01   0.00000000000000e+00   2.96482412060302e-01 
  5.55863439924824e-01   7.66353202987115e-01   0.00000000000000e+00   3.01507537688442e-01 
  5.66032770076438e-01   7.76518338387334e-01   0.00000000000000e+00   3.06532663316583e-01 
  5.76251796420960e-01   7.86533498686770e-01   0.00000000000000e+00   3.11557788944724e-01 
  5.86521638043014e-01   7.96393894450846e-01   0.00000000000000e+00   3.16582914572864e-01 
  5.96843414027222e-01   8.06094736244986e-01   0.00000000000000e+00   3.21608040201005e-01 
  6.07218243458208e-01   8.15631234634613e-01   0.00000000000000e+00   3.26633165829146e-01 
  6.17647245420595e-01   8.24998600185148e-01   0.00000000000000e+00   3.31658291457286e-01 
  6.28131538999007e-01   8.34192043462016e-01   0.00000000000000e+00   3.36683417085427e-01 
  6.38672243278065e-01   8.43206775030638e-01   0.00000000000000e+00   3.41708542713568e-01 
  6.49270477342395e-01   8.52038005456439e-01   0.00000000000000e+00   3.46733668341709e-01 
  6.59927335462013e-01   8.60680873314683e-01   0.00000000000000e+00   3.51758793969849e-01 
  6.70643585096358e-01   8.69129569063771e-01   0.00000000000000e+00   3.56783919597990e-01 
  6.81419763099193e-01   8.77377614147260e-01   0.00000000000000e+00   3.61809045226131e-01 
  6.92256401486941e-01   8.85418515975006e-01   0.00000000000000e+00   3.66834170854271e-01 
  7.03154032276030e-01   8.93245781956869e-01   0.00000000000000e+00   3.71859296482412e-01 
  7.14113187482882e-01   9.00852919502707e-01   0.00000000000000e+00   3.76884422110553e-01 
  7.25134399123924e-01   9.08233436022377e-01   0.00000000000000e+00   3.81909547738693e-01 
  7.36218199215581e-01   9.15380838925740e-01   0.00000000000000e+00   3.86934673366834e-01 
  7.47365119774278e-01   9.22288635622651e-01   0.00000000000000e+00   3.91959798994975e-01 
  7.58575692816440e-01   9.28950333522971e-01   0.00000000000000e+00   3.96984924623116e-01 
  7.69850429387824e-01   9.35359431538680e-01   0.00000000000000e+00   4.02010050251256e-01 
  7.81188987001907e-01   9.41509082707599e-01   0.00000000000000e+00   4.07035175879397e-01 
  7.92589891724575e-01   9.47391981574657e-01   0.00000000000000e+00   4.12060301507538e-01 
  8.04051591679955e-01   9.53000791100690e-01   0.00000000000000e+00   4.17085427135678e-01 
  8.15572534992172e-01   9.58328174246536e-01   0.00000000000000e+00   4.22110552763819e-01 
  8.27151169785353e-01   9.63366793973031e-01   0.00000000000000e+00   4.27135678391960e-01 
  8.38785944183622e-01   9.68109313241013e-01   0.00000000000000e+00   4.32160804020100e-01 
  8.50475306311106e-01   9.72548395011318e-01   0.00000000000000e+00   4.37185929648241e-01 
  8.62217704291930e-01   9.76676702244783e-01   0.00000000000000e+00   4.42211055276382e-01 
  8.74011586250220e-01   9.80486897902246e-01   0.00000000000000e+00   4.47236180904523e-01 
  8.85855222023937e-01   9.83971822567335e-01   0.00000000000000e+00   4.52261306532663e-01 
  8.97744994460784e-01   9.87126196792768e-01   0.00000000000000e+00   4.57286432160804e-01 
  9.09676151691656e-01   9.89945871625979e-01   0.00000000000000e+00   4.62311557788945e-01 
  9.21643926326318e-01   9.92426713577782e-01   0.00000000000000e+00   4.67336683417085e-01 
  9.33643550974534e-01   9.94564589158993e-01   0.00000000000000e+00   4.72361809045226e-01 
  9.45670258246066e-01   9.96355364880427e-01   0.00000000000000e+00   4.77386934673367e-01 
  9.57719280750680e-01   9.97794907252899e-01   0.00000000000000e+00   4.82412060301508e-01 
  9.69785851098138e-01   9.98879082787225e-01   0.00000000000000e+00   4.87437185929648e-01 
  9.81865201898205e-01   9.99603757994219e-01   0.00000000000000e+00   4.92462311557789e-01 
  9.93952563199855e-01   9.99964844134668e-01   0.00000000000000e+00   4.97487437185930e-01 
  1.00604301363022e+00   9.99960898577301e-01   0.00000000000000e+00   5.02512562814070e-01 
  1.01813139838337e+00   9.99594557951179e-01   0.00000000000000e+00   5.07537688442211e-01 
  1.03021254272089e+00   9.98868807206762e-01   0.00000000000000e+00   5.12562814070352e-01 
  1.04228127190438e+00   9.97786631294510e-01   0.00000000000000e+00   5.17587939698492e-01 
  1.05433241119541e+00   9.96351015164884e-01   0.00000000000000e+00   5.22613065326633e-01 
  1.06636078585560e+00   9.94564943768344e-01   0.00000000000000e+00   5.27638190954774e-01 
  1.07836122114652e+00   9.92431402055352e-01   0.00000000000000e+00   5.32663316582915e-01 
  1.09032854232977e+00   9.89953374976366e-01   0.00000000000000e+00   5.37688442211055e-01 
  1.10225757466730e+00   9.87133847482333e-01   0.00000000000000e+00   5.42713567839196e-01 
  1.11414366618328e+00   9.83976519116668e-01   0.00000000000000e+00   5.47738693467337e-01 
  1.12598420105833e+00   9.80487872757124e-01   0.00000000000000e+00   5.52763819095477e-01 
  1.13777705914747e+00   9.76675068846057e-01   0.00000000000000e+00   5.57788944723618e-01 
  1.14952012030568e+00   9.72545267825821e-01   0.00000000000000e+00   5.62814070351759e-01 
  1.16121126438798e+00   9.68105630138770e-01   0.00000000000000e+00   5.67839195979900e-01 
  1.17284837124938e+00   9.63363316227257e-01   0.00000000000000e+00   5.72864321608040e-01 
  1.18442932074487e+00   9.58325486533638e-01   0.00000000000000e+00   5.77889447236181e-01 
  1.19595199272946e+00   9.52999301500266e-01   0.00000000000000e+00   5.82914572864322e-01 
  1.20741426705816e+00   9.47391921569495e-01   0.00000000000000e+00   5.87939698492462e-01 
  1.21881404740275e+00   9.41510503400758e-01   0.00000000000000e+00   5.92964824120603e-01 
  1.23015022203488e+00   9.35362047265320e-01   0.00000000000000e+00   5.97989949748744e-01 
  1.24142299330450e+00   9.28953344713817e-01   0.00000000000000e+00   6.03015075376884e-01 
  1.25263265500002e+00   9.22291172773331e-01   0.00000000000000e+00   6.08040201005025e-01 
  1.26377950090982e+00   9.15382308470941e-01   0.00000000000000e+00   6.13065326633166e-01 
  1.27486382482231e+00   9.08233528833728e-01   0.00000000000000e+00   6.18090452261307e-01 
  1.28588592052587e+00   9.00851610888773e-01   0.00000000000000e+00   6.23115577889447e-01 
  1.29684608180892e+00   8.93243331663157e-01   0.00000000000000e+00   6.28140703517588e-01 
  1.30774460245984e+00   8.85415468183961e-01   0.00000000000000e+00   6.33165829145729e-01 
  1.31858177626703e+00   8.77374797478264e-01   0.00000000000000e+00   6.38190954773869e-01 
  1.32935789917743e+00   8.69128091926443e-01   0.00000000000000e+00   6.43216080402010e-01 
  1.34007351756189e+00   8.60681584819290e-01   0.00000000000000e+00   6.48241206030151e-01 
  1.35072965846963e+00   8.52040474687360e-01   0.00000000000000e+00   6.53266331658292e-01 
  1.36132740339191e+00   8.43209842863381e-01   0.00000000000000e+00   6.58291457286432e-01 
  1.37186783382001e+00   8.34194770680080e-01   0.00000000000000e+00   6.63316582914573e-01 
  1.38235203124518e+00   8.25000339470185e-01   0.00000000000000e+00   6.68341708542714e-01 
  1.39278107715869e+00   8.15631630566421e-01   0.00000000000000e+00   6.73366834170854e-01 
  1.40315605305181e+00   8.06093725301517e-01   0.00000000000000e+00   6.78391959798995e-01 
  1.41347804041581e+00   7.96391705008200e-01   0.00000000000000e+00   6.83417085427136e-01 
  1.42374812074194e+00   7.86530651019196e-01   0.00000000000000e+00   6.88442211055276e-01 
  1.43396737552149e+00   7.76515644667233e-01   0.00000000000000e+00   6.93467336683417e-01 
  1.44413688674576e+00   7.66351733974271e-01   0.00000000000000e+00   6.98492462311558e-01 
  1.45425774686772e+00   7.56043270075223e-01   0.00000000000000e+00   7.03517587939699e-01 
  1.46433105825501e+00   7.45593943653476e-01   0.00000000000000e+00   7.08542713567839e-01 
  1.47435792366581e+00   7.35007419375346e-01   0.00000000000000e+00   7.13567839195980e-01 
  1.48433944585832e+00   7.24287361907148e-01   0.00000000000000e+00   7.18592964824121e-01 
  1.49427672759074e+00   7.13437435915199e-01   0.00000000000000e+00   7.23618090452261e-01 
  1.50417087162126e+00   7.02461306065812e-01   0.00000000000000e+00   7.28643216080402e-01 
  1.51402298070807e+00   6.91362637025305e-01   0.00000000000000e+00   7.33668341708543e-01 
  1.52383415760937e+00   6.80145093459991e-01   0.00000000000000e+00   7.38693467336683e-01 
  1.53360550508336e+00   6.68812340036186e-01   0.00000000000000e+00   7.43718592964824e-01 
  1.54333812588823e+00   6.57368041420206e-01   0.00000000000000e+00   7.48743718592965e-01 
  1.55303312255833e+00   6.45815861019466e-01   0.00000000000000e+00   7.53768844221106e-01 
  1.56269155121628e+00   6.34159201227875e-01   0.00000000000000e+00   7.58793969849246e-01 
  1.57231436494229e+00   6.22400884941906e-01   0.00000000000000e+00   7.63819095477387e-01 
  1.58190250295266e+00   6.10543657089288e-01   0.00000000000000e+00   7.68844221105528e-01 
  1.59145690446370e+00   5.98590262597756e-01   0.00000000000000e+00   7.73869346733668e-01 
  1.60097850869169e+00   5.86543446395038e-01   0.00000000000000e+00   7.78894472361809e-01 
  1.61046825485296e+00   5.74405953408869e-01   0.00000000000000e+00   7.83919597989950e-01 
  1.61992708216380e+00   5.62180528566978e-01   0.00000000000000e+00   7.88944723618090e-01 
  1.62935592984053e+00   5.49869916797098e-01   0.00000000000000e+00   7.93969849246231e-01 
  1.63875573709943e+00   5.37476863026959e-01   0.00000000000000e+00   7.98994974874372e-01 
  1.64812744315682e+00   5.25004112184294e-01   0.00000000000000e+00   8.04020100502513e-01 
  1.65747198722900e+00   5.12454409196834e-01   0.00000000000000e+00   8.09045226130653e-01 
  1.66679030712414e+00   4.99830494199728e-01   0.00000000000000e+00   8.14070351758794e-01 
  1.67608327625109e+00   4.87134888145587e-01   0.00000000000000e+00   8.19095477386935e-01 
  1.68535167830154e+00   4.74369806635245e-01   0.00000000000000e+00   8.24120603015075e-01 
  1.69459629032027e+00   4.61537442647004e-01   0.00000000000000e+00   8.29145728643216e-01 
  1.70381788935210e+00   4.48639989159167e-01   0.00000000000000e+00   8.34170854271357e-01 
  1.71301725244183e+00   4.35679639150037e-01   0.00000000000000e+00   8.39195979899497e-01 
  1.72219515663428e+00   4.22658585597918e-01   0.00000000000000e+00   8.44221105527638e-01 
  1.73135237897424e+00   4.09579021481111e-01   0.00000000000000e+00   8.49246231155779e-01 
  1.74048969650654e+00   3.96443139777919e-01   0.00000000000000e+00   8.54271356783920e-01 
  1.74960788627596e+00   3.83253133466646e-01   0.00000000000000e+00   8.59296482412060e-01 
  1.75870772532733e+00   3.70011195525595e-01   0.00000000000000e+00   8.64321608040201e-01 
  1.76778999070544e+00   3.56719518933067e-01   0.00000000000000e+00   8.69346733668342e-01 
  1.77685545939919e+00   3.43380296509116e-01   0.00000000000000e+00   8.74371859296482e-01 
  1.78590488135069e+00   3.29995644527374e-01   0.00000000000000e+00   8.79396984924623e-01 
  1.79493893607386e+00   3.16567479939255e-01   0.00000000000000e+00   8.84422110552764e-01 
  1.80395829176487e+00   3.03097687665203e-01   0.00000000000000e+00   8.89447236180904e-01 
  1.81296361661989e+00   2.89588152625663e-01   0.00000000000000e+00   8.94472361809045e-01 
  1.82195557883506e+00   2.76040759741078e-01   0.00000000000000e+00   8.99497487437186e-01 
  1.83093484660655e+00   2.62457393931894e-01   0.00000000000000e+00   9.04522613065327e-01 
  1.83990208813053e+00   2.48839940118555e-01   0.00000000000000e+00   9.09547738693467e-01 
  1.84885797160315e+00   2.35190283221505e-01   0.00000000000000e+00   9.14572864321608e-01 
  1.85780316522058e+00   2.21510308161190e-01   0.00000000000000e+00   9.19597989949749e-01 
  1.86673833717897e+00   2.07801899858054e-01   0.00000000000000e+00   9.24623115577889e-01 
  1.87566415567450e+00   1.94066943232542e-01   0.00000000000000e+00   9.29648241206030e-01 
  1.88458128890331e+00   1.80307323205097e-01   0.00000000000000e+00   9.34673366834171e-01 
  1.89349040274454e+00   1.66524918732653e-01   0.00000000000000e+00   9.39698492462312e-01 
  1.90239213358127e+00   1.52721532856363e-01   0.00000000000000e+00   9.44723618090452e-01 
  1.91128709747603e+00   1.38898916317097e-01   0.00000000000000e+00   9.49748743718593e-01 
  1.92017591008967e+00   1.25058818821852e-01   0.00000000000000e+00   9.54773869346734e-01 
  1.92905918708302e+00   1.11202990077623e-01   0.00000000000000e+00   9.59798994974874e-01 
  1.93793754411692e+00   9.73331797914085e-02   0.00000000000000e+00   9.64824120603015e-01 
  1.94681159685221e+00   8.34511376702037e-02   0.00000000000000e+00   9.69849246231156e-01 
  1.95568196094972e+00   6.95586134210057e-02   0.00000000000000e+00   9.74874371859296e-01 
  1.96454925207030e+00   5.56573567508112e-02   0.00000000000000e+00   9.79899497487437e-01 
  1.97341408587478e+00   4.17491173666167e-02   0.00000000000000e+00   9.84924623115578e-01 
  1.98227707802400e+00   2.78356449754188e-02   0.00000000000000e+00   9.89949748743719e-01 
  1.99113884417879e+00   1.39186892842146e-02   0.00000000000000e+00   9.94974874371859e-01 
  2.00000000000000e+00   0.00000000000000e+00   0.00000000000000e+00   1.00000000000000e+00 
