  0.00000000000000e+00   0.00000000000000e+00   1.00000000000000e+00   0.00000000000000e+00 
  1.03389103672164e-02   4.29272763426019e-04   9.99946755807662e-01   2.00400801603206e-03 
  2.06145847739896e-02   1.72068493259909e-03   9.99786219043000e-01   4.00801603206413e-03 
  3.07643729356494e-02   3.85975457037377e-03   9.99519369217643e-01   6.01202404809619e-03 
  4.07256246585134e-02   6.83199960046560e-03   9.99147185850648e-01   8.01603206412826e-03 
  5.04376762294411e-02   1.06199002102193e-02   9.98670810702029e-01   1.00200400801603e-02 
  5.98469740223459e-02   1.51950638048968e-02   9.98091966230819e-01   1.20240480961924e-02 
  6.89015545434026e-02   2.05266661512399e-02   9.97412504766228e-01   1.40280561122244e-02 
  7.75495540377020e-02   2.65838008067930e-02   9.96634283445881e-01   1.60320641282565e-02 
  8.57450632937929e-02   3.33306533327192e-02   9.95759446476250e-01   1.80360721442886e-02 
  9.34513855530981e-02   4.07238159816954e-02   9.94790582196631e-01   2.00400801603206e-02 
  1.00632614532096e-01   4.87192294621211e-02   9.93730317055160e-01   2.20440881763527e-02 
  1.07252843947267e-01   5.72728344823959e-02   9.92581277499975e-01   2.40480961923848e-02 
  1.13278782882117e-01   6.63404644674562e-02   9.91346077016726e-01   2.60521042084168e-02 
  1.18690888464388e-01   7.58773888916413e-02   9.90027260951908e-01   2.80561122244489e-02 
  1.23474119374583e-01   8.58386925736899e-02   9.88627352341068e-01   3.00601202404810e-02 
  1.27613436882799e-01   9.61794602261143e-02   9.87148874206914e-01   3.20641282565130e-02 
  1.31093855346902e-01   1.06854774180154e-01   9.85594349183754e-01   3.40681362725451e-02 
  1.33903674259852e-01   1.17819569411030e-01   9.83966275871038e-01   3.60721442885771e-02 
  1.36036343344220e-01   1.29028549878395e-01   9.82267115187868e-01   3.80761523046092e-02 
  1.37485762234226e-01   1.40436399360942e-01   9.80499324761684e-01   4.00801603206413e-02 
  1.38247681964339e-01   1.51999163270160e-01   9.78665278508617e-01   4.20841683366733e-02 
  1.38326618283961e-01   1.63679333124114e-01   9.76766954047050e-01   4.40881763527054e-02 
  1.37729678036710e-01   1.75441306089778e-01   9.74806211838695e-01   4.60921843687375e-02 
  1.36463968454109e-01   1.87249479619416e-01   9.72784912327727e-01   4.80961923847695e-02 
  1.34536596767677e-01   1.99068251165290e-01   9.70704915958320e-01   5.01002004008016e-02 
  1.31954670208938e-01   2.10862018179663e-01   9.68568083174649e-01   5.21042084168337e-02 
  1.28725296009411e-01   2.22595178114797e-01   9.66376274420887e-01   5.41082164328657e-02 
  1.24856420324094e-01   2.34232939420471e-01   9.64131301959623e-01   5.61122244488978e-02 
  1.20361157730023e-01   2.45745506922843e-01   9.61834681217349e-01   5.81162324649299e-02 
  1.15254589358394e-01   2.57104986539869e-01   9.59487814676168e-01   6.01202404809619e-02 
  1.09551800172313e-01   2.68283487893861e-01   9.57092104598110e-01   6.21242484969940e-02 
  1.03267900398365e-01   2.79253194230814e-01   9.54648950291539e-01   6.41282565130260e-02 
  9.64190219330206e-02   2.89989266181834e-01   9.52159631616972e-01   6.61322645290581e-02 
  8.90226472040420e-02   3.00470800142198e-01   9.49625270538472e-01   6.81362725450902e-02 
  8.10963512847546e-02   3.10677162498040e-01   9.47046978188503e-01   7.01402805611222e-02 
  7.26577092484843e-02   3.20587719635494e-01   9.44425865699535e-01   7.21442885771543e-02 
  6.37242961685569e-02   3.30181837940695e-01   9.41763044204034e-01   7.41482965931864e-02 
  5.43136871182985e-02   3.39438883799775e-01   9.39059624834466e-01   7.61523046092184e-02 
  4.44434837042904e-02   3.48338294587790e-01   9.36316715824805e-01   7.81563126252505e-02 
  3.41323678081424e-02   3.56862397922869e-01   9.33535307399740e-01   8.01603206412826e-02 
  2.34004535266521e-02   3.64997353271444e-01   9.30716233328716e-01   8.21643286573146e-02 
  1.22679536373631e-02   3.72729584117288e-01   9.27860316601293e-01   8.41683366733467e-02 
  7.55080917818379e-04   3.80045513944174e-01   9.24968380207029e-01   8.61723446893787e-02 
 -1.11179625732779e-02   3.86931684243494e-01   9.22041243698592e-01   8.81763527054108e-02 
 -2.33311965960537e-02   3.93377078591168e-01   9.19079655504647e-01   9.01803607214429e-02 
 -3.58648498104968e-02   3.99372980417971e-01   9.16084297072192e-01   9.21843687374749e-02 
 -4.86991590087231e-02   4.04910762684244e-01   9.13055847240739e-01   9.41883767535070e-02 
 -6.18143609828487e-02   4.09981798350330e-01   9.09994984849800e-01   9.61923847695391e-02 
 -7.51906925249897e-02   4.14577460376571e-01   9.06902388738888e-01   9.81963927855711e-02 
 -8.88083904272622e-02   4.18689121723311e-01   9.03778737747514e-01   1.00200400801603e-01 
 -1.02647691481782e-01   4.22308155350891e-01   9.00624710715192e-01   1.02204408817635e-01 
 -1.16688732925962e-01   4.25426875615412e-01   8.97440959945623e-01   1.04208416833667e-01 
 -1.30911151779421e-01   4.28042343119012e-01   8.94228003961262e-01   1.06212424849699e-01 
 -1.45294877052958e-01   4.30152923035961e-01   8.90986325684560e-01   1.08216432865731e-01 
 -1.59820878705303e-01   4.31756545346245e-01   8.87716423019287e-01   1.10220440881764e-01 
 -1.74470273517506e-01   4.32851078573620e-01   8.84418795984332e-01   1.12224448897796e-01 
 -1.89224178270618e-01   4.33434391241842e-01   8.81093944598585e-01   1.14228456913828e-01 
 -2.04063709745692e-01   4.33504351874665e-01   8.77742368880935e-01   1.16232464929860e-01 
 -2.18969984723778e-01   4.33058828995846e-01   8.74364568850270e-01   1.18236472945892e-01 
 -2.33924319237799e-01   4.32096386771224e-01   8.70961028883970e-01   1.20240480961924e-01 
 -2.48908876419057e-01   4.30618546815823e-01   8.67532166861188e-01   1.22244488977956e-01 
 -2.63906044473306e-01   4.28627616540340e-01   8.64078382992462e-01   1.24248496993988e-01 
 -2.78898211608072e-01   4.26125903361678e-01   8.60600077488193e-01   1.26252505010020e-01 
 -2.93867766030884e-01   4.23115714696735e-01   8.57097650558782e-01   1.28256513026052e-01 
 -3.08797095949269e-01   4.19599357962412e-01   8.53571502414628e-01   1.30260521042084e-01 
 -3.23668589570756e-01   4.15579140575609e-01   8.50022033266131e-01   1.32264529058116e-01 
 -3.38464751478110e-01   4.11057536943241e-01   8.46449639870258e-01   1.34268537074148e-01 
 -3.53169561335673e-01   4.06039138107209e-01   8.42854675210921e-01   1.36272545090180e-01 
 -3.67768011918213e-01   4.00529988849320e-01   8.39237462207982e-01   1.38276553106212e-01 
 -3.82245115873968e-01   3.94536162468371e-01   8.35598323191554e-01   1.40280561122244e-01 
 -3.96585885851174e-01   3.88063732263159e-01   8.31937580491754e-01   1.42284569138277e-01 
 -4.10775334498070e-01   3.81118771532479e-01   8.28255556438694e-01   1.44288577154309e-01 
 -4.24798474462891e-01   3.73707353575127e-01   8.24552573362489e-01   1.46292585170341e-01 
 -4.38640318393875e-01   3.65835551689900e-01   8.20828953593255e-01   1.48296593186373e-01 
 -4.52285879306956e-01   3.57509439578256e-01   8.17085019453290e-01   1.50300601202405e-01 
 -4.65720732860719e-01   3.48735707089977e-01   8.13321081305202e-01   1.52304609218437e-01 
 -4.78932151517601e-01   3.39522902239780e-01   8.09537413443858e-01   1.54308617234469e-01 
 -4.91907726334972e-01   3.29879921934763e-01   8.05734283391982e-01   1.56312625250501e-01 
 -5.04635048370202e-01   3.19815663082022e-01   8.01911958672298e-01   1.58316633266533e-01 
 -5.17101708680663e-01   3.09339022588654e-01   7.98070706807529e-01   1.60320641282565e-01 
 -5.29295298323723e-01   2.98458897361756e-01   7.94210795320400e-01   1.62324649298597e-01 
 -5.41203414621986e-01   2.87184188136073e-01   7.90332491641766e-01   1.64328657314629e-01 
 -5.52814480567840e-01   2.75524300076668e-01   7.86436051095751e-01   1.66332665330661e-01 
 -5.64118560423101e-01   2.63489641057042e-01   7.82521704940672e-01   1.68336673346693e-01 
 -5.75105912390640e-01   2.51090737436014e-01   7.78589681591101e-01   1.70340681362725e-01 
 -5.85766794673330e-01   2.38338115572406e-01   7.74640209461610e-01   1.72344689378757e-01 
 -5.96091465474042e-01   2.25242301825037e-01   7.70673516966771e-01   1.74348697394790e-01 
 -6.06070182995649e-01   2.11813822552728e-01   7.66689832521158e-01   1.76352705410822e-01 
 -6.15693205441023e-01   1.98063204114300e-01   7.62689384539342e-01   1.78356713426854e-01 
 -6.24950795108548e-01   1.84000974874946e-01   7.58672401397233e-01   1.80360721442886e-01 
 -6.33834064615557e-01   1.69638079767274e-01   7.54639103443415e-01   1.82364729458918e-01 
 -6.42336015022720e-01   1.54986388863758e-01   7.50589693198864e-01   1.84368737474950e-01 
 -6.50449901561849e-01   1.40057896754167e-01   7.46524370785089e-01   1.86372745490982e-01 
 -6.58168979464759e-01   1.24864598028273e-01   7.42443336323598e-01   1.88376753507014e-01 
 -6.65486503963261e-01   1.09418487275843e-01   7.38346789935899e-01   1.90380761523046e-01 
 -6.72395730289168e-01   9.37315590866490e-02   7.34234931743499e-01   1.92384769539078e-01 
 -6.78889913674292e-01   7.78158080504590e-02   7.30107961867906e-01   1.94388777555110e-01 
 -6.84962309350448e-01   6.16832287570430e-02   7.25966080430630e-01   1.96392785571142e-01 
 -6.90606641854583e-01   4.53458820199940e-02   7.21809483113509e-01   1.98396793587174e-01 
 -6.95818799426195e-01   2.88161339737781e-02   7.17638345129573e-01   2.00400801603206e-01 
 -7.00595293454610e-01   1.21064386857671e-02   7.13452835796798e-01   2.02404809619238e-01 
 -7.04932635386518e-01  -4.77074976857302e-03   7.09253124432618e-01   2.04408817635271e-01 
 -7.08827336668611e-01  -2.18029773137759e-02   7.05039380354467e-01   2.06412825651303e-01 
 -7.12275908747580e-01  -3.89777898743752e-02   7.00811772879781e-01   2.08416833667335e-01 
 -7.15274863070115e-01  -5.62827333749049e-02   6.96570471325993e-01   2.10420841683367e-01 
 -7.17820711082908e-01  -7.37053537398986e-02   6.92315645010537e-01   2.12424849699399e-01 
 -7.19910007978903e-01  -9.12331898392037e-02   6.88047463041222e-01   2.14428857715431e-01 
 -7.21540280226940e-01  -1.08853623911044e-01   6.83766089871669e-01   2.16432865731463e-01 
 -7.22710006576052e-01  -1.26553884625337e-01   6.79471685392331e-01   2.18436873747495e-01 
 -7.23417705721925e-01  -1.44321194210053e-01   6.75164409302246e-01   2.20440881763527e-01 
 -7.23661896360245e-01  -1.62142774893161e-01   6.70844421300449e-01   2.22444889779559e-01 
 -7.23441098288511e-01  -1.80005849210610e-01   6.66511881077026e-01   2.24448897795591e-01 
 -7.22754477020229e-01  -1.97897820188302e-01   6.62166943076847e-01   2.26452905811623e-01 
 -7.21602929380675e-01  -2.15806574786838e-01   6.57809747681157e-01   2.28456913827655e-01 
 -7.19987639331196e-01  -2.33720080226835e-01   6.53440432938765e-01   2.30460921843687e-01 
 -7.17909790833142e-01  -2.51626303728909e-01   6.49059136898480e-01   2.32464929859719e-01 
 -7.15370567847861e-01  -2.69513212513678e-01   6.44665997609111e-01   2.34468937875751e-01 
 -7.12371154336702e-01  -2.87368773801758e-01   6.40261153119469e-01   2.36472945891784e-01 
 -7.08912734261013e-01  -3.05180954813767e-01   6.35844741478361e-01   2.38476953907816e-01 
 -7.04996491582143e-01  -3.22937722770322e-01   6.31416900734597e-01   2.40480961923848e-01 
 -7.00623626828540e-01  -3.40627046734477e-01   6.26977768909230e-01   2.42484969939880e-01 
 -6.95795990429231e-01  -3.58236968045167e-01   6.22527482934447e-01   2.44488977955912e-01 
 -6.90516280459787e-01  -3.75755622308669e-01   6.18066178322266e-01   2.46492985971944e-01 
 -6.84787251989010e-01  -3.93171151469514e-01   6.13593990489213e-01   2.48496993987976e-01 
 -6.78611660085698e-01  -4.10471697472235e-01   6.09111054851815e-01   2.50501002004008e-01 
 -6.71992259818652e-01  -4.27645402261361e-01   6.04617506826601e-01   2.52505010020040e-01 
 -6.64932079818637e-01  -4.44680580517173e-01   6.00113479875636e-01   2.54509018036072e-01 
 -6.57435851613783e-01  -4.61566622183639e-01   5.95599095294650e-01   2.56513026052104e-01 
 -6.49508960906374e-01  -4.78293330271145e-01   5.91074469705631e-01   2.58517034068136e-01 
 -6.41156794753800e-01  -4.94850508645737e-01   5.86539719720887e-01   2.60521042084168e-01 
 -6.32384740213453e-01  -5.11227961173457e-01   5.81994961952723e-01   2.62525050100200e-01 
 -6.23198184342721e-01  -5.27415491720351e-01   5.77440313013447e-01   2.64529058116232e-01 
 -6.13602514198996e-01  -5.43402904152463e-01   5.72875889515365e-01   2.66533066132265e-01 
 -6.03603116839668e-01  -5.59180002335837e-01   5.68301808070784e-01   2.68537074148297e-01 
 -5.93205379322126e-01  -5.74736590136516e-01   5.63718185292010e-01   2.70541082164329e-01 
 -5.82414688703762e-01  -5.90062471420546e-01   5.59125137791351e-01   2.72545090180361e-01 
 -5.71236432041965e-01  -6.05147450053971e-01   5.54522782181112e-01   2.74549098196393e-01 
 -5.59675996394126e-01  -6.19981329902834e-01   5.49911235073600e-01   2.76553106212425e-01 
 -5.47738808148394e-01  -6.34553948742691e-01   5.45290612904278e-01   2.78557114228457e-01 
 -5.35431462765086e-01  -6.48856152279456e-01   5.40661026852054e-01   2.80561122244489e-01 
 -5.22761893839577e-01  -6.62879939909113e-01   5.36022582079119e-01   2.82565130260521e-01 
 -5.09738108304064e-01  -6.76617374255910e-01   5.31375383417914e-01   2.84569138276553e-01 
 -4.96368113090743e-01  -6.90060517944098e-01   5.26719535700883e-01   2.86573146292585e-01 
 -4.82659915131808e-01  -7.03201433597926e-01   5.22055143760468e-01   2.88577154308617e-01 
 -4.68621521359457e-01  -7.16032183841645e-01   5.17382312429111e-01   2.90581162324649e-01 
 -4.54260938705885e-01  -7.28544831299504e-01   5.12701146539256e-01   2.92585170340681e-01 
 -4.39586174103287e-01  -7.40731438595753e-01   5.08011750923344e-01   2.94589178356713e-01 
 -4.24605235688684e-01  -7.52584071630850e-01   5.03314230404795e-01   2.96593186372745e-01 
 -4.09326264089201e-01  -7.64095156578015e-01   4.98608688814853e-01   2.98597194388778e-01 
 -3.93757650390462e-01  -7.75257800667911e-01   4.93895228109152e-01   3.00601202404810e-01 
 -3.77907813519736e-01  -7.86065186839401e-01   4.89173950034833e-01   3.02605210420842e-01 
 -3.61785172404291e-01  -7.96510498031344e-01   4.84444956339034e-01   3.04609218436874e-01 
 -3.45398195434152e-01  -8.06586986949981e-01   4.79708348482567e-01   3.06613226452906e-01 
 -3.28756041553338e-01  -8.16288880330246e-01   4.74964223928836e-01   3.08617234468938e-01 
 -3.11868377038600e-01  -8.25611120501566e-01   4.70212677204442e-01   3.10621242484970e-01 
 -2.94744879889668e-01  -8.34548666328669e-01   4.65453802768127e-01   3.12625250501002e-01 
 -2.77395228106272e-01  -8.43096476676285e-01   4.60687695078635e-01   3.14629258517034e-01 
 -2.59829099688142e-01  -8.51249510409142e-01   4.55914448594707e-01   3.16633266533066e-01 
 -2.42056172635008e-01  -8.59002726391968e-01   4.51134157775084e-01   3.18637274549098e-01 
 -2.24086124946601e-01  -8.66351083489494e-01   4.46346917078509e-01   3.20641282565130e-01 
 -2.05928634622651e-01  -8.73289540566447e-01   4.41552820963725e-01   3.22645290581162e-01 
 -1.87593379662888e-01  -8.79813056487557e-01   4.36751963889472e-01   3.24649298597194e-01 
 -1.69090038099026e-01  -8.85916590258316e-01   4.31944440314176e-01   3.26653306613226e-01 
 -1.50428423295313e-01  -8.91595696483810e-01   4.27130343351983e-01   3.28657314629259e-01 
 -1.31618793252582e-01  -8.96847886618416e-01   4.22309761700403e-01   3.30661322645291e-01 
 -1.12671497151026e-01  -9.01671073397639e-01   4.17482783151246e-01   3.32665330661323e-01 
 -9.35968841708434e-02  -9.06063169556983e-01   4.12649495496324e-01   3.34669338677355e-01 
 -7.44053034922263e-02  -9.10022087831951e-01   4.07809986527447e-01   3.36673346693387e-01 
 -5.51071042953706e-02  -9.13545740958048e-01   4.02964344036427e-01   3.38677354709419e-01 
 -3.57126357604715e-02  -9.16632041670776e-01   3.98112655815075e-01   3.40681362725451e-01 
 -1.62322470677237e-02  -9.19278902705639e-01   3.93255009655201e-01   3.42685370741483e-01 
  3.32371260267757e-03  -9.21484236798141e-01   3.88391493348619e-01   3.44689378757515e-01 
  2.29448940705375e-02  -9.23245956683786e-01   3.83522194687137e-01   3.46693386773547e-01 
  4.26209481556611e-02  -9.24561975098077e-01   3.78647201462568e-01   3.48697394789579e-01 
  6.23415255670388e-02  -9.25430207494009e-01   3.73766601460189e-01   3.50701402805611e-01 
  8.20962483788445e-02  -9.25849271533124e-01   3.68880480776996e-01   3.52705410821643e-01 
  1.01874672045628e-01  -9.25819418582862e-01   3.63988921582159e-01   3.54709418837675e-01 
  1.21666342568737e-01  -9.25341131830497e-01   3.59092005487493e-01   3.56713426853707e-01 
  1.41460805949522e-01  -9.24414894463304e-01   3.54189814104815e-01   3.58717434869739e-01 
  1.61247608189331e-01  -9.23041189668556e-01   3.49282429045943e-01   3.60721442885772e-01 
  1.81016295289512e-01  -9.21220500633528e-01   3.44369931922692e-01   3.62725450901804e-01 
  2.00756413251415e-01  -9.18953310545494e-01   3.39452404346880e-01   3.64729458917836e-01 
  2.20457508076389e-01  -9.16240102591729e-01   3.34529927930323e-01   3.66733466933868e-01 
  2.40109125765782e-01  -9.13081359959505e-01   3.29602584284838e-01   3.68737474949900e-01 
  2.59700832742741e-01  -9.09477640201752e-01   3.24670454952619e-01   3.70741482965932e-01 
  2.79222530392764e-01  -9.05430720631409e-01   3.19733620333908e-01   3.72745490981964e-01 
  2.98664393866961e-01  -9.00943375474511e-01   3.14792159895624e-01   3.74749498997996e-01 
  3.18016606342524e-01  -8.96018408183938e-01   3.09846153077322e-01   3.76753507014028e-01 
  3.37269350996647e-01  -8.90658622212563e-01   3.04895679318560e-01   3.78757515030060e-01 
  3.56412811006519e-01  -8.84866821013265e-01   2.99940818058894e-01   3.80761523046092e-01 
  3.75437169549333e-01  -8.78645808038920e-01   2.94981648737880e-01   3.82765531062124e-01 
  3.94332609802280e-01  -8.71998386742404e-01   2.90018250795075e-01   3.84769539078156e-01 
  4.13089314942552e-01  -8.64927360576595e-01   2.85050703670036e-01   3.86773547094188e-01 
  4.31697468147342e-01  -8.57435532994368e-01   2.80079086802319e-01   3.88777555110220e-01 
  4.50147252593840e-01  -8.49525707448601e-01   2.75103479631480e-01   3.90781563126252e-01 
  4.68428891690056e-01  -8.41200792794430e-01   2.70123961318395e-01   3.92785571142285e-01 
  4.86533063139938e-01  -8.32464888114343e-01   2.65140607877002e-01   3.94789579158317e-01 
  5.04450731507511e-01  -8.23322844046550e-01   2.60153493334144e-01   3.96793587174349e-01 
  5.22172865865368e-01  -8.13779523041419e-01   2.55162691685431e-01   3.98797595190381e-01 
  5.39690435286099e-01  -8.03839787549319e-01   2.50168276926474e-01   4.00801603206413e-01 
  5.56994408842296e-01  -7.93508500020620e-01   2.45170323052882e-01   4.02805611222445e-01 
  5.74075755606550e-01  -7.82790522905691e-01   2.40168904060268e-01   4.04809619238477e-01 
  5.90925454036114e-01  -7.71690729200411e-01   2.35164093958000e-01   4.06813627254509e-01 
  6.07534952862536e-01  -7.60214520346171e-01   2.30155967444938e-01   4.08817635270541e-01 
  6.23896380865902e-01  -7.48368061952421e-01   2.25144600216989e-01   4.10821643286573e-01 
  6.40001919963360e-01  -7.36157579338537e-01   2.20130068047969e-01   4.12825651302605e-01 
  6.55843752072059e-01  -7.23589297823893e-01   2.15112446711691e-01   4.14829659318637e-01 
  6.71414059109151e-01  -7.10669442727866e-01   2.10091811981969e-01   4.16833667334669e-01 
  6.86705022991784e-01  -6.97404239369833e-01   2.05068239632619e-01   4.18837675350701e-01 
  7.01708825637107e-01  -6.83799913069167e-01   2.00041805437454e-01   4.20841683366733e-01 
  7.16417648962269e-01  -6.69862689145246e-01   1.95012585170289e-01   4.22845691382766e-01 
  7.30823674884421e-01  -6.55598792917444e-01   1.89980654604937e-01   4.24849699398798e-01 
  7.44919120162182e-01  -6.41014492215728e-01   1.84946089271899e-01   4.26853707414830e-01 
  7.58696822574322e-01  -6.26116812585865e-01   1.79908960364770e-01   4.28857715430862e-01 
  7.72150154701730e-01  -6.10913432093542e-01   1.74869335342352e-01   4.30861723446894e-01 
  7.85272506602307e-01  -5.95412050128400e-01   1.69827281541396e-01   4.32865731462926e-01 
  7.98057268333953e-01  -5.79620366080087e-01   1.64782866298650e-01   4.34869739478958e-01 
  8.10497829954570e-01  -5.63546079338246e-01   1.59736156950866e-01   4.36873747494990e-01 
  8.22587598315257e-01  -5.47196898011172e-01   1.54687220917351e-01   4.38877755511022e-01 
  8.34320604959736e-01  -5.30580854533552e-01   1.49636128688488e-01   4.40881763527054e-01 
  8.45691677013751e-01  -5.13706394388402e-01   1.44582954665849e-01   4.42885771543086e-01 
  8.56695693201831e-01  -4.96581989847670e-01   1.39527773504675e-01   4.44889779559118e-01 
  8.67327532248509e-01  -4.79216113183303e-01   1.34470659860207e-01   4.46893787575150e-01 
  8.77582072878315e-01  -4.61617236667250e-01   1.29411688387683e-01   4.48897795591182e-01 
  8.87454193815780e-01  -4.43793832571459e-01   1.24350933742345e-01   4.50901803607214e-01 
  8.96938773785435e-01  -4.25754373167879e-01   1.19288470579432e-01   4.52905811623246e-01 
  9.06030691511811e-01  -4.07507330728457e-01   1.14224373554184e-01   4.54909819639279e-01 
  9.14724825719439e-01  -3.89061177525141e-01   1.09158717321842e-01   4.56913827655311e-01 
  9.23016102698776e-01  -3.70424411791490e-01   1.04091576288985e-01   4.58917835671343e-01 
  9.30900365143510e-01  -3.51606031936404e-01   9.90230200715150e-02   4.60921843687375e-01 
  9.38374283150780e-01  -3.32615487967804e-01   9.39531139599202e-02   4.62925851703407e-01 
  9.45434556525434e-01  -3.13462246108162e-01   8.88819230893853e-02   4.64929859719439e-01 
  9.52077885072321e-01  -2.94155772579946e-01   8.38095125950952e-02   4.66933867735471e-01 
  9.58300968596289e-01  -2.74705533605627e-01   7.87359476122350e-02   4.68937875751503e-01 
  9.64100506902186e-01  -2.55120995407675e-01   7.36612932759894e-02   4.70941883767535e-01 
  9.69473200273559e-01  -2.35411624274646e-01   6.85856147240450e-02   4.72945891783567e-01 
  9.74416130423746e-01  -2.15586939152330e-01   6.35089790873367e-02   4.74949899799599e-01 
  9.78927446142151e-01  -1.95656606298760e-01   5.84314590730485e-02   4.76953907815631e-01 
  9.83005481393238e-01  -1.75630317535797e-01   5.33531283560391e-02   4.78957915831663e-01 
  9.86648570141470e-01  -1.55517764685305e-01   4.82740606111671e-02   4.80961923847695e-01 
  9.89855046351309e-01  -1.35328639569145e-01   4.31943295132911e-02   4.82965931863727e-01 
  9.92623243987219e-01  -1.15072634009180e-01   3.81140087372697e-02   4.84969939879760e-01 
  9.94951497013664e-01  -9.47594398272733e-02   3.30331719579616e-02   4.86973947895792e-01 
  9.96838139395106e-01  -7.43987488452866e-02   2.79518928502255e-02   4.88977955911824e-01 
  9.98281531176765e-01  -5.40002578829123e-02   2.28702449604074e-02   4.90981963927856e-01 
  9.99280782525862e-01  -3.35738075050107e-02   1.77882981386428e-02   4.92985971943888e-01 
  9.99835848130673e-01  -1.31294001112081e-02   1.27061180737071e-02   4.94989979959920e-01 
  9.99946727723227e-01   7.32295326717666e-03   7.62377023242332e-03   4.96993987975952e-01 
  9.99613421035558e-01   2.77732415988247e-02   2.54132008161448e-03   4.98997995991984e-01 
  9.98835927799696e-01   4.82114538524171e-02  -2.54116691189631e-03   5.01002004008016e-01 
  9.97614252378836e-01   6.86275798832764e-02  -7.62362526592086e-03   5.03006012024048e-01 
  9.95948901600325e-01   8.90117057440682e-02  -1.27059878312109e-02   5.05010020040080e-01 
  9.93841328460506e-01   1.09354098632606e-01  -1.77881843193480e-02   5.07014028056112e-01 
  9.91293090632238e-01   1.29645045787145e-01  -2.28701440946210e-02   5.09018036072144e-01 
  9.88305745788378e-01   1.49874834445937e-01  -2.79517965213189e-02   5.11022044088176e-01 
  9.84880851601787e-01   1.70033751847238e-01  -3.30330709637308e-02   5.13026052104208e-01 
  9.81019965745322e-01   1.90112085229301e-01  -3.81138967861456e-02   5.15030060120240e-01 
  9.76724645891843e-01   2.10100121830379e-01  -4.31942033528522e-02   5.17034068136273e-01 
  9.71996449714209e-01   2.29988148888728e-01  -4.82739200281397e-02   5.19038076152305e-01 
  9.66836995631035e-01   2.49766463202698e-01  -5.33529761474156e-02   5.21042084168337e-01 
  9.61248839433790e-01   2.69425509093310e-01  -5.84313006004155e-02   5.23046092184369e-01 
  9.55235273331381e-01   2.88955846778117e-01  -6.35088219267470e-02   5.25050100200401e-01 
  9.48799609352484e-01   3.08348039593889e-01  -6.85854686565944e-02   5.27054108216433e-01 
  9.41945159525771e-01   3.27592650877391e-01  -7.36611693201421e-02   5.29058116232465e-01 
  9.34675235879918e-01   3.46680243965391e-01  -7.87358524475743e-02   5.31062124248497e-01 
  9.26993150443597e-01   3.65601382194655e-01  -8.38094465690752e-02   5.33066132264529e-01 
  9.18902216554263e-01   3.84346629612702e-01  -8.88818802189210e-02   5.35070140280561e-01 
  9.10406178132522e-01   4.02906784100966e-01  -9.39530832774907e-02   5.37074148296593e-01 
  9.01509828819806e-01   4.21273213605760e-01  -9.90229889068362e-02   5.39078156312625e-01 
  8.92218119201093e-01   4.39437371303683e-01  -1.04091530759651e-01   5.41082164328657e-01 
  8.82535999861357e-01   4.57390710371329e-01  -1.09158642488630e-01   5.43086172344689e-01 
  8.72468421385576e-01   4.75124683985296e-01  -1.14224257746466e-01   5.45090180360721e-01 
  8.62020334358724e-01   4.92630745322179e-01  -1.19288310185853e-01   5.47094188376753e-01 
  8.51196689365779e-01   5.09900347558576e-01  -1.24350733459485e-01   5.49098196392786e-01 
  8.40002436991715e-01   5.26924943871081e-01  -1.29411461220055e-01   5.51102204408818e-01 
  8.28442556182989e-01   5.43695999579034e-01  -1.34470426768767e-01   5.53106212424850e-01 
  8.16522613477270e-01   5.60205231574271e-01  -1.39527556124629e-01   5.55110220440882e-01 
  8.04248729148360e-01   5.76444593826344e-01  -1.44582768444039e-01   5.57114228456914e-01 
  7.91627045053048e-01   5.92406049545390e-01  -1.49635982615906e-01   5.59118236472946e-01 
  7.78663703048122e-01   6.08081561941542e-01  -1.54687117529142e-01   5.61122244488978e-01 
  7.65364887952397e-01   6.23463140786229e-01  -1.59736092506120e-01   5.63126252505010e-01 
  7.51737447092375e-01   6.38543513861973e-01  -1.64782833553525e-01   5.65130260521042e-01 
  7.37788748044651e-01   6.53315972786783e-01  -1.69827271927061e-01   5.67134268537074e-01 
  7.23526172374186e-01   6.67773824338946e-01  -1.74869339023565e-01   5.69138276553106e-01 
  7.08957101645942e-01   6.81910375296750e-01  -1.79908966239874e-01   5.71142284569138e-01 
  6.94088917424879e-01   6.95718932438482e-01  -1.84946084972827e-01   5.73146292585170e-01 
  6.78929001275958e-01   7.09192802542429e-01  -1.89980626619260e-01   5.75150300601202e-01 
  6.63484734764141e-01   7.22325292386878e-01  -1.95012522576011e-01   5.77154308617234e-01 
  6.47763499454388e-01   7.35109708750116e-01  -2.00041704239917e-01   5.79158316633266e-01 
  6.31772676911661e-01   7.47539358410431e-01  -2.05068103007817e-01   5.81162324649299e-01 
  6.15519744626646e-01   7.59607646879202e-01  -2.10091649645229e-01   5.83166332665331e-01 
  5.99012984827512e-01   7.71308807956765e-01  -2.15112269621442e-01   5.85170340681363e-01 
  5.82261081646295e-01   7.82637489109456e-01  -2.20129885760687e-01   5.87174348697395e-01 
  5.65272722182404e-01   7.93588340857829e-01  -2.25144420867668e-01   5.89178356713427e-01 
  5.48056593535246e-01   8.04156013722436e-01  -2.30155797747085e-01   5.91182364729459e-01 
  5.30621382804232e-01   8.14335158223829e-01  -2.35163939203642e-01   5.93186372745491e-01 
  5.12975804223712e-01   8.24120489708120e-01  -2.40168768089900e-01   5.95190380761523e-01 
  4.95128919338526e-01   8.33507553248489e-01  -2.45170207870992e-01   5.97194388777555e-01 
  4.77090029887558e-01   8.42492467743294e-01  -2.50168182435692e-01   5.99198396793587e-01 
  4.58868442403851e-01   8.51071363544163e-01  -2.55162615681232e-01   6.01202404809619e-01 
  4.40473463420448e-01   8.59240371002727e-01  -2.60153431504844e-01   6.03206412825651e-01 
  4.21914399470390e-01   8.66995620470615e-01  -2.65140553803758e-01   6.05210420841683e-01 
  4.03200557086720e-01   8.74333242299456e-01  -2.70123906475206e-01   6.07214428857715e-01 
  3.84341242802479e-01   8.81249366840880e-01  -2.75103413416419e-01   6.09218436873747e-01 
  3.65345763310388e-01   8.87740124733473e-01  -2.80078998524986e-01   6.11222444889780e-01 
  3.46223590817795e-01   8.93801944063327e-01  -2.85050586069041e-01   6.13226452905812e-01 
  3.26984675892947e-01   8.99432112582272e-01  -2.90018101387649e-01   6.15230460921844e-01 
  3.07639055017273e-01   9.04628072437322e-01  -2.94981470012214e-01   6.17234468937876e-01 
  2.88196764672204e-01   9.09387265775493e-01  -2.99940617474138e-01   6.19238476953908e-01 
  2.68667841941056e-01   9.13707139598415e-01  -3.04895469280610e-01   6.21242484969940e-01 
  2.49062391900031e-01   9.17585689314584e-01  -3.09845948203286e-01   6.23246492985972e-01 
  2.29390649153587e-01   9.21021955062181e-01  -3.14791971802561e-01   6.25250501002004e-01 
  2.09662862841838e-01   9.24015094218909e-01  -3.19733457054022e-01   6.27254509018036e-01 
  1.89889282104896e-01   9.26564264162472e-01  -3.24670320933259e-01   6.29258517034068e-01 
  1.70080156082874e-01   9.28668622270572e-01  -3.29602480415859e-01   6.31262525050100e-01 
  1.50245733915886e-01   9.30327325920916e-01  -3.34529852477409e-01   6.33266533066132e-01 
  1.30396264744045e-01   9.31539532491205e-01  -3.39452354093498e-01   6.35270541082164e-01 
  1.10541997707465e-01   9.32304399359145e-01  -3.44369902239714e-01   6.37274549098196e-01 
  9.06931819462582e-02   9.32621083902438e-01  -3.49282413891644e-01   6.39278557114228e-01 
  7.08600739268618e-02   9.32488824425267e-01  -3.54189806090662e-01   6.41282565130260e-01 
  5.10530362453352e-02   9.31908031538307e-01  -3.59091996831101e-01   6.43286573146293e-01 
  3.12825114456681e-02   9.30879998956073e-01  -3.63988904825167e-01   6.45290581162325e-01 
  1.15589440297519e-02   9.29406042020038e-01  -3.68880448802646e-01   6.47294589178357e-01 
 -8.10722150052233e-03   9.27487476071676e-01  -3.73766547493323e-01   6.49298597194389e-01 
 -2.77055406432633e-02   9.25125616452458e-01  -3.78647119626983e-01   6.51302605210421e-01 
 -4.72255777651867e-02   9.22321825610122e-01  -3.83522083747072e-01   6.53306613226453e-01 
 -6.66570199529252e-02   9.19078117828350e-01  -3.88391355818534e-01   6.55310621242485e-01 
 -8.59896439053477e-02   9.15396983372870e-01  -3.93254849923448e-01   6.57314629258517e-01 
 -1.05213228362518e-01   9.11280923351365e-01  -3.98112480101003e-01   6.59318637274549e-01 
 -1.24317552064498e-01   9.06732438871517e-01  -4.02964160390392e-01   6.61322645290581e-01 
 -1.43292393751351e-01   9.01754031041008e-01  -4.07809804830804e-01   6.63326653306613e-01 
 -1.62127532163142e-01   8.96348200967519e-01  -4.12649327461430e-01   6.65330661322645e-01 
 -1.80812746039931e-01   8.90517449758735e-01  -4.17482642321459e-01   6.67334669338677e-01 
 -1.99337814121785e-01   8.84264278522336e-01  -4.22309663450084e-01   6.69338677354709e-01 
 -2.17692516096998e-01   8.77591191531270e-01  -4.27130304865092e-01   6.71342685370741e-01 
 -2.35867489754305e-01   8.70503557454226e-01  -4.31944461215680e-01   6.73346693386773e-01 
 -2.53855188184701e-01   8.63013003424204e-01  -4.36751986559203e-01   6.75350701402806e-01 
 -2.71645449995056e-01   8.55123399095505e-01  -4.41552795829658e-01   6.77354709418838e-01 
 -2.89227186881293e-01   8.46835815241202e-01  -4.46346825450137e-01   6.79358717434870e-01 
 -3.06589337532486e-01   8.38151384617928e-01  -4.51134011455144e-01   6.81362725450902e-01 
 -3.23721891893529e-01   8.29073660076937e-01  -4.55914274671094e-01   6.83366733466934e-01 
 -3.40616201705687e-01   8.19609329459104e-01  -4.60687516223852e-01   6.85370741482966e-01 
 -3.57263709337914e-01   8.09765289239187e-01  -4.65453635928212e-01   6.87374749498998e-01 
 -3.73655857159166e-01   7.99548435891943e-01  -4.70212533598963e-01   6.89378757515030e-01 
 -3.89784087538395e-01   7.88965665892130e-01  -4.74964109050899e-01   6.91382765531062e-01 
 -4.05639842844557e-01   7.78023875714504e-01  -4.79708262098811e-01   6.93386773547094e-01 
 -4.21214565446605e-01   7.66729961833824e-01  -4.84444892557491e-01   6.95390781563126e-01 
 -4.36499697713495e-01   7.55090820724846e-01  -4.89173900241730e-01   6.97394789579158e-01 
 -4.51486682014180e-01   7.43113348862328e-01  -4.93895184966320e-01   6.99398797595190e-01 
 -4.66166960717615e-01   7.30804442721027e-01  -4.98608646546053e-01   7.01402805611222e-01 
 -4.80531976192754e-01   7.18170998775701e-01  -5.03314184795721e-01   7.03406813627254e-01 
 -4.94573170808551e-01   7.05219913501107e-01  -5.08011699530116e-01   7.05410821643287e-01 
 -5.08281986933961e-01   6.91958083372001e-01  -5.12701090564029e-01   7.07414829659319e-01 
 -5.21649898317803e-01   6.78392439664260e-01  -5.17382257601445e-01   7.09418837675351e-01 
 -5.34669403049548e-01   6.64531049675207e-01  -5.22055096729263e-01   7.11422845691383e-01 
 -5.47334226651404e-01   6.50383341958221e-01  -5.26719499700147e-01   7.13426853707415e-01 
 -5.59638167060887e-01   6.35958825377214e-01  -5.31375358011052e-01   7.15430861723447e-01 
 -5.71575022215512e-01   6.21267008796099e-01  -5.36022563158935e-01   7.17434869739479e-01 
 -5.83138590052796e-01   6.06317401078787e-01  -5.40661006640752e-01   7.19438877755511e-01 
 -5.94322668510253e-01   5.91119511089189e-01  -5.45290579953458e-01   7.21442885771543e-01 
 -6.05121055525400e-01   5.75682847691218e-01  -5.49911174594011e-01   7.23446893787575e-01 
 -6.15527549035753e-01   5.60016919748786e-01  -5.54522682059365e-01   7.25450901803607e-01 
 -6.25535946978826e-01   5.44131236125803e-01  -5.59124993846477e-01   7.27454909819639e-01 
 -6.35140047292136e-01   5.28035305686182e-01  -5.63718001452303e-01   7.29458917835671e-01 
 -6.44333647913198e-01   5.11738637293834e-01  -5.68301596373799e-01   7.31462925851703e-01 
 -6.53110546779529e-01   4.95250739812671e-01  -5.72875670107921e-01   7.33466933867735e-01 
 -6.61464858331810e-01   4.78581325444232e-01  -5.77440112252788e-01   7.35470941883767e-01 
 -6.69392526608633e-01   4.61741281816190e-01  -5.81994801429984e-01   7.37474949899800e-01 
 -6.76890151585297e-01   4.44741917963106e-01  -5.86539612325851e-01   7.39478957915832e-01 
 -6.83954334079181e-01   4.27594543460532e-01  -5.91074419621676e-01   7.41482965931864e-01 
 -6.90581674907663e-01   4.10310467884020e-01  -5.95599097998749e-01   7.43486973947896e-01 
 -6.96768774888121e-01   3.92901000809124e-01  -6.00113522138360e-01   7.45490981963928e-01 
 -7.02512234837934e-01   3.75377451811394e-01  -6.04617566721796e-01   7.47494989979960e-01 
 -7.07808655579324e-01   3.57751130467198e-01  -6.09111106430335e-01   7.49498997995992e-01 
 -7.12654802455024e-01   3.40033373953860e-01  -6.13594015499889e-01   7.51503006012024e-01 
 -7.17048038965863e-01   3.22235619799343e-01  -6.18066166547132e-01   7.53507014028056e-01 
 -7.20985864512846e-01   3.04369328331048e-01  -6.22527431820855e-01   7.55511022044088e-01 
 -7.24465778496981e-01   2.86445959876376e-01  -6.26977683569846e-01   7.57515030060120e-01 
 -7.27485368081419e-01   2.68477006216033e-01  -6.31416793559446e-01   7.59519038076152e-01 
 -7.30043525745756e-01   2.50474426946471e-01  -6.35844626364504e-01   7.61523046092184e-01 
 -7.32140144797218e-01   2.32450540353356e-01  -6.40261041046697e-01   7.63527054108216e-01 
 -7.33775144057377e-01   2.14417673866507e-01  -6.44665896527149e-01   7.65531062124248e-01 
 -7.34948442347803e-01   1.96388154915742e-01  -6.49059051726986e-01   7.67535070140281e-01 
 -7.35659958490067e-01   1.78374310930880e-01  -6.53440365567333e-01   7.69539078156313e-01 
 -7.35909611305739e-01   1.60388469341736e-01  -6.57809696969316e-01   7.71543086172345e-01 
 -7.35697319616388e-01   1.42442957578130e-01  -6.62166904854061e-01   7.73547094188377e-01 
 -7.35023002243587e-01   1.24550103069880e-01  -6.66511848142692e-01   7.75551102204409e-01 
 -7.33886578008905e-01   1.06722233246803e-01  -6.70844385756336e-01   7.77555110220441e-01 
 -7.32288259986429e-01   8.89716757557185e-02  -6.75164374719827e-01   7.79559118236473e-01 
 -7.30230546855400e-01   7.13107599289968e-02  -6.79471657328577e-01   7.81563126252505e-01 
 -7.27717006772103e-01   5.37518158877092e-02  -6.83766068985823e-01   7.83567134268537e-01 
 -7.24751213982086e-01   3.63071737574177e-02  -6.88047445055563e-01   7.85571142284569e-01 
 -7.21336742730892e-01   1.89891636636844e-02  -6.92315620901793e-01   7.87575150300601e-01 
 -7.17477167264068e-01   1.81011573207128e-03  -6.96570431888511e-01   7.89579158316633e-01 
 -7.13176061827160e-01  -1.52176399118597e-02  -7.00811713379714e-01   7.91583166332665e-01 
 -7.08437000665714e-01  -3.20817731425465e-02  -7.05039300739398e-01   7.93587174348697e-01 
 -7.03263558025275e-01  -4.87699538344271e-02  -7.09253029331561e-01   7.95591182364729e-01 
 -6.97659308151389e-01  -6.52698518619396e-02  -7.13452734520199e-01   7.97595190380761e-01 
 -6.91627826770777e-01  -8.15691373617646e-02  -7.17638251657688e-01   7.99599198396793e-01 
 -6.85173473605402e-01  -9.76556192772684e-02  -7.21809409945108e-01   8.01603206412826e-01 
 -6.78302678646055e-01  -1.13517473093779e-01  -7.25966022340028e-01   8.03607214428858e-01 
 -6.71022209649538e-01  -1.29142934098240e-01  -7.30107899149876e-01   8.05611222444890e-01 
 -6.63338834372655e-01  -1.44520237577592e-01  -7.34234850682078e-01   8.07615230460922e-01 
 -6.55259320572209e-01  -1.59637618818779e-01  -7.38346687244061e-01   8.09619238476954e-01 
 -6.46790436005002e-01  -1.74483313108742e-01  -7.42443219143253e-01   8.11623246492986e-01 
 -6.37938948427838e-01  -1.89045555734423e-01  -7.46524256687081e-01   8.13627254509018e-01 
 -6.28711920160388e-01  -2.03312731074064e-01  -7.50589606943699e-01   8.15631262525050e-01 
 -6.19118171907741e-01  -2.17274113502551e-01  -7.54639057644509e-01   8.17635270541082e-01 
 -6.09167174086593e-01  -2.30919306242560e-01  -7.58672389376113e-01   8.19639278557114e-01 
 -5.98868398153002e-01  -2.44237913042829e-01  -7.62689382713680e-01   8.21643286573146e-01 
 -5.88231315563027e-01  -2.57219537652100e-01  -7.66689818232383e-01   8.23647294589178e-01 
 -5.77265397772726e-01  -2.69853783819114e-01  -7.70673476507394e-01   8.25651302605210e-01 
 -5.65980116238156e-01  -2.82130255292611e-01  -7.74640138113883e-01   8.27655310621242e-01 
 -5.54384942415376e-01  -2.94038555821332e-01  -7.78589583627021e-01   8.29659318637274e-01 
 -5.42489347760443e-01  -3.05568289154018e-01  -7.82521593621980e-01   8.31663326653307e-01 
 -5.30303022551081e-01  -3.16709198596016e-01  -7.86435946390481e-01   8.33667334669339e-01 
 -5.17837573642984e-01  -3.27452249777354e-01  -7.90332400224340e-01   8.35671342685371e-01 
 -5.05105599843561e-01  -3.37789040959274e-01  -7.94210703064145e-01   8.37675350701403e-01 
 -4.92119708312133e-01  -3.47711175729572e-01  -7.98070602763332e-01   8.39679358717435e-01 
 -4.78892506208025e-01  -3.57210257676043e-01  -8.01911847175334e-01   8.41683366733467e-01 
 -4.65436600690558e-01  -3.66277890386482e-01  -8.05734184153586e-01   8.43687374749499e-01 
 -4.51764737335187e-01  -3.74905849300774e-01  -8.09537357242953e-01   8.45691382765531e-01 
 -4.37890618858721e-01  -3.83087098208321e-01  -8.13321080194744e-01   8.47695390781563e-01 
 -4.23828352497620e-01  -3.90815103134403e-01  -8.17085054168524e-01   8.49699398797595e-01 
 -4.09592046926987e-01  -3.98083331890462e-01  -8.20828980279074e-01   8.51703406813627e-01 
 -3.95195810821924e-01  -4.04885252287940e-01  -8.24552559641179e-01   8.53707414829659e-01 
 -3.80653752857533e-01  -4.11214332138282e-01  -8.28255493369621e-01   8.55711422845691e-01 
 -3.65979981818170e-01  -4.17064039390762e-01  -8.31937482577431e-01   8.57715430861723e-01 
 -3.51189022948448e-01  -4.22428367399120e-01  -8.35598221702882e-01   8.59719438877755e-01 
 -3.36296759727448e-01  -4.27303023059835e-01  -8.39237383415335e-01   8.61723446893788e-01 
 -3.21319352072416e-01  -4.31684062022585e-01  -8.42854635953575e-01   8.63727454909820e-01 
 -3.06272964198212e-01  -4.35567548097786e-01  -8.46449647350120e-01   8.65731462925852e-01 
 -2.91174116854209e-01  -4.38950222119585e-01  -8.50022068525252e-01   8.67735470941884e-01 
 -2.76039949159089e-01  -4.41829999144196e-01  -8.53571520719986e-01   8.69739478957916e-01 
 -2.60887661927027e-01  -4.44204911381468e-01  -8.57097622214203e-01   8.71743486973948e-01 
 -2.45734455972197e-01  -4.46072991041248e-01  -8.60599991287782e-01   8.73747494989980e-01 
 -2.30597532108774e-01  -4.47432270333384e-01  -8.64078246220602e-01   8.75751503006012e-01 
 -2.15494091150934e-01  -4.48280781467722e-01  -8.67532005292542e-01   8.77755511022044e-01 
 -2.00441333912851e-01  -4.48616556654112e-01  -8.70960886783482e-01   8.79759519038076e-01 
 -1.85456683974381e-01  -4.48438338181286e-01  -8.74364493890731e-01   8.81763527054108e-01 
 -1.70558686912224e-01  -4.47748444769801e-01  -8.77742353845699e-01   8.83767535070140e-01 
 -1.55766240760176e-01  -4.46550318618212e-01  -8.81093970016340e-01   8.85771543086172e-01 
 -1.41098243678967e-01  -4.44847402329693e-01  -8.84418845762016e-01   8.87775551102204e-01 
 -1.26573593829330e-01  -4.42643138507416e-01  -8.87716484442087e-01   8.89779559118236e-01 
 -1.12211189371997e-01  -4.39940969754557e-01  -8.90986389415913e-01   8.91783567134268e-01 
 -9.80299284676992e-02  -4.36744338674290e-01  -8.94228064042857e-01   8.93787575150300e-01 
 -8.40487092771686e-02  -4.33056687869788e-01  -8.97441011682278e-01   8.95791583166333e-01 
 -7.02864300043358e-02  -4.28881460420369e-01  -9.00624735680990e-01   8.97795591182365e-01 
 -5.67621071737104e-02  -4.24223403556126e-01  -9.03778705020953e-01   8.99799599198397e-01 
 -4.34951335493439e-02  -4.19091411487279e-01  -9.06902279409673e-01   9.01803607214429e-01 
 -3.05049765104541e-02  -4.13495200845877e-01  -9.09994796883534e-01   9.03807615230461e-01 
 -1.78111034362589e-02  -4.07444488263970e-01  -9.13055595478923e-01   9.05811623246493e-01 
 -5.43298170597619e-03  -4.00948990373607e-01  -9.16084013232224e-01   9.07815631262525e-01 
  6.60992130117617e-03  -3.94018423806836e-01  -9.19079388179824e-01   9.09819639278557e-01 
  1.82981382059803e-02  -3.86662505195708e-01  -9.22041058358110e-01   9.11823647294589e-01 
  2.96122270561088e-02  -3.78891077495794e-01  -9.24968357588866e-01   9.13827655310621e-01 
  4.05333991114206e-02  -3.70717228890951e-01  -9.27860511421603e-01   9.15831663326653e-01 
  5.10435592634423e-02  -3.62157493601648e-01  -9.30716630433879e-01   9.17835671342685e-01 
  6.11246459236236e-02  -3.53228572378927e-01  -9.33535819647201e-01   9.19839679358717e-01 
  7.07585975034139e-02  -3.43947165973834e-01  -9.36317184083080e-01   9.21843687374749e-01 
  7.99273524142628e-02  -3.34329975137412e-01  -9.39059828763024e-01   9.23847695390781e-01 
  8.86128705228122e-02  -3.24393920402101e-01  -9.41762850856196e-01   9.25851703406814e-01 
  9.67972643838315e-02  -3.14157486397698e-01  -9.44425291649717e-01   9.27855711422846e-01 
  1.04462712752671e-01  -3.03639835895486e-01  -9.47046168202079e-01   9.29859719438878e-01 
  1.11591394651941e-01  -2.92860134404491e-01  -9.49624497473961e-01   9.31863727454910e-01 
  1.18166130601392e-01  -2.81838662185427e-01  -9.52159246331456e-01   9.33867735470942e-01 
  1.24173213971666e-01  -2.70601734391687e-01  -9.54649110445327e-01   9.35871743486974e-01 
  1.29600107919115e-01  -2.59177698953606e-01  -9.57092694137635e-01   9.37875751503006e-01 
  1.34434276488771e-01  -2.47594905345809e-01  -9.59488601661044e-01   9.39879759519038e-01 
  1.38663183725664e-01  -2.35881703042919e-01  -9.61835437268219e-01   9.41883767535070e-01 
  1.42274293674827e-01  -2.24066441519559e-01  -9.64131805211822e-01   9.43887775551102e-01 
  1.45255070381289e-01  -2.12177470250354e-01  -9.66376309744520e-01   9.45891783567134e-01 
  1.47592977890082e-01  -2.00243138709927e-01  -9.68567555118975e-01   9.47895791583166e-01 
  1.49276061753624e-01  -1.88292351500083e-01  -9.70704112318085e-01   9.49899799599198e-01 
  1.50298584470182e-01  -1.76359948135419e-01  -9.72784196634778e-01   9.51903807615230e-01 
  1.50658575803022e-01  -1.64484364492764e-01  -9.74805807825546e-01   9.53907815631262e-01 
  1.50354118210698e-01  -1.52704086753699e-01  -9.76766942632026e-01   9.55911823647295e-01 
  1.49383294151767e-01  -1.41057601099810e-01  -9.78665597795855e-01   9.57915831663327e-01 
  1.47744186084783e-01  -1.29583393712679e-01  -9.80499770058669e-01   9.59919839679359e-01 
  1.45434992273152e-01  -1.18319996207211e-01  -9.82267452369997e-01   9.61923847695391e-01 
  1.42459293641211e-01  -1.07308051959323e-01  -9.83966461420439e-01   9.63927855711423e-01 
  1.38828220413659e-01  -9.65911661362009e-02  -9.85594366693575e-01   9.65931863727455e-01 
  1.34553467551650e-01  -8.62131654661583e-02  -9.87148719180301e-01   9.67935871743487e-01 
  1.29646730016340e-01  -7.62178766775101e-02  -9.88627069871512e-01   9.69939879759519e-01 
  1.24119702886946e-01  -6.66491264938790e-02  -9.90026969756945e-01   9.71943887775551e-01 
  1.17987914999445e-01  -5.75505892764827e-02  -9.91345932125135e-01   9.73947895791583e-01 
  1.11280813173952e-01  -4.89653862534994e-02  -9.92581333395026e-01   9.75951903807615e-01 
  1.04031001654519e-01  -4.09365131697397e-02  -9.93730518935429e-01   9.77955911823647e-01 
  9.62710846851992e-02  -3.35069657700156e-02  -9.94790834115151e-01   9.79959919839679e-01 
  8.80336665100445e-02  -2.67197397991384e-02  -9.95759624303002e-01   9.81963927855711e-01 
  7.93514438704598e-02  -2.06177676834637e-02  -9.96634237827257e-01   9.83967935871743e-01 
  7.02648767564807e-02  -1.52386675683806e-02  -9.97412271402347e-01   9.85971943887775e-01 
  6.08279402288988e-02  -1.06108059461766e-02  -9.98091754159169e-01   9.87975951903807e-01 
  5.10959642542135e-02  -6.76162181731790e-03  -9.98670758579005e-01   9.89979959919840e-01 
  4.11242787989239e-02  -3.71855418227058e-03  -9.99147357143138e-01   9.91983967935872e-01 
  3.09682747379189e-02  -1.50886236057813e-03  -9.99519632520033e-01   9.93987975951904e-01 
  2.06865701790210e-02  -1.50285272501032e-04  -9.99786207146449e-01   9.95991983967936e-01 
  1.03425541048023e-02   3.53512334061597e-04  -9.99946501408023e-01   9.97995991983968e-01 
  5.71760647786400e-16   4.33788987598317e-17  -1.00000000000000e+00   1.00000000000000e+00 
