  0.00000000000000e+00   0.00000000000000e+00   1.00000000000000e+00   0.00000000000000e+00 
  1.03355852470972e-02   4.30006978239971e-04   9.99946635358988e-01   2.00400801603206e-03 
  2.06108244511003e-02   1.72311159001015e-03   9.99786022421657e-01   4.00801603206413e-03 
  3.07628719222504e-02   3.86246233947455e-03   9.99519223849605e-01   6.01202404809619e-03 
  4.07288819707883e-02   6.83120773079715e-03   9.99147302304432e-01   8.01603206412826e-03 
  5.04460089069551e-02   1.06124962681420e-02   9.98671320447736e-01   1.00200400801603e-02 
  5.98522699215534e-02   1.51885210691059e-02   9.98092396257105e-01   1.20240480961924e-02 
  6.88975043151101e-02   2.05283857400269e-02   9.97412405580599e-01   1.40280561122244e-02 
  7.75401253371680e-02   2.65917007591300e-02   9.96633773909527e-01   1.60320641282565e-02 
  8.57387383971346e-02   3.33378638440784e-02   9.95758939053836e-01   1.80360721442886e-02 
  9.34519489044170e-02   4.07262727125350e-02   9.94790338823470e-01   2.00400801603206e-02 
  1.00638362268423e-01   4.87163250821630e-02   9.93730411028377e-01   2.20440881763527e-02 
  1.07257071534787e-01   5.72673119766076e-02   9.92581596582469e-01   2.40480961923848e-02 
  1.13279444138167e-01   6.63358388030552e-02   9.91346414530187e-01   2.60521042084168e-02 
  1.18689740608419e-01   7.58756899803234e-02   9.90027465984776e-01   2.80561122244489e-02 
  1.23472832946675e-01   8.58405161383030e-02   9.88627355951695e-01   3.00601202404810e-02 
  1.27613593154069e-01   9.61839679068849e-02   9.87148689436405e-01   3.20641282565130e-02 
  1.31096893231737e-01   1.06859695915960e-01   9.85594071444364e-01   3.40681362725451e-02 
  1.33907605489705e-01   1.17821350915131e-01   9.83966106972016e-01   3.60721442885771e-02 
  1.36034100572793e-01   1.29023939442371e-01   9.82267298901609e-01   3.80761523046092e-02 
  1.37476920783401e-01   1.40427185191885e-01   9.80499794832348e-01   4.00801603206413e-02 
  1.38239253877529e-01   1.51991837110020e-01   9.78665665144310e-01   4.20841683366733e-02 
  1.38324287611179e-01   1.63678644143120e-01   9.76766980217571e-01   4.40881763527054e-02 
  1.37735209740351e-01   1.75448355237529e-01   9.74805810432208e-01   4.60921843687375e-02 
  1.36475208021048e-01   1.87261719339592e-01   9.72784226168298e-01   4.80961923847695e-02 
  1.34547491920860e-01   1.99079506428859e-01   9.70704296586180e-01   5.01002004008016e-02 
  1.31958390737196e-01   2.10865508834705e-01   9.68567915577291e-01   5.21042084168337e-02 
  1.28720577896717e-01   2.22589664791593e-01   9.66376620626250e-01   5.41082164328657e-02 
  1.24847497135753e-01   2.34222658775103e-01   9.64131905942455e-01   5.61122244488978e-02 
  1.20352592190635e-01   2.45735175260816e-01   9.61835265735304e-01   5.81162324649299e-02 
  1.15249306797692e-01   2.57097898724313e-01   9.59488194214192e-01   6.01202404809619e-02 
  1.09551084693256e-01   2.68281513641175e-01   9.57092185588519e-01   6.21242484969940e-02 
  1.03271369613655e-01   2.79256704486982e-01   9.54648734067681e-01   6.41282565130260e-02 
  9.64244196477497e-02   2.89995765025429e-01   9.52159261477530e-01   6.61322645290581e-02 
  8.90277538826100e-02   3.00477433263303e-01   9.49624899790813e-01   6.81362725450902e-02 
  8.10997075528713e-02   3.10682060042777e-01   9.47046708437178e-01   7.01402805611222e-02 
  7.26586158931692e-02   3.20589996206022e-01   9.44425746846276e-01   7.21442885771543e-02 
  6.37228141381389e-02   3.30181592595212e-01   9.41763074447756e-01   7.41482965931864e-02 
  5.43106375224158e-02   3.39437200052518e-01   9.39059750671267e-01   7.61523046092184e-02 
  4.44404212806355e-02   3.48337169420114e-01   9.36316834946458e-01   7.81563126252505e-02 
  3.41305109697478e-02   3.56861902251960e-01   9.33535384860041e-01   8.01603206412826e-02 
  2.33998766909947e-02   3.64994868382641e-01   9.30716346493021e-01   8.21643286573146e-02 
  1.22684595943050e-02   3.72724308244931e-01   9.27860492556044e-01   8.41683366733467e-02 
  7.56284712886706e-04   3.80038874375991e-01   9.24968580783293e-01   8.61723446893787e-02 
 -1.11166229200520e-02   3.86927219312981e-01   9.22041368908953e-01   8.81763527054108e-02 
 -2.33302382713029e-02   3.93377995593062e-01   9.19079614667206e-01   9.01803607214429e-02 
 -3.58645363076579e-02   3.99379855753393e-01   9.16084075792236e-01   9.21843687374749e-02 
 -4.86994919959090e-02   4.04921452331134e-01   9.13055510018227e-01   9.41883767535070e-02 
 -6.18150810666649e-02   4.09991453157183e-01   9.09994674639534e-01   9.61923847695391e-02 
 -7.51913857343673e-02   4.14580658164020e-01   9.06902265633802e-01   9.81963927855711e-02 
 -8.88087030519960e-02   4.18684168947376e-01   9.03778855267964e-01   1.00200400801603e-01 
 -1.02647355915160e-01   4.22297604544068e-01   9.00625000927957e-01   1.02204408817635e-01 
 -1.16687667219468e-01   4.25416583990915e-01   8.97441259999721e-01   1.04208416833667e-01 
 -1.30909959860529e-01   4.28036726324735e-01   8.94228189869196e-01   1.06212424849699e-01 
 -1.45294556733952e-01   4.30153650582347e-01   8.90986347922321e-01   1.08216432865731e-01 
 -1.59821780735345e-01   4.31762975800568e-01   8.87716291545034e-01   1.10220440881764e-01 
 -1.74471954760318e-01   4.32860321016216e-01   8.84418578123276e-01   1.12224448897796e-01 
 -1.89225509799448e-01   4.33441666080852e-01   8.81093756362778e-01   1.14228456913828e-01 
 -2.04063897954051e-01   4.33506399254552e-01   8.77742292972366e-01   1.16232464929860e-01 
 -2.18969133177838e-01   4.33055784228133e-01   8.74364609543178e-01   1.18236472945892e-01 
 -2.33923235260309e-01   4.32091104171945e-01   8.70961127197725e-01   1.20240480961924e-01 
 -2.48908223990963e-01   4.30613642256337e-01   8.67532267058520e-01   1.22244488977956e-01 
 -2.63906119159300e-01   4.28624681651660e-01   8.64078450248077e-01   1.24248496993988e-01 
 -2.78898940554822e-01   4.26125505528261e-01   8.60600097888907e-01   1.26252505010020e-01 
 -2.93868707967027e-01   4.23117397056492e-01   8.57097631103524e-01   1.28256513026052e-01 
 -3.08797441185415e-01   4.19601639406701e-01   8.53571471014440e-01   1.30260521042084e-01 
 -3.23667401634836e-01   4.15579925835039e-01   8.50022030363392e-01   1.32264529058116e-01 
 -3.38462526903879e-01   4.11056794259897e-01   8.46449663756782e-01   1.34268537074148e-01 
 -3.53167464975535e-01   4.06037988228973e-01   8.42854701161997e-01   1.36272545090180e-01 
 -3.67766866395540e-01   4.00529255639263e-01   8.39237472457544e-01   1.38276553106212e-01 
 -3.82245381709628e-01   3.94536344387765e-01   8.35598307521926e-01   1.40280561122244e-01 
 -3.96587661463532e-01   3.88065002371476e-01   8.31937536233647e-01   1.42284569138277e-01 
 -4.10778356202990e-01   3.81120977487394e-01   8.28255488471212e-01   1.44288577154309e-01 
 -4.24802116473734e-01   3.73710017632516e-01   8.24552494113125e-01   1.46292585170341e-01 
 -4.38643592821500e-01   3.65837870703838e-01   8.20828883037891e-01   1.48296593186373e-01 
 -4.52287521086223e-01   3.57510371541529e-01   8.17084983343231e-01   1.50300601202405e-01 
 -4.65720272168260e-01   3.48735021656356e-01   8.13321088989867e-01   1.52304609218437e-01 
 -4.78929688809339e-01   3.39520822855168e-01   8.09537463209226e-01   1.54308617234469e-01 
 -4.91903666288362e-01   3.29876830497673e-01   8.05734368135863e-01   1.56312625250501e-01 
 -5.04630099884231e-01   3.19812099943578e-01   8.01912065904329e-01   1.58316633266533e-01 
 -5.17096884875844e-01   3.09335686552592e-01   7.98070818649174e-01   1.60320641282565e-01 
 -5.29291916542105e-01   2.98456645684420e-01   7.94210888504952e-01   1.62324649298597e-01 
 -5.41203090161913e-01   2.87184032698772e-01   7.90332537606215e-01   1.64328657314629e-01 
 -5.52818301014169e-01   2.75526902955354e-01   7.86436028087513e-01   1.66332665330661e-01 
 -5.64125444377775e-01   2.63494311813875e-01   7.82521622083399e-01   1.68336673346693e-01 
 -5.75112867242069e-01   2.51095590153940e-01   7.78589575841518e-01   1.70340681362725e-01 
 -5.85771291406874e-01   2.38341517366166e-01   7.74640114659846e-01   1.72344689378757e-01 
 -5.96092216366175e-01   2.25243347194204e-01   7.70673453701076e-01   1.74348697394790e-01 
 -6.06067142061961e-01   2.11812333654965e-01   7.66689808122062e-01   1.76352705410822e-01 
 -6.15687568436222e-01   1.98059730765359e-01   7.62689393079658e-01   1.78356713426854e-01 
 -6.24944995430950e-01   1.83996792542297e-01   7.58672423730719e-01   1.80360721442886e-01 
 -6.33830922988134e-01   1.69634773002689e-01   7.54639115232099e-01   1.82364729458918e-01 
 -6.42336851049764e-01   1.54984926163447e-01   7.50589682740653e-01   1.84368737474950e-01 
 -6.50454279557831e-01   1.40058506041481e-01   7.46524341413234e-01   1.86372745490982e-01 
 -6.58174708454325e-01   1.24866766653702e-01   7.42443306406697e-01   1.88376753507014e-01 
 -6.65490171846688e-01   1.09421126602478e-01   7.38346788088568e-01   1.90380761523046e-01 
 -6.72395180346583e-01   9.37337675432376e-02   7.34234974622033e-01   1.92384769539078e-01 
 -6.78884961745828e-01   7.78170921068069e-02   7.30108047740037e-01   1.94388777555110e-01 
 -6.84954743909935e-01   6.16835029467198e-02   7.25966189174868e-01   1.96392785571142e-01 
 -6.90599754704415e-01   4.53454027165096e-02   7.21809580658812e-01   1.98396793587174e-01 
 -6.95815221994780e-01   2.88151940697099e-02   7.17638403924153e-01   2.00400801603206e-01 
 -7.00596373646541e-01   1.21052796598540e-02   7.13452840703179e-01   2.02404809619238e-01 
 -7.04938437525211e-01  -4.77193785952465e-03   7.09253072728177e-01   2.04408817635271e-01 
 -7.08836641496300e-01  -2.18040558348927e-02   7.05039281731431e-01   2.06412825651303e-01 
 -7.12286213425320e-01  -3.89786716127166e-02   7.00811649445228e-01   2.08416833667335e-01 
 -7.15282579499288e-01  -5.62833732624605e-02   6.96570356068408e-01   2.10420841683367e-01 
 -7.17823297142979e-01  -7.37056491594168e-02   6.92315565320821e-01   2.12424849699399e-01 
 -7.19907220314519e-01  -9.12329270301692e-02   6.88047430897365e-01   2.14428857715431e-01 
 -7.21533221314483e-01  -1.08852633743286e-01   6.83766106351111e-01   2.16432865731463e-01 
 -7.22700172443448e-01  -1.26552196167334e-01   6.79471745235128e-01   2.18436873747495e-01 
 -7.23406946001989e-01  -1.44319041170883e-01   6.75164501102488e-01   2.20440881763527e-01 
 -7.23652414290682e-01  -1.62140595622500e-01   6.70844527506262e-01   2.22444889779559e-01 
 -7.23435449610102e-01  -1.80004286390753e-01   6.66511977999520e-01   2.24448897795591e-01 
 -7.22754924260827e-01  -1.97897540344211e-01   6.62167006135333e-01   2.26452905811623e-01 
 -7.21609710543432e-01  -2.15807784351440e-01   6.57809765466773e-01   2.28456913827655e-01 
 -7.19998682505445e-01  -2.33722445647125e-01   6.53440409537347e-01   2.30460921843687e-01 
 -7.17921552465158e-01  -2.51629127145368e-01   6.49059087302372e-01   2.32464929859719e-01 
 -7.15380212781293e-01  -2.69515888639190e-01   6.44665935784926e-01   2.34468937875751e-01 
 -7.12376905662846e-01  -2.87370863240992e-01   6.40261090093215e-01   2.36472945891784e-01 
 -7.08913873318811e-01  -3.05182184063173e-01   6.35844685335446e-01   2.38476953907816e-01 
 -7.04993357958184e-01  -3.22937984218135e-01   6.31416856619825e-01   2.40480961923848e-01 
 -7.00617601789959e-01  -3.40626396818278e-01   6.26977739054558e-01   2.42484969939880e-01 
 -6.95788847023132e-01  -3.58235554976003e-01   6.22527467747852e-01   2.44488977955912e-01 
 -6.90509335866696e-01  -3.75753591803710e-01   6.18066177807913e-01   2.46492985971944e-01 
 -6.84781310529647e-01  -3.93168640413801e-01   6.13594004342948e-01   2.48496993987976e-01 
 -6.78607013220981e-01  -4.10468833918675e-01   6.09111082461164e-01   2.50501002004008e-01 
 -6.71988706448763e-01  -4.27642315517078e-01   6.04617547155317e-01   2.52505010020040e-01 
 -6.64929764525204e-01  -4.44677780848798e-01   6.00113527094875e-01   2.54509018036072e-01 
 -6.57435226650499e-01  -4.61564752814844e-01   5.95599141480401e-01   2.56513026052104e-01 
 -6.49510268625442e-01  -4.78292822191288e-01   5.91074508735553e-01   2.58517034068136e-01 
 -6.41160066250831e-01  -4.94851579754204e-01   5.86539747283990e-01   2.60521042084168e-01 
 -6.32389795327459e-01  -5.11230616279663e-01   5.81994975549369e-01   2.62525050100200e-01 
 -6.23204631656123e-01  -5.27419522543739e-01   5.77440311955350e-01   2.64529058116232e-01 
 -6.13609751037617e-01  -5.43407889322505e-01   5.72875874925590e-01   2.66533066132265e-01 
 -6.03610329272738e-01  -5.59185307392033e-01   5.68301782883747e-01   2.68537074148297e-01 
 -5.93211542162280e-01  -5.74741367528397e-01   5.63718154253481e-01   2.70541082164329e-01 
 -5.82418565507038e-01  -5.90065660507670e-01   5.59125107458449e-01   2.72545090180361e-01 
 -5.71236587133416e-01  -6.05147787598683e-01   5.54522760862789e-01   2.74549098196393e-01 
 -5.59671639265364e-01  -6.19978086836500e-01   5.49911228651251e-01   2.76553106212425e-01 
 -5.47731138949444e-01  -6.34548104562073e-01   5.45290618154343e-01   2.78557114228457e-01 
 -5.35422631705517e-01  -6.48849499213774e-01   5.40661036066686e-01   2.80561122244489e-01 
 -5.22753663053442e-01  -6.62873929229975e-01   5.36022589082902e-01   2.82565130260521e-01 
 -5.09731778513078e-01  -6.76613053049050e-01   5.31375383897613e-01   2.84569138276553e-01 
 -4.96364523604287e-01  -6.90058529109372e-01   5.26719527205441e-01   2.86573146292585e-01 
 -4.82659443846927e-01  -7.03202015849312e-01   5.22055125701008e-01   2.88577154308617e-01 
 -4.68624084760859e-01  -7.16035171707245e-01   5.17382286078936e-01   2.90581162324649e-01 
 -4.54265991865943e-01  -7.28549655121543e-01   5.12701115033846e-01   2.92585170340681e-01 
 -4.39592710682039e-01  -7.40737124530578e-01   5.08011719260361e-01   2.94589178356713e-01 
 -4.24611786814574e-01  -7.52589238498642e-01   5.03314205452628e-01   2.96593186372745e-01 
 -4.09331110019238e-01  -7.64098162029858e-01   4.98608678396414e-01   2.98597194388778e-01 
 -3.93759696758096e-01  -7.75257718151171e-01   4.93895236629686e-01   3.00601202404810e-01 
 -3.77906793706528e-01  -7.86062068663615e-01   4.89173977413832e-01   3.02605210420842e-01 
 -3.61781647539914e-01  -7.96505375368226e-01   4.84444998010240e-01   3.04609218436874e-01 
 -3.45393504933633e-01  -8.06581800066041e-01   4.79708395680297e-01   3.06613226452906e-01 
 -3.28751612563064e-01  -8.16285504558093e-01   4.74964267685394e-01   3.08617234468938e-01 
 -3.11865217103588e-01  -8.25610650645419e-01   4.70212711286917e-01   3.10621242484970e-01 
 -2.94743565230583e-01  -8.34551400129053e-01   4.65453823746255e-01   3.12625250501002e-01 
 -2.77395903619430e-01  -8.43101914810031e-01   4.60687702324797e-01   3.14629258517034e-01 
 -2.59831478945508e-01  -8.51256356489389e-01   4.55914444283931e-01   3.16633266533066e-01 
 -2.42059537884197e-01  -8.59008886968161e-01   4.51134146885044e-01   3.18637274549098e-01 
 -2.24089368637171e-01  -8.66353785480376e-01   4.46346907076669e-01   3.20641282565130e-01 
 -2.05930805291749e-01  -8.73286874980319e-01   4.41552817694665e-01   3.22645290581162e-01 
 -1.87594066622849e-01  -8.79805066287572e-01   4.36751968676677e-01   3.24649298597194e-01 
 -1.69089379449079e-01  -8.85905292968618e-01   4.31944449899748e-01   3.26653306613226e-01 
 -1.50426970589049e-01  -8.91584488589936e-01   4.27130351240923e-01   3.28657314629259e-01 
 -1.31617066861364e-01  -8.96839586718006e-01   4.22309762577244e-01   3.30661322645291e-01 
 -1.12669895084635e-01  -9.01667520919309e-01   4.17482773785757e-01   3.32665330661323e-01 
 -9.35956820774679e-02  -9.06065224760325e-01   4.12649474743505e-01   3.34669338677355e-01 
 -7.44046546584711e-02  -9.10029631807535e-01   4.07809955327531e-01   3.36673346693387e-01 
 -5.51070396462527e-02  -9.13557675627419e-01   4.02964305414880e-01   3.38677354709419e-01 
 -3.57130638594206e-02  -9.16646289786457e-01   3.98112614882596e-01   3.40681362725451e-01 
 -1.62329541181087e-02  -9.19292407869685e-01   3.93254973607678e-01   3.42685370741483e-01 
  3.32301958530514e-03  -9.21493488483002e-01   3.88391470250209e-01   3.44689378757515e-01 
  2.29444312612629e-02  -9.23248887325586e-01   3.83522189073086e-01   3.46693386773547e-01 
  4.26208196975228e-02  -9.24558388442285e-01   3.78647213346368e-01   3.48697394789579e-01 
  6.23417236818431e-02  -9.25421775877946e-01   3.73766626340112e-01   3.50701402805611e-01 
  8.20966820019821e-02  -9.25838833677415e-01   3.68880511324375e-01   3.52705410821643e-01 
  1.01875233445698e-01  -9.25809345885541e-01   3.63988951569216e-01   3.54709418837675e-01 
  1.21666916800749e-01  -9.25333096547171e-01   3.59092030344691e-01   3.56713426853707e-01 
  1.41461270854893e-01  -9.24409869707152e-01   3.54189830920859e-01   3.58717434869739e-01 
  1.61247834395890e-01  -9.23039449410331e-01   3.49282436567776e-01   3.60721442885772e-01 
  1.81016146211496e-01  -9.21221619701555e-01   3.44369930555501e-01   3.62725450901804e-01 
  2.00755745089470e-01  -9.18956164625672e-01   3.39452396154090e-01   3.64729458917836e-01 
  2.20456171817953e-01  -9.16242879525279e-01   3.34529916616968e-01   3.66733466933868e-01 
  2.40107134277974e-01  -9.13082503449305e-01   3.29602573808055e-01   3.68737474949900e-01 
  2.59698630796372e-01  -9.09477415824979e-01   3.24670447176003e-01   3.70741482965932e-01 
  2.79220688760370e-01  -9.05430160206620e-01   3.19733615927804e-01   3.72745490981964e-01 
  2.98663335557191e-01  -9.00943280148552e-01   3.14792159270449e-01   3.74749498997996e-01 
  3.18016598574059e-01  -8.96019319205095e-01   3.09846156410930e-01   3.76753507014028e-01 
  3.37270505198198e-01  -8.90660820930570e-01   3.04895686556240e-01   3.78757515030060e-01 
  3.56415082816831e-01  -8.84870328879299e-01   2.99940828913370e-01   3.80761523046092e-01 
  3.75440358817183e-01  -8.78650386605603e-01   2.94981662689313e-01   3.82765531062124e-01 
  3.94336360586475e-01  -8.72003537663804e-01   2.90018267091060e-01   3.84769539078156e-01 
  4.13093115511934e-01  -8.64932325608222e-01   2.85050721325604e-01   3.86773547094188e-01 
  4.31700650980781e-01  -8.57439293993179e-01   2.80079104599936e-01   3.88777555110220e-01 
  4.50149009267662e-01  -8.49527018504865e-01   2.75103496071992e-01   3.90781563126252e-01 
  4.68428731991305e-01  -8.41199152575495e-01   2.70123973254290e-01   3.92785571142285e-01 
  4.86530966908809e-01  -8.32460657879918e-01   2.65140611662025e-01   3.94789579158317e-01 
  5.04446898275376e-01  -8.23316574867687e-01   2.60153486690127e-01   3.96793587174349e-01 
  5.22167710346204e-01  -8.13771943988353e-01   2.55162673733525e-01   3.98797595190381e-01 
  5.39684587376493e-01  -8.03831805691470e-01   2.50168248187147e-01   4.00801603206413e-01 
  5.56988713621443e-01  -7.93501200426587e-01   2.45170285445922e-01   4.02805611222445e-01 
  5.74071273336253e-01  -7.82785168643259e-01   2.40168860904780e-01   4.04809619238477e-01 
  5.90923450776122e-01  -7.71688750791035e-01   2.35164049958648e-01   4.06813627254509e-01 
  6.07536430196251e-01  -7.60216987319470e-01   2.30155928002457e-01   4.08817635270541e-01 
  6.23901395851840e-01  -7.48374918678113e-01   2.25144570431134e-01   4.10821643286573e-01 
  6.40009531998086e-01  -7.36167585316519e-01   2.20130052639609e-01   4.12825651302605e-01 
  6.55852051237987e-01  -7.23600061925393e-01   2.15112449976161e-01   4.14829659318637e-01 
  6.71420953258759e-01  -7.10678373910389e-01   2.10091836493853e-01   4.16833667334669e-01 
  6.86709108109718e-01  -6.97409597983024e-01   2.05068284813487e-01   4.18837675350701e-01 
  7.01709430896385e-01  -6.83800865277968e-01   2.00041867481720e-01   4.20841683366733e-01 
  7.16414836724277e-01  -6.69859306929889e-01   1.95012657045211e-01   4.22845691382766e-01 
  7.30818240698914e-01  -6.55592054073457e-01   1.89980726050619e-01   4.24849699398798e-01 
  7.44912557925815e-01  -6.41006237843340e-01   1.84946147044600e-01   4.26853707414830e-01 
  7.58690703510499e-01  -6.26108989374209e-01   1.79908992573814e-01   4.28857715430862e-01 
  7.72145592558484e-01  -6.10907439800731e-01   1.74869335184918e-01   4.30861723446894e-01 
  7.85270140175290e-01  -5.95408720257577e-01   1.69827247424571e-01   4.32865731462926e-01 
  7.98057261466434e-01  -5.79619961879415e-01   1.64782801839430e-01   4.34869739478958e-01 
  8.10499871537437e-01  -5.63548295800916e-01   1.59736070976154e-01   4.36873747494990e-01 
  8.22590912409805e-01  -5.47200872406703e-01   1.54687127363246e-01   4.38877755511022e-01 
  8.34324260730883e-01  -5.30585510513387e-01   1.49636042898780e-01   4.40881763527054e-01 
  8.45694946307275e-01  -5.13710853661758e-01   1.44582888702996e-01   4.42885771543086e-01 
  8.56698070174024e-01  -4.96585596334240e-01   1.39527735848088e-01   4.44889779559118e-01 
  8.67328733366168e-01  -4.79218433013253e-01   1.34470655406253e-01   4.46893787575150e-01 
  8.77582036918750e-01  -4.61618058181220e-01   1.29411718449685e-01   4.48897795591182e-01 
  8.87453081866807e-01  -4.43793166320562e-01   1.24350996050579e-01   4.50901803607214e-01 
  8.96936969245382e-01  -4.25752451913703e-01   1.19288559281129e-01   4.52905811623246e-01 
  9.06028800089515e-01  -4.07504609443063e-01   1.14224479213531e-01   4.54909819639279e-01 
  9.14723675434247e-01  -3.89058333391064e-01   1.09158826919979e-01   4.56913827655311e-01 
  9.23016696314616e-01  -3.70422318240130e-01   1.04091673472668e-01   4.58917835671343e-01 
  9.30902963765665e-01  -3.51605258472681e-01   9.90230899437935e-02   4.60921843687375e-01 
  9.38377592721085e-01  -3.32615853843871e-01   9.39531473974257e-02   4.62925851703407e-01 
  9.45436603393744e-01  -3.13463147544643e-01   8.88819163684586e-02   4.64929859719439e-01 
  9.52077461826129e-01  -2.94156731270368e-01   8.38094665466333e-02   4.66933867735471e-01 
  9.58297763554713e-01  -2.74706245842552e-01   7.87358675459960e-02   4.68937875751503e-01 
  9.64095104115966e-01  -2.55121332082703e-01   7.36611889805929e-02   4.70941883767535e-01 
  9.69467079046361e-01  -2.35411630812326e-01   6.85855004644702e-02   4.72945891783567e-01 
  9.74411283882370e-01  -2.15586782852930e-01   6.35088716116739e-02   4.74949899799599e-01 
  9.78925314160464e-01  -1.95656429026021e-01   5.84313720362504e-02   4.76953907815631e-01 
  9.83006765417116e-01  -1.75630210153107e-01   5.33530713522457e-02   4.78957915831663e-01 
  9.86653233188796e-01  -1.55517767055693e-01   4.82740391737061e-02   4.80961923847695e-01 
  9.89862313011978e-01  -1.35328740555287e-01   4.31943451146776e-02   4.82965931863727e-01 
  9.92631600423133e-01  -1.15072771473397e-01   3.81140587892065e-02   4.84969939879760e-01 
  9.94958694025436e-01  -9.47595009530682e-02   3.30332498114269e-02   4.86973947895792e-01 
  9.96841924998495e-01  -7.43986469469634e-02   2.79519878165109e-02   4.88977955911824e-01 
  9.98281301464214e-01  -5.40001032327988e-02   2.28703424877869e-02   4.90981963927856e-01 
  9.99277065176825e-01  -3.35737880843157e-02   1.77883835152932e-02   4.92985971943888e-01 
  9.99829457890557e-01  -1.31296197752544e-02   1.27061805890681e-02   4.94989979959920e-01 
  9.99938721359642e-01   7.32248342064446e-03   7.62380339914950e-03   4.96993987975952e-01 
  9.99605097338312e-01   2.77726032296405e-02   2.54132163557565e-03   4.98997995991984e-01 
  9.98828827580795e-01   4.82108213779932e-02  -2.54119501161534e-03   5.01002004008016e-01 
  9.97610153841324e-01   6.86272195919621e-02  -7.62367685238535e-03   5.03006012024048e-01 
  9.95949317874129e-01   8.90118795978067e-02  -1.27060541966962e-02   5.05010020040080e-01 
  9.93846561433440e-01   1.09354883121786e-01  -1.77882573545099e-02   5.07014028056112e-01 
  9.91302126273490e-01   1.29646311890161e-01  -2.28702166357882e-02   5.09018036072144e-01 
  9.88316254195574e-01   1.49876247636509e-01  -2.79518623504944e-02   5.11022044088176e-01 
  9.84889689990404e-01   1.70034850318037e-01  -3.30331248231054e-02   5.13026052104208e-01 
  9.81024923522689e-01   1.90112551281390e-01  -3.81139344284528e-02   5.15030060120240e-01 
  9.76724822853840e-01   2.10099840689400e-01  -4.31942215522807e-02   5.17034068136273e-01 
  9.71992256045268e-01   2.29987208704895e-01  -4.82739165803335e-02   5.19038076152305e-01 
  9.66830091158382e-01   2.49765145490705e-01  -5.33529498983555e-02   5.21042084168337e-01 
  9.61241196254592e-01   2.69424141209660e-01  -5.84312518920909e-02   5.23046092184369e-01 
  9.55228439395310e-01   2.88954686024591e-01  -6.35087529472840e-02   5.25050100200401e-01 
  9.48794688641944e-01   3.08347270098326e-01  -6.85853834496792e-02   5.27054108216433e-01 
  9.41942812055906e-01   3.27592383593695e-01  -7.36610737850206e-02   5.29058116232465e-01 
  9.34675677698605e-01   3.46680516673528e-01  -7.87357543390526e-02   5.31062124248497e-01 
  9.26996153631452e-01   3.65602159500655e-01  -8.38093554975195e-02   5.33066132264529e-01 
  9.18907107915857e-01   3.84347802237906e-01  -8.88818076461656e-02   5.35070140280561e-01 
  9.10411719775521e-01   4.02908070966438e-01  -9.39530410164892e-02   5.37074148296593e-01 
  9.01514781031025e-01   4.21274296163406e-01  -9.90229850406101e-02   5.39078156312625e-01 
  8.92221604315899e-01   4.39438035801477e-01  -1.04091568892477e-01   5.41082164328657e-01 
  8.82537502522525e-01   4.57390847966390e-01  -1.09158721745909e-01   5.43086172344689e-01 
  8.72467788543286e-01   4.75124290743880e-01  -1.14224372774726e-01   5.45090180360721e-01 
  8.62017775270562e-01   4.92629922219684e-01  -1.19288451152749e-01   5.47094188376753e-01 
  8.51192775596737e-01   5.09899300479541e-01  -1.24350886053797e-01   5.49098196392786e-01 
  8.39998102414191e-01   5.26923983609186e-01  -1.29411606651690e-01   5.51102204408818e-01 
  8.28439068615309e-01   5.43695529694356e-01  -1.34470542120248e-01   5.53106212424850e-01 
  8.16520987092470e-01   5.60205496820789e-01  -1.39527621633290e-01   5.55110220440882e-01 
  8.04249170738058e-01   5.76445443074222e-01  -1.44582774364638e-01   5.57114228456914e-01 
  7.91628932444454e-01   5.92406926540391e-01  -1.49635929488111e-01   5.59118236472946e-01 
  7.78665772840849e-01   6.08081654392191e-01  -1.54687016029493e-01   5.61122244488978e-01 
  7.65366527289898e-01   6.23462393752457e-01  -1.59735961962100e-01   5.63126252505010e-01 
  7.51738609347161e-01   6.38542370903511e-01  -1.64782694803330e-01   5.65130260521042e-01 
  7.37789434892602e-01   6.53314813973555e-01  -1.69827142068745e-01   5.67134268537074e-01 
  7.23526419806191e-01   6.67772951090790e-01  -1.74869231273912e-01   5.69138276553106e-01 
  7.08956979967894e-01   6.81910010383417e-01  -1.79908889934392e-01   5.71142284569138e-01 
  6.94088531257679e-01   6.95719219979638e-01  -1.84946045565750e-01   5.73146292585170e-01 
  6.78928489555514e-01   7.09193808007654e-01  -1.89980625683550e-01   5.75150300601202e-01 
  6.63484270741365e-01   7.22327002595667e-01  -1.95012557803356e-01   5.77154308617234e-01 
  6.47763290695200e-01   7.35112031871878e-01  -2.00041769440733e-01   5.79158316633266e-01 
  6.31772965296986e-01   7.47542123964488e-01  -2.05068188111243e-01   5.81162324649299e-01 
  6.15520710426691e-01   7.59610507001699e-01  -2.10091741330451e-01   5.83166332665331e-01 
  5.99014062474646e-01   7.71310570061378e-01  -2.15112356436064e-01   5.85170340681363e-01 
  5.82261560418683e-01   7.82637041244173e-01  -2.20129959286101e-01   5.87174348697395e-01 
  5.65272240473900e-01   7.93585312744413e-01  -2.25144475004726e-01   5.89178356713427e-01 
  5.48055142430605e-01   8.04150781531365e-01  -2.30155828710825e-01   5.91182364729459e-01 
  5.30619306079109e-01   8.14328844574295e-01  -2.35163945523286e-01   5.93186372745491e-01 
  5.12973771209722e-01   8.24114898842471e-01  -2.40168750560996e-01   5.95190380761523e-01 
  4.95127577612754e-01   8.33504341305159e-01  -2.45170168942840e-01   5.97194388777555e-01 
  4.77089765078515e-01   8.42492568931625e-01  -2.50168125787706e-01   5.99198396793587e-01 
  4.58869373397316e-01   8.51074978691138e-01  -2.55162546214482e-01   6.01202404809619e-01 
  4.40475442359466e-01   8.59246967552962e-01  -2.60153355342052e-01   6.03206412825651e-01 
  4.21917011755276e-01   8.67003932486366e-01  -2.65140478289306e-01   6.05210420841683e-01 
  4.03203121375056e-01   8.74341270460616e-01  -2.70123840175128e-01   6.07214428857715e-01 
  3.84342895628496e-01   8.81254588304341e-01  -2.75103365787600e-01   6.09218436873747e-01 
  3.65346104152898e-01   8.87741093035796e-01  -2.80078977392379e-01   6.11222444889780e-01 
  3.46222813727563e-01   8.93798728596974e-01  -2.85050596093490e-01   6.13226452905812e-01 
  3.26983092712438e-01   8.99425442849933e-01  -2.90018142988779e-01   6.15230460921844e-01 
  3.07637009467467e-01   9.04619183656729e-01  -2.94981539176091e-01   6.17234468937876e-01 
  2.88194632352599e-01   9.09377898879419e-01  -2.99940705753273e-01   6.19238476953908e-01 
  2.68666029727778e-01   9.13699536380061e-01  -3.04895563818170e-01   6.21242484969940e-01 
  2.49061269952952e-01   9.17582044020712e-01  -3.09846034468629e-01   6.23246492985972e-01 
  2.29390421388067e-01   9.21023369663428e-01  -3.14792038802494e-01   6.25250501002004e-01 
  2.09663552393069e-01   9.24021461170266e-01  -3.19733497917611e-01   6.27254509018036e-01 
  1.89890731327905e-01   9.26574266403284e-01  -3.24670332911828e-01   6.29258517034068e-01 
  1.70082026552521e-01   9.28679733224538e-01  -3.29602464882988e-01   6.31262525050100e-01 
  1.50247551150046e-01   9.30336162396605e-01  -3.34529814430043e-01   6.33266533066132e-01 
  1.30397649788519e-01   9.31543682066182e-01  -3.39452299568569e-01   6.35270541082164e-01 
  1.10542741869644e-01   9.32303010086395e-01  -3.44369837480475e-01   6.37274549098196e-01 
  9.06932468319383e-02   9.32614864600884e-01  -3.49282345347258e-01   6.39278557114228e-01 
  7.08595841139223e-02   9.32479963753292e-01  -3.54189740350418e-01   6.41282565130260e-01 
  5.10521731541154e-02   9.31899025687260e-01  -3.59091939671451e-01   6.43286573146293e-01 
  3.12814333910371e-02   9.30872768546429e-01  -3.63988860491856e-01   6.45290581162325e-01 
  1.15577842632067e-02   9.29401910474441e-01  -3.68880419993130e-01   6.47294589178357e-01 
 -8.10835479085626e-03   9.27487169614936e-01  -3.73766535356772e-01   6.49298597194389e-01 
 -2.77065643326323e-02   9.25129264111557e-01  -3.78647123764280e-01   6.51302605210421e-01 
 -4.72264249236020e-02   9.22328912107945e-01  -3.83522102397151e-01   6.53306613226453e-01 
 -6.66575173703544e-02   9.19086833599098e-01  -3.88391388432837e-01   6.55310621242485e-01 
 -8.59895184992621e-02   9.15404473837516e-01  -3.93254897463902e-01   6.57314629258517e-01 
 -1.05212346616615e-01   9.11285102024011e-01  -3.98112541097071e-01   6.59318637274549e-01 
 -1.24315957390726e-01   9.06732269562581e-01  -4.02964230322378e-01   6.61322645290581e-01 
 -1.43290306489911e-01   9.01749527857223e-01  -4.07809876129858e-01   6.63326653306613e-01 
 -1.62125349582484e-01   8.96340428311933e-01  -4.12649389509543e-01   6.65330661322645e-01 
 -1.80811042336757e-01   8.90508522330709e-01  -4.17482681451469e-01   6.67334669338677e-01 
 -1.99337340421047e-01   8.84257361317549e-01  -4.22309662945669e-01   6.69338677354709e-01 
 -2.17694199503668e-01   8.77590496676447e-01  -4.27130244982176e-01   6.71342685370741e-01 
 -2.35871575252933e-01   8.70511479811403e-01  -4.31944338551025e-01   6.73346693386773e-01 
 -2.53859423337157e-01   8.63023862126413e-01  -4.36751854642250e-01   6.75350701402806e-01 
 -2.71647699424654e-01   8.55131195025475e-01  -4.41552704245884e-01   6.77354709418838e-01 
 -2.89226388796811e-01   8.46837101941421e-01  -4.46346798152698e-01   6.79358717434870e-01 
 -3.06586039142388e-01   8.38146574268810e-01  -4.51134043369069e-01   6.81362725450902e-01 
 -3.23717701589500e-01   8.29065827934084e-01  -4.55914343513777e-01   6.83366733466934e-01 
 -3.40612445040350e-01   8.19601122096186e-01  -4.60687602085997e-01   6.85370741482966e-01 
 -3.57261338397144e-01   8.09758715914057e-01  -4.65453722584909e-01   6.87374749498998e-01 
 -3.73655450562088e-01   7.99544868546642e-01  -4.70212608509689e-01   6.89378757515030e-01 
 -3.89785850437385e-01   7.88965839152884e-01  -4.74964163359514e-01   6.91382765531062e-01 
 -4.05643606925241e-01   7.78027886891724e-01  -4.79708290633562e-01   6.93386773547094e-01 
 -4.21219788927861e-01   7.66737270922105e-01  -4.84444893831011e-01   6.95390781563126e-01 
 -4.36505465347451e-01   7.55100250402972e-01  -4.89173876451038e-01   6.97394789579158e-01 
 -4.51491705086214e-01   7.43123084493265e-01  -4.93895141992821e-01   6.99398797595190e-01 
 -4.66169577273946e-01   7.30812032653538e-01  -4.98608593954378e-01   7.01402805611222e-01 
 -4.80530543724839e-01   7.18173874741180e-01  -5.03314133835221e-01   7.03406813627254e-01 
 -4.94567264672518e-01   7.05216978794029e-01  -5.08011657035681e-01   7.05410821643287e-01 
 -5.08272628162255e-01   6.91950014752578e-01  -5.12701057796677e-01   7.07414829659319e-01 
 -5.21639522239325e-01   6.78381652557319e-01  -5.17382230359129e-01   7.09418837675351e-01 
 -5.34660834949000e-01   6.64520562148746e-01  -5.22055068963955e-01   7.11422845691383e-01 
 -5.47329454336554e-01   6.50375413467351e-01  -5.26719467852075e-01   7.13426853707415e-01 
 -5.59638268447260e-01   6.35954876453626e-01  -5.31375321264407e-01   7.15430861723447e-01 
 -5.71580165326391e-01   6.21267621048065e-01  -5.36022523441871e-01   7.17434869739479e-01 
 -5.83148033019222e-01   6.06322317191161e-01  -5.40660968625386e-01   7.19438877755511e-01 
 -5.94334759571024e-01   5.91127634823406e-01  -5.45290551055870e-01   7.21442885771543e-01 
 -6.05133233027072e-01   5.75692243885293e-01  -5.49911164974243e-01   7.23446893787575e-01 
 -6.15536571743904e-01   5.60024995862027e-01  -5.54522703592244e-01   7.25450901803607e-01 
 -6.25539463784688e-01   5.44135979572723e-01  -5.59125053107158e-01   7.27454909819639e-01 
 -6.35137252084116e-01   5.28035800044260e-01  -5.63718096789881e-01   7.29458917835671e-01 
 -6.44325281755268e-01   5.11735064020644e-01  -5.68301717901576e-01   7.31462925851703e-01 
 -6.53098897911219e-01   4.95244378245882e-01  -5.72875799703406e-01   7.33466933867735e-01 
 -6.61453445665048e-01   4.78574349463980e-01  -5.77440225456534e-01   7.35470941883767e-01 
 -6.69384270129832e-01   4.61735584418946e-01  -5.81994878422121e-01   7.37474949899800e-01 
 -6.76886716418649e-01   4.44738689854785e-01  -5.86539641861331e-01   7.39478957915832e-01 
 -6.83956129644575e-01   4.27594272515504e-01  -5.91074399035326e-01   7.41482965931864e-01 
 -6.90587854920689e-01   4.10312939145110e-01  -5.95599033205269e-01   7.43486973947896e-01 
 -6.96777237360067e-01   3.92905296487610e-01  -6.00113427632322e-01   7.45490981963928e-01 
 -7.02519848683527e-01   3.75382050083748e-01  -6.04617464299055e-01   7.47494989979960e-01 
 -7.07813113656328e-01   3.57754713367008e-01  -6.09111014732566e-01   7.49498997995992e-01 
 -7.12655362860984e-01   3.40035194690267e-01  -6.13593945349041e-01   7.51503006012024e-01 
 -7.17044933038288e-01   3.22235405091292e-01  -6.18066122529920e-01   7.53507014028056e-01 
 -7.20980160929032e-01   3.04367255607854e-01  -6.22527412656643e-01   7.55511022044088e-01 
 -7.24459383274008e-01   2.86442657277721e-01  -6.26977682110650e-01   7.57515030060120e-01 
 -7.27480936814008e-01   2.68473521138663e-01  -6.31416797273380e-01   7.59519038076152e-01 
 -7.30043158289827e-01   2.50471758228450e-01  -6.35844624526274e-01   7.61523046092184e-01 
 -7.32144384442255e-01   2.32449279584851e-01  -6.40261030250770e-01   7.63527054108216e-01 
 -7.33782952012085e-01   2.14417996245635e-01  -6.44665880828309e-01   7.65531062124248e-01 
 -7.34957197740110e-01   1.96389819248571e-01  -6.49059042640331e-01   7.67535070140281e-01 
 -7.35665932784395e-01   1.78376734536085e-01  -6.53440379599160e-01   7.69539078156313e-01 
 -7.35910212318618e-01   1.60391082353072e-01  -6.57809743938098e-01   7.71543086172345e-01 
 -7.35691754350180e-01   1.42445307597728e-01  -6.62166984440715e-01   7.73547094188377e-01 
 -7.35012276984292e-01   1.24551855183690e-01  -6.66511949890069e-01   7.75551102204409e-01 
 -7.33873498326162e-01   1.06723170024593e-01  -6.70844489069221e-01   7.77555110220441e-01 
 -7.32277136481002e-01   8.89716970340748e-02  -6.75164450761232e-01   7.79559118236473e-01 
 -7.30224909554019e-01   7.13098811257715e-02  -6.79471683749161e-01   7.81563126252505e-01 
 -7.27718535650426e-01   5.37501672133199e-02  -6.83766036816069e-01   7.83567134268537e-01 
 -7.24759732875430e-01   3.63050002103564e-02  -6.88047358745016e-01   7.85571142284569e-01 
 -7.21350219334243e-01   1.89868250305178e-02  -6.92315498319063e-01   7.87575150300601e-01 
 -7.17491744671626e-01   1.80808352073216e-03  -6.96570304083762e-01   7.89579158316633e-01 
 -7.13187493494971e-01  -1.52189219988421e-02  -7.00811613778784e-01   7.91583166332665e-01 
 -7.08442645204979e-01  -3.20820831692418e-02  -7.05039250122151e-01   7.93587174348697e-01 
 -7.03262526530372e-01  -4.87693059567573e-02  -7.09253034722441e-01   7.95591182364729e-01 
 -6.97652464199875e-01  -6.52684963276789e-02  -7.13452789188233e-01   7.97595190380761e-01 
 -6.91617784942212e-01  -8.15675602482969e-02  -7.17638335128105e-01   7.99599198396793e-01 
 -6.85163815486107e-01  -9.76544036849017e-02  -7.21809494150636e-01   8.01603206412826e-01 
 -6.78295882560285e-01  -1.13516932603783e-01  -7.25966087864405e-01   8.03607214428858e-01 
 -6.71019312893469e-01  -1.29143052971233e-01  -7.30107937877989e-01   8.05611222444890e-01 
 -6.63339433214384e-01  -1.44520670753539e-01  -7.34234865799968e-01   8.07615230460922e-01 
 -6.55261570590342e-01  -1.59637692040312e-01  -7.38346693235825e-01   8.09619238476954e-01 
 -6.46791819685636e-01  -1.74482302488813e-01  -7.42443234777149e-01   8.11623246492986e-01 
 -6.37938677364743e-01  -1.89043562665260e-01  -7.46524283065487e-01   8.13627254509018e-01 
 -6.28711109140756e-01  -2.03310703823089e-01  -7.50589626460121e-01   8.15631262525050e-01 
 -6.19118080526770e-01  -2.17272957215738e-01  -7.54639053320335e-01   8.17635270541082e-01 
 -6.09168557035879e-01  -2.30919554096644e-01  -7.58672352005410e-01   8.19639278557114e-01 
 -5.98871504181178e-01  -2.44239725719245e-01  -7.62689310874631e-01   8.21643286573146e-01 
 -5.88235887475760e-01  -2.57222703336977e-01  -7.66689718287280e-01   8.23647294589178e-01 
 -5.77270672432721e-01  -2.69857718203277e-01  -7.70673362602640e-01   8.25651302605210e-01 
 -5.65984824565154e-01  -2.82134001571584e-01  -7.74640032179993e-01   8.27655310621242e-01 
 -5.54387309832037e-01  -2.94040784999508e-01  -7.78589515372894e-01   8.29659318637274e-01 
 -5.42487842640099e-01  -3.05567810620997e-01  -7.82521590917781e-01   8.31663326653307e-01 
 -5.30298415446997e-01  -3.16706374611557e-01  -7.86436008279482e-01   8.33667334669339e-01 
 -5.17831452552499e-01  -3.27448067740889e-01  -7.90332511373906e-01   8.35671342685371e-01 
 -5.05099378256370e-01  -3.37784480778691e-01  -7.94210844116960e-01   8.37675350701403e-01 
 -4.92114616858374e-01  -3.47707204494662e-01  -7.98070750424554e-01   8.39679358717435e-01 
 -4.78889592658278e-01  -3.57207829658503e-01  -8.01911974212598e-01   8.41683366733467e-01 
 -4.65436729955848e-01  -3.66277947039913e-01  -8.05734259396999e-01   8.43687374749499e-01 
 -4.51768453050848e-01  -3.74909147408590e-01  -8.09537349893667e-01   8.45691382765531e-01 
 -4.37897186243044e-01  -3.83093021534236e-01  -8.13320989618511e-01   8.47695390781563e-01 
 -4.23835393094699e-01  -3.90821204499433e-01  -8.17084921630328e-01   8.49699398797595e-01 
 -4.09596850254587e-01  -3.98086813377359e-01  -8.20828860322865e-01   8.51703406813627e-01 
 -3.95196926086380e-01  -4.04884761700509e-01  -8.24552485342279e-01   8.53707414829659e-01 
 -3.80651084589588e-01  -4.11210070938985e-01  -8.28255474246973e-01   8.55711422845691e-01 
 -3.65974789763721e-01  -4.17057762562888e-01  -8.31937504595346e-01   8.57715430861723e-01 
 -3.51183505608289e-01  -4.22422858042317e-01  -8.35598253945799e-01   8.59719438877755e-01 
 -3.36292696122801e-01  -4.27300378847376e-01  -8.39237399856734e-01   8.61723446893788e-01 
 -3.21317825306768e-01  -4.31685346448163e-01  -8.42854619886551e-01   8.63727454909820e-01 
 -3.06274357159699e-01  -4.35572782314781e-01  -8.46449591593652e-01   8.65731462925852e-01 
 -2.91177756205372e-01  -4.38957708921325e-01  -8.50021992517112e-01   8.67735470941884e-01 
 -2.76044024890730e-01  -4.41836178887565e-01  -8.53571480368215e-01   8.69739478957916e-01 
 -2.60890718472117e-01  -4.44207218529134e-01  -8.57097655621844e-01   8.71743486973948e-01 
 -2.45735670737535e-01  -4.46070387561591e-01  -8.60600108486236e-01   8.73747494989980e-01 
 -2.30596715474979e-01  -4.47425245700499e-01  -8.64078429169626e-01   8.75751503006012e-01 
 -2.15491686472450e-01  -4.48271352661417e-01  -8.67532207880252e-01   8.77755511022044e-01 
 -2.00438417517945e-01  -4.48608268159907e-01  -8.70961034826347e-01   8.79759519038076e-01 
 -1.85454742399465e-01  -4.48435551911529e-01  -8.74364500216148e-01   8.81763527054108e-01 
 -1.70558494905008e-01  -4.47752763631844e-01  -8.77742194257891e-01   8.83767535070140e-01 
 -1.55767509856688e-01  -4.46559467269202e-01  -8.81093707061510e-01   8.85771543086172e-01 
 -1.41099982359168e-01  -4.44856701462441e-01  -8.84418594488622e-01   8.87775551102204e-01 
 -1.26574995074311e-01  -4.42649137755078e-01  -8.87716328030016e-01   8.89779559118236e-01 
 -1.12211764904208e-01  -4.39941997156016e-01  -8.90986366415657e-01   8.91783567134268e-01 
 -9.80295087509510e-02  -4.36740500674156e-01  -8.94228168375511e-01   8.93787575150300e-01 
 -8.40474435166319e-02  -4.33049869318400e-01  -8.97441192639543e-01   8.95791583166333e-01 
 -7.02847861033423e-02  -4.28875324097650e-01  -9.00624897937718e-01   8.97795591182365e-01 
 -5.67607534131738e-02  -4.24222086020808e-01  -9.03778743000002e-01   8.99799599198397e-01 
 -4.34945623482181e-02  -4.19095376096776e-01  -9.06902186556360e-01   9.01803607214429e-01 
 -3.05054294104251e-02  -4.13500678490225e-01  -9.09994679974024e-01   9.03807615230461e-01 
 -1.78125654165210e-02  -4.07447216289418e-01  -9.13055570010311e-01   9.05811623246493e-01 
 -5.43517695626588e-03  -4.00946992473725e-01  -9.16084125645030e-01   9.07815631262525e-01 
  6.60752948101525e-03  -3.94012076074391e-01  -9.19079614009950e-01   9.09819639278557e-01 
  1.82963474059975e-02  -3.86654536122661e-01  -9.22041302236840e-01   9.11823647294589e-01 
  2.96120703293560e-02  -3.78886441649778e-01  -9.24968457457468e-01   9.13827655310621e-01 
  4.05354917617657e-02  -3.70719861686987e-01  -9.27860346803602e-01   9.15831663326653e-01 
  5.10474052139018e-02  -3.62166865265533e-01  -9.30716237407011e-01   9.17835671342685e-01 
  6.11286407132370e-02  -3.53239664063849e-01  -9.33535391226552e-01   9.19839679358717e-01 
  7.07609796237488e-02  -3.43954186008442e-01  -9.36316935456239e-01   9.21843687374749e-01 
  7.99272210191183e-02  -3.34330334550464e-01  -9.39059853122923e-01   9.23847695390781e-01 
  8.86102137833947e-02  -3.24388207717524e-01  -9.41763120197396e-01   9.25851703406814e-01 
  9.67928068006272e-02  -3.14147903537230e-01  -9.44425712650450e-01   9.27855711422846e-01 
  1.04457848954865e-01  -3.03629520037191e-01  -9.47046606452876e-01   9.29859719438878e-01 
  1.11588189130158e-01  -2.92853155245015e-01  -9.49624777575466e-01   9.31863727454910e-01 
  1.18166676210554e-01  -2.81838907188309e-01  -9.52159201989012e-01   9.33867735470942e-01 
  1.24176542377695e-01  -2.70607552031152e-01  -9.54648824831787e-01   9.35871743486974e-01 
  1.29604220001048e-01  -2.59185527763082e-01  -9.57092333818448e-01   9.37875751503006e-01 
  1.34437733315436e-01  -2.47602088728275e-01  -9.59488288613753e-01   9.39879759519038e-01 
  1.38665118131845e-01  -2.35886509751646e-01  -9.61835247951271e-01   9.41883767535070e-01 
  1.42274410261260e-01  -2.24068065658108e-01  -9.64131770564570e-01   9.43887775551102e-01 
  1.45253645514666e-01  -2.12176031272575e-01  -9.66376415187219e-01   9.45891783567134e-01 
  1.47590859703050e-01  -2.00239681419960e-01  -9.68567740552786e-01   9.47895791583166e-01 
  1.49274285298860e-01  -1.88288466706134e-01  -9.70704294592780e-01   9.49899799599198e-01 
  1.50297016267401e-01  -1.76356183061418e-01  -9.72784358210553e-01   9.51903807615230e-01 
  1.50657203774268e-01  -1.64481146668806e-01  -9.74805934531648e-01   9.53907815631262e-01 
  1.50353234807118e-01  -1.52701884494972e-01  -9.76767013728565e-01   9.55911823647295e-01 
  1.49383496353605e-01  -1.41056923506592e-01  -9.78665585973803e-01   9.57915831663327e-01 
  1.47746375401387e-01  -1.29584790670342e-01  -9.80499641439861e-01   9.59919839679359e-01 
  1.45440258938118e-01  -1.18324012952898e-01  -9.82267170299237e-01   9.61923847695391e-01 
  1.42464277826103e-01  -1.07313381534301e-01  -9.83966139628513e-01   9.63927855711423e-01 
  1.38827470170766e-01  -9.65952065020743e-02  -9.85594208902900e-01   9.65931863727455e-01 
  1.34545919770448e-01  -8.62143004705482e-02  -9.87148818842017e-01   9.67935871743487e-01 
  1.29635861063230e-01  -7.62155295590795e-02  -9.88627405488401e-01   9.69939879759519e-01 
  1.24113528487193e-01  -6.66437598870251e-02  -9.90027404884590e-01   9.71943887775551e-01 
  1.17995156480418e-01  -5.75438575737422e-02  -9.91346253073121e-01   9.73947895791583e-01 
  1.11296996882252e-01  -4.89606847814687e-02  -9.92581386128945e-01   9.75951903807615e-01 
  1.04041876580094e-01  -4.09376084795123e-02  -9.93730252374626e-01   9.77955911823647e-01 
  9.62690549029406e-02  -3.35142588324792e-02  -9.94790330742112e-01   9.79959919839679e-01 
  8.80203162317163e-02  -2.67296917977968e-02  -9.95759104866868e-01   9.81963927855711e-01 
  7.93374449473468e-02  -2.06229633328923e-02  -9.96634058384358e-01   9.83967935871743e-01 
  7.02622254307577e-02  -1.52331293951928e-02  -9.97412674930050e-01   9.85971943887775e-01 
  6.08364420628744e-02  -1.05992459421256e-02  -9.98092438139407e-01   9.87975951903807e-01 
  5.11052544746398e-02  -6.75645620597402e-03  -9.98671040586496e-01   9.89979959919840e-01 
  4.11275699023943e-02  -3.72396664366285e-03  -9.99147025865434e-01   9.91983967935872e-01 
  3.09657952570953e-02  -1.51692674898856e-03  -9.99519154211214e-01   9.93987975951904e-01 
  2.06823374504551e-02  -1.50486014872438e-04  -9.99786185858876e-01   9.95991983967936e-01 
  1.03396033941861e-02   3.60206065764197e-04  -9.99946881043458e-01   9.97995991983968e-01 
  5.71576191250652e-16   4.43591585685112e-17  -1.00000000000000e+00   1.00000000000000e+00 
