-0.00290949569	-0.01841596822	0.00000000000	0.00000000000
-0.00290974161	-0.01841654512	0.00000000000	0.00015650209
-0.00291003101	-0.01841716065	0.00000000000	0.00031948775
-0.00291034420	-0.01841781428	0.00000000000	0.00048773449
-0.00291067787	-0.01841850770	0.00000000000	0.00066109552
-0.00291103436	-0.01841924343	0.00000000000	0.00083978520
-0.00291141500	-0.01842002403	0.00000000000	0.00102395381
-0.00291182012	-0.01842085205	0.00000000000	0.00121369560
-0.00291224990	-0.01842173018	0.00000000000	0.00140910047
-0.00291270506	-0.01842266133	0.00000000000	0.00161029330
-0.00291318746	-0.01842364873	0.00000000000	0.00181746445
-0.00291370053	-0.01842469600	0.00000000000	0.00203088028
-0.00291424902	-0.01842580703	0.00000000000	0.00225086143
-0.00291483697	-0.01842698640	0.00000000000	0.00247772335
-0.00291547064	-0.01842823705	0.00000000000	0.00271172933
-0.00291614759	-0.01842956604	0.00000000000	0.00295307405
-0.00291687647	-0.01843097390	0.00000000000	0.00320190921
-0.00291765510	-0.01843246740	0.00000000000	0.00345839122
-0.00291847897	-0.01843405526	0.00000000000	0.00372270216
-0.00291935968	-0.01843573803	0.00000000000	0.00399505704
-0.00292030100	-0.01843752149	0.00000000000	0.00427570043
-0.00292130651	-0.01843941216	0.00000000000	0.00456489723
-0.00292237996	-0.01844141704	0.00000000000	0.00486292367
-0.00292352532	-0.01844354362	0.00000000000	0.00517006587
-0.00292474670	-0.01844579988	0.00000000000	0.00548661635
-0.00292604849	-0.01844819433	0.00000000000	0.00581287460
-0.00292743642	-0.01845073537	0.00000000000	0.00614914791
-0.00292891783	-0.01845343117	0.00000000000	0.00649575247
-0.00293050084	-0.01845629027	0.00000000000	0.00685301436
-0.00293219431	-0.01845932160	0.00000000000	0.00722126993
-0.00293400797	-0.01846253453	0.00000000000	0.00760086674
-0.00293595252	-0.01846593887	0.00000000000	0.00799216908
-0.00293803909	-0.01846954513	0.00000000000	0.00839554395
-0.00294026742	-0.01847337127	0.00000000000	0.00881137521
-0.00294263729	-0.01847743655	0.00000000000	0.00924007268
-0.00294516236	-0.01848175348	0.00000000000	0.00968203934
-0.00294785862	-0.01848633482	0.00000000000	0.01013770735
-0.00295074377	-0.01849119367	0.00000000000	0.01060751814
-0.00295383754	-0.01849634362	0.00000000000	0.01109193421
-0.00295716168	-0.01850179884	0.00000000000	0.01159144088
-0.00296073490	-0.01850757657	0.00000000000	0.01210651514
-0.00296457205	-0.01851369815	0.00000000000	0.01263766254
-0.00296868868	-0.01852018702	0.00000000000	0.01318543970
-0.00297310101	-0.01852706824	0.00000000000	0.01375041109
-0.00297782578	-0.01853436841	0.00000000000	0.01433313432
-0.00298288037	-0.01854211607	0.00000000000	0.01493418254
-0.00298828360	-0.01855034222	0.00000000000	0.01555418857
-0.00299406381	-0.01855907601	0.00000000000	0.01619384278
-0.00300026003	-0.01856834219	0.00000000000	0.01685378430
-0.00300691600	-0.01857816586	0.00000000000	0.01753466563
-0.00301408148	-0.01858857426	0.00000000000	0.01823727305
-0.00302181177	-0.01859959510	0.00000000000	0.01896240294
-0.00303016760	-0.01861125540	0.00000000000	0.01971080283
-0.00303921675	-0.01862358283	0.00000000000	0.02048326761
-0.00304903597	-0.01863660696	0.00000000000	0.02128072270
-0.00305963176	-0.01865040049	0.00000000000	0.02210408603
-0.00306946312	-0.01866589754	0.00000000000	0.02295419949
-0.00308327876	-0.01868054406	0.00000000000	0.02383204889
-0.00309454377	-0.01869807005	0.00000000000	0.02473872831
-0.00311014351	-0.01871474728	0.00000000000	0.02567533920
-0.00312372064	-0.01873421714	0.00000000000	0.02664298445
-0.00314144215	-0.01875316190	0.00000000000	0.02764278420
-0.00315767900	-0.01877483284	0.00000000000	0.02867593206
-0.00317795088	-0.01879629676	0.00000000000	0.02974381660
-0.00319729360	-0.01882045649	0.00000000000	0.03084780583
-0.00322062681	-0.01884472190	0.00000000000	0.03198920647
-0.00324356610	-0.01887168213	0.00000000000	0.03316929136
-0.00327051922	-0.01889905720	0.00000000000	0.03438957717
-0.00329766657	-0.01892916256	0.00000000000	0.03565179047
-0.00332895637	-0.01895999532	0.00000000000	0.03695752456
-0.00336103702	-0.01899362135	0.00000000000	0.03830837736
-0.00339745437	-0.01902828613	0.00000000000	0.03970605069
-0.00343532136	-0.01906583861	0.00000000000	0.04115250526
-0.00347780415	-0.01910474187	0.00000000000	0.04264922477
-0.00352235120	-0.01914664154	0.00000000000	0.04419759972
-0.00357189807	-0.01919020515	0.00000000000	0.04579998267
-0.00362424930	-0.01923690464	0.00000000000	0.04745782631
-0.00368191284	-0.01928555710	0.00000000000	0.04917191178
-0.00374310023	-0.01933749184	0.00000000000	0.05094464260
-0.00381021638	-0.01939167383	0.00000000000	0.05277781520
-0.00388131597	-0.01944943842	0.00000000000	0.05467246576
-0.00389836708	-0.01946155214	0.00000000000	0.05556608600
-0.00392233327	-0.01950281432	0.00000000000	0.05693168068
-0.00395692050	-0.01955655698	0.00000000000	0.05851100627
-0.00399292727	-0.01961363527	0.00000000000	0.06013499798
-0.00403299906	-0.01967276478	0.00000000000	0.06180459446
-0.00407514282	-0.01973530701	0.00000000000	0.06352145033
-0.00412200457	-0.01980013606	0.00000000000	0.06528823232
-0.00417199487	-0.01986847505	0.00000000000	0.06710747996
-0.00422754500	-0.01993930227	0.00000000000	0.06898159427
-0.00428708965	-0.02001371334	0.00000000000	0.07091172758
-0.00435295496	-0.02009077555	0.00000000000	0.07290059307
-0.00442357254	-0.02017146738	0.00000000000	0.07494793673
-0.00450190976	-0.02025489482	0.00000000000	0.07706111772
-0.00458815103	-0.02034181516	0.00000000000	0.07924890489
-0.00468398569	-0.02043140155	0.00000000000	0.08151144013
-0.00478921242	-0.02052426409	0.00000000000	0.08385362007
-0.00490644736	-0.02061951261	0.00000000000	0.08628148778
-0.00503610897	-0.02071750494	0.00000000000	0.08880189470
-0.00518113983	-0.02081722826	0.00000000000	0.09142277987
-0.00534274880	-0.02091868253	0.00000000000	0.09415361761
-0.00552462446	-0.02102055796	0.00000000000	0.09700602436
-0.00572878656	-0.02112255051	0.00000000000	0.09999433513
-0.00573460423	-0.02112411539	0.00000000000	0.10044557654
-0.00600889601	-0.02116894485	0.00000000000	0.10374352049
-0.00633540904	-0.02119754906	0.00000000000	0.10732056377
-0.00671968492	-0.02120204702	0.00000000000	0.11119534661
-0.00718334726	-0.02116979428	0.00000000000	0.11545538542
-0.00775289963	-0.02108401922	0.00000000000	0.12019889945
-0.00785057865	-0.02106653928	0.00000000000	0.12216566660
-0.00849986030	-0.02067855271	0.00000000000	0.12760127367
-0.00933536988	-0.02014844097	0.00000000000	0.13381749801
-0.00956155996	-0.01999801284	0.00000000000	0.13707537508
-0.00997511454	-0.01954211775	0.00000000000	0.14197798502
-0.01051954616	-0.01897883019	0.00000000000	0.14750965823
-0.01076258779	-0.01873663234	0.00000000000	0.15116974138
-0.01101717688	-0.01831565071	0.00000000000	0.15555359010
-0.01147592716	-0.01757664009	0.00000000000	0.16138176103
-0.01154315121	-0.01736417836	0.00000000000	0.16433247456
-0.01183776928	-0.01653061262	0.00000000000	0.17020837370
-0.01198842754	-0.01557831210	0.00000000000	0.17634488604
-0.01197903907	-0.01469595921	0.00000000000	0.18221526204
-0.01187385957	-0.01407753443	0.00000000000	0.18716513047
-0.01183481435	-0.01387012074	0.00000000000	0.19003585591
-0.01156821297	-0.01309568097	0.00000000000	0.19569964125
-0.01154791333	-0.01305414580	0.00000000000	0.19690197820
-0.01123336177	-0.01244403931	0.00000000000	0.20230060188
-0.01115321220	-0.01231437981	0.00000000000	0.20356252801
-0.01086210922	-0.01191025687	0.00000000000	0.20826713790
-0.01066609095	-0.01167959529	0.00000000000	0.21166949633
-0.01050728533	-0.01150524198	0.00000000000	0.21464318783
-0.01017066519	-0.01119982497	0.00000000000	0.21890021335
-0.00994978916	-0.01101990036	0.00000000000	0.22219270556
-0.00982026881	-0.01092497782	0.00000000000	0.22459706023
-0.00951858311	-0.01072096812	0.00000000000	0.22853401683
-0.00922157349	-0.01053965050	0.00000000000	0.23235518408
-0.00899003649	-0.01041102273	0.00000000000	0.23535047841
-0.00881851906	-0.01032247506	0.00000000000	0.23757720274
-0.00853836878	-0.01018931075	0.00000000000	0.24122601397
-0.00826505331	-0.01007193522	0.00000000000	0.24479637730
-0.00799715139	-0.00996756639	0.00000000000	0.24830226729
-0.00773364369	-0.00987390004	0.00000000000	0.25175293679
-0.00757695007	-0.00982187949	0.00000000000	0.25380441865
-0.00737085991	-0.00975705630	0.00000000000	0.25650054780
-0.00711527553	-0.00968142737	0.00000000000	0.25983849521
-0.00686245817	-0.00961064967	0.00000000000	0.26313112911
-0.00661149779	-0.00954365394	0.00000000000	0.26637685896
-0.00634591226	-0.00948499672	0.00000000000	0.26957774269
-0.00609467247	-0.00943116988	0.00000000000	0.27274189009
-0.00585041210	-0.00937844420	0.00000000000	0.27587272856
-0.00560840622	-0.00932669465	0.00000000000	0.27897451054
-0.00537301046	-0.00927106673	0.00000000000	0.28205534809
-0.00513837349	-0.00921189246	0.00000000000	0.28512092603
-0.00496293123	-0.00916072660	0.00000000000	0.28790903210
-0.00488808315	-0.00913615264	0.00000000000	0.28917159644
-0.00468815676	-0.00906175419	0.00000000000	0.29223045161
-0.00446868937	-0.00896983386	0.00000000000	0.29530353429
-0.00424090611	-0.00886585969	0.00000000000	0.29838267494
-0.00401535582	-0.00875503718	0.00000000000	0.30147214285
-0.00380321590	-0.00864294447	0.00000000000	0.30457894977
-0.00364429245	-0.00855320289	0.00000000000	0.30735210885
-0.00357206870	-0.00850982854	0.00000000000	0.30875917447
-0.00339046260	-0.00839284146	0.00000000000	0.31185078320
-0.00317509726	-0.00824649815	0.00000000000	0.31495599046
-0.00297384680	-0.00810457106	0.00000000000	0.31807488368
-0.00278408625	-0.00796650461	0.00000000000	0.32118118289
-0.00276218583	-0.00794943702	0.00000000000	0.32159008461
-0.00259186796	-0.00780502532	0.00000000000	0.32466258867
-0.00239216374	-0.00763302037	0.00000000000	0.32773819060
-0.00222945596	-0.00748960496	0.00000000000	0.33081519377
-0.00211062826	-0.00738496147	0.00000000000	0.33333279083
-0.00203330252	-0.00731828626	0.00000000000	0.33497652106
-0.00188879433	-0.00719825439	0.00000000000	0.33781802116
-0.00173350439	-0.00706987351	0.00000000000	0.34063565107
-0.00158220890	-0.00693612689	0.00000000000	0.34342825763
-0.00142637465	-0.00681476205	0.00000000000	0.34619465619
-0.00133478369	-0.00672453064	0.00000000000	0.34846079223
-0.00128064370	-0.00670407649	0.00000000000	0.34987001785
-0.00116017760	-0.00660784056	0.00000000000	0.35235521394
-0.00102959596	-0.00652056994	0.00000000000	0.35480596035
-0.00092205430	-0.00641879446	0.00000000000	0.35722923208
-0.00081045230	-0.00631613198	0.00000000000	0.35964724004
-0.00072678985	-0.00618907929	0.00000000000	0.36208730635
-0.00064699218	-0.00607736828	0.00000000000	0.36440314708
-0.00067296219	-0.00603406228	0.00000000000	0.36563039126
-0.00080852779	-0.00573744883	0.00000000000	0.36924425624
-0.00087172841	-0.00562928788	0.00000000000	0.37140308342
-0.00119307311	-0.00545429692	0.00000000000	0.37521184381
-0.00142508645	-0.00532993904	0.00000000000	0.37839042354
-0.00178886071	-0.00521165487	0.00000000000	0.38227552895
-0.00206631894	-0.00512280508	0.00000000000	0.38574843322
-0.00222736988	-0.00508751718	0.00000000000	0.38779390614
-0.00249866372	-0.00503432578	0.00000000000	0.39134004567
-0.00274390806	-0.00499191651	0.00000000000	0.39465413287
-0.00285265622	-0.00497464597	0.00000000000	0.39615549879
-0.00304443537	-0.00494616946	0.00000000000	0.39884843956
-0.00325264811	-0.00491759534	0.00000000000	0.40183316101
-0.00345199688	-0.00489182842	0.00000000000	0.40474395831
-0.00364388169	-0.00486775970	0.00000000000	0.40758755678
-0.00371377802	-0.00485901992	0.00000000000	0.40863197016
-0.00388454703	-0.00483738964	0.00000000000	0.41119924403
-0.00406692142	-0.00481331385	0.00000000000	0.41395922997
-0.00424811412	-0.00478768663	0.00000000000	0.41671154957
-0.00442913679	-0.00475967042	0.00000000000	0.41946257627
-0.00461077559	-0.00472844810	0.00000000000	0.42221531121
-0.00468863717	-0.00471395325	0.00000000000	0.42339391363
-0.00483126297	-0.00468526664	0.00000000000	0.42590105961
-0.00501789232	-0.00464089541	0.00000000000	0.42871068720
-0.00523456698	-0.00458692220	0.00000000000	0.43156644210
-0.00542238466	-0.00453428431	0.00000000000	0.43447728284
-0.00562148323	-0.00446746156	0.00000000000	0.43737928858
-0.00566828177	-0.00445031502	0.00000000000	0.43804163881
-0.00589325047	-0.00436083934	0.00000000000	0.44117681777
-0.00612408757	-0.00425691335	0.00000000000	0.44439612936
-0.00635366745	-0.00413988018	0.00000000000	0.44772553806
-0.00647848617	-0.00406913650	0.00000000000	0.44965002197
-0.00666065726	-0.00395371180	0.00000000000	0.45267502640
-0.00694942396	-0.00375570062	0.00000000000	0.45643402443
-0.00715432595	-0.00360375834	0.00000000000	0.45947100322
-0.00726659968	-0.00350124554	0.00000000000	0.46203874048
-0.00761416741	-0.00319499641	0.00000000000	0.46623783378
-0.00774506668	-0.00305919620	0.00000000000	0.46902025608
-0.00794597365	-0.00285021665	0.00000000000	0.47233591368
-0.00826621122	-0.00245412990	0.00000000000	0.47684346648
-0.00831325579	-0.00242488056	0.00000000000	0.47805911532
-0.00861440774	-0.00192292187	0.00000000000	0.48287518088
-0.00875956711	-0.00169557137	0.00000000000	0.48609122257
-0.00898057882	-0.00107155554	0.00000000000	0.49118801244
-0.00905857941	-0.00087809612	0.00000000000	0.49402021027
-0.00915587724	-0.00000048195	0.00000000000	0.49989518236
-0.00905845834	0.00087716149	0.00000000000	0.50577051475
-0.00898222657	0.00106535827	0.00000000000	0.50856342608
-0.00875914860	0.00169483762	0.00000000000	0.51368294164
-0.00861714131	0.00191667368	0.00000000000	0.51685949764
-0.00831345221	0.00242433491	0.00000000000	0.52170435558
-0.00826883500	0.00244709075	0.00000000000	0.52277246380
-0.00795088059	0.00284203799	0.00000000000	0.52727450546
-0.00774297784	0.00305886578	0.00000000000	0.53065106030
-0.00761934926	0.00318825143	0.00000000000	0.53336456007
-0.00727130269	0.00349301774	0.00000000000	0.53755728714
-0.00715463716	0.00360175587	0.00000000000	0.54021536877
-0.00695597658	0.00374754546	0.00000000000	0.54315369377
-0.00666792348	0.00394115263	0.00000000000	0.54689907027
-0.00646714928	0.00407584611	0.00000000000	0.55005299957
-0.00637290627	0.00412506585	0.00000000000	0.55177726899
-0.00614323150	0.00423996831	0.00000000000	0.55510578610
-0.00588183679	0.00435984502	0.00000000000	0.55832802678
-0.00568127220	0.00444016179	0.00000000000	0.56146926131
-0.00561653387	0.00446709018	0.00000000000	0.56253267281
-0.00542895614	0.00452841503	0.00000000000	0.56531979566
-0.00523307521	0.00458459546	0.00000000000	0.56822497644
-0.00504180248	0.00463328468	0.00000000000	0.57107948148
-0.00485377123	0.00467576853	0.00000000000	0.57389744509
-0.00467868813	0.00471106212	0.00000000000	0.57652725904
-0.00461987669	0.00472208767	0.00000000000	0.57741112377
-0.00443709834	0.00475399833	0.00000000000	0.58015715017
-0.00425369163	0.00478292972	0.00000000000	0.58290737543
-0.00406979466	0.00480948514	0.00000000000	0.58565474881
-0.00388478383	0.00483438863	0.00000000000	0.58840363326
-0.00370141081	0.00485792833	0.00000000000	0.59110869941
-0.00366256634	0.00486282870	0.00000000000	0.59167883116
-0.00346792760	0.00488724210	0.00000000000	0.59451837335
-0.00326619989	0.00491284420	0.00000000000	0.59742764495
-0.00305681211	0.00494051297	0.00000000000	0.60040657552
-0.00285490727	0.00496893607	0.00000000000	0.60323589591
-0.00276930986	0.00498167934	0.00000000000	0.60442183475
-0.00252536539	0.00502684089	0.00000000000	0.60772549816
-0.00220908104	0.00509139186	0.00000000000	0.61125759910
-0.00208228976	0.00511375947	0.00000000000	0.61353084171
-0.00181527062	0.00520018834	0.00000000000	0.61682191600
-0.00142080854	0.00532808669	0.00000000000	0.62085957299
-0.00122456337	0.00543482734	0.00000000000	0.62379260079
-0.00086788779	0.00562821839	0.00000000000	0.62779097947
-0.00080352470	0.00574430746	0.00000000000	0.63002774443
-0.00066752611	0.00603697043	0.00000000000	0.63361712423
-0.00064844621	0.00607735265	0.00000000000	0.63477499303
-0.00072463132	0.00618924026	0.00000000000	0.63710180711
-0.00081228563	0.00631569778	0.00000000000	0.63953736040
-0.00092073937	0.00641700415	0.00000000000	0.64195142258
-0.00103202103	0.00651829972	0.00000000000	0.64437213020
-0.00115923664	0.00660473044	0.00000000000	0.64682140641
-0.00128460878	0.00670061515	0.00000000000	0.64930548501
-0.00134224477	0.00672719203	0.00000000000	0.65086354738
-0.00142877493	0.00680914409	0.00000000000	0.65301061911
-0.00157982869	0.00692909836	0.00000000000	0.65577464035
-0.00173645672	0.00706268409	0.00000000000	0.65856484941
-0.00188392140	0.00718672086	0.00000000000	0.66138141679
-0.00205483946	0.00732780945	0.00000000000	0.66422126928
-0.00210669437	0.00737260481	0.00000000000	0.66607123656
-0.00222619683	0.00747530891	0.00000000000	0.66841309382
-0.00239797542	0.00762697343	0.00000000000	0.67148622068
-0.00259094243	0.00779028863	0.00000000000	0.67455688785
-0.00276292785	0.00793656436	0.00000000000	0.67762605415
-0.00279439189	0.00796106012	0.00000000000	0.67878766038
-0.00298532312	0.00809916672	0.00000000000	0.68168705107
-0.00318534931	0.00824015562	0.00000000000	0.68480310373
-0.00337298490	0.00836695029	0.00000000000	0.68790577869
-0.00355566790	0.00848323251	0.00000000000	0.69099648843
-0.00366986930	0.00855175988	0.00000000000	0.69291121523
-0.00381953807	0.00863661844	0.00000000000	0.69534799402
-0.00402208988	0.00874323283	0.00000000000	0.69845173972
-0.00423665954	0.00884752482	0.00000000000	0.70154041598
-0.00445697793	0.00894649872	0.00000000000	0.70461827476
-0.00467660597	0.00903703712	0.00000000000	0.70768880848
-0.00488872953	0.00911586831	0.00000000000	0.71074855956
-0.00504355775	0.00916684703	0.00000000000	0.71310757666
-0.00516354929	0.00920144931	0.00000000000	0.71505367647
-0.00535584471	0.00924873120	0.00000000000	0.71812077161
-0.00559646000	0.00930417640	0.00000000000	0.72120153801
-0.00585455031	0.00936158278	0.00000000000	0.72430503598
-0.00609034650	0.00941149072	0.00000000000	0.72743884584
-0.00633921624	0.00946752423	0.00000000000	0.73060925527
-0.00660378313	0.00952912257	0.00000000000	0.73381375583
-0.00685586964	0.00959124563	0.00000000000	0.73705862194
-0.00713248634	0.00966746564	0.00000000000	0.74034967083
-0.00740150948	0.00974809622	0.00000000000	0.74368531859
-0.00761891760	0.00981971777	0.00000000000	0.74684869581
-0.00770615415	0.00984928428	0.00000000000	0.74806360941
-0.00796845774	0.00994217057	0.00000000000	0.75152078838
-0.00825573597	0.01005268003	0.00000000000	0.75502744562
-0.00856799664	0.01018538230	0.00000000000	0.75859483698
-0.00886234252	0.01032999819	0.00000000000	0.76224365780
-0.00901830585	0.01041536002	0.00000000000	0.76476900595
-0.00917735315	0.01050156574	0.00000000000	0.76752642540
-0.00950878441	0.01070042475	0.00000000000	0.77135857337
-0.00982684162	0.01092283446	0.00000000000	0.77530508425
-0.00996247586	0.01102701714	0.00000000000	0.77778945643
-0.01016406332	0.01118499212	0.00000000000	0.78102413417
-0.01051172108	0.01150749041	0.00000000000	0.78528117522
-0.01066482475	0.01166943936	0.00000000000	0.78830458926
-0.01085805826	0.01189740321	0.00000000000	0.79165850264
-0.01117557247	0.01233823505	0.00000000000	0.79639804669
-0.01122046637	0.01242245776	0.00000000000	0.79749808530
-0.01152146180	0.01298502072	0.00000000000	0.80290060703
-0.01159708080	0.01315499039	0.00000000000	0.80422461087
-0.01183422069	0.01385680920	0.00000000000	0.80989222487
-0.01187482471	0.01405613787	0.00000000000	0.81259050298
-0.01198544526	0.01469600183	0.00000000000	0.81764151626
-0.01199127021	0.01557729850	0.00000000000	0.82350963286
-0.01184029282	0.01652971105	0.00000000000	0.82964588330
-0.01154010173	0.01737414256	0.00000000000	0.83556205619
-0.01147843142	0.01757608239	0.00000000000	0.83843327043
-0.01101468794	0.01832072753	0.00000000000	0.84428514776
-0.01076582938	0.01873706020	0.00000000000	0.84863932432
-0.01051422608	0.01898619405	0.00000000000	0.85235337813
-0.00996953174	0.01955367801	0.00000000000	0.85789857368
-0.00956347728	0.01999845846	0.00000000000	0.86274551208
-0.00932628600	0.02015783619	0.00000000000	0.86609333321
-0.00849529516	0.02068187600	0.00000000000	0.87228441606
-0.00785307650	0.02106746629	0.00000000000	0.87769869536
-0.00774922512	0.02108430532	0.00000000000	0.87969676576
-0.00718182244	0.02117119942	0.00000000000	0.88444175567
-0.00671599640	0.02120275678	0.00000000000	0.88870287020
-0.00633380161	0.02119915200	0.00000000000	0.89257830189
-0.00600476345	0.02116933541	0.00000000000	0.89615415081
-0.00574324065	0.02112873374	0.00000000000	0.89942822953
-0.00571959173	0.02111970450	0.00000000000	0.90001038662
-0.00552506152	0.02102156321	0.00000000000	0.90299816471
-0.00533917076	0.02091803578	0.00000000000	0.90585008801
-0.00518185925	0.02081821548	0.00000000000	0.90858036362
-0.00503245431	0.02071668988	0.00000000000	0.91120057098
-0.00490774550	0.02062058799	0.00000000000	0.91372029587
-0.00478545264	0.02052328121	0.00000000000	0.91614757865
-0.00468581962	0.02043258585	0.00000000000	0.91848929377
-0.00458420196	0.02034067191	0.00000000000	0.92075143759
-0.00450401888	0.02025616428	0.00000000000	0.92293888725
-0.00442033109	0.02017036421	0.00000000000	0.92505228958
-0.00435318917	0.02009177366	0.00000000000	0.92709994900
-0.00428578676	0.02001290541	0.00000000000	0.92908889760
-0.00422673268	0.01994016456	0.00000000000	0.93101874517
-0.00417112375	0.01986761607	0.00000000000	0.93289209408
-0.00412144665	0.01980107856	0.00000000000	0.93471055543
-0.00407452704	0.01973434267	0.00000000000	0.93647650495
-0.00403259156	0.01967380211	0.00000000000	0.93819334176
-0.00399233127	0.01961256299	0.00000000000	0.93986279363
-0.00395663647	0.01955771730	0.00000000000	0.94148624001
-0.00392179990	0.01950142549	0.00000000000	0.94306550268
-0.00389875410	0.01946446707	0.00000000000	0.94441485654
-0.00387998340	0.01944775754	0.00000000000	0.94534695572
-0.00380903855	0.01939197024	0.00000000000	0.94724155488
-0.00374203417	0.01933728469	0.00000000000	0.94907463840
-0.00368045534	0.01928552160	0.00000000000	0.95084723650
-0.00362341079	0.01923653577	0.00000000000	0.95256117497
-0.00357060810	0.01919019487	0.00000000000	0.95421765461
-0.00352175777	0.01914634270	0.00000000000	0.95581892115
-0.00347659746	0.01910483984	0.00000000000	0.95736685562
-0.00343489946	0.01906557401	0.00000000000	0.95886255829
-0.00339640983	0.01902843805	0.00000000000	0.96030771369
-0.00336085881	0.01899332888	0.00000000000	0.96170452522
-0.00332800599	0.01896015279	0.00000000000	0.96305486430
-0.00329763984	0.01892882558	0.00000000000	0.96436020000
-0.00326957316	0.01889925312	0.00000000000	0.96562205088
-0.00324363923	0.01887133437	0.00000000000	0.96684198916
-0.00321967431	0.01884497695	0.00000000000	0.96802155873
-0.00319751835	0.01882009606	0.00000000000	0.96916229430
-0.00317702413	0.01879661026	0.00000000000	0.97026571023
-0.00315805883	0.01877444414	0.00000000000	0.97133316700
-0.00314050175	0.01875352688	0.00000000000	0.97236592408
-0.00312424059	0.01873378902	0.00000000000	0.97336529759
-0.00310917261	0.01871516467	0.00000000000	0.97433255295
-0.00309520553	0.01869759361	0.00000000000	0.97526878665
-0.00308225292	0.01868101641	0.00000000000	0.97617517512
-0.00307023603	0.01866537741	0.00000000000	0.97705281664
-0.00305908501	0.01865062706	0.00000000000	0.97790258243
-0.00304873241	0.01863671421	0.00000000000	0.97872552840
-0.00303911554	0.01862358956	0.00000000000	0.97952271353
-0.00303017948	0.01861121011	0.00000000000	0.98029493977
-0.00302187297	0.01859953420	0.00000000000	0.98104303695
-0.00301414804	0.01858852126	0.00000000000	0.98176788362
-0.00300696110	0.01857813371	0.00000000000	0.98247028018
-0.00300027251	0.01856833676	0.00000000000	0.98315094664
-0.00299404516	0.01855909667	0.00000000000	0.98381063873
-0.00298824499	0.01855038175	0.00000000000	0.98445007319
-0.00298284121	0.01854216300	0.00000000000	0.98506987240
-0.00297780462	0.01853441180	0.00000000000	0.98567072759
-0.00297310863	0.01852710167	0.00000000000	0.98625326656
-0.00296872914	0.01852020808	0.00000000000	0.98681804778
-0.00296464352	0.01851370709	0.00000000000	0.98736566610
-0.00296083110	0.01850757653	0.00000000000	0.98789666116
-0.00295727267	0.01850179533	0.00000000000	0.98841156727
-0.00295395028	0.01849634338	0.00000000000	0.98891092147
-0.00295084765	0.01849120222	0.00000000000	0.98939519449
-0.00294794951	0.01848635416	0.00000000000	0.98986486728
-0.00294524172	0.01848178252	0.00000000000	0.99032040277
-0.00294271121	0.01847747161	0.00000000000	0.99076224259
-0.00294034580	0.01847340661	0.00000000000	0.99119081835
-0.00293813431	0.01846957364	0.00000000000	0.99160653256
-0.00293606622	0.01846595943	0.00000000000	0.99200979518
-0.00293413184	0.01846255158	0.00000000000	0.99240098976
-0.00293232217	0.01845933840	0.00000000000	0.99278048312
-0.00293062884	0.01845630881	0.00000000000	0.99314863936
-0.00292904405	0.01845345238	0.00000000000	0.99350580578
-0.00292756057	0.01845075927	0.00000000000	0.99385231865
-0.00292617166	0.01844822020	0.00000000000	0.99418850386
-0.00292487106	0.01844582639	0.00000000000	0.99451467746
-0.00292365293	0.01844356956	0.00000000000	0.99483114660
-0.00292251182	0.01844144190	0.00000000000	0.99513821065
-0.00292144267	0.01843943600	0.00000000000	0.99543616203
-0.00292044073	0.01843754488	0.00000000000	0.99572528647
-0.00291950160	0.01843576194	0.00000000000	0.99600586081
-0.00291862119	0.01843408100	0.00000000000	0.99627814893
-0.00291779571	0.01843249629	0.00000000000	0.99654239528
-0.00291702171	0.01843100249	0.00000000000	0.99679881507
-0.00291629601	0.01842959472	0.00000000000	0.99704758927
-0.00291561604	0.01842826819	0.00000000000	0.99728887437
-0.00291498547	0.01842701369	0.00000000000	0.99752282232
-0.00291439810	0.01842583492	0.00000000000	0.99774962845
-0.00291385077	0.01842472398	0.00000000000	0.99796955682
-0.00291333865	0.01842367684	0.00000000000	0.99818292330
-0.00291285711	0.01842268956	0.00000000000	0.99839004827
-0.00291240276	0.01842175853	0.00000000000	0.99859119737
-0.00291197371	0.01842088050	0.00000000000	0.99878656023
-0.00291156929	0.01842005258	0.00000000000	0.99897626126
-0.00291118932	0.01841927207	0.00000000000	0.99916039017
-0.00291083346	0.01841853643	0.00000000000	0.99933904123
-0.00291050038	0.01841784309	0.00000000000	0.99951236472
-0.00291018775	0.01841718954	0.00000000000	0.99968057514
-0.00290989887	0.01841657409	0.00000000000	0.99984352689
-0.00290965338	0.01841599725	0.00000000000	1.00000000000
