-0.00290949569	-0.01841596822	0.00000000000
-0.00290960643	-0.01841625825	0.00000000000
-0.00290983794	-0.01841675484	0.00000000000
-0.00291018693	-0.01841748915	0.00000000000
-0.00291051204	-0.01841816151	0.00000000000
-0.00291085477	-0.01841887738	0.00000000000
-0.00291122591	-0.01841963429	0.00000000000
-0.00291161663	-0.01842043982	0.00000000000
-0.00291203699	-0.01842129145	0.00000000000
-0.00291247680	-0.01842219758	0.00000000000
-0.00291294830	-0.01842315551	0.00000000000
-0.00291344247	-0.01842417481	0.00000000000
-0.00291397579	-0.01842525269	0.00000000000
-0.00291474095	-0.01842680631	0.00000000000
-0.00291559142	-0.01842847337	0.00000000000
-0.00291650752	-0.01843027475	0.00000000000
-0.00291727003	-0.01843172068	0.00000000000
-0.00291989183	-0.01843680189	0.00000000000
-0.00292568232	-0.01844759795	0.00000000000
-0.00293321319	-0.01846126529	0.00000000000
-0.00294323321	-0.01847845889	0.00000000000
-0.00295706370	-0.01850225792	0.00000000000
-0.00299088280	-0.01855484840	0.00000000000
-0.00302931536	-0.01861180844	0.00000000000
-0.00306546297	-0.01865767498	0.00000000000
-0.00307344889	-0.01867488315	0.00000000000
-0.00309411979	-0.01868645204	0.00000000000
-0.00309472065	-0.01871069248	0.00000000000
-0.00312689798	-0.01871898927	0.00000000000
-0.00312012763	-0.01875066822	0.00000000000
-0.00316443145	-0.01875578649	0.00000000000
-0.00315033771	-0.01879534738	0.00000000000
-0.00320762674	-0.01879732260	0.00000000000
-0.00318619470	-0.01884532466	0.00000000000
-0.00325754024	-0.01884413692	0.00000000000
-0.00322864321	-0.01890125334	0.00000000000
-0.00331536525	-0.01889682025	0.00000000000
-0.00327882377	-0.01896386739	0.00000000000
-0.00338260124	-0.01895601733	0.00000000000
-0.00333812774	-0.01903395211	0.00000000000
-0.00346091398	-0.01902244401	0.00000000000
-0.00340817972	-0.01911235308	0.00000000000
-0.00355220682	-0.01909687389	0.00000000000
-0.00349073092	-0.01919996495	0.00000000000
-0.00365858506	-0.01918010335	0.00000000000
-0.00358796382	-0.01929765688	0.00000000000
-0.00378215101	-0.01927302065	0.00000000000
-0.00370186447	-0.01940644599	0.00000000000
-0.00390460434	-0.01937871355	0.00000000000
-0.00386625165	-0.01948306567	0.00000000000
-0.00394077625	-0.01943565038	0.00000000000
-0.00389816052	-0.01959493236	0.00000000000
-0.00402125919	-0.01951505419	0.00000000000
-0.00396315494	-0.01971767788	0.00000000000
-0.00410670954	-0.01962583633	0.00000000000
-0.00404194173	-0.01985103986	0.00000000000
-0.00420665272	-0.01974687140	0.00000000000
-0.00413551119	-0.01999726974	0.00000000000
-0.00432489836	-0.01987861635	0.00000000000
-0.00424732197	-0.02015682669	0.00000000000
-0.00446470070	-0.02002160720	0.00000000000
-0.00438019907	-0.02033084716	0.00000000000
-0.00463164828	-0.02017491498	0.00000000000
-0.00454218066	-0.02052008843	0.00000000000
-0.00483537981	-0.02033785669	0.00000000000
-0.00474035627	-0.02072416253	0.00000000000
-0.00508473246	-0.02050863047	0.00000000000
-0.00498454242	-0.02094289519	0.00000000000
-0.00539373243	-0.02068322879	0.00000000000
-0.00528855842	-0.02117515536	0.00000000000
-0.00570678581	-0.02089972718	0.00000000000
-0.00573160773	-0.02121638608	0.00000000000
-0.00576391385	-0.02086058286	0.00000000000
-0.00640337903	-0.02165360970	0.00000000000
-0.00626201359	-0.02067101246	0.00000000000
-0.00727070324	-0.02183486893	0.00000000000
-0.00710639979	-0.02054304957	0.00000000000
-0.00812509131	-0.02142042689	0.00000000000
-0.00730934942	-0.02027603738	0.00000000000
-0.01000682572	-0.02116673051	0.00000000000
-0.00891016453	-0.01957780289	0.00000000000
-0.01042083148	-0.02052282591	0.00000000000
-0.00947111259	-0.01840131386	0.00000000000
-0.01122003410	-0.01939581484	0.00000000000
-0.01024502862	-0.01796457456	0.00000000000
-0.01198628657	-0.01872114898	0.00000000000
-0.01112767422	-0.01684948515	0.00000000000
-0.01225368583	-0.01816374500	0.00000000000
-0.01134427745	-0.01450352149	0.00000000000
-0.01258915608	-0.01656950786	0.00000000000
-0.01156358344	-0.01340724693	0.00000000000
-0.01208731901	-0.01455372036	0.00000000000
-0.01149937148	-0.01292936586	0.00000000000
-0.01161664370	-0.01320647769	0.00000000000
-0.01119022031	-0.01227066741	0.00000000000
-0.01074421887	-0.01176232934	0.00000000000
-0.01040231608	-0.01138926622	0.00000000000
-0.01000905877	-0.01106629767	0.00000000000
-0.00991280032	-0.01098980860	0.00000000000
-0.00875511052	-0.01017272460	0.00000000000
-0.00763771206	-0.00981453562	0.00000000000
-0.00648982876	-0.00951090904	0.00000000000
-0.00620473033	-0.00945945406	0.00000000000
-0.00598702661	-0.00940353526	0.00000000000
-0.00571665218	-0.00935382905	0.00000000000
-0.00550146408	-0.00930036215	0.00000000000
-0.00524995743	-0.00924329552	0.00000000000
-0.00505800009	-0.00918984335	0.00000000000
-0.00469684832	-0.00908055395	0.00000000000
-0.00415610789	-0.00883693968	0.00000000000
-0.00368008255	-0.00857561881	0.00000000000
-0.00348029477	-0.00845610521	0.00000000000
-0.00312181077	-0.00821153222	0.00000000000
-0.00291064444	-0.00805907158	0.00000000000
-0.00276620199	-0.00795485053	0.00000000000
-0.00267496772	-0.00787553727	0.00000000000
-0.00230143591	-0.00755873650	0.00000000000
-0.00206599431	-0.00733660588	0.00000000000
-0.00170434449	-0.00705129221	0.00000000000
-0.00151546632	-0.00687177324	0.00000000000
-0.00136684955	-0.00677963821	0.00000000000
-0.00131988967	-0.00668786179	0.00000000000
-0.00120569563	-0.00672706945	0.00000000000
-0.00110956716	-0.00647077185	0.00000000000
-0.00094939682	-0.00657118536	0.00000000000
-0.00089546551	-0.00626688670	0.00000000000
-0.00072311194	-0.00636697780	0.00000000000
-0.00073198195	-0.00604778398	0.00000000000
-0.00057134675	-0.00610886705	0.00000000000
-0.00092580776	-0.00583041959	0.00000000000
-0.00069671018	-0.00566842834	0.00000000000
-0.00113775933	-0.00554514709	0.00000000000
-0.00124208805	-0.00536680072	0.00000000000
-0.00164223347	-0.00527829187	0.00000000000
-0.00190320693	-0.00515942396	0.00000000000
-0.00303515794	-0.00490145688	0.00000000000
-0.00389310227	-0.00486788030	0.00000000000
-0.00479007823	-0.00469443807	0.00000000000
-0.00489167907	-0.00467244307	0.00000000000
-0.00515045709	-0.00460791760	0.00000000000
-0.00563374447	-0.00448858388	0.00000000000
-0.00630543998	-0.00420023551	0.00000000000
-0.00676267774	-0.00388368438	0.00000000000
-0.00720234541	-0.00358406461	0.00000000000
-0.00723087812	-0.00351638023	0.00000000000
-0.00780049760	-0.00304204553	0.00000000000
-0.00768370559	-0.00307541333	0.00000000000
-0.00826499884	-0.00257789858	0.00000000000
-0.00824075574	-0.00240472814	0.00000000000
-0.00852544214	-0.00243368687	0.00000000000
-0.00868875217	-0.00143664312	0.00000000000
-0.00887179073	-0.00199336406	0.00000000000
-0.00905420295	-0.00037007350	0.00000000000
-0.00909850977	-0.00173436311	0.00000000000
-0.00923058247	0.00172895133	0.00000000000
-0.00898148101	0.00037458476	0.00000000000
-0.00896712262	0.00198277369	0.00000000000
-0.00861301699	0.00144491073	0.00000000000
-0.00860708441	0.00241333779	0.00000000000
-0.00821249959	0.00241420593	0.00000000000
-0.00832203580	0.00254107363	0.00000000000
-0.00763556075	0.00309896550	0.00000000000
-0.00783578890	0.00302136649	0.00000000000
-0.00731595819	0.00342841231	0.00000000000
-0.00720222364	0.00359892236	0.00000000000
-0.00667963076	0.00392773854	0.00000000000
-0.00641903366	0.00411206074	0.00000000000
-0.00626889413	0.00416125134	0.00000000000
-0.00600644852	0.00432739714	0.00000000000
-0.00578528923	0.00438648265	0.00000000000
-0.00565859608	0.00445430360	0.00000000000
-0.00466039749	0.00478736562	0.00000000000
-0.00372452736	0.00483505720	0.00000000000
-0.00262103804	0.00500428147	0.00000000000
-0.00241026938	0.00505349246	0.00000000000
-0.00207774597	0.00511669686	0.00000000000
-0.00207592354	0.00510987356	0.00000000000
-0.00146689499	0.00532109322	0.00000000000
-0.00139373559	0.00532392884	0.00000000000
-0.00102784025	0.00556336382	0.00000000000
-0.00076442447	0.00565249026	0.00000000000
-0.00083746649	0.00585553783	0.00000000000
-0.00060264597	0.00609921812	0.00000000000
-0.00069963468	0.00605999074	0.00000000000
-0.00075771085	0.00635266784	0.00000000000
-0.00086495658	0.00628056332	0.00000000000
-0.00097674943	0.00655393448	0.00000000000
-0.00108738584	0.00648378525	0.00000000000
-0.00122409466	0.00671228921	0.00000000000
-0.00131838072	0.00669128164	0.00000000000
-0.00137968693	0.00677482798	0.00000000000
-0.00155693561	0.00690352548	0.00000000000
-0.00177120217	0.00709598820	0.00000000000
-0.00194288166	0.00723431067	0.00000000000
-0.00212681501	0.00738761925	0.00000000000
-0.00208229089	0.00735448473	0.00000000000
-0.00244931999	0.00766258689	0.00000000000
-0.00234049999	0.00758745477	0.00000000000
-0.00279150679	0.00795260357	0.00000000000
-0.00273906784	0.00792122416	0.00000000000
-0.00324027315	0.00828520003	0.00000000000
-0.00384697268	0.00869591389	0.00000000000
-0.00490130252	0.00914734854	0.00000000000
-0.00537918169	0.00925364340	0.00000000000
-0.00583441109	0.00935969259	0.00000000000
-0.00612004611	0.00941522164	0.00000000000
-0.00647365685	0.00949948651	0.00000000000
-0.00673932933	0.00955973644	0.00000000000
-0.00697429757	0.00962260529	0.00000000000
-0.00729303317	0.00971245455	0.00000000000
-0.00768626484	0.00984053841	0.00000000000
-0.00816508288	0.01000507562	0.00000000000
-0.00871944624	0.01025198127	0.00000000000
-0.00894683783	0.01037553360	0.00000000000
-0.00910077044	0.01046140046	0.00000000000
-0.00930712601	0.01056878004	0.00000000000
-0.00971529798	0.01083231140	0.00000000000
-0.00994989328	0.01102270633	0.00000000000
-0.01021212784	0.01120504931	0.00000000000
-0.01065841972	0.01165378736	0.00000000000
-0.01067449250	0.01168806250	0.00000000000
-0.01109031169	0.01216006409	0.00000000000
-0.01122136944	0.01244221052	0.00000000000
-0.01160483504	0.01306169317	0.00000000000
-0.01188350596	0.01398454837	0.00000000000
-0.01187426105	0.01416004380	0.00000000000
-0.01215960623	0.01548469164	0.00000000000
-0.01182021009	0.01568733412	0.00000000000
-0.01187322267	0.01720577998	0.00000000000
-0.01135418379	0.01743643348	0.00000000000
-0.01165625168	0.01784585466	0.00000000000
-0.01050767637	0.01868101326	0.00000000000
-0.01100367511	0.01878350344	0.00000000000
-0.00977950860	0.01930548509	0.00000000000
-0.01014178533	0.01975529840	0.00000000000
-0.00912032043	0.02018612919	0.00000000000
-0.00961755942	0.02014766880	0.00000000000
-0.00761585514	0.02109851682	0.00000000000
-0.00799272753	0.02105053827	0.00000000000
-0.00731268104	0.02114520773	0.00000000000
-0.00705070202	0.02120200233	0.00000000000
-0.00644035327	0.02120566913	0.00000000000
-0.00624759019	0.02119610021	0.00000000000
-0.00585323496	0.02115378059	0.00000000000
-0.00572463990	0.02112787428	0.00000000000
-0.00566345691	0.02108439641	0.00000000000
-0.00535142082	0.02094360199	0.00000000000
-0.00532790233	0.02089555068	0.00000000000
-0.00504791038	0.02074800189	0.00000000000
-0.00501770995	0.02068832422	0.00000000000
-0.00480648702	0.02055864692	0.00000000000
-0.00476506945	0.02049067668	0.00000000000
-0.00461289652	0.02037924429	0.00000000000
-0.00455631120	0.02030471984	0.00000000000
-0.00442494523	0.02018254471	0.00000000000
-0.00434888335	0.02008372026	0.00000000000
-0.00425032477	0.01997336490	0.00000000000
-0.00420470349	0.01990946664	0.00000000000
-0.00413931776	0.01982810838	0.00000000000
-0.00410477060	0.01977616598	0.00000000000
-0.00404578829	0.01969465577	0.00000000000
-0.00402032568	0.01965467041	0.00000000000
-0.00396566938	0.01957248693	0.00000000000
-0.00394870783	0.01954497337	0.00000000000
-0.00390223584	0.01946985448	0.00000000000
-0.00389791358	0.01946117443	0.00000000000
-0.00381471972	0.01939750706	0.00000000000
-0.00365485727	0.01926581785	0.00000000000
-0.00347281072	0.01910471363	0.00000000000
-0.00333457351	0.01896791398	0.00000000000
-0.00319091065	0.01881657279	0.00000000000
-0.00306627373	0.01866538292	0.00000000000
-0.00295958449	0.01850989866	0.00000000000
-0.00292608528	0.01844872990	0.00000000000
-0.00291529719	0.01842764619	0.00000000000
-0.00291469356	0.01842642210	0.00000000000
-0.00291412124	0.01842528588	0.00000000000
-0.00291359724	0.01842419783	0.00000000000
-0.00291309608	0.01842318843	0.00000000000
-0.00291263290	0.01842222136	0.00000000000
-0.00291218675	0.01842132412	0.00000000000
-0.00291177385	0.01842046426	0.00000000000
-0.00291137742	0.01841966673	0.00000000000
-0.00291101298	0.01841890242	0.00000000000
-0.00291066513	0.01841819373	0.00000000000
-0.00291034603	0.01841751473	0.00000000000
-0.00290999173	0.01841678785	0.00000000000
-0.00290976658	0.01841628394	0.00000000000
-0.00290965338	0.01841599725	0.00000000000
