0.50000000000	0.00004301697	0.00000000000
0.71740228393	0.01528323045	0.00000000000
1.47405615542	0.01750570272	0.00000000000
4.08121623395	0.02327490872	0.00000000000
8.62602902002	0.04301881809	0.00000000000
15.50307140077	0.04254173900	0.00000000000
22.52553196586	0.06774433070	0.00000000000
30.37733513622	0.05909874907	0.00000000000
35.71918090433	0.06765332457	0.00000000000
39.12927503448	0.06597403351	0.00000000000
39.68154517351	0.09211542221	0.00000000000
39.90090453119	0.14584031948	0.00000000000
40.04202561877	0.22848456501	0.00000000000
40.08471603443	0.22945555895	0.00000000000
40.12232800671	0.19479774293	0.00000000000
40.17779678636	0.22849808866	0.00000000000
40.39412874903	0.07922152985	0.00000000000
41.96615086678	0.05358200031	0.00000000000
44.27393558794	0.08502066302	0.00000000000
46.43717656774	0.05484787479	0.00000000000
47.29430281343	0.20432611029	0.00000000000
47.41290973394	0.17217681894	0.00000000000
47.53985726276	0.16237143199	0.00000000000
47.61187961042	0.18435309336	0.00000000000
47.69660044102	0.13006708467	0.00000000000
47.77212989784	0.27831685670	0.00000000000
47.88531421739	0.20112333639	0.00000000000
47.94506005368	0.98568600289	0.00000000000
47.98506363306	1.03560915971	0.00000000000
48.03421492107	1.87046817437	0.00000000000
48.05639276467	1.84496307641	0.00000000000
48.13424969837	1.69787330886	0.00000000000
48.15006193243	1.28529213359	0.00000000000
48.20125792488	1.27739629865	0.00000000000
48.23779281617	0.87451103592	0.00000000000
48.28931409640	0.69191151613	0.00000000000
48.33195005119	0.37195898804	0.00000000000
48.38260347071	0.30018676400	0.00000000000
48.41800871117	0.21556911917	0.00000000000
48.52205036138	0.16970225529	0.00000000000
48.61491598670	0.16648203168	0.00000000000
48.73089308374	0.14014996468	0.00000000000
49.43126684586	0.07626682391	0.00000000000
54.15105635392	0.05840728480	0.00000000000
73.99752286525	0.06421256810	0.00000000000
94.73800290263	0.05427651398	0.00000000000
111.52183012561	0.06689195071	0.00000000000
113.23482169395	0.06275569333	0.00000000000
113.67603041453	0.07286417087	0.00000000000
113.75888113647	0.09979275526	0.00000000000
113.84912093794	0.15250193981	0.00000000000
113.92916715267	0.11771871563	0.00000000000
114.07925831731	0.07995233003	0.00000000000
114.21649530118	0.07716839231	0.00000000000
114.31126521491	0.13018257922	0.00000000000
114.40136363013	0.07315191658	0.00000000000
114.51017371161	0.06399136107	0.00000000000
115.52127871232	0.07439724013	0.00000000000
116.65136905491	0.04806279972	0.00000000000
117.84611465999	0.06443516444	0.00000000000
118.16782853674	0.02144405409	0.00000000000
118.31082822034	0.03223086447	0.00000000000
118.33999736607	0.00108489948	0.00000000000
