0.00000000000 -1.0
0.00000000000 -1.0
0.00000000000 -1.0
0.00000000000 -1.0
0.65295850058 -1.0
2.28990550044 -1.0
7.77759390622 -1.0
14.14445703803 -1.0
22.67870693405 -1.0
28.57017385703 -1.0
37.47164937479 -1.0
38.48393284500 -1.0
38.72204067770 -1.0
39.11163121711 -1.0
39.15256384527 -1.0
39.17237363117 -1.0
39.23321584419 -1.0
39.27284144782 -1.0
39.33461024872 -1.0
39.92101725430 -1.0
43.94337087390 -1.0
46.22361349696 -1.0
46.28677517642 -1.0
46.52997416490 -1.0
46.61205038590 -1.0
46.65329327084 -1.0
46.77259595568 -1.0
46.83858726818 -1.0
46.91632023122 -1.0
47.17150435033 -1.0
47.31925142211 -1.0
47.44425918457 -1.0
47.57580134314 -1.0
47.69098189781 -1.0
47.74925178297 -1.0
47.90890309231 -1.0
47.96132264109 -1.0
48.09836298481 -1.0
48.21920567157 -1.0
48.28692031065 -1.0
48.31474882513 -1.0
48.38217900196 -1.0
48.60661797046 -1.0
48.62731452341 -1.0
48.68696201808 -1.0
50.74958103831 -1.0
62.56232315171 -1.0
107.79578830301 -1.0
112.01713078373 -1.0
112.94002080461 -1.0
113.10380486042 -1.0
113.22958589398 -1.0
113.29264891870 -1.0
113.33637828311 -1.0
113.51967378297 -1.0
113.72095733486 -1.0
113.76160566583 -1.0
113.80512725329 -1.0
114.01266123634 -1.0
114.09411877040 -1.0
116.87468695978 -1.0
117.40719204978 -1.0
117.74858944765 -1.0
117.83999736607 -1.0
117.83999736607 -1.0
117.83999736607 -1.0
117.83999736607 -1.0
