-161.05240075734	719.20001220703	0.00000000000
-86.29727820983	718.70861328852	0.00000000000
-8.59477029312	721.04151529870	0.00000000000
78.14554833638	718.75685160526	0.00000000000
80.84002865495	789.85067946361	0.00000000000
97.85428851961	791.06577333668	0.00000000000
110.17259065253	783.60286125504	0.00000000000
121.71086583458	797.04344197606	0.00000000000
132.78743402694	787.42003054546	0.00000000000
142.51651367408	799.01440447516	0.00000000000
153.71427109443	797.06610579485	0.00000000000
164.66751403559	815.09217812735	0.00000000000
181.86500257684	806.29604942042	0.00000000000
188.82657783535	835.06822957498	0.00000000000
199.77441527479	829.33239621324	0.00000000000
226.85043106113	776.35649058243	0.00000000000
265.38885609114	777.68087769686	0.00000000000
297.35951010480	775.14954773468	0.00000000000
307.13549950639	774.56979521529	0.00000000000
317.97461562986	776.76733986965	0.00000000000
329.25587283152	773.75048267227	0.00000000000
336.93023553133	779.24045724568	0.00000000000
345.98916470619	773.45180530623	0.00000000000
356.21068779229	779.49146198059	0.00000000000
367.16918157926	778.81599567376	0.00000000000
373.51023320809	782.12675972456	0.00000000000
381.01298183397	784.79351836590	0.00000000000
397.22773013002	781.25559028096	0.00000000000
412.29099474582	791.86878336975	0.00000000000
425.47383401694	801.18878632650	0.00000000000
447.47069012682	825.55158953870	0.00000000000
449.13933396893	975.63686299120	0.00000000000
459.07888795501	1100.48851624793	0.00000000000
466.33316710540	964.02572583043	0.00000000000
468.33407076956	849.57330249599	0.00000000000
480.45714052214	801.33060714776	0.00000000000
486.19655618081	790.39998117531	0.00000000000
489.99849973079	782.04108330392	0.00000000000
522.60060533455	763.65485601235	0.00000000000
538.40928009570	847.02498698421	0.00000000000
551.63596372695	941.09919227576	0.00000000000
557.89537469325	974.82775424628	0.00000000000
561.55027324290	994.90564648926	0.00000000000
571.39025025832	1002.13684782047	0.00000000000
574.72036008124	988.75871110257	0.00000000000
595.33273333493	900.62104180839	0.00000000000
606.79559210390	788.95298435502	0.00000000000
647.23730772091	772.84777349839	0.00000000000
653.98457310506	766.27348051095	0.00000000000
666.88857184961	766.00163499087	0.00000000000
677.77784133748	762.15214543969	0.00000000000
686.51644793936	760.76713905145	0.00000000000
692.85518000128	759.74385609091	0.00000000000
713.02688396139	757.79258119521	0.00000000000
740.19750531883	758.23706328102	0.00000000000
790.57720811329	751.12624730295	0.00000000000
840.01840944814	747.42795378317	0.00000000000
889.66060852230	752.33661333104	0.00000000000
921.28605282392	756.49425467122	0.00000000000
940.92494337973	758.01945629893	0.00000000000
966.87400351142	760.51410452757	0.00000000000
1012.50635442362	757.78708430390	0.00000000000
1058.42935878725	749.23093625289	0.00000000000
1102.08394903783	752.34535350090	0.00000000000
1124.56666005655	761.30128795508	0.00000000000
1145.79695234420	758.96530471244	0.00000000000
1162.25723921205	759.28695682600	0.00000000000
1189.71990736413	745.86683898560	0.00000000000
1258.28692579643	739.03152267065	0.00000000000
1430.94694217834	729.31499729844	0.00000000000
1632.97029559919	733.99839771312	0.00000000000
1859.15233290920	725.92584948214	0.00000000000
2270.91545911936	725.21326040058	0.00000000000
2630.66265966389	722.49002168187	0.00000000000
2917.05581748812	729.12612918322	0.00000000000
2936.76938422411	726.29597142997	0.00000000000
3176.53775558107	726.01519951520	0.00000000000
3410.12400497483	723.94367780384	0.00000000000
3625.96994057706	729.84318920839	0.00000000000
3628.92909857509	733.29911183231	0.00000000000
3633.04008647238	730.52237222636	0.00000000000
3639.15195180833	733.77148211126	0.00000000000
3688.84898712950	724.92619880683	0.00000000000
3739.73381277617	732.99307551804	0.00000000000
3785.05273100123	732.70001220703	0.00000000000
