1	0.000154092893662
2	0.000139051130091
3	0.000126107328486
4	0.000119105842655
5	0.000104678674227
6	0.000065773181025
7	0.000063981386645
8	0.000057744271508
9	0.000047546582042
10	0.000040654466849
11	0.000037575799984
12	0.000037090028239
13	0.000036156071221
14	0.000033847046719
15	0.000031214523357
17	0.000029643116389
18	0.000029127403268
19	0.000028610057357
20	0.000028185631871
21	0.000027633351737
22	0.000026602273482
23	0.000021452123491
24	0.000015142826814
25	0.000013370931421
27	0.000012643120819
28	0.000012437832337
29	0.000012285656599
30	0.000011338472608
31	0.000009155201495
32	0.000008632969692
33	0.000007931808329
35	0.000007818792633
36	0.000007473710047
37	0.000007369844587
38	0.000007265234903
39	0.000007164248139
40	0.000007040702083
43	0.000006921257900
45	0.000006921257900
47	0.000006804484504
48	0.000006653610492
51	0.000006563788841
53	0.000006563788841
56	0.000006462780064
64	0.000006441118716
65	0.000006283705280
68	0.000006087515412
75	0.000005990826321
76	0.000005684314033
77	0.000005627007029
78	0.000005536332447
81	0.000005477729744
85	0.000005474000375
89	0.000005369516999
90	0.000005276086776
97	0.000005217587549
