-161.05240075734	719.20001220703	0.00000000000	0.00000000000
-157.90137749802	719.18084647757	0.00000000000	0.00064549929
-154.75633569774	719.16473805516	0.00000000000	0.00129040074
-151.58723485507	719.15145992293	0.00000000000	0.00194086487
-148.44290904650	719.14111658779	0.00000000000	0.00258686336
-145.28944888518	719.13347545955	0.00000000000	0.00323535336
-142.15924340798	719.12849746113	0.00000000000	0.00387966528
-139.02528898694	719.12601568582	0.00000000000	0.00452534693
-135.83914527533	719.12595592908	0.00000000000	0.00518238934
-132.71595419218	719.12820631514	0.00000000000	0.00582704001
-129.56090545909	719.13269764888	0.00000000000	0.00647885455
-126.42778492272	719.13926127815	0.00000000000	0.00712671876
-123.31766648957	719.14774830705	0.00000000000	0.00777039305
-120.19103386211	719.15815808409	0.00000000000	0.00841804883
-117.04902454484	719.17041155646	0.00000000000	0.00906945385
-113.92021916363	719.18429463175	0.00000000000	0.00971867802
-110.79455855321	719.19973407021	0.00000000000	0.01036779891
-107.68760796526	719.21653262398	0.00000000000	0.01101357292
-104.57667236305	719.23469848548	0.00000000000	0.01166070800
-101.46022877897	719.25414169344	0.00000000000	0.01230951798
-98.33679362209	719.27477277738	0.00000000000	0.01296030940
-95.20492040557	719.29650219527	0.00000000000	0.01361338196
-92.09742304121	719.31898740593	0.00000000000	0.01426188358
-88.97142227713	719.34242800244	0.00000000000	0.01491475560
-85.89474211808	719.36619758230	0.00000000000	0.01555781978
-82.82404679344	719.39050749340	0.00000000000	0.01620011506
-79.75296147642	719.41530213400	0.00000000000	0.01684296800
-76.68462551183	719.44045087948	0.00000000000	0.01748571536
-73.60956176865	719.46592658875	0.00000000000	0.01813033767
-70.54900755440	719.49144702291	0.00000000000	0.01877237558
-67.46375034652	719.51723303035	0.00000000000	0.01942005157
-64.40847986175	719.54272132965	0.00000000000	0.02006187797
-61.34947817137	719.56808767728	0.00000000000	0.02070492649
-58.29934586865	719.59312220609	0.00000000000	0.02134654146
-55.23992570399	719.61786733278	0.00000000000	0.02199053667
-52.10397731217	719.64273926941	0.00000000000	0.02265107791
-49.02407576448	719.66657046674	0.00000000000	0.02330023839
-45.98390840024	719.68940646035	0.00000000000	0.02394143076
-42.94612781381	719.71143533603	0.00000000000	0.02458251754
-39.88339031262	719.73273841335	0.00000000000	0.02522926773
-36.85030144952	719.75283066780	0.00000000000	0.02587014359
-33.82029372724	719.77179746172	0.00000000000	0.02651074647
-30.79254262380	719.78954026754	0.00000000000	0.02715124377
-27.76622527727	719.80595938583	0.00000000000	0.02779180288
-24.73031187224	719.82100173466	0.00000000000	0.02843475386
-21.70204627071	719.83447283108	0.00000000000	0.02907643904
-18.67591537004	719.84629691794	0.00000000000	0.02971801885
-15.62093592338	719.85646357874	0.00000000000	0.03036606052
-12.56804087409	719.86473586664	0.00000000000	0.03101400063
-9.54814282796	719.87095335743	0.00000000000	0.03165526627
-6.50925815660	719.87512719169	0.00000000000	0.03230088744
-2.89724630463	719.87721864287	0.00000000000	0.03306868513
0.62568606027	719.87608824821	0.00000000000	0.03381797061
4.29193822800	719.87140034111	0.00000000000	0.03459817149
7.69909868152	719.86366461524	0.00000000000	0.03532362221
10.74880605988	719.85384787338	0.00000000000	0.03597327208
13.75047841026	719.84140387095	0.00000000000	0.03661296686
16.75039808655	719.82610179017	0.00000000000	0.03725255670
19.75253170229	719.80781310373	0.00000000000	0.03789288104
22.79528253749	719.78612938192	0.00000000000	0.03854213005
25.78695515947	719.76161175516	0.00000000000	0.03918073040
28.78410084778	719.73376179413	0.00000000000	0.03982074138
31.78514098528	719.70247089086	0.00000000000	0.04046182063
34.88002948441	719.66651857758	0.00000000000	0.04112318889
37.89345393753	719.62780743873	0.00000000000	0.04176737717
40.87806166186	719.58575425876	0.00000000000	0.04240562108
43.86041332842	719.53993583682	0.00000000000	0.04304359070
46.84212336566	719.49022647960	0.00000000000	0.04368162467
49.82480471399	719.43649217025	0.00000000000	0.04432006173
52.80374202023	719.37871716171	0.00000000000	0.04495788585
55.80017030887	719.31635377665	0.00000000000	0.04559963847
58.78154504569	719.25580561699	0.00000000000	0.04623860639
61.75151041103	719.33919494920	0.00000000000	0.04688197916
64.61559641266	719.84385044617	0.00000000000	0.04752191772
67.41398778058	721.10560044593	0.00000000000	0.04818224814
70.18068463029	723.66547137667	0.00000000000	0.04889479204
73.84435826144	731.12735208061	0.00000000000	0.05002332955
77.67068533339	747.49490770777	0.00000000000	0.05159638407
80.46565646208	763.66912893707	0.00000000000	0.05295148410
83.43434125282	778.02839864853	0.00000000000	0.05428251000
86.19281177683	785.90705298301	0.00000000000	0.05528303061
89.73088081206	789.89223496844	0.00000000000	0.05629560266
92.51687148963	790.46941675925	0.00000000000	0.05698120007
95.58693065868	790.12653976483	0.00000000000	0.05769880699
98.81397016907	789.34303779388	0.00000000000	0.05843992742
101.70099178640	788.53290044763	0.00000000000	0.05909922098
104.59272580396	787.83535249658	0.00000000000	0.05976222896
107.67813820573	787.46369704846	0.00000000000	0.06047954790
110.91105362348	787.81556235183	0.00000000000	0.06125140612
114.21834349298	789.38834651955	0.00000000000	0.06207451602
116.75729045534	791.21164432022	0.00000000000	0.06272342768
120.05047140563	793.14275642425	0.00000000000	0.06355291803
122.77470177408	793.51055224110	0.00000000000	0.06420467363
126.26161295897	792.60885242909	0.00000000000	0.06499534707
129.15586249423	791.61423238912	0.00000000000	0.06563311498
132.09981216548	791.12447628215	0.00000000000	0.06627877397
135.13329727333	791.90275968224	0.00000000000	0.06695367558
138.16186801738	793.92222805396	0.00000000000	0.06763802093
141.34586627180	796.26166399037	0.00000000000	0.06835453728
144.35583832539	797.63116090608	0.00000000000	0.06901635043
147.32225975059	798.14930909733	0.00000000000	0.06965904205
150.26267503784	798.61735770001	0.00000000000	0.07030687399
153.15280904230	799.85436613100	0.00000000000	0.07097676121
156.80128034668	802.90656597883	0.00000000000	0.07187674995
159.31860645109	805.43409005597	0.00000000000	0.07251143367
162.68332694727	808.38724311578	0.00000000000	0.07334026922
165.41847515754	809.84720561208	0.00000000000	0.07397560470
168.29097833912	810.55074184647	0.00000000000	0.07460928639
171.62017744900	810.92611882486	0.00000000000	0.07532507943
174.56627219814	811.33584197654	0.00000000000	0.07596010492
177.75629709004	812.39837210081	0.00000000000	0.07667004486
180.48292575947	814.38325961512	0.00000000000	0.07731690136
183.95816264080	819.73213375577	0.00000000000	0.07824836840
186.33658858318	825.21935803045	0.00000000000	0.07896961940
189.78414335548	831.86183890894	0.00000000000	0.08004052987
192.78302267985	832.87384180557	0.00000000000	0.08088840371
195.79612277608	830.83049171685	0.00000000000	0.08169723870
198.69779921100	827.85885541086	0.00000000000	0.08249307383
201.57418321500	824.18697684462	0.00000000000	0.08329532432
204.38040755009	820.11986667871	0.00000000000	0.08408459968
207.84981662931	814.77969024107	0.00000000000	0.08505954393
211.69264631102	808.97333336692	0.00000000000	0.08612448472
214.04562321503	805.70602310723	0.00000000000	0.08676278831
216.48348769823	802.62340028193	0.00000000000	0.08741155835
219.98600610804	798.68173657683	0.00000000000	0.08832357866
222.85880178556	795.83161527994	0.00000000000	0.08905592809
225.54053267680	793.44918665095	0.00000000000	0.08972823426
228.50684295959	791.09623004885	0.00000000000	0.09046045061
231.80587295133	788.79283589638	0.00000000000	0.09126219348
234.59050464571	787.07993689211	0.00000000000	0.09192970336
238.00446171290	785.23908741854	0.00000000000	0.09273784466
240.91706997490	783.87190738358	0.00000000000	0.09341937666
243.99880310380	782.60824464159	0.00000000000	0.09413344617
246.83363224298	781.59561852463	0.00000000000	0.09478463019
250.29428360356	780.53338535997	0.00000000000	0.09557310752
253.08259220519	779.80183183481	0.00000000000	0.09620388370
255.88907817286	779.16510145802	0.00000000000	0.09683525657
258.70636260663	778.61545672358	0.00000000000	0.09746600128
261.83173086865	778.09799002053	0.00000000000	0.09816270639
264.73166085459	777.69316626330	0.00000000000	0.09880684078
267.78284677692	777.33372018269	0.00000000000	0.09948270103
270.72520075051	777.04084340160	0.00000000000	0.10013313281
274.06503771307	776.75919288514	0.00000000000	0.10087046613
276.94820388488	776.54865720484	0.00000000000	0.10150665816
279.84019283317	776.35792401122	0.00000000000	0.10214496025
282.89741223474	776.16816065611	0.00000000000	0.10282039905
285.75512554356	775.99214771032	0.00000000000	0.10345284008
288.59384123953	775.80933630431	0.00000000000	0.10408255310
291.54766303050	775.60146815993	0.00000000000	0.10473989388
294.92014169365	775.34984840358	0.00000000000	0.10549551339
297.89612247899	775.13968626686	0.00000000000	0.10617053444
300.65902126157	774.99126731258	0.00000000000	0.10680403077
303.85803270917	774.94013388183	0.00000000000	0.10754072513
306.70142979910	775.05665009194	0.00000000000	0.10819369893
309.65899411613	775.31076676569	0.00000000000	0.10886838931
312.43501850703	775.57485744364	0.00000000000	0.10949710189
315.74119187780	775.79327108958	0.00000000000	0.11023973932
318.57124978476	775.79326443389	0.00000000000	0.11086983495
321.69666849080	775.49607423030	0.00000000000	0.11155958277
324.60442716639	775.10038751057	0.00000000000	0.11219894172
327.46230791474	774.97637335683	0.00000000000	0.11283153089
330.57163219292	775.57736367912	0.00000000000	0.11353205104
333.46785535754	776.67066585778	0.00000000000	0.11419668430
336.25815510861	777.47696285370	0.00000000000	0.11484164062
339.64832225908	777.13538428478	0.00000000000	0.11562205108
342.38260654872	776.05434673859	0.00000000000	0.11624991359
345.39697994406	775.32657113176	0.00000000000	0.11695006716
348.37381957073	775.58846461052	0.00000000000	0.11765014681
351.04503847827	776.34877862321	0.00000000000	0.11827770144
354.41876821035	777.50774257003	0.00000000000	0.11905784495
357.21017962839	778.24928118794	0.00000000000	0.11968501641
360.21328186243	778.74212846629	0.00000000000	0.12034446403
363.16112670829	779.10064741626	0.00000000000	0.12098856840
366.22048109775	779.53434598544	0.00000000000	0.12166667324
369.05782246786	780.18518431572	0.00000000000	0.12231772113
371.81439723713	781.25730205279	0.00000000000	0.12298585291
375.20772145881	782.70406344614	0.00000000000	0.12383113691
378.08417121923	783.42994280956	0.00000000000	0.12452487857
380.84988754609	783.73261941088	0.00000000000	0.12516841624
383.60950930694	783.79866602906	0.00000000000	0.12579484476
386.68965312019	783.74546597539	0.00000000000	0.12648288891
389.89339293828	783.70477811279	0.00000000000	0.12719349448
393.06051534855	783.83762046407	0.00000000000	0.12789819514
395.88821463215	784.23575672806	0.00000000000	0.12853521990
398.62402482861	784.92719879444	0.00000000000	0.12916113757
401.56363145962	785.98173202797	0.00000000000	0.12984345887
404.27230974621	787.20946010077	0.00000000000	0.13048019463
407.21237548456	788.78175843425	0.00000000000	0.13117880261
410.37992433090	790.70321693846	0.00000000000	0.13193852661
413.34479854689	792.66053555666	0.00000000000	0.13265452339
416.77368394619	795.04056414490	0.00000000000	0.13348607248
419.49863145303	796.96784369161	0.00000000000	0.13414820470
422.03331775802	798.82961958592	0.00000000000	0.13477312624
425.01788103856	801.29988427190	0.00000000000	0.13554549324
428.09958813094	804.53704443182	0.00000000000	0.13640971109
431.32372196525	809.38753954276	0.00000000000	0.13740724290
433.72799415564	814.70032206376	0.00000000000	0.13823194145
436.66690551855	824.14272442400	0.00000000000	0.13936388124
439.88048865403	839.52771851013	0.00000000000	0.14081057779
443.06198855545	862.33086059013	0.00000000000	0.14254938801
445.79388175813	890.76744448180	0.00000000000	0.14439116458
448.64884512012	932.24884000322	0.00000000000	0.14675734022
451.42473406380	982.55384496505	0.00000000000	0.14938594995
454.48489189503	1037.08288883432	0.00000000000	0.15214007334
457.91377112410	1082.27571898603	0.00000000000	0.15465539712
460.00472970842	1078.29490021916	0.00000000000	0.15611101933
463.32890030385	1014.20687484369	0.00000000000	0.15883612437
466.35934934360	942.23046832503	0.00000000000	0.16193016452
469.19783292760	886.26056005448	0.00000000000	0.16469867748
472.10714866238	849.00110865894	0.00000000000	0.16692956884
474.95579287911	826.36091389152	0.00000000000	0.16862621664
477.97425941696	811.44513370630	0.00000000000	0.17007280731
480.81302827301	802.42297290990	0.00000000000	0.17116484147
483.97414525485	794.85804406128	0.00000000000	0.17222784538
487.10295321905	788.26485507789	0.00000000000	0.17328495354
488.79742237625	784.73442864017	0.00000000000	0.17390771848
492.38963237394	780.76017289495	0.00000000000	0.17486753342
495.56525042316	779.29633319788	0.00000000000	0.17552296049
498.48572364565	778.50920724644	0.00000000000	0.17614542167
501.83379066072	778.29586276782	0.00000000000	0.17689054198
504.89559325237	778.80673994256	0.00000000000	0.17760444703
507.53541558960	779.84086819088	0.00000000000	0.17824745674
510.27163587892	781.54722172962	0.00000000000	0.17894351956
512.64531743103	783.59708779814	0.00000000000	0.17957407392
514.99355259956	786.19156351562	0.00000000000	0.18022462006
518.80889263956	791.73545829066	0.00000000000	0.18134486229
521.68309260367	797.12293107515	0.00000000000	0.18224701334
524.73692884160	804.13182248833	0.00000000000	0.18326808366
527.57743942718	811.97468858580	0.00000000000	0.18428308560
530.09713942185	820.11311982129	0.00000000000	0.18524254265
533.34671952885	832.41546669255	0.00000000000	0.18657192647
536.29281407873	845.48002035843	0.00000000000	0.18787674864
539.59221024121	862.39759272851	0.00000000000	0.18946124175
542.26262420822	877.85528520582	0.00000000000	0.19084321925
545.01851408438	895.30509497893	0.00000000000	0.19236014185
547.69442892184	913.33688999113	0.00000000000	0.19390696102
550.63411468568	933.05484898189	0.00000000000	0.19558791035
553.88180552754	952.75682666534	0.00000000000	0.19725708729
556.55974589574	967.64845651425	0.00000000000	0.19855687384
559.36888639023	982.60053533568	0.00000000000	0.20000323985
562.64047593106	993.20366752789	0.00000000000	0.20130796441
565.02797594648	996.80131907478	0.00000000000	0.20193677728
568.39590894748	999.03213926362	0.00000000000	0.20269998496
570.86568622296	998.22715507151	0.00000000000	0.20333419655
574.23391750736	990.43784094235	0.00000000000	0.20455212338
576.64062893095	980.52285639305	0.00000000000	0.20560859586
579.52737492477	967.75076556749	0.00000000000	0.20688322881
582.87891432521	951.83581072827	0.00000000000	0.20842996759
585.48013913606	938.82897585840	0.00000000000	0.20967390868
588.80907287192	921.66827094442	0.00000000000	0.21130320679
591.55683202160	907.38463950360	0.00000000000	0.21266133038
593.95474596130	895.07814488695	0.00000000000	0.21384184337
596.94029091833	880.25327755401	0.00000000000	0.21528810664
600.17203932167	865.14328994574	0.00000000000	0.21680490151
602.67777874402	854.26040934532	0.00000000000	0.21793588605
605.43077367690	843.23207757272	0.00000000000	0.21912710732
608.83688228232	830.97714767895	0.00000000000	0.22052292000
611.83822733623	821.43479341448	0.00000000000	0.22168156604
613.89245252365	815.55418847726	0.00000000000	0.22243737738
617.12362168071	807.31133291703	0.00000000000	0.22356827995
619.94508893154	801.05199083270	0.00000000000	0.22450153060
623.41904189817	794.44166632261	0.00000000000	0.22558688936
625.79482705239	790.55898086643	0.00000000000	0.22629193720
628.90547884329	786.18904576502	0.00000000000	0.22717329451
632.20645550379	782.35938622495	0.00000000000	0.22806116689
634.69167747698	779.97642736460	0.00000000000	0.22870017452
637.42533848355	777.81016761863	0.00000000000	0.22937621963
640.05508942722	776.13669101403	0.00000000000	0.23000253325
643.03196228154	774.54035161996	0.00000000000	0.23070118850
645.60408256779	773.16738191158	0.00000000000	0.23132296308
649.17384171627	770.77126030616	0.00000000000	0.23227500228
651.85823836275	768.75713454990	0.00000000000	0.23304324277
654.71034108306	767.28570308518	0.00000000000	0.23379828897
657.35710346148	766.55528687696	0.00000000000	0.23442969835
660.19856705525	766.09977907423	0.00000000000	0.23506789453
663.25045147222	765.72927902327	0.00000000000	0.23573272629
666.10875045320	765.30182577216	0.00000000000	0.23635381754
668.93920913318	764.73069010554	0.00000000000	0.23697682206
672.07936630769	763.97322089737	0.00000000000	0.23768079221
674.77367692760	763.26720045446	0.00000000000	0.23829862786
677.39360642471	762.57729816745	0.00000000000	0.23891486533
680.13171205633	761.90725263063	0.00000000000	0.23957922024
683.50812753893	761.24719881370	0.00000000000	0.24043351518
686.24432530831	760.80834939874	0.00000000000	0.24113715507
688.77099504572	760.41387037227	0.00000000000	0.24177445481
691.77974707186	759.97829480561	0.00000000000	0.24250929034
694.71178062129	759.60960824235	0.00000000000	0.24319500343
697.44330327256	759.31688773651	0.00000000000	0.24381204852
700.32605794403	759.05130099923	0.00000000000	0.24445286956
703.40758689719	758.80916486057	0.00000000000	0.24513837053
706.24353502250	758.61997716109	0.00000000000	0.24577513021
708.96730250389	758.46503099205	0.00000000000	0.24639178104
711.77558539613	758.32884905154	0.00000000000	0.24703225040
714.91800593931	758.19963850338	0.00000000000	0.24775384971
717.74735721642	758.09919508957	0.00000000000	0.24840730834
720.39785032682	758.01429730795	0.00000000000	0.24902205580
723.05181618775	757.93396864288	0.00000000000	0.24963952739
725.81463382102	757.85075022002	0.00000000000	0.25028371182
728.72417932877	757.75828725404	0.00000000000	0.25096287891
731.46532813059	757.66163569063	0.00000000000	0.25160273402
734.11175509939	757.55503102008	0.00000000000	0.25221981485
737.29446268701	757.40358678326	0.00000000000	0.25296020191
740.60327751922	757.21215351331	0.00000000000	0.25372685269
743.34439540506	757.02220766385	0.00000000000	0.25435882235
746.02209442533	756.80864375450	0.00000000000	0.25497324885
748.78723840843	756.56228077493	0.00000000000	0.25560503720
751.48986464170	756.29931429512	0.00000000000	0.25622021349
754.43242507077	755.99163907071	0.00000000000	0.25688775258
757.15106046903	755.69076375919	0.00000000000	0.25750273274
760.06259277770	755.35422239320	0.00000000000	0.25815981939
762.81411074657	755.02563516871	0.00000000000	0.25877965465
765.56878505749	754.68935689511	0.00000000000	0.25939939431
768.56083706198	754.31913881409	0.00000000000	0.26007196503
771.82379098623	753.91366767752	0.00000000000	0.26080517505
774.56326771360	753.57518344014	0.00000000000	0.26142089086
777.32766881937	753.23842542178	0.00000000000	0.26204264161
780.26568081623	752.88897072702	0.00000000000	0.26270423782
782.98125212896	752.57548681864	0.00000000000	0.26331661979
785.75894179843	752.26490111581	0.00000000000	0.26394387291
788.46709479389	751.97242792054	0.00000000000	0.26455624932
791.17043120588	751.69118154298	0.00000000000	0.26516833560
793.91042069263	751.41757587991	0.00000000000	0.26578952070
796.73876062332	751.14782253736	0.00000000000	0.26643156445
799.47093209008	750.90003189852	0.00000000000	0.26705256124
802.17233746274	750.66793446517	0.00000000000	0.26766730702
804.86430886969	750.44994283112	0.00000000000	0.26828062463
807.69706691507	750.23546536149	0.00000000000	0.26892677596
810.73871294459	750.02289707880	0.00000000000	0.26962141990
813.80296724041	749.82807290297	0.00000000000	0.27032208999
817.00160035026	749.64624955221	0.00000000000	0.27105438585
819.66872593372	749.51210715776	0.00000000000	0.27166568113
822.37220147739	749.39292160637	0.00000000000	0.27228592426
825.06214770681	749.29164506620	0.00000000000	0.27290366323
827.89098190634	749.20436351375	0.00000000000	0.27355392477
830.56601922990	749.14051677402	0.00000000000	0.27416940758
833.33088617183	749.09419643988	0.00000000000	0.27480612767
836.03178073192	749.06881344224	0.00000000000	0.27542865654
838.69865622558	749.06355578518	0.00000000000	0.27604385188
841.62781175077	749.08109295331	0.00000000000	0.27672011107
844.99552836413	749.13230019697	0.00000000000	0.27749831909
847.99527189233	749.20670161309	0.00000000000	0.27819209785
850.72688686562	749.29867899002	0.00000000000	0.27882433321
853.44057084032	749.41269058367	0.00000000000	0.27945278919
856.10243392171	749.54545353162	0.00000000000	0.28006948529
858.79909008361	749.70003681638	0.00000000000	0.28069436466
861.47007770671	749.87202350136	0.00000000000	0.28131329776
864.23254966097	750.06852993122	0.00000000000	0.28195330489
866.88483532894	750.27393316244	0.00000000000	0.28256754386
869.85409910213	750.52200866447	0.00000000000	0.28325476731
872.70399755301	750.77677701473	0.00000000000	0.28391379850
875.49251390581	751.04055855521	0.00000000000	0.28455796102
878.16209048254	751.30536044380	0.00000000000	0.28517390087
881.04461739501	751.60347614366	0.00000000000	0.28583802050
884.08404254003	751.93003831631	0.00000000000	0.28653706476
886.73588702506	752.22396046857	0.00000000000	0.28714581738
889.44544003735	752.53177682810	0.00000000000	0.28776659400
892.10732774996	752.84046173449	0.00000000000	0.28837515154
894.84047362132	753.16260005676	0.00000000000	0.28899885167
897.59122105538	753.49065675893	0.00000000000	0.28962587955
900.50324802287	753.84051480489	0.00000000000	0.29028947314
903.32481754482	754.18041376945	0.00000000000	0.29093280840
906.35704815390	754.54485939705	0.00000000000	0.29162519130
909.54770128461	754.92528454286	0.00000000000	0.29235561816
912.20768650253	755.23836378137	0.00000000000	0.29296660445
914.86444756026	755.54586893615	0.00000000000	0.29357922423
917.55339653274	755.85032757512	0.00000000000	0.29420219922
920.20170542130	756.14200403772	0.00000000000	0.29481917416
922.92363623654	756.43166172219	0.00000000000	0.29545741682
925.62494914798	756.70720275840	0.00000000000	0.29609557299
928.18773874037	756.95591186896	0.00000000000	0.29670598382
930.84223619168	757.19875855113	0.00000000000	0.29734397248
933.47374355864	757.42657337740	0.00000000000	0.29798187743
936.62818475973	757.69088609978	0.00000000000	0.29875178286
939.82417128524	757.95938393669	0.00000000000	0.29953516728
942.38942169879	758.18279351424	0.00000000000	0.30016451637
945.56075174554	758.46500695927	0.00000000000	0.30094103729
948.21432180087	758.69315853617	0.00000000000	0.30158783007
950.79617738795	758.89672408168	0.00000000000	0.30221317227
953.55332909080	759.08312992329	0.00000000000	0.30287534602
956.25029856414	759.23020872728	0.00000000000	0.30351712359
959.03320803751	759.34714738417	0.00000000000	0.30417377397
961.66187232416	759.42679299195	0.00000000000	0.30478935935
964.26768518843	759.47764988017	0.00000000000	0.30539558854
967.25631931854	759.50319906806	0.00000000000	0.30608652811
970.06731415643	759.49678263047	0.00000000000	0.30673268207
973.06092514957	759.45904132602	0.00000000000	0.30741740660
975.72323073674	759.39987509635	0.00000000000	0.30802384220
978.52714651700	759.31260815993	0.00000000000	0.30866041211
981.20211278034	759.20643238598	0.00000000000	0.30926606195
983.88477129685	759.07832748010	0.00000000000	0.30987220882
986.57532266813	758.92888263522	0.00000000000	0.31047924517
989.28171634577	758.75812104185	0.00000000000	0.31108931052
992.02148049598	758.56508775979	0.00000000000	0.31170670590
994.97880083508	758.33472744098	0.00000000000	0.31237333387
997.66316214153	758.10649908328	0.00000000000	0.31297900009
1000.42350234213	757.85342286569	0.00000000000	0.31360275555
1003.10164483242	757.59058397127	0.00000000000	0.31420921819
1006.08683466093	757.27811658452	0.00000000000	0.31488714688
1008.74019394948	756.98360818201	0.00000000000	0.31549183299
1011.41262574439	756.67144779557	0.00000000000	0.31610327340
1014.08374089268	756.34459479858	0.00000000000	0.31671710990
1016.92220285784	755.98341937147	0.00000000000	0.31737217051
1019.68455033715	755.62113137682	0.00000000000	0.31801207784
1022.41807662365	755.25506265729	0.00000000000	0.31864732082
1025.06328022493	754.89643467427	0.00000000000	0.31926362841
1027.66323984625	754.54239042109	0.00000000000	0.31987061395
1030.61179062182	754.14233362516	0.00000000000	0.32056006109
1033.58358670664	753.74442793015	0.00000000000	0.32125566937
1036.37881818303	753.37853671927	0.00000000000	0.32191020215
1039.17436338311	753.02405708229	0.00000000000	0.32256465966
1042.20188206868	752.65682856274	0.00000000000	0.32327280981
1044.98091514186	752.33836383073	0.00000000000	0.32392187178
1047.56832549154	752.06065030683	0.00000000000	0.32452501288
1050.17517061329	751.80167015171	0.00000000000	0.32513124329
1052.78911357617	751.56535044428	0.00000000000	0.32573737933
1055.39763923146	751.35514286971	0.00000000000	0.32634023277
1058.02358844819	751.17160983580	0.00000000000	0.32694479046
1060.68370147316	751.01659351014	0.00000000000	0.32755456299
1063.44405680577	750.89085547380	0.00000000000	0.32818420926
1066.16877951698	750.80394165198	0.00000000000	0.32880235391
1068.90915943050	750.75580642022	0.00000000000	0.32942040994
1071.61054913420	750.74871347238	0.00000000000	0.33002588516
1074.34458772850	750.78412028278	0.00000000000	0.33063519570
1077.06152112964	750.86368069997	0.00000000000	0.33123808818
1079.94580291918	750.99892361416	0.00000000000	0.33187622237
1082.74161689944	751.18253069619	0.00000000000	0.33249383580
1085.49836547751	751.41696859835	0.00000000000	0.33310277728
1088.22695137871	751.70418400650	0.00000000000	0.33370629216
1090.94055516151	752.04747744404	0.00000000000	0.33430810395
1093.72817814045	752.46374822227	0.00000000000	0.33492888948
1096.41747243423	752.93044214566	0.00000000000	0.33553111605
1099.08530117717	753.46053565176	0.00000000000	0.33613264184
1101.98300728737	754.10589360265	0.00000000000	0.33679084401
1104.64385120524	754.74647668606	0.00000000000	0.33739913933
1107.25955123785	755.40512907330	0.00000000000	0.33800017693
1109.98224247320	756.10421840105	0.00000000000	0.33862840103
1113.14856342910	756.91068858579	0.00000000000	0.33936143633
1115.73818881752	757.54572068424	0.00000000000	0.33996218817
1118.32898309288	758.14169122880	0.00000000000	0.34056365541
1120.94759474470	758.68778487850	0.00000000000	0.34117139927
1123.65640198681	759.17595349861	0.00000000000	0.34179920681
1126.26105716408	759.55568333601	0.00000000000	0.34240139951
1128.88817989889	759.83426063807	0.00000000000	0.34300669788
1131.51883767852	759.99355729017	0.00000000000	0.34361010951
1134.18093872663	760.01881984813	0.00000000000	0.34421739463
1136.96882133758	759.88733281829	0.00000000000	0.34484919298
1139.86395308869	759.64098561114	0.00000000000	0.34550088797
1142.68555122556	759.41715596389	0.00000000000	0.34613252645
1145.40535159990	759.25940840628	0.00000000000	0.34673944654
1148.11519149183	759.12884683560	0.00000000000	0.34734409656
1150.82636751959	758.99243175777	0.00000000000	0.34795083216
1153.53214388845	758.81764142213	0.00000000000	0.34856002322
1156.25521047452	758.56782169398	0.00000000000	0.34917881990
1159.20880670528	758.16866051971	0.00000000000	0.34985906614
1161.77475768266	757.67355161310	0.00000000000	0.35046003617
1164.29474282684	757.04154916845	0.00000000000	0.35105989546
1166.84259534434	756.27545146625	0.00000000000	0.35167478384
1169.36235364188	755.41612501647	0.00000000000	0.35228958474
1172.33697585703	754.30830268628	0.00000000000	0.35302147324
1174.79846617779	753.34748229120	0.00000000000	0.35362994265
1177.75666805597	752.18279351963	0.00000000000	0.35436172760
1180.61698744885	751.09052272982	0.00000000000	0.35506689458
1183.36903497396	750.11128521187	0.00000000000	0.35574045256
1185.87441023025	749.29455521826	0.00000000000	0.35634856187
1188.38739191144	748.54211779714	0.00000000000	0.35695401941
1191.41837900243	747.71637816235	0.00000000000	0.35767882388
1194.00395155991	747.07681678468	0.00000000000	0.35829283882
1196.55008733102	746.50036861772	0.00000000000	0.35889401425
1199.31823926942	745.92862168260	0.00000000000	0.35954408425
1201.99466969781	745.42541151847	0.00000000000	0.36016948862
1204.68247193623	744.96447606846	0.00000000000	0.36079481068
1207.26412782408	744.55954621013	0.00000000000	0.36139316513
1209.85019422655	744.18723206842	0.00000000000	0.36199060199
1212.90877908358	743.78492733649	0.00000000000	0.36269507773
1215.71318145526	743.44755632814	0.00000000000	0.36333935049
1218.43848984237	743.14429344266	0.00000000000	0.36396426413
1221.04947616583	742.87282755091	0.00000000000	0.36456214967
1223.70197895283	742.61262407144	0.00000000000	0.36516900239
1226.54147561709	742.34752685656	0.00000000000	0.36581834373
1229.15916352898	742.11186823216	0.00000000000	0.36641697619
1231.87033156696	741.87305894377	0.00000000000	0.36703728329
1234.56213365518	741.63946565246	0.00000000000	0.36765359556
1237.16559191370	741.41678062241	0.00000000000	0.36825009172
1239.79887467603	741.19477374968	0.00000000000	0.36885382403
1242.65149141415	740.95792385158	0.00000000000	0.36950829058
1245.25208839353	740.74529057203	0.00000000000	0.37010533390
1247.85515608952	740.53558500145	0.00000000000	0.37070331507
1250.45175523337	740.32950604418	0.00000000000	0.37130017153
1253.05090263963	740.12631676299	0.00000000000	0.37189796688
1255.68323149774	739.92367156799	0.00000000000	0.37250374550
1258.45344711386	739.71380503923	0.00000000000	0.37314162874
1261.04240689826	739.52080045541	0.00000000000	0.37373811186
1263.69623962719	739.32608259969	0.00000000000	0.37434987014
1266.27804135796	739.13966831102	0.00000000000	0.37494533481
1268.85814556232	738.95633508013	0.00000000000	0.37554070590
1271.57729897730	738.76630519665	0.00000000000	0.37616847634
1274.16838939365	738.58824845464	0.00000000000	0.37676697103
1276.76585591850	738.41269831078	0.00000000000	0.37736721391
1279.37139988777	738.23954770598	0.00000000000	0.37796959175
1281.97543704172	738.06942775199	0.00000000000	0.37857188101
1284.55416863814	737.90383121413	0.00000000000	0.37916856460
1287.13771221003	737.74077286322	0.00000000000	0.37976659973
1289.82678844781	737.57406222581	0.00000000000	0.38038930722
1292.47917239476	737.41261345688	0.00000000000	0.38100375208
1295.11453943200	737.25511965131	0.00000000000	0.38161447578
1297.68195762152	737.10446667277	0.00000000000	0.38220965580
1300.42742023975	736.94638182604	0.00000000000	0.38284632185
1303.57160843353	736.76913897064	0.00000000000	0.38357570676
1306.25295894248	736.62116908123	0.00000000000	0.38419792710
1308.81276360395	736.48261943914	0.00000000000	0.38479210764
1311.57609003694	736.33600688946	0.00000000000	0.38543370086
1314.43635484614	736.18745562855	0.00000000000	0.38609797733
1317.00018770064	736.05704916496	0.00000000000	0.38669355180
1319.65809926961	735.92458015311	0.00000000000	0.38731111285
1322.28235069292	735.79648732656	0.00000000000	0.38792097563
1324.97633133183	735.66775817852	0.00000000000	0.38854715987
1327.66950663378	735.54184724266	0.00000000000	0.38917326499
1330.24322939699	735.42409695941	0.00000000000	0.38977169150
1332.80823279619	735.30923004482	0.00000000000	0.39036817059
1335.66214136015	735.18431567374	0.00000000000	0.39103191611
1338.70795358461	735.05432968567	0.00000000000	0.39174037649
1341.53510316675	734.93672121337	0.00000000000	0.39239803957
1344.09748190863	734.83263653649	0.00000000000	0.39299415351
1346.67701503711	734.73024344571	0.00000000000	0.39359429017
1349.22758121000	734.63133547573	0.00000000000	0.39418771019
1351.78221121544	734.53457665808	0.00000000000	0.39478208939
1354.36041418709	734.43924426103	0.00000000000	0.39538195818
1356.91424823495	734.34708861967	0.00000000000	0.39597615304
1359.64354822359	734.25108076728	0.00000000000	0.39661115875
1362.23210384221	734.16236757663	0.00000000000	0.39721339541
1365.13506307916	734.06556036190	0.00000000000	0.39788874774
1367.80177506866	733.97909429801	0.00000000000	0.39850911110
1370.35412805433	733.89851366453	0.00000000000	0.39910284753
1372.95451622456	733.81857634265	0.00000000000	0.39970773613
1375.56904209349	733.74037152253	0.00000000000	0.40031589258
1378.47120799131	733.65607002049	0.00000000000	0.40099093356
1381.10101422559	733.58192381401	0.00000000000	0.40160260522
1383.71467883134	733.51031423892	0.00000000000	0.40221050646
1386.27952137520	733.44202969963	0.00000000000	0.40280703837
1388.83596526417	733.37589855986	0.00000000000	0.40340160459
1391.37845256308	733.31201071003	0.00000000000	0.40399291408
1394.25255517210	733.24201457334	0.00000000000	0.40466133665
1397.07432571836	733.17555151668	0.00000000000	0.40531757893
1399.70196566079	733.11563887072	0.00000000000	0.40592866663
1402.32926855447	733.05760896560	0.00000000000	0.40653967104
1404.87722261790	733.00309296822	0.00000000000	0.40713221892
1407.48791829993	732.94900335469	0.00000000000	0.40773935615
1410.09825055961	732.89668085099	0.00000000000	0.40834640863
1412.65138420887	732.84717753617	0.00000000000	0.40894016043
1415.21221536232	732.79915763542	0.00000000000	0.40953570507
1417.78244817960	732.75257656271	0.00000000000	0.41013344039
1420.32067386361	732.70813509582	0.00000000000	0.41072373772
1422.96235528337	732.66349770386	0.00000000000	0.41133810248
1425.51341839030	732.62192616348	0.00000000000	0.41193140123
1428.10648263669	732.58118581206	0.00000000000	0.41253447843
1430.66479991055	732.54245981629	0.00000000000	0.41312948606
1433.24397409358	732.50486527401	0.00000000000	0.41372935773
1435.92204189350	732.46733551961	0.00000000000	0.41435224597
1438.48885416438	732.43277512954	0.00000000000	0.41494927391
1441.05520460946	732.39957157915	0.00000000000	0.41554621204
1443.60311651357	732.36791402864	0.00000000000	0.41613888021
1446.36898208030	732.33499006209	0.00000000000	0.41678226943
1448.94542410286	732.30564009567	0.00000000000	0.41738161848
1451.47719979180	732.27800943032	0.00000000000	0.41797060016
1454.13242972818	732.25029006337	0.00000000000	0.41858832798
1456.75115121797	732.22418324581	0.00000000000	0.41919759017
1459.31412680477	732.19978665740	0.00000000000	0.41979391109
1461.90122104358	732.17628924458	0.00000000000	0.42039587359
1464.43873513794	732.15431533351	0.00000000000	0.42098633053
1467.03944845219	732.13286758791	0.00000000000	0.42159152644
1469.59048385013	732.11285647148	0.00000000000	0.42218519610
1472.17553060773	732.09358678269	0.00000000000	0.42278681664
1474.73537847693	732.07547618472	0.00000000000	0.42338260965
1477.26557966324	732.05849695827	0.00000000000	0.42397154021
1479.82433886417	732.04222955804	0.00000000000	0.42456715750
1482.42190204461	732.02661545292	0.00000000000	0.42517184960
1484.96145262466	732.01219808629	0.00000000000	0.42576307941
1487.57401344143	731.99821146714	0.00000000000	0.42637135211
1490.30819836828	731.98445887889	0.00000000000	0.42700799315
1492.85419130087	731.97243660987	0.00000000000	0.42760086318
1495.39959601205	731.96114375762	0.00000000000	0.42819364449
1497.95433313410	731.95051165714	0.00000000000	0.42878864917
1500.49033558138	731.94062513607	0.00000000000	0.42937934150
1503.03393952831	731.93134899383	0.00000000000	0.42997185688
1505.65996920015	731.92241487422	0.00000000000	0.43058362948
1508.21226903647	731.91432809018	0.00000000000	0.43117828234
1510.74578632923	731.90685397491	0.00000000000	0.43176861588
1513.42986545925	731.89950582325	0.00000000000	0.43239409505
1516.18239602887	731.89254540996	0.00000000000	0.43303559510
1518.86524282012	731.88628780916	0.00000000000	0.43366092417
1521.59264480944	731.88042470594	0.00000000000	0.43429671037
1524.10896046057	731.87543113616	0.00000000000	0.43488335608
1526.63851631105	731.87078506286	0.00000000000	0.43547315385
1529.15349102086	731.86650980936	0.00000000000	0.43605961817
1531.67058964492	731.86254697087	0.00000000000	0.43664664541
1534.24120180980	731.85879767768	0.00000000000	0.43724622419
1536.91961753991	731.85517993896	0.00000000000	0.43787102578
1539.53737085036	731.85189759944	0.00000000000	0.43848175535
1542.12067693677	731.84887366516	0.00000000000	0.43908452630
1544.70328786951	731.84603438294	0.00000000000	0.43968721407
1547.33783661937	731.84329654239	0.00000000000	0.44030210530
1550.03505223059	731.84062667742	0.00000000000	0.44093171126
1552.60073160031	731.83818125232	0.00000000000	0.44153069777
1555.27437601931	731.83569861598	0.00000000000	0.44215497957
1557.78142985384	731.83340253285	0.00000000000	0.44274044800
1560.54773498326	731.83087130469	0.00000000000	0.44338655581
1563.07550528634	731.82853024928	0.00000000000	0.44397704101
1565.58308402099	731.82615287332	0.00000000000	0.44456289628
1568.09457153810	731.82368930016	0.00000000000	0.44514975287
1570.59780476025	731.82112428975	0.00000000000	0.44573476988
1573.12253967020	731.81839869739	0.00000000000	0.44632490356
1575.63171066969	731.81552438625	0.00000000000	0.44691149197
1578.34418265207	731.81219967110	0.00000000000	0.44754571319
1580.93264874188	731.80878502163	0.00000000000	0.44815104368
1583.82579707624	731.80465093693	0.00000000000	0.44882774829
1586.46928699317	731.80054587037	0.00000000000	0.44944617255
1588.98085506297	731.79632530822	0.00000000000	0.45003383761
1591.48041760676	731.79178694929	0.00000000000	0.45061879461
1593.98384360620	731.78687606737	0.00000000000	0.45120475824
1596.52301820192	731.78149307936	0.00000000000	0.45179919563
1599.04964568474	731.77570641557	0.00000000000	0.45239080338
1601.64929767726	731.76927448228	0.00000000000	0.45299962353
1604.19928336787	731.76246473631	0.00000000000	0.45359692585
1606.77958730860	731.75503912561	0.00000000000	0.45420144603
1609.34272671188	731.74710027740	0.00000000000	0.45480206215
1611.84671865044	731.73877446042	0.00000000000	0.45538893275
1614.34331489055	731.72988427569	0.00000000000	0.45597418405
1616.85389147818	731.72032329394	0.00000000000	0.45656282895
1619.62798529173	731.70900068862	0.00000000000	0.45721339716
1622.37562348883	731.69696532042	0.00000000000	0.45785790529
1624.94981381538	731.68491559422	0.00000000000	0.45846186004
1627.74743650865	731.67093441416	0.00000000000	0.45911838303
1630.28856287556	731.65740359844	0.00000000000	0.45971484771
1632.77873333196	731.64334689118	0.00000000000	0.46029947721
1635.38597210879	731.62775327381	0.00000000000	0.46091172608
1638.03374848896	731.61096766890	0.00000000000	0.46153363698
1640.53598446616	731.59419526473	0.00000000000	0.46212149707
1643.08739110266	731.57615340651	0.00000000000	0.46272104446
1645.75470806262	731.55624484044	0.00000000000	0.46334797724
1648.28931507998	731.53630416109	0.00000000000	0.46394385936
1650.76813435640	731.51580960653	0.00000000000	0.46452676106
1653.26560811939	731.49413968435	0.00000000000	0.46511418614
1655.84637275360	731.47064018934	0.00000000000	0.46572134766
1658.46537585566	731.44561046054	0.00000000000	0.46633765853
1660.95155508560	731.42071870686	0.00000000000	0.46692285729
1663.42548605202	731.39482733639	0.00000000000	0.46750531416
1665.91806340808	731.36758043382	0.00000000000	0.46809230495
1668.38717730078	731.33941375256	0.00000000000	0.46867391408
1671.00133513027	731.30828568061	0.00000000000	0.46928984657
1673.47598483703	731.27755112651	0.00000000000	0.46987306001
1675.96455520586	731.24537148919	0.00000000000	0.47045970389
1678.42867183032	731.21222305078	0.00000000000	0.47104073256
1680.89272438758	731.17776898685	0.00000000000	0.47162189629
1683.37825865383	731.14166266600	0.00000000000	0.47220828029
1685.92941411398	731.10316115317	0.00000000000	0.47281030765
1688.58021973136	731.06157530873	0.00000000000	0.47343602641
1691.03912761211	731.02152990039	0.00000000000	0.47401660973
1693.50079396179	730.97999366272	0.00000000000	0.47459800185
1695.96613771532	730.93691730358	0.00000000000	0.47518042192
1698.42285071347	730.89249229371	0.00000000000	0.47576096328
1700.88135656127	730.84650994196	0.00000000000	0.47634208983
1703.46202643653	730.79661381565	0.00000000000	0.47695226554
1706.02259586729	730.74551091310	0.00000000000	0.47755785984
1708.62141469389	730.69207713024	0.00000000000	0.47817267073
1711.14573119258	730.63871843132	0.00000000000	0.47877001681
1713.64065839379	730.58462342718	0.00000000000	0.47936055997
1716.28022033147	730.52598110031	0.00000000000	0.47998549792
1718.85484470899	730.46744128191	0.00000000000	0.48059521593
1721.30231380574	730.41061827183	0.00000000000	0.48117495908
1723.83822787243	730.35058799679	0.00000000000	0.48177579058
1726.62510921393	730.28332720927	0.00000000000	0.48243624094
1729.09233425203	730.22271117123	0.00000000000	0.48302107101
1731.56882660591	730.16091019175	0.00000000000	0.48360822025
1734.01458182311	730.09898526469	0.00000000000	0.48418819897
1736.64701358969	730.03140159881	0.00000000000	0.48481257138
1739.51294536883	729.95679529061	0.00000000000	0.48549246975
1741.95609840822	729.89240723070	0.00000000000	0.48607218424
1744.52203517886	729.82406042201	0.00000000000	0.48668114184
1747.05027839091	729.75604860376	0.00000000000	0.48728125904
1749.49105274350	729.68981189335	0.00000000000	0.48786070957
1752.19130409971	729.61593297776	0.00000000000	0.48850186599
1754.71731379550	729.54630801812	0.00000000000	0.48910174563
1757.16719753153	729.47836093341	0.00000000000	0.48968363142
1759.60214753296	729.41046836686	0.00000000000	0.49026204925
1762.27478567303	729.33559487160	0.00000000000	0.49089701599
1764.71597185523	729.26693623133	0.00000000000	0.49147706961
1767.17154984029	729.19766581792	0.00000000000	0.49206061177
1769.71145071031	729.12585256532	0.00000000000	0.49266426127
1772.33410867291	729.05158366786	0.00000000000	0.49328764869
1774.76510412706	728.98269101143	0.00000000000	0.49386553841
1777.38665302352	728.90840152060	0.00000000000	0.49448878560
1779.94340589580	728.83600964947	0.00000000000	0.49509668370
1782.40556441837	728.76640795169	0.00000000000	0.49568213884
1784.83712203493	728.69783017551	0.00000000000	0.49626036026
1787.26431136670	728.62958292966	0.00000000000	0.49683758159
1789.78197492382	728.55906367948	0.00000000000	0.49743635614
1792.23185864204	728.49076076754	0.00000000000	0.49801904324
1794.76651888153	728.42047903420	0.00000000000	0.49862192382
1797.45709000102	728.34636468628	0.00000000000	0.49926191747
1800.01008516560	728.27656727601	0.00000000000	0.49986920990
1802.65057375931	728.20498049237	0.00000000000	0.50049733426
1805.22321757699	728.13588265748	0.00000000000	0.50110933438
1807.75585464327	728.06854350491	0.00000000000	0.50171182757
1810.39535162697	727.99914655912	0.00000000000	0.50233974826
1812.96699204082	727.93236270545	0.00000000000	0.50295152833
1815.39796378499	727.87003791824	0.00000000000	0.50352984213
1817.82379742427	727.80867622995	0.00000000000	0.50410692815
1820.26077621189	727.74791871934	0.00000000000	0.50468665651
1822.68596473129	727.68838640915	0.00000000000	0.50526356763
1825.16672098737	727.62850272315	0.00000000000	0.50585368084
1827.61133035141	727.57054444258	0.00000000000	0.50643517560
1830.07796577384	727.51317478199	0.00000000000	0.50702188592
1832.50205357709	727.45793051228	0.00000000000	0.50759844923
1834.93739478825	727.40358156035	0.00000000000	0.50817766130
1837.35807604713	727.35069122390	0.00000000000	0.50875336008
1839.94882845664	727.29531895139	0.00000000000	0.50936947792
1842.49722455940	727.24208067809	0.00000000000	0.50997549577
1844.91712312332	727.19264008192	0.00000000000	0.51055093279
1847.33674584759	727.14427539007	0.00000000000	0.51112628232
1849.75511710303	727.09699135822	0.00000000000	0.51170131353
1852.20751771006	727.05010566443	0.00000000000	0.51228441608
1854.62920444536	727.00484434361	0.00000000000	0.51286019719
1857.19685059564	726.95796535202	0.00000000000	0.51347066266
1859.61503568948	726.91484570590	0.00000000000	0.51404557661
1862.04740609634	726.87246748679	0.00000000000	0.51462384788
1864.48804715049	726.83093358468	0.00000000000	0.51520407123
1866.91307613765	726.79063212249	0.00000000000	0.51578057014
1869.37556175192	726.75068009254	0.00000000000	0.51636596153
1871.85147528566	726.71148313841	0.00000000000	0.51695453403
1874.35915894895	726.67276272063	0.00000000000	0.51755064885
1876.83447117599	726.63549411950	0.00000000000	0.51813905977
1879.27323884224	726.59968642969	0.00000000000	0.51871877633
1881.69632378860	726.56499037350	0.00000000000	0.51929475893
1884.11420618366	726.53123086553	0.00000000000	0.51986949997
1886.52881045561	726.49836295372	0.00000000000	0.52044345805
1888.94599486526	726.46629298288	0.00000000000	0.52101802680
1891.37445535991	726.43489909496	0.00000000000	0.52159527435
1894.05643006059	726.40117313172	0.00000000000	0.52223278207
1896.61975312988	726.36984998716	0.00000000000	0.52284208712
1899.06617155233	726.34077053218	0.00000000000	0.52342360589
1901.52438258658	726.31233842373	0.00000000000	0.52400793103
1903.93641154075	726.28519406142	0.00000000000	0.52458128282
1906.38173383627	726.25842314438	0.00000000000	0.52516255409
1908.80081223461	726.23266705704	0.00000000000	0.52573759354
1911.22628570397	726.20755569507	0.00000000000	0.52631416084
1913.72873580286	726.18238104090	0.00000000000	0.52690903574
1916.26865361817	726.15757616983	0.00000000000	0.52751282822
1918.80820950261	726.13351135963	0.00000000000	0.52811654687
1921.34739816334	726.11017070684	0.00000000000	0.52872019174
1923.86663363549	726.08771021526	0.00000000000	0.52931910774
1926.40507252881	726.06576495417	0.00000000000	0.52992260512
1928.85902029656	726.04519052514	0.00000000000	0.53050603179
1931.48621617360	726.02384516472	0.00000000000	0.53113066755
1933.93932146456	726.00453566827	0.00000000000	0.53171393122
1936.51895259125	725.98486177407	0.00000000000	0.53232729975
1938.98508405552	725.96664398944	0.00000000000	0.53291370277
1941.43689205200	725.94908983646	0.00000000000	0.53349672217
1944.11244357368	725.93055184691	0.00000000000	0.53413297258
1946.56335644311	725.91412127425	0.00000000000	0.53471582927
1948.99106881399	725.89835139080	0.00000000000	0.53529319400
1951.56828510631	725.88214523189	0.00000000000	0.53590614308
1954.06419964263	725.86696028309	0.00000000000	0.53649978552
1956.54267852446	725.85236316585	0.00000000000	0.53708931108
1958.97901754849	725.83846802612	0.00000000000	0.53766884377
1961.38387310175	725.82518012385	0.00000000000	0.53824091818
1963.78526450624	725.81232205865	0.00000000000	0.53881220008
1966.31698359181	725.79919601376	0.00000000000	0.53941452179
1968.73212355651	725.78707163493	0.00000000000	0.53998914314
1971.13990390978	725.77535673922	0.00000000000	0.54056204859
1973.65050680604	725.76352330473	0.00000000000	0.54115945812
1976.04934685897	725.75256702950	0.00000000000	0.54173031109
1978.45558334397	725.74190750677	0.00000000000	0.54230296256
1980.85337686491	725.73160149024	0.00000000000	0.54287364404
1983.25856035203	725.72156746854	0.00000000000	0.54344612490
1985.66321220413	725.71182652155	0.00000000000	0.54401852091
1988.06732798022	725.70236519676	0.00000000000	0.54459083212
1990.46595750490	725.69318871204	0.00000000000	0.54516188105
1992.97260958952	725.68386562487	0.00000000000	0.54575869514
1995.36615002560	725.67520396179	0.00000000000	0.54632862506
1997.76013258377	725.66676260507	0.00000000000	0.54689870715
2000.26520497580	725.65815287932	0.00000000000	0.54749529460
2002.69223847835	725.65001522141	0.00000000000	0.54807334825
2005.09245881425	725.64215122485	0.00000000000	0.54864506654
2007.49211090784	725.63445847373	0.00000000000	0.54921670110
2009.89808007829	725.62690219682	0.00000000000	0.54978989342
2012.30347030954	725.61949127688	0.00000000000	0.55036300193
2014.75405414650	725.61207489254	0.00000000000	0.55094693507
2017.23679564454	725.60468449882	0.00000000000	0.55153859051
2019.67218032581	725.59754153412	0.00000000000	0.55211902003
2022.09460694110	725.59052733938	0.00000000000	0.55269642089
2024.49010653947	725.58366671787	0.00000000000	0.55326746318
2026.89191207646	725.57685018002	0.00000000000	0.55384006936
2029.30190676062	725.57005953735	0.00000000000	0.55441469009
2031.73430766440	725.56324197341	0.00000000000	0.55499471752
2034.12734452638	725.55655682177	0.00000000000	0.55556542246
2036.60539582103	725.54964308891	0.00000000000	0.55615647042
2039.02354198024	725.54289135341	0.00000000000	0.55673329840
2041.45345693195	725.53608775609	0.00000000000	0.55731300274
2043.98917514640	725.52895263170	0.00000000000	0.55791802356
2046.50319475900	725.52182768241	0.00000000000	0.55851794406
2048.91877100751	725.51492213710	0.00000000000	0.55909444624
2051.31422088269	725.50801504760	0.00000000000	0.55966621623
2053.75503091229	725.50091785419	0.00000000000	0.56024888630
2056.14224641071	725.49391975967	0.00000000000	0.56081883375
2058.52881344843	725.48686863707	0.00000000000	0.56138869717
2060.94117854387	725.47968665088	0.00000000000	0.56196479271
2063.33339114096	725.47251157681	0.00000000000	0.56253614734
2065.71300963657	725.46532298225	0.00000000000	0.56310456498
2068.10392783302	725.45804988185	0.00000000000	0.56367575320
2070.51372395993	725.45066943971	0.00000000000	0.56425152393
2073.11177296861	725.44265766293	0.00000000000	0.56487235558
2075.68500869787	725.43466780895	0.00000000000	0.56548734166
2078.09283094360	725.42714364160	0.00000000000	0.56606287076
2080.46546216487	725.41968530683	0.00000000000	0.56663006008
2082.84046197448	725.41217679476	0.00000000000	0.56719788710
2085.27297264724	725.40444333669	0.00000000000	0.56777953837
2087.75648471390	725.39650397432	0.00000000000	0.56837346257
2090.15035771008	725.38881053670	0.00000000000	0.56894602430
2092.52272424652	725.38114802952	0.00000000000	0.56951351440
2094.89443786355	725.37345077550	0.00000000000	0.57008092034
2097.26549834015	725.36571994572	0.00000000000	0.57064824214
2099.63590545559	725.35795671022	0.00000000000	0.57121547984
2102.01068026019	725.35014568770	0.00000000000	0.57178383526
2104.40066923619	725.34225194735	0.00000000000	0.57235590536
2106.79000794512	725.33432875520	0.00000000000	0.57292789361
2109.21611910561	725.32625249882	0.00000000000	0.57350876053
2111.60415173768	725.31827355906	0.00000000000	0.57408058517
2113.96656985482	725.31035261505	0.00000000000	0.57464634926
2116.48379480814	725.30188370400	0.00000000000	0.57524926729
2118.84589529669	725.29391075641	0.00000000000	0.57581510560
2121.34064484011	725.28546408762	0.00000000000	0.57641279906
2123.79600780428	725.27712598660	0.00000000000	0.57700113589
2126.15611030136	725.26908939579	0.00000000000	0.57756672169
2128.51555615978	725.26103465216	0.00000000000	0.57813222337
2130.87738649444	725.25295248855	0.00000000000	0.57869837003
2133.34896140261	725.24447536342	0.00000000000	0.57929090208
2135.70946411509	725.23636184357	0.00000000000	0.57985688129
2138.22107758687	725.22771160343	0.00000000000	0.58045917352
2140.73205242078	725.21904705505	0.00000000000	0.58106139637
2143.10260905579	725.21085313358	0.00000000000	0.58163001884
2145.55222380582	725.20237300377	0.00000000000	0.58221768361
2148.01996569855	725.19381810215	0.00000000000	0.58280977816
2150.37340767855	725.18564940069	0.00000000000	0.58337452425
2152.72619076676	725.17747433804	0.00000000000	0.58393918649
2155.17324836133	725.16896375183	0.00000000000	0.58452655329
2157.53280806191	725.16075097234	0.00000000000	0.58509299434
2159.89171335092	725.15253525019	0.00000000000	0.58565935335
2162.24489640867	725.14433539791	0.00000000000	0.58622441342
2164.74961695242	725.13560432499	0.00000000000	0.58682594393
2167.09738490964	725.12741858719	0.00000000000	0.58738985819
2169.64672380574	725.11852945113	0.00000000000	0.58800227294
2171.99722172414	725.11033430650	0.00000000000	0.58856699956
2174.40584071505	725.10193840506	0.00000000000	0.58914576846
2176.78690829970	725.09364160825	0.00000000000	0.58971799496
2179.14048342503	725.08544476978	0.00000000000	0.59028369070
2181.49339843869	725.07725551511	0.00000000000	0.59084930375
2183.84057903713	725.06909262426	0.00000000000	0.59141361414
2186.18709822959	725.06093956692	0.00000000000	0.59197784137
2188.54509067156	725.05275538142	0.00000000000	0.59254490392
2190.98254772363	725.04430581953	0.00000000000	0.59313115733
2193.57535483761	725.03533078602	0.00000000000	0.59375486563
2196.05051012901	725.02677694921	0.00000000000	0.59435035944
2198.39365356343	725.01869311146	0.00000000000	0.59491417123
2200.84736578928	725.01024344187	0.00000000000	0.59550467029
2203.18916840225	725.00219524333	0.00000000000	0.59606831608
2205.55146278501	724.99409372174	0.00000000000	0.59663697172
2207.98437234160	724.98576920958	0.00000000000	0.59722270769
2210.38320018918	724.97758160641	0.00000000000	0.59780031966
2212.72232522841	724.96961836049	0.00000000000	0.59836363377
2215.06588018690	724.96166156502	0.00000000000	0.59892809202
2217.44839022247	724.95359578207	0.00000000000	0.59950201228
2219.78551567629	724.94570759892	0.00000000000	0.60006507790
2222.13415703355	724.93780560278	0.00000000000	0.60063099592
2224.50204340253	724.92986545439	0.00000000000	0.60120163040
2226.86926954763	724.92195539640	0.00000000000	0.60177218546
2229.24851066796	724.91403447231	0.00000000000	0.60234571686
2231.83146464492	724.90546998541	0.00000000000	0.60296844602
2234.20935868055	724.89761859833	0.00000000000	0.60354182126
2236.60098196210	724.88975520485	0.00000000000	0.60411858871
2238.96485848058	724.88201707993	0.00000000000	0.60468874540
2241.30813829465	724.87438095011	0.00000000000	0.60525401358
2243.71381865198	724.86657849794	0.00000000000	0.60583441691
2246.04353866774	724.85905933478	0.00000000000	0.60639657339
2248.44791557801	724.85133853181	0.00000000000	0.60697682672
2250.88813414198	724.84354474178	0.00000000000	0.60756581544
2253.29119049455	724.83591236439	0.00000000000	0.60814591888
2255.61511448408	724.82857282614	0.00000000000	0.60870699947
2258.14135009125	724.82064196945	0.00000000000	0.60931701477
2260.49923000434	724.81328566828	0.00000000000	0.60988646093
2262.82008196051	724.80608946227	0.00000000000	0.61044704395
2265.14026473673	724.79894066916	0.00000000000	0.61100754422
2267.48522161634	724.79176275829	0.00000000000	0.61157410959
2269.82951271726	724.78463549545	0.00000000000	0.61214059492
2272.21126745731	724.77744531222	0.00000000000	0.61271621605
2274.64500552075	724.77015254709	0.00000000000	0.61330448695
2276.99822610761	724.76315451810	0.00000000000	0.61387337885
2279.43066120882	724.75597744338	0.00000000000	0.61446150710
2282.08083449887	724.74822484173	0.00000000000	0.61510238130
2284.49291179180	724.74123080661	0.00000000000	0.61568576907
2286.84341387855	724.73447347270	0.00000000000	0.61625434758
2289.16605183854	724.72785380488	0.00000000000	0.61681626685
2291.51522533627	724.72121788606	0.00000000000	0.61738468795
2293.85275763273	724.71467529403	0.00000000000	0.61795037432
2296.18962171107	724.70819601091	0.00000000000	0.61851598093
2298.58016945412	724.70163266566	0.00000000000	0.61909466590
2300.89943617521	724.69532882077	0.00000000000	0.61965617797
2303.23428879283	724.68904724994	0.00000000000	0.62022154548
2305.54705707285	724.68289017790	0.00000000000	0.62078164666
2307.85915308431	724.67680078409	0.00000000000	0.62134166599
2310.30349032312	724.67043600585	0.00000000000	0.62193380401
2312.65943959639	724.66437352879	0.00000000000	0.62250461607
2314.96638159385	724.65850696257	0.00000000000	0.62306363626
2317.28809131333	724.65267373107	0.00000000000	0.62362631693
2319.62924769272	724.64686482446	0.00000000000	0.62419379400
2322.01322338582	724.64102641646	0.00000000000	0.62477173633
2324.32573045721	724.63543820744	0.00000000000	0.62533243592
2326.63756438761	724.62992677773	0.00000000000	0.62589305441
2328.98886088500	724.62439952894	0.00000000000	0.62646332691
2331.57178509252	724.61842018476	0.00000000000	0.62708987555
2333.95242876520	724.61299611793	0.00000000000	0.62766744757
2336.26869186492	724.60780007171	0.00000000000	0.62822948427
2338.59342473674	724.60266686332	0.00000000000	0.62879365977
2340.92851937849	724.59759449165	0.00000000000	0.62936043438
2343.25190590336	724.59263200146	0.00000000000	0.62992445138
2345.54893672621	724.58780976242	0.00000000000	0.63048215306
2347.92561433199	724.58290940123	0.00000000000	0.63105927907
2350.24697792780	724.57821174281	0.00000000000	0.63162305852
2352.54613253589	724.57364654535	0.00000000000	0.63218152739
2354.85699198908	724.56914702428	0.00000000000	0.63274292297
2357.21482826611	724.56464911405	0.00000000000	0.63331581754
2359.52433573401	724.56033572232	0.00000000000	0.63387705432
2361.81659761746	724.55614603828	0.00000000000	0.63443418343
2364.18865156120	724.55190769583	0.00000000000	0.63501079326
2366.48372463303	724.54790215695	0.00000000000	0.63556877501
2368.78331130449	724.54398385904	0.00000000000	0.63612793791
2371.07702848829	724.54017155229	0.00000000000	0.63668575729
2373.40272292498	724.53640514990	0.00000000000	0.63725143885
2375.77146983760	724.53267277557	0.00000000000	0.63782768077
2378.05999952261	724.52916741582	0.00000000000	0.63838449347
2380.35098825497	724.52575848617	0.00000000000	0.63894198840
2382.68688993457	724.52238712716	0.00000000000	0.63951049918
2384.98894316835	724.51916892536	0.00000000000	0.64007085765
2387.28308951949	724.51606594592	0.00000000000	0.64062937624
2389.64786103899	724.51297749885	0.00000000000	0.64120517755
2392.01196081958	724.51000285405	0.00000000000	0.64178090553
2394.32048275179	724.50720830565	0.00000000000	0.64234318586
2396.61188970048	724.50454329077	0.00000000000	0.64290138291
2398.90261735888	724.50198858003	0.00000000000	0.64345949963
2401.23313394158	724.49950304928	0.00000000000	0.64402739812
2403.56297522468	724.49713392531	0.00000000000	0.64459522044
2406.04913508967	724.49473478535	0.00000000000	0.64520123794
2408.53462402937	724.49247080508	0.00000000000	0.64580719285
2410.81665951177	724.49051184051	0.00000000000	0.64636363547
2413.09486740380	724.48867163275	0.00000000000	0.64691922996
2415.37554342409	724.48694613404	0.00000000000	0.64747551177
2417.66076331345	724.48533545924	0.00000000000	0.64803298774
2419.93586930728	724.48385064838	0.00000000000	0.64858808194
2422.27498174041	724.48244878137	0.00000000000	0.64915888194
2424.66683305121	724.48114733908	0.00000000000	0.64974264508
2426.94407246128	724.48003352145	0.00000000000	0.65029852377
2429.22586200946	724.47904119948	0.00000000000	0.65085559948
2431.52346985515	724.47816829921	0.00000000000	0.65141662455
2433.79865710542	724.47742995822	0.00000000000	0.65197226166
2436.16792031229	724.47679563404	0.00000000000	0.65255096541
2438.48760578699	724.47630880367	0.00000000000	0.65311765047
2440.83766263243	724.47595227299	0.00000000000	0.65369184694
2443.12259687803	724.47573871556	0.00000000000	0.65425022062
2445.41610053158	724.47565750230	0.00000000000	0.65481077664
2447.69238778408	724.47570995495	0.00000000000	0.65536721233
2449.99569368947	724.47589913545	0.00000000000	0.65593034161
2452.26536617631	724.47622063666	0.00000000000	0.65648533559
2454.54688529693	724.47668011895	0.00000000000	0.65704331420
2456.82772113857	724.47727722159	0.00000000000	0.65760121388
2459.10058302919	724.47801040959	0.00000000000	0.65815725094
2461.38932170852	724.47888926829	0.00000000000	0.65871726088
2463.68855752575	724.47991535402	0.00000000000	0.65927992911
2466.06850286521	724.48112990062	0.00000000000	0.65986244354
2468.33860148860	724.48243409541	0.00000000000	0.66041816214
2470.75971461086	724.48398314440	0.00000000000	0.66101094622
2473.03571551212	724.48558938145	0.00000000000	0.66156829278
2475.34454352100	724.48736856519	0.00000000000	0.66213376896
2477.65268952445	724.48929922021	0.00000000000	0.66269916980
2479.91932187628	724.49134422848	0.00000000000	0.66325449089
2482.25728851547	724.49360959774	0.00000000000	0.66382738171
2484.56338883699	724.49600050897	0.00000000000	0.66439255670
2486.89999897020	724.49858274837	0.00000000000	0.66496530297
2489.21950521212	724.50130631777	0.00000000000	0.66553395050
2491.61276820917	724.50428515101	0.00000000000	0.66612077821
2493.98465106655	724.50740771309	0.00000000000	0.66670246195
2496.37655689674	724.51072972118	0.00000000000	0.66728915556
2498.63232522841	724.51402313571	0.00000000000	0.66784254861
2500.90931239706	724.51750670702	0.00000000000	0.66840123750
2503.25911448381	724.52127060254	0.00000000000	0.66897788784
2505.53471698650	724.52508040100	0.00000000000	0.66953642179
2507.79298569235	724.52902262303	0.00000000000	0.67009079135
2510.05056596877	724.53312555563	0.00000000000	0.67064508178
2512.30217781261	724.53738003927	0.00000000000	0.67119799645
2514.54991181999	724.54179010676	0.00000000000	0.67175004832
2516.81276648601	724.54639541744	0.00000000000	0.67230590429
2519.09550795454	724.55121071464	0.00000000000	0.67286673741
2521.34116468088	724.55611507522	0.00000000000	0.67341854980
2523.62254576646	724.56126854220	0.00000000000	0.67397923248
2525.87000711252	724.56651516078	0.00000000000	0.67453166966
2528.11677806777	724.57192974777	0.00000000000	0.67508402735
2530.36814954605	724.57752665203	0.00000000000	0.67563760667
2532.70924299782	724.58352963743	0.00000000000	0.67621334368
2535.03162327566	724.58967028488	0.00000000000	0.67678457586
2537.39079470218	724.59609884639	0.00000000000	0.67736495684
2539.65606644780	724.60245358782	0.00000000000	0.67792233189
2541.89437231618	724.60890903925	0.00000000000	0.67847316289
2544.13305481163	724.61554207251	0.00000000000	0.67902417719
2546.39626625833	724.62242837535	0.00000000000	0.67958132113
2548.64206748330	724.62944235598	0.00000000000	0.68013427096
2550.91519450036	724.63672612129	0.00000000000	0.68069404214
2553.16697267158	724.64412560961	0.00000000000	0.68124864875
2555.40217982026	724.65165304915	0.00000000000	0.68179926538
2557.65257271307	724.65941638182	0.00000000000	0.68235371501
2559.90227393596	724.66736379066	0.00000000000	0.68290808680
2562.17196818178	724.67557194662	0.00000000000	0.68346747925
2564.42028207015	724.68389223427	0.00000000000	0.68402169546
2566.68859128781	724.69247879310	0.00000000000	0.68458093474
2568.96936662570	724.70130847805	0.00000000000	0.68514334299
2571.19968952023	724.71013402256	0.00000000000	0.68569340314
2573.66324891882	724.72010362091	0.00000000000	0.68630109276
2575.90067424434	724.72936048178	0.00000000000	0.68685309890
2578.24773877744	724.73927930815	0.00000000000	0.68743225440
2580.47843378762	724.74890529234	0.00000000000	0.68798278968
2582.71376350382	724.75874694585	0.00000000000	0.68853456164
2584.97652003637	724.76891003525	0.00000000000	0.68909319848
2587.32089300303	724.77965394783	0.00000000000	0.68967208584
2589.54557001612	724.79005214745	0.00000000000	0.69022151213
2591.81942066467	724.80088552525	0.00000000000	0.69078317855
2594.05124819497	724.81172173677	0.00000000000	0.69133455909
2596.29918877709	724.82284070591	0.00000000000	0.69189001500
2598.62062188812	724.83453988733	0.00000000000	0.69246373039
2600.84178688967	724.84594107575	0.00000000000	0.69301276077
2603.07081195267	724.85758761042	0.00000000000	0.69356382764
2605.45271375130	724.87026120754	0.00000000000	0.69415279306
2607.67498294982	724.88229933977	0.00000000000	0.69470238353
2609.97486055509	724.89497657631	0.00000000000	0.69527126604
2612.27404548226	724.90787361393	0.00000000000	0.69584007771
2614.57253751687	724.92099153464	0.00000000000	0.69640881856
2616.82553456048	724.93406915471	0.00000000000	0.69696639987
2619.14079844334	724.94773572961	0.00000000000	0.69753949227
2621.38102561751	724.96118014114	0.00000000000	0.69809410862
2623.69491593867	724.97529586916	0.00000000000	0.69866706285
2626.16909176166	724.99064859346	0.00000000000	0.69927981992
2628.43178719901	725.00492488186	0.00000000000	0.69984030459
2630.65229765243	725.01915528772	0.00000000000	0.70039043566
2632.94523711058	725.03408011170	0.00000000000	0.70095861085
2635.15575343428	725.04869111376	0.00000000000	0.70150645834
2637.38159032450	725.06362544261	0.00000000000	0.70205819843
2639.62758226746	725.07892206552	0.00000000000	0.70261503192
2641.85202460359	725.09429792743	0.00000000000	0.70316661935
2644.05973054894	725.10978165770	0.00000000000	0.70371415189
2646.28277892728	725.12559920429	0.00000000000	0.70426558548
2648.49232035604	725.14154674393	0.00000000000	0.70481376421
2650.70116204165	725.15771570031	0.00000000000	0.70536186473
2652.90498225358	725.17407471746	0.00000000000	0.70590881444
2655.13470912539	725.19085779427	0.00000000000	0.70646229067
2657.37514818566	725.20795749744	0.00000000000	0.70701852433
2659.67808378036	725.22578202445	0.00000000000	0.70759037693
2661.99997693608	725.24400896558	0.00000000000	0.70816704280
2664.21740064754	725.26165672992	0.00000000000	0.70871786198
2666.45502321271	725.27970506806	0.00000000000	0.70927379723
2668.73695539334	725.29836016963	0.00000000000	0.70984084331
2670.97317925296	725.31688713748	0.00000000000	0.71039663138
2673.23704079494	725.33589191682	0.00000000000	0.71095938971
2675.43484156861	725.35458283330	0.00000000000	0.71150582403
2677.65752655889	725.37372775805	0.00000000000	0.71205854321
2679.85391871788	725.39288682405	0.00000000000	0.71260482101
2682.04960991554	725.41228000789	0.00000000000	0.71315102093
2684.25323128448	725.43198590090	0.00000000000	0.71369929066
2686.47312558652	725.45208430933	0.00000000000	0.71425170769
2688.80781936338	725.47349086868	0.00000000000	0.71483279924
2691.08284184087	725.49461670722	0.00000000000	0.71539914453
2693.35717496147	725.51600028528	0.00000000000	0.71596542254
2695.66876768667	725.53800614849	0.00000000000	0.71654108475
2697.89655365626	725.55947490480	0.00000000000	0.71709597865
2700.18705979231	725.58181619853	0.00000000000	0.71766659968
2702.45858859980	725.60424215805	0.00000000000	0.71823259817
2704.96341416061	725.62928438392	0.00000000000	0.71885684904
2707.46751844497	725.65464925227	0.00000000000	0.71948104791
2709.73685639958	725.67792243589	0.00000000000	0.72004683704
2711.92641285445	725.70063675024	0.00000000000	0.72059283490
2714.16250446921	725.72409791619	0.00000000000	0.72115053831
2716.35064338971	725.74731550564	0.00000000000	0.72169638110
2718.77138771048	725.77330173488	0.00000000000	0.72230036313
2721.05552304079	725.79811236594	0.00000000000	0.72287037143
2723.30388710810	725.82281159664	0.00000000000	0.72343155799
2725.50204784072	725.84722637845	0.00000000000	0.72398031481
2727.70904020662	725.87200609923	0.00000000000	0.72453137691
2729.90578967063	725.89693753641	0.00000000000	0.72507998164
2732.08455329904	725.92192886966	0.00000000000	0.72562419357
2734.26697061293	725.94722688475	0.00000000000	0.72616941700
2736.44868188335	725.97278275493	0.00000000000	0.72671456311
2738.62968695893	725.99859739483	0.00000000000	0.72725963192
2740.80562262376	726.02461927173	0.00000000000	0.72780353277
2743.00770478117	726.05122678726	0.00000000000	0.72835407003
2745.19200493054	726.07789190266	0.00000000000	0.72890026199
2747.39267900737	726.10503252194	0.00000000000	0.72945064952
2749.60416221412	726.13258635831	0.00000000000	0.73000384290
2751.77763782069	726.15994123719	0.00000000000	0.73054762912
2754.01626254737	726.18840189055	0.00000000000	0.73110781922
2756.28935693985	726.21759885470	0.00000000000	0.73167674322
2758.48648130622	726.24610674179	0.00000000000	0.73222675681
2760.75817743038	726.27587987721	0.00000000000	0.73279554571
2762.96541172356	726.30509931068	0.00000000000	0.73334829948
2765.14329190575	726.33421262486	0.00000000000	0.73389380362
2767.34911801140	726.36398673874	0.00000000000	0.73444641041
2769.56764339218	726.39422506915	0.00000000000	0.73500230325
2771.73466758314	726.42404614359	0.00000000000	0.73554539297
2773.91723968238	726.45436677092	0.00000000000	0.73609248074
2776.08612608324	726.48478238432	0.00000000000	0.73663623910
2778.30184770489	726.51614951322	0.00000000000	0.73719184366
2780.48229594024	726.54730929593	0.00000000000	0.73773870620
2782.76688214229	726.58026932953	0.00000000000	0.73831179660
2784.96704787574	726.61231455061	0.00000000000	0.73886381641
2787.12906279220	726.64409505991	0.00000000000	0.73940636602
2789.34124978328	726.67691283248	0.00000000000	0.73996161076
2791.50512240286	726.70930840320	0.00000000000	0.74050483145
2793.68129161508	726.74218304983	0.00000000000	0.74105124153
2795.86635417368	726.77549089163	0.00000000000	0.74159998816
2798.02480010621	726.80868820469	0.00000000000	0.74214215243
2800.18143439792	726.84215185860	0.00000000000	0.74268396306
2802.38940782453	726.87671801743	0.00000000000	0.74323877681
2804.62878060509	726.91209315398	0.00000000000	0.74380158939
2806.90572479620	726.94839090607	0.00000000000	0.74437395725
2809.06386158146	726.98310227444	0.00000000000	0.74491656483
2811.40640791134	727.02111988010	0.00000000000	0.74550565325
2813.57612020797	727.05664973121	0.00000000000	0.74605138622
2816.10354526804	727.09842354676	0.00000000000	0.74668722311
2818.37690870539	727.13635480271	0.00000000000	0.74725926496
2820.54439904625	727.17283540836	0.00000000000	0.74780477263
2822.69483429470	727.20933486725	0.00000000000	0.74834609080
2824.85332025201	727.24627857553	0.00000000000	0.74888953872
2827.00562962060	727.28342461650	0.00000000000	0.74943153466
2829.15722381207	727.32086695875	0.00000000000	0.74997345356
2831.40653422102	727.36034099823	0.00000000000	0.75054009446
2833.56974602940	727.39862469730	0.00000000000	0.75108515218
2835.73224534707	727.43721124179	0.00000000000	0.75163013499
2837.88096701315	727.47586553937	0.00000000000	0.75217174938
2840.14738992426	727.51697728026	0.00000000000	0.75274314423
2842.29135770971	727.55619033604	0.00000000000	0.75328377278
2844.48576478328	727.59665197180	0.00000000000	0.75383722738
2846.63708101664	727.63664048290	0.00000000000	0.75437991936
2848.86228473141	727.67833849935	0.00000000000	0.75494136018
2851.00667714307	727.71884679963	0.00000000000	0.75548251746
2853.15583473106	727.75976599369	0.00000000000	0.75602498179
2855.29879771915	727.80088828817	0.00000000000	0.75656598689
2857.44652808645	727.84242491794	0.00000000000	0.75710830024
2859.61081807783	727.88460998652	0.00000000000	0.75765490117
2861.81485317887	727.92790958671	0.00000000000	0.75821164963
2863.95494005323	727.97028226987	0.00000000000	0.75875235062
2866.33006749809	728.01769006649	0.00000000000	0.75935255811
2868.89904329183	728.06942067254	0.00000000000	0.76000189759
2871.19927514537	728.11614130236	0.00000000000	0.76058343730
2873.35912532754	728.16035741894	0.00000000000	0.76112959673
2875.50858380476	728.20469553180	0.00000000000	0.76167323504
2877.64970297305	728.24919482535	0.00000000000	0.76221487010
2879.92467225440	728.29684169212	0.00000000000	0.76279048098
2882.32095923288	728.34743850382	0.00000000000	0.76339691704
2884.45985400175	728.39295641941	0.00000000000	0.76393832640
2886.65589007684	728.44004091270	0.00000000000	0.76449431017
2888.95045794623	728.48961883739	0.00000000000	0.76507535958
2891.07833965056	728.53594433726	0.00000000000	0.76561430891
2893.34902615047	728.58575070510	0.00000000000	0.76618954425
2895.55918101023	728.63459946125	0.00000000000	0.76674956072
2897.68486816353	728.68192703450	0.00000000000	0.76728828228
2899.89360401742	728.73146406481	0.00000000000	0.76784816338
2902.04401126453	728.78004707422	0.00000000000	0.76839336907
2904.25132206897	728.83028040508	0.00000000000	0.76895311490
2906.37737316212	728.87866515632	0.00000000000	0.76949237561
2908.50694925592	728.91868354124	0.00000000000	0.77003296019
2910.66107451642	728.93355066613	0.00000000000	0.77058083945
2912.98342779812	728.90083335688	0.00000000000	0.77117343570
2915.08791546019	728.82169488041	0.00000000000	0.77171239505
2917.24840702088	728.69820581188	0.00000000000	0.77226740972
2919.37434832923	728.54213231542	0.00000000000	0.77281500139
2921.74606718692	728.33659012500	0.00000000000	0.77342729771
2923.89127022418	728.13048457868	0.00000000000	0.77398210532
2926.17844692014	727.89870037697	0.00000000000	0.77457436113
2928.29050793520	727.68172503601	0.00000000000	0.77512166754
2930.37328768799	727.47257369117	0.00000000000	0.77566150273
2932.58889802605	727.26350326500	0.00000000000	0.77623561672
2934.66773387797	727.08732068520	0.00000000000	0.77677389776
2936.74378396506	726.93359328704	0.00000000000	0.77731097090
2938.84827093818	726.79897140402	0.00000000000	0.77785493521
2941.01111928127	726.68114299109	0.00000000000	0.77841353514
2943.09565646337	726.58562774266	0.00000000000	0.77895151529
2945.21549600972	726.50501458588	0.00000000000	0.77949824641
2947.40027218242	726.43763139200	0.00000000000	0.78006138454
2949.51037830197	726.38601377561	0.00000000000	0.78060498499
2951.71668404464	726.34442521013	0.00000000000	0.78117310194
2953.86843836052	726.31433702952	0.00000000000	0.78172694859
2955.99186183567	726.29312037574	0.00000000000	0.78227332409
2958.12906423584	726.27862333242	0.00000000000	0.78282310243
2960.58934709711	726.26831822415	0.00000000000	0.78345586151
2962.99385352351	726.26255320729	0.00000000000	0.78407419350
2965.08856773426	726.25916525182	0.00000000000	0.78461283593
2967.21192859550	726.25589329978	0.00000000000	0.78515885244
2969.29715997502	726.25258533738	0.00000000000	0.78569507768
2971.43340602586	726.24910086704	0.00000000000	0.78624443590
2973.58463845313	726.24549604791	0.00000000000	0.78679766306
2975.67765544554	726.24189819679	0.00000000000	0.78733593392
2977.84521882440	726.23807989564	0.00000000000	0.78789339199
2979.98012909985	726.23422915494	0.00000000000	0.78844246831
2982.14704514021	726.23023128939	0.00000000000	0.78899979281
2984.31363506742	726.22614589721	0.00000000000	0.78955705057
2986.39937902365	726.22213149319	0.00000000000	0.79009353087
2988.62512180562	726.21776145879	0.00000000000	0.79066603893
2990.73305601159	726.21354254219	0.00000000000	0.79120826187
2992.81772938158	726.20929522619	0.00000000000	0.79174451875
2994.90757296642	726.20496428662	0.00000000000	0.79228212321
2997.00471880978	726.20054638477	0.00000000000	0.79282162421
2999.10150844120	726.19605903824	0.00000000000	0.79336105198
3001.21941671472	726.19145701799	0.00000000000	0.79390593186
3003.35058711472	726.18675750843	0.00000000000	0.79445424337
3005.44630429919	726.18207077250	0.00000000000	0.79499345300
3007.54166051983	726.17732175403	0.00000000000	0.79553258949
3009.62896810883	726.17252998416	0.00000000000	0.79606967503
3011.79122529328	726.16750379918	0.00000000000	0.79662606723
3013.92063499758	726.16249379017	0.00000000000	0.79717402871
3016.06512016348	726.15738981934	0.00000000000	0.79772589158
3018.49073663923	726.15154834002	0.00000000000	0.79835012802
3020.73421539025	726.14608310750	0.00000000000	0.79892751704
3022.93344664120	726.14066959201	0.00000000000	0.79949354307
3025.11226671482	726.13525356998	0.00000000000	0.80005434027
3027.23950602188	726.12991699250	0.00000000000	0.80060188520
3029.33115104732	726.12462450670	0.00000000000	0.80114029162
3031.64664525624	726.11871544782	0.00000000000	0.80173634604
3033.91177740852	726.11288608935	0.00000000000	0.80231946455
3035.98899348495	726.10749979118	0.00000000000	0.80285423233
3038.07139325063	726.10206287440	0.00000000000	0.80339035893
3040.24776085273	726.09634269336	0.00000000000	0.80395070450
3042.46531978820	726.09047637492	0.00000000000	0.80452168364
3044.72881337533	726.08445125204	0.00000000000	0.80510451974
3046.85272272610	726.07876537263	0.00000000000	0.80565144138
3049.09185007949	726.07273921843	0.00000000000	0.80622806183
3051.18947211396	726.06706612123	0.00000000000	0.80676826953
3053.26914416658	726.06141680962	0.00000000000	0.80730388130
3055.36599867938	726.05569760197	0.00000000000	0.80784394572
3057.52074952471	726.04979802731	0.00000000000	0.80839895085
3059.60699372234	726.04406611068	0.00000000000	0.80893633886
3061.67612809888	726.03836357541	0.00000000000	0.80946934747
3063.76158954729	726.03259999364	0.00000000000	0.81000659034
3065.97529215859	726.02646628541	0.00000000000	0.81057690144
3068.18863186781	726.02031943555	0.00000000000	0.81114715195
3070.28274623050	726.01449253934	0.00000000000	0.81168671559
3072.35324621047	726.00872243072	0.00000000000	0.81222022445
3074.43671414482	726.00290894714	0.00000000000	0.81275710487
3076.51201000305	725.99711275812	0.00000000000	0.81329190979
3078.68180245923	725.99104861909	0.00000000000	0.81385109927
3080.76406402978	725.98522702204	0.00000000000	0.81438776247
3082.86767989493	725.97934542393	0.00000000000	0.81492996132
3084.97088987118	725.97346643047	0.00000000000	0.81547208803
3087.12034705915	725.96746153178	0.00000000000	0.81602616941
3089.35276843431	725.96123048025	0.00000000000	0.81660167375
3091.56208615423	725.95507161486	0.00000000000	0.81717125933
3093.65177690781	725.94925514910	0.00000000000	0.81771003821
3095.71435591337	725.94352438474	0.00000000000	0.81824186011
3097.88070552231	725.93751809673	0.00000000000	0.81880047437
3099.94244497859	725.93181577030	0.00000000000	0.81933214831
3102.17264316431	725.92566478696	0.00000000000	0.81990730196
3104.25036497551	725.91995230306	0.00000000000	0.82044316901
3106.33758444922	725.91423292776	0.00000000000	0.82098152097
3108.48311447676	725.90837568148	0.00000000000	0.82153495016
3110.54273215340	725.90277561207	0.00000000000	0.82206625458
3112.60532878668	725.89719137070	0.00000000000	0.82259836306
3114.66295895310	725.89164611003	0.00000000000	0.82312922610
3117.04592913507	725.88525814001	0.00000000000	0.82374407112
3119.45665089045	725.87883552349	0.00000000000	0.82436612629
3121.59973508083	725.87316167811	0.00000000000	0.82491916355
3123.69552016649	725.86764747991	0.00000000000	0.82546003399
3125.75095035461	725.86227424248	0.00000000000	0.82599052765
3127.80708898574	725.85693529968	0.00000000000	0.82652124195
3129.88964308109	725.85156633296	0.00000000000	0.82705881327
3131.94491244540	725.84630745255	0.00000000000	0.82758938025
3134.14650723205	725.84071987253	0.00000000000	0.82815776408
3136.20431244142	725.83554175314	0.00000000000	0.82868906645
3138.26167821237	725.83040946972	0.00000000000	0.82922029489
3140.31518966878	725.82533307671	0.00000000000	0.82975056785
3142.36826137681	725.82030566117	0.00000000000	0.83028076726
3144.42089085543	725.81532887033	0.00000000000	0.83081089279
3146.49999793482	725.81034009346	0.00000000000	0.83134789803
3148.57866872032	725.80540662370	0.00000000000	0.83188483261
3150.71597995427	725.80039238012	0.00000000000	0.83243695859
3152.85286512150	725.79544020594	0.00000000000	0.83298901964
3154.95615626635	725.79062735343	0.00000000000	0.83353244617
3157.01520102805	725.78597656307	0.00000000000	0.83406448383
3159.13336927502	725.78125681207	0.00000000000	0.83461184323
3161.28754201929	725.77652589624	0.00000000000	0.83516855358
3163.34523185503	725.77207368302	0.00000000000	0.83570037408
3165.51898800905	725.76744314746	0.00000000000	0.83626224020
3167.57576772159	725.76313244555	0.00000000000	0.83679391604
3169.62297231006	725.75891174031	0.00000000000	0.83732316095
3171.70879051485	725.75468490918	0.00000000000	0.83786243399
3173.82390462330	725.75047625385	0.00000000000	0.83840932874
3176.06428170021	725.74610554961	0.00000000000	0.83898866466
3178.13668224269	725.74214428574	0.00000000000	0.83952461225
3180.18157152445	725.73831434713	0.00000000000	0.84005349112
3182.26512964166	725.73449416656	0.00000000000	0.84059241843
3184.43505722726	725.73060570349	0.00000000000	0.84115373701
3186.54749403420	725.72691042384	0.00000000000	0.84170023437
3188.73834079020	725.72317393739	0.00000000000	0.84226706980
3190.88644254472	725.71960717852	0.00000000000	0.84282289871
3192.92735470365	725.71630899711	0.00000000000	0.84335104074
3194.99606906942	725.71305771670	0.00000000000	0.84388642625
3197.28307569652	725.70957304284	0.00000000000	0.84447836371
3199.33287405092	725.70654954399	0.00000000000	0.84500895729
3201.38220370231	725.70362275061	0.00000000000	0.84553947889
3203.49100317217	725.70071303111	0.00000000000	0.84608544763
3205.63598174679	725.69786142215	0.00000000000	0.84664083748
3207.86998233514	725.69500937345	0.00000000000	0.84721933608
3209.97738425639	725.69243117031	0.00000000000	0.84776510696
3212.03224678598	725.69002395245	0.00000000000	0.84829732329
3214.06951769813	725.68774305563	0.00000000000	0.84882503435
3216.12343339502	725.68555177606	0.00000000000	0.84935710865
3218.17687322348	725.68347136706	0.00000000000	0.84988911197
3220.33923552449	725.68140177527	0.00000000000	0.85044939171
3222.39170945405	725.67955413312	0.00000000000	0.85098125312
3224.44370972185	725.67782235240	0.00000000000	0.85151304504
3226.60470857583	725.67612524907	0.00000000000	0.85207314273
3228.91194507778	725.67445895540	0.00000000000	0.85267120901
3231.09388669075	725.67302369733	0.00000000000	0.85323686037
3233.12673956626	725.67181130025	0.00000000000	0.85376391725
3235.15910415471	725.67072124036	0.00000000000	0.85429090151
3237.23040539637	725.66973758844	0.00000000000	0.85482803777
3239.26178476967	725.66889940181	0.00000000000	0.85535487648
3241.29614362919	725.66818722443	0.00000000000	0.85588254295
3243.32654014154	725.66760506805	0.00000000000	0.85640923693
3245.37363749448	725.66714992017	0.00000000000	0.85694031938
3247.42024913454	725.66682887971	0.00000000000	0.85747133259
3249.45838886850	725.66664402340	0.00000000000	0.85800020441
3251.55636036186	725.66659609059	0.00000000000	0.85854466131
3253.63789884667	725.66669305731	0.00000000000	0.85908491359
3255.66413572654	725.66692744460	0.00000000000	0.85961087038
3257.76065514977	725.66731713743	0.00000000000	0.86015513095
3259.93617301923	725.66788172576	0.00000000000	0.86071996492
3261.97928862669	725.66856235805	0.00000000000	0.86125048391
3264.01390851623	725.66938667782	0.00000000000	0.86177885582
3266.14536418901	725.67040889817	0.00000000000	0.86233243854
3268.27632986742	725.67159510599	0.00000000000	0.86288595929
3270.35391999153	725.67291155288	0.00000000000	0.86342567888
3272.39450174147	725.67436004565	0.00000000000	0.86395584549
3274.44473053499	725.67597232302	0.00000000000	0.86448857985
3276.47051106779	725.67772158261	0.00000000000	0.86501502225
3278.57978349489	725.67970976112	0.00000000000	0.86556322630
3280.61832427391	725.68179476003	0.00000000000	0.86609310994
3282.63906919138	725.68402187433	0.00000000000	0.86661842919
3284.80885912892	725.68659288000	0.00000000000	0.86718256303
3286.89843907095	725.68924656490	0.00000000000	0.86772591000
3289.09044984049	725.69221979241	0.00000000000	0.86829596312
3291.52586294072	725.69575323936	0.00000000000	0.86892940154
3293.54393445439	725.69886669038	0.00000000000	0.86945436072
3296.00781567163	725.70289846696	0.00000000000	0.87009537349
3298.05230006748	725.70643843489	0.00000000000	0.87062734615
3300.10852012601	725.71017851318	0.00000000000	0.87116243845
3302.14177973468	725.71405586581	0.00000000000	0.87169162119
3304.18470926389	725.71813270786	0.00000000000	0.87222338656
3306.20308584939	725.72234048147	0.00000000000	0.87274882613
3308.27145176451	725.72683978374	0.00000000000	0.87328734691
3310.29457308154	725.73142582879	0.00000000000	0.87381415433
3312.31716826547	725.73619544175	0.00000000000	0.87434089088
3314.35748988683	725.74119576147	0.00000000000	0.87487231119
3316.47693764204	725.74659278216	0.00000000000	0.87542441261
3318.48861513038	725.75190828474	0.00000000000	0.87594850883
3320.53963447844	725.75752294181	0.00000000000	0.87648292341
3322.56761833893	725.76327005978	0.00000000000	0.87701140444
3324.59507656725	725.76921176219	0.00000000000	0.87753981701
3326.80245068141	725.77590566876	0.00000000000	0.87811519903
3328.82881969514	725.78225897357	0.00000000000	0.87864347185
3330.84658771369	725.78878520508	0.00000000000	0.87916957145
3333.05242902556	725.79614997939	0.00000000000	0.87974478731
3335.14783918767	725.80337076353	0.00000000000	0.88029128316
3337.15813629634	725.81050584260	0.00000000000	0.88081565194
3339.19202819046	725.81793330671	0.00000000000	0.88134624626
3341.28587446188	725.82580079113	0.00000000000	0.88189255627
3343.41939444339	725.83405001767	0.00000000000	0.88244929631
3345.55238111810	725.84253396894	0.00000000000	0.88300597697
3347.61067539916	725.85094720430	0.00000000000	0.88354323994
3349.66842955125	725.85958233490	0.00000000000	0.88408043692
3351.68069643926	725.86824503982	0.00000000000	0.88460583188
3353.68657413783	725.87709694397	0.00000000000	0.88512963071
3355.69774669122	725.88619114139	0.00000000000	0.88565488477
3357.89743885416	725.89639081921	0.00000000000	0.88622945773
3359.92583922784	725.90603239922	0.00000000000	0.88675936604
3361.95369046922	725.91589968151	0.00000000000	0.88728920585
3363.97072462941	725.92594253495	0.00000000000	0.88781629408
3365.97910861560	725.93617018046	0.00000000000	0.88834119624
3367.98693836841	725.94662400107	0.00000000000	0.88886602807
3369.98835852481	725.95727402955	0.00000000000	0.88938925900
3372.01345887765	725.96828510595	0.00000000000	0.88991875670
3374.09871339627	725.97987217761	0.00000000000	0.89046406308
3376.09490905040	725.99120275789	0.00000000000	0.89098615675
3378.09994068935	726.00281995665	0.00000000000	0.89151063730
3380.12281150920	726.01478242251	0.00000000000	0.89203986168
3382.15748900259	726.02706160174	0.00000000000	0.89257225373
3384.17923809085	726.03950979469	0.00000000000	0.89310134158
3386.24331861981	726.05247450921	0.00000000000	0.89364158872
3388.34420043248	726.06593780063	0.00000000000	0.89419155281
3390.35394390146	726.07907135371	0.00000000000	0.89471773921
3392.36311616641	726.09245151445	0.00000000000	0.89524385491
3394.40876338803	726.10633355028	0.00000000000	0.89577960319
3396.40279947205	726.12011859060	0.00000000000	0.89630191405
3398.42058052075	726.13432404083	0.00000000000	0.89683052469
3400.41934444505	726.14865148897	0.00000000000	0.89735423309
3402.41753701343	726.16323113558	0.00000000000	0.89787787152
3404.44602011284	726.17829568673	0.00000000000	0.89840952967
3406.54193500293	726.19414221761	0.00000000000	0.89895894851
3408.53251220032	726.20945873632	0.00000000000	0.89948083663
3410.51896165743	726.22500397229	0.00000000000	0.90000172282
3412.52241325153	726.24094755535	0.00000000000	0.90052714886
3414.51125814296	726.25704014234	0.00000000000	0.90104882551
3416.62534204617	726.27443778084	0.00000000000	0.90160344179
3418.76110487958	726.29232112146	0.00000000000	0.90216383924
3420.77254292545	726.30944778238	0.00000000000	0.90269170204
3422.75546096548	726.32660334604	0.00000000000	0.90321216292
3424.77816736379	726.34438290535	0.00000000000	0.90374315201
3426.80029244006	726.36244157910	0.00000000000	0.90427407451
3428.78144655983	726.38041171929	0.00000000000	0.90479432359
3430.87058025232	726.39966056893	0.00000000000	0.90534301820
3432.85999751628	726.41827803177	0.00000000000	0.90586560950
3434.85699686805	726.43725019100	0.00000000000	0.90639027767
3436.94441008140	726.45738710194	0.00000000000	0.90693879170
3438.93204915380	726.47685383341	0.00000000000	0.90746117526
3441.21578097640	726.49957481427	0.00000000000	0.90806148245
3443.39269359261	726.52158810645	0.00000000000	0.90863381658
3445.39701580493	726.54216458216	0.00000000000	0.90916086642
3447.46190505851	726.56367404605	0.00000000000	0.90970393502
3449.43700823676	726.58454555964	0.00000000000	0.91022347772
3451.41508564989	726.60574163640	0.00000000000	0.91074388935
3453.39847227520	726.62729088154	0.00000000000	0.91126578510
3455.41229672061	726.64947616685	0.00000000000	0.91179577990
3457.51487074205	726.67296943687	0.00000000000	0.91234922864
3459.48575811983	726.69529948922	0.00000000000	0.91286810457
3461.52852263546	726.71876053114	0.00000000000	0.91340599624
3463.52745668175	726.74203200565	0.00000000000	0.91393243832
3465.49771610903	726.76527519467	0.00000000000	0.91445141767
3467.48506296307	726.78902902396	0.00000000000	0.91497498790
3469.54348384003	726.81396150336	0.00000000000	0.91551737833
3471.60130067709	726.83922339178	0.00000000000	0.91605970723
3473.57860823081	726.86381596027	0.00000000000	0.91658091059
3475.67588705071	726.89024432968	0.00000000000	0.91713383679
3477.71384901279	726.91626610978	0.00000000000	0.91767122302
3479.68929561630	726.94181219054	0.00000000000	0.91819221759
3481.70972744099	726.96827030108	0.00000000000	0.91872517128
3483.80459768013	726.99605790053	0.00000000000	0.91927786230
3485.77225112491	727.02248876407	0.00000000000	0.91979708439
3487.77636174643	727.04974053874	0.00000000000	0.92032602151
3489.77985906138	727.07731989289	0.00000000000	0.92085489269
3491.79722147016	727.10543134708	0.00000000000	0.92138752120
3493.79947824637	727.13367275083	0.00000000000	0.92191625841
3495.81562112265	727.16245459802	0.00000000000	0.92244876048
3497.77954419306	727.19082523044	0.00000000000	0.92296756515
3499.73925825006	727.21946563814	0.00000000000	0.92348535162
3501.69835207072	727.24842879538	0.00000000000	0.92400306810
3503.69753647949	727.27832847919	0.00000000000	0.92453147618
3505.65896892139	727.30800286688	0.00000000000	0.92505000170
3507.67143520785	727.33880051505	0.00000000000	0.92558211747
3509.66875699418	727.36971993942	0.00000000000	0.92611032833
3511.62350822260	727.40032317263	0.00000000000	0.92662737728
3513.63411474438	727.43215652341	0.00000000000	0.92715930019
3515.74173637184	727.46591513859	0.00000000000	0.92771699827
3517.78553465944	727.49903402505	0.00000000000	0.92825791502
3519.82870309045	727.53252123413	0.00000000000	0.92879877076
3521.83676556288	727.56580378299	0.00000000000	0.92933043682
3523.84419740365	727.59944513720	0.00000000000	0.92986203871
3525.79445259393	727.63248369335	0.00000000000	0.93037859807
3527.74887945482	727.66594608358	0.00000000000	0.93089636043
3529.70267290213	727.69975276707	0.00000000000	0.93141405346
3531.69306262395	727.73455963340	0.00000000000	0.93194154495
3533.89520785216	727.77350337576	0.00000000000	0.93252527567
3535.84704035417	727.80840341690	0.00000000000	0.93304276084
3537.86644632509	727.84489245859	0.00000000000	0.93357826661
3539.83121122065	727.88076768010	0.00000000000	0.93409938553
3541.84933749077	727.91800269081	0.00000000000	0.93463476363
3544.04834242804	727.95902195420	0.00000000000	0.93521824886
3546.32951775188	728.00206926504	0.00000000000	0.93582367309
3548.28333466696	728.03934222820	0.00000000000	0.93634232678
3550.28239493919	728.07786526473	0.00000000000	0.93687309647
3552.26624585621	728.11648403815	0.00000000000	0.93739993418
3554.24944293560	728.15547913187	0.00000000000	0.93792670441
3556.19468998000	728.19410774071	0.00000000000	0.93844349798
3558.24547651086	728.23524133745	0.00000000000	0.93898844160
3560.29560993483	728.27678369399	0.00000000000	0.93953332637
3562.29076933904	728.31761907660	0.00000000000	0.94006371065
3564.24761774758	728.35806218765	0.00000000000	0.94058401678
3566.22691043313	728.39936580114	0.00000000000	0.94111039806
3568.16337518043	728.44016355009	0.00000000000	0.94162549446
3570.11826752482	728.48174047631	0.00000000000	0.94214559822
3572.11020122134	728.52451112675	0.00000000000	0.94267566651
3574.07427831427	728.56708670640	0.00000000000	0.94319843064
3576.16291616622	728.61280361603	0.00000000000	0.94375446704
3578.40581062433	728.66240586427	0.00000000000	0.94435170648
3580.34305874146	728.70567494949	0.00000000000	0.94486767274
3582.27964862681	728.74932615220	0.00000000000	0.94538357020
3584.34315234045	728.79627665926	0.00000000000	0.94593339443
3586.29267269986	728.84105140325	0.00000000000	0.94645295944
3588.47759104058	728.89171714874	0.00000000000	0.94703538979
3590.49812807941	728.93902910132	0.00000000000	0.94757412365
3592.42647859221	728.98459486200	0.00000000000	0.94808838796
3594.36499175457	729.03080857217	0.00000000000	0.94860547124
3596.40333112317	729.07984513156	0.00000000000	0.94914930036
3598.44099673811	729.12932148938	0.00000000000	0.94969307103
3600.38577453590	729.17696963731	0.00000000000	0.95021216723
3602.70651101055	729.23437761985	0.00000000000	0.95083175920
3604.67303115160	729.28349284869	0.00000000000	0.95135690672
3606.65350362810	729.33339390812	0.00000000000	0.95188589598
3608.60603310135	729.38302248160	0.00000000000	0.95240753579
3610.60164811181	729.43419097058	0.00000000000	0.95294080395
3612.59658615680	729.48579352411	0.00000000000	0.95347401042
3614.53654679835	729.53640877911	0.00000000000	0.95399263726
3616.51363969674	729.58843590140	0.00000000000	0.95452130775
3618.44392850899	729.63966475961	0.00000000000	0.95503757703
3620.36390128403	729.69104644671	0.00000000000	0.95555119944
3622.28133603092	729.74908133238	0.00000000000	0.95606442763
3624.21113499727	729.97052854544	0.00000000000	0.95658554038
3626.25649173333	730.75850851264	0.00000000000	0.95715315535
3628.03310931764	732.20364521636	0.00000000000	0.95766747556
3629.98291708132	732.54526821829	0.00000000000	0.95820501169
3631.98185404946	731.74683459715	0.00000000000	0.95872080562
3634.01547050818	731.64686356106	0.00000000000	0.95924891077
3635.97338436153	732.02286375839	0.00000000000	0.95976295774
3638.03513300178	732.58701449712	0.00000000000	0.96031125624
3639.94582764883	732.95087068973	0.00000000000	0.96082677964
3641.93009148872	733.03028427586	0.00000000000	0.96136926993
3643.96105939573	732.87711142830	0.00000000000	0.96192979814
3645.81002590007	732.61738051887	0.00000000000	0.96244252719
3647.93091459388	732.28462726197	0.00000000000	0.96303080393
3649.79209236177	732.00881599750	0.00000000000	0.96354598961
3651.68739405865	731.74520014429	0.00000000000	0.96406958704
3653.60044124228	731.49627335470	0.00000000000	0.96459706317
3655.73760069230	731.23796192899	0.00000000000	0.96518515862
3657.75409800588	731.01278301417	0.00000000000	0.96573895533
3659.73115052531	730.80894325507	0.00000000000	0.96628092479
3661.90707917625	730.60335879961	0.00000000000	0.96687631725
3663.79964224730	730.44002186528	0.00000000000	0.96739327580
3665.82953959343	730.28031123281	0.00000000000	0.96794685592
3667.72760758157	730.14500695725	0.00000000000	0.96846368155
3669.66577141855	730.02038536245	0.00000000000	0.96899065596
3671.72765557902	729.90232944396	0.00000000000	0.96955045109
3673.67091320106	729.80430021469	0.00000000000	0.97007730028
3675.56073177910	729.72085838085	0.00000000000	0.97058900309
3677.45259611108	729.64866799982	0.00000000000	0.97110063804
3679.35607706784	729.58708800066	0.00000000000	0.97161481474
3681.25175328968	729.53638663832	0.00000000000	0.97212631283
3683.20526371459	729.49482295071	0.00000000000	0.97265284932
3685.10807529516	729.46436899511	0.00000000000	0.97316519568
3687.26460830744	729.44133388645	0.00000000000	0.97374526641
3689.32228744028	729.43024016201	0.00000000000	0.97429819501
3691.22619508028	729.42902558072	0.00000000000	0.97480935229
3693.13013362936	729.43612860953	0.00000000000	0.97532011173
3695.04623466048	729.45130231901	0.00000000000	0.97583375030
3696.95733158689	729.47408653155	0.00000000000	0.97634569034
3698.86448789930	729.50407550536	0.00000000000	0.97685624520
3700.97893017006	729.54535485401	0.00000000000	0.97742193778
3702.89890231351	729.58975733191	0.00000000000	0.97793530836
3704.94343769612	729.64386067898	0.00000000000	0.97848170768
3706.88396754071	729.70133115853	0.00000000000	0.97900007462
3708.79596276554	729.76341909896	0.00000000000	0.97951061968
3710.76525230390	729.83266257448	0.00000000000	0.98003628335
3712.75170744756	729.90756847409	0.00000000000	0.98056637142
3714.82165642961	729.99060807659	0.00000000000	0.98111860176
3716.73470483367	730.07150099754	0.00000000000	0.98162887524
3718.82902970553	730.16420707261	0.00000000000	0.98218742335
3720.87631966247	730.25859968692	0.00000000000	0.98273337936
3722.80747969950	730.35067012977	0.00000000000	0.98324835090
3724.72368358376	730.44458134102	0.00000000000	0.98375934479
3726.74857646766	730.54620067569	0.00000000000	0.98429936215
3728.67857950818	730.64496970770	0.00000000000	0.98481413769
3730.77115394977	730.75375108260	0.00000000000	0.98537237595
3732.68020649026	730.85415831080	0.00000000000	0.98588177479
3734.66374723354	730.95928426423	0.00000000000	0.98641119737
3736.57610084089	731.06105640473	0.00000000000	0.98692178810
3738.48376358030	731.16264215060	0.00000000000	0.98743131671
3740.40025356877	731.26441621622	0.00000000000	0.98794341983
3742.30570018930	731.36498019802	0.00000000000	0.98845281278
3744.34433600608	731.47149558881	0.00000000000	0.98899810638
3746.26551546623	731.57048409706	0.00000000000	0.98951228875
3748.20897984552	731.66887917997	0.00000000000	0.99003276482
3750.10875898750	731.76301717526	0.00000000000	0.99054188792
3752.04900209848	731.85671049703	0.00000000000	0.99106223525
3753.94912390690	731.94571260641	0.00000000000	0.99157222135
3755.85357753910	732.03182884126	0.00000000000	0.99208379243
3757.74996653989	732.11415546983	0.00000000000	0.99259364358
3759.65049358209	732.19287766024	0.00000000000	0.99310508064
3761.56815747747	732.26810604668	0.00000000000	0.99362163682
3763.47284951190	732.33828034151	0.00000000000	0.99413523079
3765.36062934046	732.40300020999	0.00000000000	0.99464481468
3767.26062906111	732.46291664779	0.00000000000	0.99515827777
3769.14966596084	732.51692712652	0.00000000000	0.99566938314
3771.04458463022	732.56516458870	0.00000000000	0.99618271383
3773.09833826116	732.61029015683	0.00000000000	0.99673982245
3775.02591380119	732.64545232875	0.00000000000	0.99726344475
3776.93569620261	732.67301625002	0.00000000000	0.99778297210
3778.95617313527	732.69385249252	0.00000000000	0.99833344601
3780.81801850582	732.70507016548	0.00000000000	0.99884149074
3782.83173256723	732.70813342571	0.00000000000	0.99939186281
3785.05273100123	732.70001220703	0.00000000000	1.00000000000
