-161.05240075734	721.00000000000	0.00000000000
-112.47847719824	722.77132869900	0.00000000000
-36.28225801823	717.08574584537	0.00000000000
14.36832697088	733.89672691892	0.00000000000
75.74849629951	689.32520337897	0.00000000000
88.63247912170	865.41855243366	0.00000000000
223.92229620385	751.31175716112	0.00000000000
295.82676610968	1202.13768333485	0.00000000000
377.06424232643	794.40355997621	0.00000000000
428.00084524117	905.58012923748	0.00000000000
433.22561763829	863.89914063842	0.00000000000
444.49732118115	854.03346345636	0.00000000000
448.83984042002	855.26894984202	0.00000000000
461.39210712825	796.96262864926	0.00000000000
466.74828620835	922.08631487212	0.00000000000
492.53976762971	683.88987166650	0.00000000000
503.86518725278	1497.42502834369	0.00000000000
510.87745230847	1162.80119575308	0.00000000000
514.20169780350	8638.73209984381	0.00000000000
519.90000430389	6279.78833844930	0.00000000000
525.78423235301	1160.13126466208	0.00000000000
529.69331283704	869.40052377169	0.00000000000
657.88096985381	807.37242988927	0.00000000000
808.12527211630	824.20406484493	0.00000000000
936.11767159367	831.05314518517	0.00000000000
946.61669611781	1091.64648624215	0.00000000000
967.01110011771	1012.15216943604	0.00000000000
968.55265420414	1052.72698873769	0.00000000000
983.11998052291	978.76688535660	0.00000000000
987.11299400853	897.31783603727	0.00000000000
999.84289296269	865.71160204568	0.00000000000
1016.78137368754	823.77215628746	0.00000000000
1046.28838545911	791.11829812045	0.00000000000
1143.96756963930	799.26490768559	0.00000000000
1221.67909132349	788.06529373516	0.00000000000
1289.39310235456	795.51427421511	0.00000000000
1299.06739549703	795.78346018914	0.00000000000
1309.96323296125	795.74647998550	0.00000000000
1322.23533148137	794.05752031560	0.00000000000
1335.84142376549	797.13644185761	0.00000000000
1345.33968567633	792.20884790567	0.00000000000
1352.40821075903	801.94067425298	0.00000000000
1358.73452357578	795.44998220694	0.00000000000
1367.57085266402	793.90107340377	0.00000000000
1374.08889576810	795.85517738839	0.00000000000
1391.77161112787	793.78380041101	0.00000000000
1412.54663557449	794.18244882465	0.00000000000
1434.65833887994	796.19061333228	0.00000000000
1450.79928883346	799.78645937037	0.00000000000
1460.06996256702	796.00195881107	0.00000000000
1470.04400792531	792.34389503301	0.00000000000
1477.30866310681	797.13871364101	0.00000000000
1483.02931290519	797.12067551875	0.00000000000
1496.03935523780	792.25524031516	0.00000000000
1532.32577283440	794.06043924438	0.00000000000
1557.14084375362	795.83061592988	0.00000000000
1583.39930871479	796.87600150860	0.00000000000
1585.18845283883	795.76324215989	0.00000000000
1676.99102553823	791.95114514923	0.00000000000
1761.16157753094	798.34831457800	0.00000000000
1852.08398992185	796.09140358962	0.00000000000
1858.52278798459	797.59594560867	0.00000000000
1875.61709682689	794.08129108553	0.00000000000
1895.33202094224	798.50327609529	0.00000000000
1909.01863588384	800.08810977183	0.00000000000
1921.00616639465	796.22316223879	0.00000000000
1930.26614281182	798.21496113959	0.00000000000
1934.89902991193	801.50992439899	0.00000000000
1939.90612401336	795.07238181033	0.00000000000
1948.57948043645	799.01056891037	0.00000000000
1954.14565723653	801.56302342706	0.00000000000
1959.66009735651	793.57084293767	0.00000000000
1968.67025524315	799.21334197474	0.00000000000
1972.84586125892	798.42189131497	0.00000000000
2270.35265878666	801.75903793978	0.00000000000
2571.85772087730	799.44695396696	0.00000000000
2856.88416858057	799.00566684268	0.00000000000
2892.45500913681	798.85776655490	0.00000000000
2982.03330013156	798.93001721312	0.00000000000
3154.93582820133	794.77701731823	0.00000000000
3342.79844381284	795.49786569888	0.00000000000
3462.37117044033	791.13951255891	0.00000000000
3473.49522758933	794.23084230087	0.00000000000
3490.18521969670	788.72559617149	0.00000000000
3510.92274206185	794.00774338141	0.00000000000
3523.99120361086	789.12819111980	0.00000000000
3536.80136900156	790.96200941250	0.00000000000
3547.06402341907	790.56861209848	0.00000000000
3551.99511725530	787.36578490984	0.00000000000
3556.92443563356	794.56463904136	0.00000000000
3560.79471477394	788.48552755017	0.00000000000
3587.22293688006	792.19078654357	0.00000000000
3616.47163602795	788.59239169134	0.00000000000
3640.73688714834	790.27135697120	0.00000000000
3645.26595325924	792.60833437162	0.00000000000
3652.17898120194	790.35691667878	0.00000000000
3658.46492441804	794.37176987283	0.00000000000
3675.94293229192	785.13447914551	0.00000000000
3698.62861632215	792.32993184625	0.00000000000
3729.04341582463	784.78980444742	0.00000000000
3753.53609602449	791.15392264352	0.00000000000
3770.32220728476	782.28540435792	0.00000000000
3785.05273100123	791.16668701172	0.00000000000
