-161.052400757344	721
-157.918029166465	721.333312988281
-154.784692063043	721.333312988281
-151.652389082623	721.166687011719
-148.521119860443	721.666687011719
-145.390884031379	723.166687011719
-142.261681230018	720.666687011719
-139.133511090605	721.5
-136.006373247065	721.666687011719
-132.880267333001	720.833312988281
-129.755192981694	721.166687011719
-126.631149826119	721.333312988281
-123.508137498931	721
-120.386155632469	721.666687011719
-117.26520385875	722
-114.145281809493	720.666687011719
-111.026389116104	721.5
-107.908525409694	720.666687011719
-104.791690321038	721.833312988281
-101.675883480641	720.5
-98.5611045186717	721.833312988281
-95.447353065025	722.833312988281
-92.3346287492766	721.833312988281
-89.2229312007213	720.833312988281
-86.1122600483416	721.166687011719
-83.0026149208453	721.666687011719
-79.8939954466211	722
-76.7864012537842	721.5
-73.6798319701527	721.666687011719
-70.5742872232561	721.333312988281
-67.4697666403321	721.5
-64.3662698483556	721.5
-61.2637964739909	720.5
-58.1623461436205	721.833312988281
-55.0619184833662	721.333312988281
-51.962513119061	722
-48.8641296762465	722
-45.7667677802052	721.333312988281
-42.6704270559493	721.833312988281
-39.575107128185	722.333312988281
-36.4808076213898	723
-33.3875281597407	722.5
-30.2952683671589	723.166687011719
-27.2040278672905	722.5
-24.1138062835193	723
-21.0246032389752	722.666687011719
-17.936418356507	722.666687011719
-14.849251258711	722.833312988281
-11.7631015679234	722.166687011719
-8.67796890622949	722.333312988281
-5.59385289544781	722.833312988281
-2.51075315713486	729
0.571330687378083	751.333312988281
3.65239901705664	748.166687011719
6.73245221107038	728.333312988281
9.81149064886844	724.333312988281
12.8895147101308	723.666687011719
15.9665247748119	723.166687011719
19.0425212230794	723.333312988281
22.1175044353585	723.166687011719
25.1914747923185	722.5
28.2644326748526	723.5
31.3363784641254	723.166687011719
34.407312541512	723
37.4772352886376	723.166687011719
40.5461470873529	722.5
43.6140483197452	722.166687011719
46.6809393681546	723.166687011719
49.7468206151043	722.5
52.8116924433891	722.166687011719
55.8755552360261	723
58.9384093762383	722
62.0002552474984	722
65.0610932334876	722
68.1209237181074	722.666687011719
71.1797470854872	725.166687011719
74.2375637199753	733.5
77.2943740061426	754.166687011719
80.3501783287621	780.333312988281
83.4049770728362	801.666687011719
86.458770623588	816.5
89.5115593664133	830
92.5633436869714	841.666687011719
95.614123971109	835.666687011719
98.6639006048634	831.666687011719
101.71267397451	824.5
104.760444466499	820.333312988281
107.807212467523	821.833312988281
110.852978364433	816.833312988281
113.897742544329	816.833312988281
116.941505394473	818.5
119.984267302342	822.833312988281
123.026028655611	821
126.066789842147	824
129.106551250017	829.166687011719
132.145313267476	829.666687011719
135.183076282972	833.166687011719
138.219840685155	831.166687011719
141.25560686286	835.166687011719
144.290375205084	839.833312988281
147.324146101058	841
150.356919940159	837.666687011719
153.388697111971	832
156.419478006256	832.5
159.449263012951	835.333312988281
162.478052522176	835.166687011719
165.505846924252	828.666687011719
168.53264660963	825.666687011719
171.558451968981	826.333312988281
174.58326339314	829
177.607081273107	826.666687011719
180.62990600007	828.166687011719
183.651737965369	830.166687011719
186.672577560525	828.666687011719
189.69242517724	829.833312988281
192.711281207365	835.166687011719
195.72914604291	835.166687011719
198.746020076084	837.166687011719
201.761903699234	843.5
204.776797304875	844.5
207.790701285686	847.5
210.803616034506	848.5
213.815541944334	847.5
216.826479408305	858
219.836428819757	869.666687011719
222.845390572148	885.666687011719
225.85336505909	901.166687011719
228.860352674363	914.5
231.866353811897	919
234.87136886575	920
237.875398230169	921.333312988281
240.878442299507	924.5
243.880501468296	926.5
246.8815761312	923.666687011719
249.881666683015	928.333312988281
252.880773518714	937.833312988281
255.878897033367	936.333312988281
258.876037622231	934.5
261.87219568066	937.5
264.867371604185	945
267.861565788447	943.333312988281
270.854778629234	954.333312988281
273.847010522466	962.333312988281
276.838261864188	970.5
279.828533050598	981.333312988281
282.817824478014	977
285.80613654287	983.666687011719
288.793469641754	992.5
291.779824171381	1010
294.76520052856	1026.83337402344
297.749599110256	1062
300.733020313556	1072.5
303.71546453566	1061.83337402344
306.696932173884	1031.16662597656
309.677423625681	1001.66668701172
312.656939288627	985
315.635479560399	963.333312988281
318.613044838794	954.666687011719
321.58963552173	948.166687011719
324.565252007254	943.166687011719
327.539894693497	933
330.513563978727	929.833312988281
333.486260261321	926.333312988281
336.45798393975	925.166687011719
339.428735412615	911
342.398515078611	912.666687011719
345.367323336554	907.5
348.335160585345	902
351.302027224011	903.666687011719
354.267923651678	903.333312988281
357.232850267562	905
360.196807470995	901
363.159795661405	895
366.121815238323	896.833312988281
369.082866601374	897.333312988281
372.042950150278	888.5
375.002066284852	888.166687011719
377.96021540502	886
380.917397910787	883.166687011719
383.87361420225	877.666687011719
386.828864679608	879.666687011719
389.783149743152	874.166687011719
392.736469793246	883.666687011719
395.688825230349	872.333312988281
398.640216455031	869.333312988281
401.590643867918	877.333312988281
404.540107869733	873.333312988281
407.488608861292	870
410.436147243477	873.5
413.382723417263	874.833312988281
416.328337783717	872.5
419.272990743963	873.166687011719
422.216682699215	879.333312988281
425.159414050779	879.5
428.101185200012	874.5
431.041996548371	879.333312988281
433.981848497378	877.333312988281
436.920741448625	870
439.858675803767	861.5
442.795651964569	855.833312988281
445.731670332837	851.5
448.666731310446	840.5
451.600835299364	838.666687011719
454.533982701586	832.833312988281
457.466173919221	834.5
460.397409354404	836.333312988281
463.327689409375	834.5
466.257014486398	845.5
469.185384987818	848.333312988281
472.112801316062	858.5
475.039263873568	862
477.964773062894	870
480.889329286604	879.666687011719
483.812932947347	887.666687011719
486.735584447842	900
489.657284190833	916.5
492.57803257914	942.833312988281
495.497830015628	980.166687011719
498.416676903215	1028.83337402344
501.334573644887	1114
504.251520643647	1282.83337402344
507.167518302592	1638.66662597656
510.082567024834	2597.33325195313
512.996667213552	4800.16650390625
515.90981927197	7709.83349609375
518.822023603342	6952
521.733280610983	3817.83325195313
524.643590698264	2080.16674804688
527.552954268568	1440.66662597656
530.461371725349	1184.5
533.368843472097	1063.83337402344
536.275369912315	996
539.180951449593	954.333312988281
542.085588487526	925.5
544.989281429769	905.833312988281
547.892030679974	885.833312988281
550.793836641883	869.333312988281
553.69469971924	856
556.594620315827	852
559.493598835466	843.666687011719
562.391635682013	838.833312988281
565.288731259343	835.5
568.184885971374	828.666687011719
571.080100222052	826.333312988281
573.974374415345	825.166687011719
576.867708955262	825.333312988281
579.760104245825	823.5
582.651560691082	821.666687011719
585.542078695128	821.333312988281
588.431658662056	828.5
591.32030099599	822.333312988281
594.208006101091	825.333312988281
597.094774381517	826.5
599.980606241471	831.166687011719
602.865502085163	833.166687011719
605.749462316826	836.666687011719
608.632487340711	843.833312988281
611.514577561079	844.166687011719
614.395733382211	850.166687011719
617.275955208418	850.333312988281
620.155243444004	849.333312988281
623.033598493305	839.166687011719
625.911020760651	835.5
628.787510650403	831.5
631.66306856693	839
634.537694914594	836.5
637.411390097786	835.666687011719
640.284154520905	837.833312988281
643.155988588352	838.833312988281
646.026892704516	830.5
648.896867273836	834.833312988281
651.765912700714	841.666687011719
654.634029389583	838.333312988281
657.501217744867	838
660.367478171004	840.166687011719
663.232811072425	840.5
666.097216853551	841
668.960695918832	838.333312988281
671.823248672701	839.5
674.684875519584	833.166687011719
677.545576863912	833
680.405353110123	833.833312988281
683.264204662626	829.166687011719
686.122131925858	823.5
688.979135304224	817.166687011719
691.835215202133	820.666687011719
694.690372023987	818.333312988281
697.544606174179	816
700.397918057097	813.5
703.250308077113	813.5
706.1017766386	812
708.952324145902	809.833312988281
711.801951003379	810.833312988281
714.650657615341	809.666687011719
717.498444386125	811.333312988281
720.345311720011	806.833312988281
723.191260021316	808.833312988281
726.036289694293	812
728.880401143207	806.666687011719
731.723594772292	809.333312988281
734.565870985777	812.666687011719
737.407230187863	810.5
740.247672782728	809.666687011719
743.087199174537	810.833312988281
745.925809767438	807.166687011719
748.763504965554	808.833312988281
751.600285172966	812.333312988281
754.436150793758	814.166687011719
757.271102231982	815.5
760.105139891669	813.666687011719
762.938264176809	813.666687011719
765.770475491382	816.166687011719
768.601774239332	814.333312988281
771.432160824581	814.166687011719
774.261635651023	819.5
777.090199122514	818.833312988281
779.917851642881	822
782.744593615934	818.833312988281
785.570425445436	823.666687011719
788.395347535131	823
791.219360288712	824.666687011719
794.042464109864	819.5
796.864659402214	823.666687011719
799.685946569366	828.666687011719
802.506326014884	824.666687011719
805.325798142284	834.166687011719
808.144363355081	829.833312988281
810.962022056719	833
813.778774650606	832.666687011719
816.594621540134	835.5
819.409563128625	834.666687011719
822.223599819372	834.5
825.036732015638	830.166687011719
827.848960120626	831.666687011719
830.660284537507	832.666687011719
833.470705669408	829.333312988281
836.280223919406	831.5
839.088839690538	829.666687011719
841.896553385796	832.166687011719
844.703365408119	825.5
847.5092761604	824.5
850.314286045495	829
853.118395466201	830.5
855.921604825274	826.5
858.723914525414	826.833312988281
861.525324969262	824.166687011719
864.325836559432	827.833312988281
867.12544969845	828.166687011719
869.924164788844	828.166687011719
872.721982233031	827.333312988281
875.518902433409	829.333312988281
878.314925792318	829.5
881.110052712022	831.166687011719
883.904283594762	832.833312988281
886.697618842688	835
889.490058857917	832.166687011719
892.281604042509	832.5
895.072254798446	835.666687011719
897.862011527676	837.5
900.65087463206	834.833312988281
903.438844513424	837.666687011719
906.225921573509	841.5
909.012106214019	846.833312988281
911.797398836582	853.833312988281
914.581799842765	852.166687011719
917.36530963407	869.666687011719
920.14792861194	892.166687011719
922.929657177743	930.666687011719
925.710495732792	959.166687011719
928.490444678323	988
931.269504415538	1017.5
934.047675345512	1033.66662597656
936.824957869314	1039.16662597656
939.601352387904	1034.33337402344
942.376859302189	1035.5
945.151479012999	1031.66662597656
947.925211921101	1031.33337402344
950.69805842719	1035.5
953.470018931884	1034.33337402344
956.24109383573	1044.16662597656
959.011283539212	1035.33337402344
961.780588442723	1038.66662597656
964.549008946599	1042.83337402344
967.316545451099	1026
970.083198356381	1035
972.848968062573	1026.5
975.613854969683	1016.83331298828
978.377859477675	995.5
981.140981986411	978.333312988281
983.903222895694	944.333312988281
986.664582605232	922.166687011719
989.425061514656	903.5
992.184660023538	892.666687011719
994.943378531344	876.833312988281
997.701217437459	868.666687011719
1000.45817714121	863.666687011719
1003.21425804184	856.166687011719
1005.96946053847	852.166687011719
1008.72378503017	843.166687011719
1011.47723191593	841
1014.22980159464	834.666687011719
1016.98149446511	830.333312988281
1019.73231092608	826.333312988281
1022.48225137617	827.333312988281
1025.23131621393	817.166687011719
1027.97950583784	809.5
1030.72682064628	808.5
1033.47326103752	800
1036.21882740976	799.333312988281
1038.96352016114	799.166687011719
1041.70733968965	799.666687011719
1044.45028639323	801.833312988281
1047.19236066972	801.333312988281
1049.93356291686	794.333312988281
1052.6738935323	794.166687011719
1055.41335291363	799
1058.15194145829	797.5
1060.88965956365	792.666687011719
1063.62650762702	800.333312988281
1066.36248604555	794.5
1069.09759521636	794
1071.83183553642	792.333312988281
1074.56520740263	794.833312988281
1077.29771121181	796
1080.02934736065	797.5
1082.76011624574	796.833312988281
1085.4900182636	795.833312988281
1088.21905381064	795.333312988281
1090.94722328316	799.833312988281
1093.67452707735	793.666687011719
1096.40096558935	798.833312988281
1099.12653921515	796.5
1101.85124835065	796.5
1104.57509339165	797.166687011719
1107.29807473384	791.5
1110.02019277284	790.833312988281
1112.7414479041	798.5
1115.46184052305	796.666687011719
1118.18137102495	795.666687011719
1120.90003980497	793.166687011719
1123.6178472582	796.833312988281
1126.3347937796	794
1129.05087976402	792.833312988281
1131.76610560621	797
1134.48047170081	794.333312988281
1137.19397844237	796.333312988281
1139.90662622532	796.166687011719
1142.61841544396	793
1145.3293464925	796.166687011719
1148.03941976504	794.666687011719
1150.74863565557	794.333312988281
1153.45699455796	794.5
1156.16449686598	793
1158.87114297328	791.833312988281
1161.5769332734	788.166687011719
1164.28186815977	791.666687011719
1166.9859480257	793.666687011719
1169.68917326438	788.166687011719
1172.3915442689	793.666687011719
1175.09306143224	791.166687011719
1177.79372514725	793
1180.49353580667	791.666687011719
1183.19249380311	789
1185.8905995291	793.833312988281
1188.587853377	789.833312988281
1191.28425573911	792.333312988281
1193.97980700757	796.5
1196.6745075744	789.166687011719
1199.36835783155	790.833312988281
1202.06135817079	790.166687011719
1204.75350898382	793.666687011719
1207.44481066216	789.666687011719
1210.13526359728	797
1212.82486818048	793.333312988281
1215.51362480295	797.5
1218.20153385577	791.333312988281
1220.88859572989	796.666687011719
1223.57481081613	794.666687011719
1226.26017950519	793.166687011719
1228.94470218765	792.833312988281
1231.62837925397	792.666687011719
1234.31121109448	790.5
1236.99319809938	793
1239.67434065875	795.5
1242.35463916254	793.166687011719
1245.03409400059	791.833312988281
1247.71270556258	796.166687011719
1250.3904742381	792.5
1253.06740041659	797
1255.74348448737	794.333312988281
1258.41872683962	794.5
1261.09312786241	790.333312988281
1263.76668794468	790
1266.43940747521	795.333312988281
1269.11128684269	794.5
1271.78232643565	795.166687011719
1274.4525266425	791
1277.12188785152	793.833312988281
1279.79041045087	796
1282.45809482855	791.833312988281
1285.12494137245	792
1287.79095047032	793.833312988281
1290.45612250977	792.666687011719
1293.12045787829	797.333312988281
1295.78395696323	798.666687011719
1298.4466201518	796.5
1301.10844783108	793
1303.76944038802	793.166687011719
1306.42959820943	796.666687011719
1309.08892168197	798.666687011719
1311.74741119219	795.333312988281
1314.40506712649	795.333312988281
1317.06188987112	792.166687011719
1319.71787981222	796.333312988281
1322.37303733578	792.833312988281
1325.02736282763	795.833312988281
1327.6808566735	797.833312988281
1330.33351925895	796.166687011719
1332.98535096942	794.333312988281
1335.6363521902	797.166687011719
1338.28652330643	795.5
1340.93586470315	790.666687011719
1343.58437676521	794.666687011719
1346.23205987735	795.666687011719
1348.87891442415	797.5
1351.52494079006	800.5
1354.17013935939	798.333312988281
1356.81451051628	794.5
1359.45805464479	796
1362.10077212876	798.5
1364.74266335193	796.166687011719
1367.38372869791	791.666687011719
1370.02396855011	794.333312988281
1372.66338329184	794
1375.30197330626	797.833312988281
1377.93973897638	797.833312988281
1380.57668068506	792
1383.21279881501	794.666687011719
1385.8480937488	793.833312988281
1388.48256586886	792.833312988281
1391.11621555746	794.333312988281
1393.74904319673	794.666687011719
1396.38104916866	796.833312988281
1399.01223385507	794.333312988281
1401.64259763764	794.666687011719
1404.27214089792	793
1406.90086401729	792.666687011719
1409.52876737698	797.333312988281
1412.15585135807	792.833312988281
1414.78211634153	796.833312988281
1417.40756270811	793.333312988281
1420.03219083847	796.5
1422.65600111307	793.833312988281
1425.27899391227	795
1427.90116961623	793.5
1430.52252860499	796.333312988281
1433.14307125842	797.166687011719
1435.76279795625	796.5
1438.38170907805	796.833312988281
1440.99980500324	796.833312988281
1443.61708611107	803.833312988281
1446.23355278067	798.166687011719
1448.84920539098	797.166687011719
1451.4640443208	795
1454.07806994879	798.666687011719
1456.69128265344	797.333312988281
1459.30368281307	798.333312988281
1461.91527080588	797
1464.52604700989	790.833312988281
1467.13601180296	794.166687011719
1469.74516556279	794.666687011719
1472.35350866696	795
1474.96104149285	794
1477.56776441771	799.333312988281
1480.17367781861	794.5
1482.77878207248	794.5
1485.38307755609	799.666687011719
1487.98656464603	797.833312988281
1490.58924371876	791
1493.19111515057	795.5
1495.79217931758	794.833312988281
1498.39243659577	792
1500.99188736094	792.333312988281
1503.59053198873	792.166687011719
1506.18837085465	794.166687011719
1508.785404334	794.166687011719
1511.38163280196	796
1513.97705663354	793.166687011719
1516.57167620357	791.833312988281
1519.16549188673	790.333312988281
1521.75850405755	793.666687011719
1524.35071309037	794.166687011719
1526.9421193594	795.333312988281
1529.53272323865	792.666687011719
1532.122525102	797.333312988281
1534.71152532314	791.833312988281
1537.29972427561	793.666687011719
1539.8871223328	795
1542.47371986791	799.833312988281
1545.05951725397	794.333312988281
1547.64451486388	794.833312988281
1550.22871307034	793.166687011719
1552.81211224592	794.333312988281
1555.39471276298	794.666687011719
1557.97651499375	797.833312988281
1560.55751931028	794.833312988281
1563.13772608445	794.666687011719
1565.71713568798	795
1568.29574849243	795.5
1570.87356486918	797.166687011719
1573.45058518943	800.666687011719
1576.02680982425	797.666687011719
1578.60223914452	796.833312988281
1581.17687352094	792.666687011719
1583.75071332406	796.333312988281
1586.32375892425	799.166687011719
1588.89601069173	791.5
1591.46746899652	797.166687011719
1594.03813420851	794.5
1596.60800669738	794.333312988281
1599.17708683267	798.833312988281
1601.74537498374	795.666687011719
1604.31287151975	793.833312988281
1606.87957680976	796.166687011719
1609.44549122259	795.5
1612.01061512692	793.666687011719
1614.57494889126	795.666687011719
1617.13849288394	793.5
1619.70124747313	792.166687011719
1622.2632130268	792.166687011719
1624.82438991279	795.333312988281
1627.38477849873	794.166687011719
1629.9443791521	794.666687011719
1632.5031922402	793.166687011719
1635.06121813016	792.166687011719
1637.61845718892	796.666687011719
1640.17490978328	795.833312988281
1642.73057627983	793.666687011719
1645.28545704501	793.333312988281
1647.83955244508	797
1650.39286284613	796
1652.94538861407	794.166687011719
1655.49713011461	791.5
1658.04808771334	796.666687011719
1660.59826177564	797
1663.14765266671	795.666687011719
1665.6962607516	797.833312988281
1668.24408639516	797.166687011719
1670.79112996207	792.333312988281
1673.33739181685	797.666687011719
1675.88287232381	792.166687011719
1678.42757184714	795.666687011719
1680.97149075077	796.833312988281
1683.51462939854	795.333312988281
1686.05698815406	793.5
1688.59856738078	793
1691.13936744196	794.833312988281
1693.67938870071	797.166687011719
1696.21863151993	794.666687011719
1698.75709626235	794.833312988281
1701.29478329055	792.666687011719
1703.83169296688	794
1706.36782565357	795
1708.90318171263	795.5
1711.4377615059	795.333312988281
1713.97156539505	794
1716.50459374155	796.666687011719
1719.03684690673	790.833312988281
1721.56832525169	794.5
1724.0990291374	799
1726.62895892461	794.166687011719
1729.15811497392	794.666687011719
1731.68649764571	798.166687011719
1734.21410730024	795.333312988281
1736.74094429752	794.166687011719
1739.26700899743	792.166687011719
1741.79230175966	794
1744.31682294371	795.833312988281
1746.84057290888	794.333312988281
1749.36355201434	793.833312988281
1751.88576061902	798
1754.4071990817	798.166687011719
1756.92786776098	795.833312988281
1759.44776701527	793
1761.9668972028	795.833312988281
1764.48525868161	794.5
1767.00285180958	795.833312988281
1769.51967694437	798.833312988281
1772.03573444348	796
1774.55102466424	797
1777.06554796376	796.666687011719
1779.57930469901	794.833312988281
1782.09229522675	796
1784.60451990356	798.166687011719
1787.11597908582	801.333312988281
1789.62667312977	796
1792.13660239142	796.333312988281
1794.64576722662	797.666687011719
1797.15416799103	794.333312988281
1799.66180504014	796.333312988281
1802.16867872921	794.666687011719
1804.67478941338	797.333312988281
1807.18013744755	798.666687011719
1809.68472318647	799.833312988281
1812.18854698468	797
1814.69160919654	797.333312988281
1817.19391017625	801.333312988281
1819.69545027779	796.5
1822.19622985497	794.333312988281
1824.69624926142	796.5
1827.19550885056	796.833312988281
1829.69400897566	799
1832.19174998977	799.333312988281
1834.68873224578	796.166687011719
1837.18495609636	794.833312988281
1839.68042189405	798.333312988281
1842.17512999113	795.166687011719
1844.66908073976	792.166687011719
1847.16227449185	792.333312988281
1849.65471159919	796.666687011719
1852.14639241333	796.5
1854.63731728566	799.5
1857.12748656736	794.166687011719
1859.61690060946	795.833312988281
1862.10555976276	801.833312988281
1864.59346437789	793.666687011719
1867.0806148053	794.666687011719
1869.56701139525	794.333312988281
1872.05265449779	796
1874.5375444628	796
1877.02168163998	795.666687011719
1879.50506637882	795.166687011719
1881.98769902865	797.666687011719
1884.46957993857	797.5
1886.95070945752	798.833312988281
1889.43108793426	795.666687011719
1891.91071571733	795.333312988281
1894.3895931551	801.5
1896.86772059576	799.166687011719
1899.34509838728	797.166687011719
1901.82172687745	798.833312988281
1904.29760641392	794.833312988281
1906.77273734407	801.5
1909.24712001514	802.166687011719
1911.72075477417	797.666687011719
1914.19364196802	799.666687011719
1916.66578194333	797.666687011719
1919.13717504658	796
1921.60782162405	797.833312988281
1924.07772202183	795.833312988281
1926.5468765858	800
1929.01528566169	796.833312988281
1931.482949595	801.5
1933.94986873107	795.333312988281
1936.41604341501	803.166687011719
1938.88147399179	797.166687011719
1941.34616080614	796
1943.81010420264	795.5
1946.27330452565	798.833312988281
1948.73576211936	797.5
1951.19747732774	803.166687011719
1953.6584504946	799.666687011719
1956.11868196354	795.333312988281
1958.57817207798	799
1961.03692118112	794.666687011719
1963.494929616	795.666687011719
1965.95219772548	799.5
1968.40872585217	798.5
1970.86451433854	795.833312988281
1973.31956352686	800.833312988281
1975.77387375919	797
1978.22744537741	796.666687011719
1980.68027872319	797.166687011719
1983.13237413805	798.833312988281
1985.58373196327	797
1988.03435253995	802
1990.48423620903	798.666687011719
1992.93338331123	796
1995.38179418705	800.833312988281
1997.82946917685	798.166687011719
2000.27640862078	799.5
2002.72261285876	801.5
2005.16808223058	796.333312988281
2007.6128170758	796.333312988281
2010.05681773378	797.666687011719
2012.5000845437	800.833312988281
2014.94261784456	802
2017.38441797513	798.333312988281
2019.82548527403	795.833312988281
2022.26582007965	797.666687011719
2024.70542273021	799.166687011719
2027.14429356372	797.833312988281
2029.58243291803	799.333312988281
2032.01984113074	797
2034.4565185393	802.333312988281
2036.89246548096	801.333312988281
2039.32768229276	797.5
2041.76216931157	793.833312988281
2044.19592687403	798.5
2046.62895531664	796.833312988281
2049.06125497565	798.5
2051.49282618715	801
2053.92366928702	799.166687011719
2056.35378461097	801
2058.78317249448	799.5
2061.21183327286	802.833312988281
2063.63976728122	801.166687011719
2066.06697485448	800.5
2068.49345632736	799.166687011719
2070.91921203438	797.833312988281
2073.34424230988	800.333312988281
2075.768547488	799.666687011719
2078.19212790268	797.666687011719
2080.61498388767	801
2083.03711577653	800.5
2085.45852390261	801.5
2087.87920859908	796.833312988281
2090.29917019892	801.833312988281
2092.7184090349	799.666687011719
2095.1369254396	798.5
2097.5547197454	796
2099.97179228451	796.166687011719
2102.38814338892	799.666687011719
2104.80377339043	796
2107.21868262065	797.5
2109.632871411	799.666687011719
2112.04634009268	801.333312988281
2114.45908899673	800.666687011719
2116.87111845398	801.666687011719
2119.28242879505	800
2121.69302035039	804.666687011719
2124.10289345023	799.833312988281
2126.51204842463	799.5
2128.92048560345	802.5
2131.32820531633	799.833312988281
2133.73520789276	798.166687011719
2136.14149366198	798.666687011719
2138.54706295308	801.333312988281
2140.95191609493	799.5
2143.35605341621	803.666687011719
2145.75947524542	801
2148.16218191085	801.833312988281
2150.5641737406	800.166687011719
2152.96545106256	801
2155.36601420444	801.5
2157.76586349376	798.166687011719
2160.16499925784	797.5
2162.56342182378	800.833312988281
2164.96113151853	802.5
2167.35812866881	800
2169.75441360116	798.5
2172.14998664193	802.5
2174.54484811724	797.166687011719
2176.93899835305	799.5
2179.33243767513	798.333312988281
2181.72516640902	798.5
2184.1171848801	801.833312988281
2186.50849341353	801.333312988281
2188.89909233429	799
2191.28898196715	799.833312988281
2193.6781626367	797.5
2196.06663466732	797.666687011719
2198.45439838321	799.666687011719
2200.84145410837	800.166687011719
2203.2278021666	798.666687011719
2205.6134428815	801.166687011719
2207.99837657649	798.833312988281
2210.38260357479	798.833312988281
2212.76612419941	802.833312988281
2215.14893877318	801.166687011719
2217.53104761874	799.666687011719
2219.91245105852	799.666687011719
2222.29314941476	798.333312988281
2224.67314300949	800
2227.05243216459	803.166687011719
2229.4310172017	797
2231.80889844227	802.333312988281
2234.18607620758	799.666687011719
2236.5625508187	802.5
2238.93832259649	802.166687011719
2241.31339186165	800.5
2243.68775893465	802.333312988281
2246.06142413579	798
2248.43438778515	800.833312988281
2250.80665020264	800.833312988281
2253.17821170796	800.666687011719
2255.54907262063	802
2257.91923325996	800.5
2260.28869394506	800.5
2262.65745499486	802.333312988281
2265.0255167281	798
2267.3928794633	801.666687011719
2269.75954351881	801.5
2272.12550921278	802.166687011719
2274.49077686315	799.166687011719
2276.85534678768	801.833312988281
2279.21921930393	800.5
2281.58239472928	801.5
2283.94487338088	803.166687011719
2286.30665557572	799.166687011719
2288.66774163059	797.833312988281
2291.02813186206	798.666687011719
2293.38782658654	803.5
2295.74682612022	801.666687011719
2298.10513077911	798.166687011719
2300.46274087902	800.333312988281
2302.81965673556	803.333312988281
2305.17587866417	801
2307.53140698005	799.833312988281
2309.88624199826	800.333312988281
2312.24038403362	800.333312988281
2314.59383340078	799
2316.9465904142	798.166687011719
2319.29865538813	797.166687011719
2321.65002863662	795.833312988281
2324.00071047355	802.5
2326.3507012126	799.166687011719
2328.70000116725	797.833312988281
2331.04861065077	796.833312988281
2333.39652997627	800.5
2335.74375945665	799
2338.09029940459	799.166687011719
2340.43615013263	800
2342.78131195308	801.833312988281
2345.12578517806	799.833312988281
2347.46957011949	797.5
2349.81266708913	798.5
2352.15507639851	803.666687011719
2354.49679835898	803.5
2356.8378332817	801.833312988281
2359.17818147763	801.833312988281
2361.51784325754	798.666687011719
2363.85681893201	800.333312988281
2366.19510881143	798.166687011719
2368.53271320597	798.833312988281
2370.86963242566	798.5
2373.20586678026	802.5
2375.54141657942	800.833312988281
2377.87628213255	799.166687011719
2380.21046374886	798.166687011719
2382.5439617374	801.5
2384.876776407	798.833312988281
2387.20890806631	796.5
2389.54035702378	801.666687011719
2391.87112358769	800.166687011719
2394.20120806609	802.666687011719
2396.53061076688	801.833312988281
2398.85933199771	799.5
2401.18737206611	802.166687011719
2403.51473127936	800.333312988281
2405.84140994457	797
2408.16740836866	799.666687011719
2410.49272685835	799
2412.81736572018	799.333312988281
2415.14132526048	800.166687011719
2417.46460578541	800.166687011719
2419.78720760092	804.833312988281
2422.10913101278	802.166687011719
2424.43037632656	798.166687011719
2426.75094384763	799
2429.0708338812	800.333312988281
2431.39004673226	801.833312988281
2433.70858270562	800.833312988281
2436.02644210589	798.833312988281
2438.3436252375	801
2440.6601324047	797.666687011719
2442.9759639115	800
2445.29112006177	797.5
2447.60560115917	796.666687011719
2449.91940750717	798.5
2452.23253940905	796.833312988281
2454.5449971679	799.5
2456.85678108662	802.166687011719
2459.16789146791	797.833312988281
2461.47832861429	795.166687011719
2463.78809282809	800.833312988281
2466.09718441145	802.833312988281
2468.4056036663	800.833312988281
2470.71335089442	799
2473.02042639735	799.5
2475.32683047649	801
2477.63256343301	800
2479.93762556792	801.333312988281
2482.24201718201	800.166687011719
2484.54573857591	798.5
2486.84879005005	796.666687011719
2489.15117190467	800.666687011719
2491.4528844398	799.166687011719
2493.75392795531	793.5
2496.05430275088	802.666687011719
2498.35400912598	802.5
2500.65304737991	800.333312988281
2502.95141781177	799.166687011719
2505.24912072047	802.5
2507.54615640475	802
2509.84252516313	800
2512.13822729396	800
2514.43326309541	798.666687011719
2516.72763286546	800.833312988281
2519.02133690188	800.5
2521.31437550226	802.5
2523.60674896402	799.5
2525.89845758438	797.333312988281
2528.18950166036	799.833312988281
2530.47988148881	801.333312988281
2532.76959736639	799.666687011719
2535.05864958956	800.166687011719
2537.34703845461	799.666687011719
2539.63476425764	801.333312988281
2541.92182729453	802
2544.20822786102	798.333312988281
2546.49396625263	799.5
2548.77904276471	802
2551.06345769243	797.666687011719
2553.34721133075	799
2555.63030397446	804.833312988281
2557.91273591814	802
2560.19450745623	799.833312988281
2562.47561888293	802.5
2564.75607049228	802.166687011719
2567.03586257817	800.666687011719
2569.31499543421	795.333312988281
2571.59346935393	797.666687011719
2573.87128463059	798.666687011719
2576.14844155732	798
2578.42494042703	798.666687011719
2580.70078153248	801
2582.97596516619	796
2585.25049162055	801.166687011719
2587.52436118774	799.833312988281
2589.79757415976	798.833312988281
2592.0701308284	801
2594.34203148531	797.5
2596.61327642193	796.5
2598.8838659295	799.5
2601.15380029911	800.666687011719
2603.42307982164	800.333312988281
2605.69170478781	798.833312988281
2607.95967548813	798
2610.22699221293	801
2612.49365525236	801.166687011719
2614.75966489641	799.166687011719
2617.02502143485	798.833312988281
2619.28972515728	799.666687011719
2621.55377635311	799
2623.8171753116	799.833312988281
2626.07992232178	799
2628.34201767252	802.833312988281
2630.60346165251	797.666687011719
2632.86425455025	799.333312988281
2635.12439665406	798.166687011719
2637.38388825208	799.666687011719
2639.64272963226	801.166687011719
2641.90092108237	798.5
2644.15846289001	797.666687011719
2646.41535534257	800.666687011719
2648.6715987273	798
2650.92719333123	802.166687011719
2653.18213944121	796.666687011719
2655.43643734393	802.333312988281
2657.6900873259	799.666687011719
2659.94308967342	805.5
2662.19544467264	801.166687011719
2664.4471526095	799.5
2666.69821376979	802.666687011719
2668.94862843909	804.333312988281
2671.19839690281	799.5
2673.44751944621	799
2675.6959963543	799.5
2677.94382791198	800.166687011719
2680.19101440393	798.833312988281
2682.43755611467	800.666687011719
2684.68345332852	796.333312988281
2686.92870632962	796.666687011719
2689.17331540197	798.5
2691.41728082935	800
2693.66060289535	798
2695.90328188344	800
2698.14531807684	800.333312988281
2700.38671175865	800.166687011719
2702.62746321176	801.166687011719
2704.86757271887	800
2707.10704056254	797.333312988281
2709.34586702512	802.166687011719
2711.58405238879	798.166687011719
2713.82159693555	798.333312988281
2716.05850094724	798.166687011719
2718.2947647055	802.333312988281
2720.5303884918	798.833312988281
2722.76537258743	804.166687011719
2724.9997172735	799.166687011719
2727.23342283096	797.833312988281
2729.46648954056	796.833312988281
2731.69891768289	802.333312988281
2733.93070753835	803
2736.16185938717	798.166687011719
2738.39237350941	799.666687011719
2740.62225018494	800.833312988281
2742.85148969346	797.666687011719
2745.08009231449	796.5
2747.30805832739	802.333312988281
2749.53538801132	800.666687011719
2751.76208164528	800.166687011719
2753.98813950809	799.833312988281
2756.2135618784	798
2758.43834903466	800
2760.6625012552	798
2762.8860188181	798.333312988281
2765.10890200134	799.666687011719
2767.33115108267	798.166687011719
2769.55276633968	798.5
2771.77374804981	798.166687011719
2773.99409649029	799.166687011719
2776.2138119382	795.5
2778.43289467044	795.666687011719
2780.65134496373	796
2782.86916309462	799.833312988281
2785.08634933949	802.5
2787.30290397455	800.333312988281
2789.51882727582	800.5
2791.73411951917	798.666687011719
2793.94878098028	797.666687011719
2796.16281193466	799.666687011719
2798.37621265765	799.833312988281
2800.58898342442	801.666687011719
2802.80112450996	798
2805.01263618911	795.833312988281
2807.2235187365	799.166687011719
2809.43377242661	800.333312988281
2811.64339753376	802.333312988281
2813.85239433209	797.833312988281
2816.06076309555	798.333312988281
2818.26850409794	799.333312988281
2820.47561761289	796.166687011719
2822.68210391383	798.5
2824.88796327407	798.5
2827.0931959667	800.833312988281
2829.29780226467	798.833312988281
2831.50178244075	801.666687011719
2833.70513676754	795.333312988281
2835.90786551747	802.666687011719
2838.10996896279	797.833312988281
2840.31144737561	803.333312988281
2842.51230102784	798.666687011719
2844.71253019124	800.5
2846.91213513738	798
2849.11111613768	796.333312988281
2851.3094734634	795.833312988281
2853.50720738561	798.666687011719
2855.7043181752	799.166687011719
2857.90080610294	800.833312988281
2860.09667143939	799.333312988281
2862.29191445495	802.666687011719
2864.48653541988	795.333312988281
2866.68053460421	796.333312988281
2868.87391227788	796.833312988281
2871.06666871061	799.666687011719
2873.25880417197	798.166687011719
2875.45031893136	799
2877.64121325801	798.666687011719
2879.831487421	795.666687011719
2882.02114168922	794
2884.21017633142	803.166687011719
2886.39859161615	801.333312988281
2888.58638781184	800.333312988281
2890.77356518671	799.5
2892.96012400883	801.166687011719
2895.14606454612	799.166687011719
2897.33138706632	799.5
2899.51609183701	797.666687011719
2901.70017912559	797.833312988281
2903.88364919932	793.666687011719
2906.06650232528	803.166687011719
2908.2487387704	799.833312988281
2910.43035880141	798.833312988281
2912.61136268493	800.333312988281
2914.79175068737	794.833312988281
2916.971523075	798.333312988281
2919.15068011392	797.333312988281
2921.32922207008	799.666687011719
2923.50714920924	802.166687011719
2925.68446179701	800.166687011719
2927.86116009886	799.333312988281
2930.03724438006	796.833312988281
2932.21271490573	800.333312988281
2934.38757194085	800.166687011719
2936.56181575021	797.666687011719
2938.73544659846	797.5
2940.90846475006	802.166687011719
2943.08087046934	801.833312988281
2945.25266402045	797.166687011719
2947.42384566739	799.333312988281
2949.59441567399	799
2951.76437430392	799.333312988281
2953.9337218207	799
2956.10245848767	796.5
2958.27058456803	799
2960.43810032481	799.833312988281
2962.60500602089	799
2964.77130191897	794.166687011719
2966.93698828162	798
2969.10206537122	799.333312988281
2971.26653345001	795.333312988281
2973.43039278007	799.666687011719
2975.59364362331	798
2977.75628624151	798.666687011719
2979.91832089625	798
2982.07974784898	796.5
2984.24056736099	796
2986.40077969341	798.166687011719
2988.56038510721	799.5
2990.71938386319	800.5
2992.87777622203	801
2995.03556244421	800.166687011719
2997.19274279009	798.333312988281
2999.34931751984	796.333312988281
3001.5052868935	795.833312988281
3003.66065117094	792
3005.81541061188	800.333312988281
3007.96956547589	800.333312988281
3010.12311602237	795.833312988281
3012.27606251058	797.5
3014.42840519961	801
3016.5801443484	798.166687011719
3018.73128021574	797.833312988281
3020.88181306026	798.333312988281
3023.03174314045	798.666687011719
3025.18107071461	800.166687011719
3027.32979604094	797
3029.47791937744	795.833312988281
3031.62544098197	802.166687011719
3033.77236111226	797.166687011719
3035.91868002584	799.5
3038.06439798013	798.166687011719
3040.20951523238	798.833312988281
3042.35403203969	798.666687011719
3044.49794865899	794.5
3046.6412653471	798.666687011719
3048.78398236063	795.666687011719
3050.92609995611	799.666687011719
3053.06761838984	796.5
3055.20853791804	799.333312988281
3057.34885879672	800.5
3059.48858128178	797.333312988281
3061.62770562895	795.833312988281
3063.76623209382	796.5
3065.90416093181	795.166687011719
3068.04149239822	798.666687011719
3070.17822674818	795.166687011719
3072.31436423666	796.666687011719
3074.44990511851	798.166687011719
3076.58484964841	799.166687011719
3078.7191980809	794.166687011719
3080.85295067036	794.666687011719
3082.98610767103	799.666687011719
3085.11866933701	792
3087.25063592222	799.333312988281
3089.38200768048	794.333312988281
3091.51278486542	795.666687011719
3093.64296773054	794.5
3095.7725565292	798
3097.90155151459	797.333312988281
3100.02995293977	795.333312988281
3102.15776105766	791.833312988281
3104.284976121	796.666687011719
3106.41159838243	796.333312988281
3108.53762809442	794.5
3110.66306550928	800.5
3112.78791087919	798.166687011719
3114.9121644562	795.833312988281
3117.03582649218	799.333312988281
3119.15889723888	794.666687011719
3121.28137694789	795.166687011719
3123.40326587068	796.833312988281
3125.52456425854	799.5
3127.64527236265	800.833312988281
3129.76539043401	795.833312988281
3131.88491872352	794.666687011719
3134.00385748189	797.666687011719
3136.12220695972	798.5
3138.23996740746	795.833312988281
3140.35713907541	796.5
3142.47372221373	796.333312988281
3144.58971707243	798.666687011719
3146.7051239014	793.333312988281
3148.81994295036	796
3150.9341744689	797.166687011719
3153.04781870648	793.5
3155.1608759124	794
3157.27334633582	792.166687011719
3159.38523022579	795.5
3161.49652783117	793.5
3163.60723940071	796.166687011719
3165.71736518302	798
3167.82690542655	795.833312988281
3169.93586037964	795.166687011719
3172.04423029046	794.333312988281
3174.15201540706	796
3176.25921597735	796.5
3178.36583224909	798.5
3180.4718644699	794.5
3182.57731288727	794.5
3184.68217774857	797.5
3186.78645930098	796
3188.89015779159	794.166687011719
3190.99327346734	794.166687011719
3193.09580657502	796.5
3195.19775736129	790.333312988281
3197.29912607268	792.833312988281
3199.39991295556	794.666687011719
3201.5001182562	796.666687011719
3203.59974222071	795.333312988281
3205.69878509505	795.666687011719
3207.79724712508	794.333312988281
3209.8951285565	795.666687011719
3211.99242963488	795.833312988281
3214.08915060565	794.833312988281
3216.18529171411	797
3218.28085320543	795.166687011719
3220.37583532463	796.5
3222.47023831662	795.333312988281
3224.56406242616	799.166687011719
3226.65730789786	797.166687011719
3228.74997497622	794.5
3230.84206390561	799.166687011719
3232.93357493025	797.166687011719
3235.02450829423	793.5
3237.11486424152	792
3239.20464301593	793.5
3241.29384486118	798.166687011719
3243.38247002082	795.666687011719
3245.47051873828	795
3247.55799125686	800.166687011719
3249.64488781974	794
3251.73120866994	796.666687011719
3253.81695405038	794.666687011719
3255.90212420383	796
3257.98671937293	794.5
3260.0707398002	792.833312988281
3262.15418572802	797.166687011719
3264.23705739865	795
3266.31935505421	796.333312988281
3268.4010789367	794.666687011719
3270.48222928798	795.333312988281
3272.5628063498	791.833312988281
3274.64281036374	792.166687011719
3276.72224157131	796.333312988281
3278.80110021386	796.166687011719
3280.87938653259	795.166687011719
3282.95710076862	797.166687011719
3285.03424316291	795
3287.11081395629	794.333312988281
3289.1868133895	795.166687011719
3291.26224170309	796
3293.33709913756	796.833312988281
3295.41138593322	793.333312988281
3297.48510233029	793.166687011719
3299.55824856884	793.166687011719
3301.63082488883	795.666687011719
3303.7028315301	794.166687011719
3305.77426873235	796
3307.84513673516	795.5
3309.91543577799	793.833312988281
3311.98516610016	795.5
3314.05432794089	793.833312988281
3316.12292153926	793
3318.19094713423	791.666687011719
3320.25840496463	794.333312988281
3322.32529526918	794.833312988281
3324.39161828647	796.333312988281
3326.45737425495	793.5
3328.522563413	796.166687011719
3330.58718599881	792.666687011719
3332.65124225049	794
3334.71473240602	793.333312988281
3336.77765670325	794.333312988281
3338.84001537992	794.166687011719
3340.90180867365	790.833312988281
3342.96303682192	792.5
3345.02370006211	794.166687011719
3347.08379863147	793.333312988281
3349.14333276713	790.5
3351.2023027061	791.333312988281
3353.26070868528	792.166687011719
3355.31855094143	794.5
3357.37582971122	794
3359.43254523117	794.666687011719
3361.4886977377	794.166687011719
3363.54428746711	799.333312988281
3365.59931465557	798.666687011719
3367.65377953915	794
3369.70768235379	796.166687011719
3371.76102333531	793.666687011719
3373.81380271943	794.666687011719
3375.86602074173	796
3377.91767763769	791.666687011719
3379.96877364267	796.833312988281
3382.0193089919	792.166687011719
3384.06928392052	793.333312988281
3386.11869866353	792.666687011719
3388.16755345582	793.5
3390.21584853218	792.833312988281
3392.26358412727	790.833312988281
3394.31076047564	793
3396.35737781172	789.666687011719
3398.40343636984	792.333312988281
3400.44893638419	794.833312988281
3402.49387808886	793.166687011719
3404.53826171785	791.333312988281
3406.58208750502	794.333312988281
3408.6253556841	792.666687011719
3410.66806648875	796.166687011719
3412.71022015249	793.166687011719
3414.75181690873	791.5
3416.79285699078	792.166687011719
3418.83334063183	792.5
3420.87326806496	790
3422.91263952312	793.333312988281
3424.95145523919	794
3426.98971544589	790.333312988281
3429.02742037588	793.166687011719
3431.06457026167	790.333312988281
3433.10116533567	789.166687011719
3435.1372058302	792.833312988281
3437.17269197744	788.833312988281
3439.20762400948	790.833312988281
3441.2420021583	794.666687011719
3443.27582665576	789.833312988281
3445.30909773362	789.666687011719
3447.34181562354	790.666687011719
3449.37398055705	793.166687011719
3451.40559276559	795
3453.43665248049	791.5
3455.46715993296	790.333312988281
3457.49711535412	790
3459.52651897498	792.166687011719
3461.55537102642	795.166687011719
3463.58367173926	793.833312988281
3465.61142134416	792.666687011719
3467.63862007172	791.166687011719
3469.6652681524	796.666687011719
3471.69136581658	793.333312988281
3473.71691329452	791.666687011719
3475.74191081638	792
3477.76635861223	793.333312988281
3479.79025691199	787.833312988281
3481.81360594553	792.833312988281
3483.8364059426	794
3485.85865713282	792.333312988281
3487.88035974573	791
3489.90151401077	793.166687011719
3491.92212015726	791.833312988281
3493.94217841445	790.333312988281
3495.96168901145	791.5
3497.98065217727	789
3499.99906814086	792.5
3502.01693713103	792
3504.0342593765	790.333312988281
3506.05103510588	794.166687011719
3508.06726454769	792
3510.08294793036	788.833312988281
3512.0980854822	790.166687011719
3514.11267743142	791
3516.12672400614	795.833312988281
3518.14022543439	792.166687011719
3520.15318194406	792.166687011719
3522.165593763	785.833312988281
3524.17746111893	789.333312988281
3526.18878423946	790.833312988281
3528.19956335211	791
3530.20979868432	789.333312988281
3532.21949046342	790.5
3534.22863891663	790.5
3536.23724427109	790
3538.24530675385	790.5
3540.25282659183	788.166687011719
3542.25980401189	791.666687011719
3544.26623924077	790.166687011719
3546.27213250514	793.833312988281
3548.27748403155	787.666687011719
3550.28229404645	784.666687011719
3552.28656277621	790.333312988281
3554.29029044712	792.666687011719
3556.29347728535	791
3558.29612351698	792.333312988281
3560.298229368	787.333312988281
3562.29979506431	788.333312988281
3564.30082083171	790.5
3566.30130689591	792
3568.30125348254	789.333312988281
3570.3006608171	788.5
3572.29952912505	790
3574.29785863171	788.5
3576.29564956234	789.166687011719
3578.29290214208	791.666687011719
3580.28961659601	790.666687011719
3582.28579314909	788.666687011719
3584.28143202623	793.833312988281
3586.2765334522	791.5
3588.27109765171	789.666687011719
3590.26512484937	790.666687011719
3592.2586152697	792
3594.25156913715	788.333312988281
3596.24398667604	787.833312988281
3598.23586811064	788.166687011719
3600.22721366512	792.166687011719
3602.21802356355	790.333312988281
3604.20829802992	788.333312988281
3606.19803728814	788.5
3608.18724156202	789.5
3610.17591107528	790.333312988281
3612.16404605157	791
3614.15164671444	789.666687011719
3616.13871328736	788.333312988281
3618.12524599372	793.833312988281
3620.11124505679	793.666687011719
3622.09671069979	789.166687011719
3624.08164314585	790.833312988281
3626.06604261801	788.333312988281
3628.04990933921	788.833312988281
3630.03324353233	789.166687011719
3632.01604542015	784.833312988281
3633.99831522537	791.833312988281
3635.98005317061	790.5
3637.9612594784	792.5
3639.94193437118	792
3641.92207807134	786.333312988281
3643.90169080115	792.166687011719
3645.8807727828	793.666687011719
3647.85932423843	790.166687011719
3649.83734539007	792.5
3651.81483645967	793
3653.7917976691	791.333312988281
3655.76822924016	789.833312988281
3657.74413139457	795
3659.71950435395	794.333312988281
3661.69434833986	792.5
3663.66866357375	791.166687011719
3665.64245027704	788.666687011719
3667.61570867102	792
3669.58843897693	791.833312988281
3671.56064141592	788
3673.53231620908	789.833312988281
3675.50346357738	787.333312988281
3677.47408374176	787
3679.44417692305	791.166687011719
3681.41374334201	786.5
3683.38278321933	792.333312988281
3685.35129677563	789.333312988281
3687.31928423142	787.666687011719
3689.28674580716	790
3691.25368172324	787.5
3693.22009219995	786.5
3695.18597745752	786.833312988281
3697.15133771611	788.833312988281
3699.11617319579	787.833312988281
3701.08048411656	789
3703.04427069834	789
3705.007533161	791.5
3706.9702717243	789.833312988281
3708.93248660795	791.333312988281
3710.89417803159	787
3712.85534621477	786.166687011719
3714.81599137697	788.833312988281
3716.77611373762	788.5
3718.73571351604	786.666687011719
3720.69479093151	785.333312988281
3722.65334620322	790
3724.61137955029	787.333312988281
3726.56889119178	785.5
3728.52588134667	785.333312988281
3730.48235023387	784.166687011719
3732.43829807223	785.833312988281
3734.39372508051	787.333312988281
3736.3486314774	788.5
3738.30301748155	788.333312988281
3740.25688331151	784.666687011719
3742.21022918578	790.833312988281
3744.16305532277	788.833312988281
3746.11536194085	788.166687011719
3748.0671492583	785.5
3750.01841749335	789.333312988281
3751.96916686412	790.166687011719
3753.91939758873	784.333312988281
3755.86910988517	788.666687011719
3757.8183039714	785.666687011719
3759.7669800653	784.5
3761.71513838469	787.333312988281
3763.66277914731	788.666687011719
3765.60990257087	786
3767.55650887296	786.333312988281
3769.50259827114	787.5
3771.44817098291	789.333312988281
3773.39322722569	788
3775.33776721684	783.666687011719
3777.28179117365	788.5
3779.22529931336	788.333312988281
3781.16829185313	788.5
3783.11076901007	788.333312988281
3785.05273100123	791.166687011719
