1	9.47083e-04	9.47083e-04	9.47083e-05	0.00000e+00	0.00000e+00
3	9.10033e-04	9.10033e-04	9.10033e-05	0.00000e+00	0.00000e+00
5	8.95023e-04	8.95023e-04	8.95023e-05	0.00000e+00	0.00000e+00
7	8.88598e-04	8.88598e-04	8.88598e-05	0.00000e+00	0.00000e+00
8	2.57131e-04	2.57131e-04	2.57131e-05	0.00000e+00	0.00000e+00
9	1.38736e-04	1.38736e-04	1.38736e-05	0.00000e+00	0.00000e+00
13	1.23192e-04	1.23192e-04	1.23192e-05	0.00000e+00	0.00000e+00
17	1.21965e-04	1.21965e-04	1.21965e-05	0.00000e+00	0.00000e+00
19	1.06350e-04	1.06350e-04	1.06350e-05	0.00000e+00	0.00000e+00
21	1.04895e-04	1.04895e-04	1.04895e-05	0.00000e+00	0.00000e+00
23	1.03534e-04	1.03534e-04	1.03534e-05	0.00000e+00	0.00000e+00
25	9.81115e-05	9.81115e-05	9.81115e-06	0.00000e+00	0.00000e+00
27	9.70090e-05	9.70090e-05	9.70090e-06	0.00000e+00	0.00000e+00
28	8.14013e-05	8.14013e-05	8.14013e-06	0.00000e+00	0.00000e+00
29	7.20120e-05	7.20120e-05	7.20120e-06	0.00000e+00	0.00000e+00
30	6.25636e-05	6.25636e-05	6.25636e-06	0.00000e+00	0.00000e+00
32	5.85363e-05	5.85363e-05	5.85363e-06	0.00000e+00	0.00000e+00
34	5.54571e-05	5.54571e-05	5.54571e-06	0.00000e+00	0.00000e+00
37	5.31543e-05	5.31543e-05	5.31543e-06	0.00000e+00	0.00000e+00
53	5.26269e-05	5.26269e-05	5.26269e-06	0.00000e+00	0.00000e+00
56	5.20929e-05	5.20929e-05	5.20929e-06	0.00000e+00	0.00000e+00
60	5.18178e-05	5.18178e-05	5.18178e-06	0.00000e+00	0.00000e+00
63	5.17937e-05	5.17937e-05	5.17937e-06	0.00000e+00	0.00000e+00
68	5.15407e-05	5.15407e-05	5.15407e-06	0.00000e+00	0.00000e+00
70	4.93244e-05	4.93244e-05	4.93244e-06	0.00000e+00	0.00000e+00
72	4.61415e-05	4.61415e-05	4.61415e-06	0.00000e+00	0.00000e+00
75	4.58359e-05	4.58359e-05	4.58359e-06	0.00000e+00	0.00000e+00
78	4.57895e-05	4.57895e-05	4.57895e-06	0.00000e+00	0.00000e+00
81	4.57822e-05	4.57822e-05	4.57822e-06	0.00000e+00	0.00000e+00
