0.00000000000 -1.0
0.00000000000 -1.0
0.00000000000 -1.0
0.00000000000 -1.0
0.02707259909 -1.0
0.02899781786 -1.0
0.03865160897 -1.0
0.05041144881 -1.0
0.06068716508 -1.0
0.10370711811 -1.0
0.12515520727 -1.0
0.12805344355 -1.0
0.13002390319 -1.0
0.13164852965 -1.0
0.13453313373 -1.0
0.13569233232 -1.0
0.13774827202 -1.0
0.13927613865 -1.0
0.15410050625 -1.0
0.16580831485 -1.0
0.19143164936 -1.0
0.21507850751 -1.0
0.23867664601 -1.0
0.25502498295 -1.0
0.27595295244 -1.0
0.31784278942 -1.0
0.34735485108 -1.0
0.35063653832 -1.0
0.35137100373 -1.0
0.35393431907 -1.0
0.35806731827 -1.0
0.36341851034 -1.0
0.36697867984 -1.0
0.36916331968 -1.0
0.37624813892 -1.0
0.38852229625 -1.0
0.42749336743 -1.0
0.42904086064 -1.0
0.43127624659 -1.0
0.43290736308 -1.0
0.43574847756 -1.0
0.43957560100 -1.0
0.44078108989 -1.0
0.44237495390 -1.0
0.44350847695 -1.0
0.44517068822 -1.0
0.44737212155 -1.0
0.44860773895 -1.0
0.45495496128 -1.0
0.46081911510 -1.0
0.46216694739 -1.0
0.46537555138 -1.0
0.46656989010 -1.0
0.46878168565 -1.0
0.46934888748 -1.0
0.47116885724 -1.0
0.47803025196 -1.0
0.48940181470 -1.0
0.48995483502 -1.0
0.49184716441 -1.0
0.49324568704 -1.0
0.54575081695 -1.0
0.54680751250 -1.0
0.54970395155 -1.0
0.55160317340 -1.0
0.55821468337 -1.0
0.56007794409 -1.0
0.56323261114 -1.0
0.56502270540 -1.0
0.56650153001 -1.0
0.56787905180 -1.0
0.56939370386 -1.0
0.57125897157 -1.0
0.57250118300 -1.0
0.57413318286 -1.0
0.57589474323 -1.0
0.57735194740 -1.0
0.76598987984 -1.0
0.77247924419 -1.0
0.77990437423 -1.0
0.79389299541 -1.0
0.83094282440 -1.0
0.91527637084 -1.0
0.91958641076 -1.0
0.92079111975 -1.0
0.92397418033 -1.0
0.93286198918 -1.0
0.93409229342 -1.0
0.93634489799 -1.0
0.94049353875 -1.0
0.94171995037 -1.0
0.94220268677 -1.0
0.94375835513 -1.0
0.94469168825 -1.0
0.96179262037 -1.0
0.96325597698 -1.0
0.96454447952 -1.0
0.96648637039 -1.0
0.96804954372 -1.0
0.96894828366 -1.0
0.98038569917 -1.0
0.98619107260 -1.0
0.98970334679 -1.0
1.00000000000 -1.0
1.00000000000 -1.0
1.00000000000 -1.0
1.00000000000 -1.0
