0.50000000000	0.00004301697	0.00000000000
13.54212544666	0.08510558545	0.00000000000
26.82522956005	0.03862909429	0.00000000000
39.98164209844	0.08044227903	0.00000000000
40.09088733007	0.31762260917	0.00000000000
40.20301952336	0.15600968326	0.00000000000
40.28752251327	0.19778375763	0.00000000000
40.37566289624	0.09284060988	0.00000000000
40.46177052328	0.10662959252	0.00000000000
40.68374812658	0.06621613806	0.00000000000
41.32851807431	0.07238344635	0.00000000000
42.69488018308	0.06160147547	0.00000000000
44.22605673637	0.07141154873	0.00000000000
45.64428301863	0.06793284174	0.00000000000
46.41779105456	0.08826538633	0.00000000000
46.89971144255	0.12307899960	0.00000000000
47.08315611667	0.19015843237	0.00000000000
47.30887638463	0.20251139125	0.00000000000
47.52942129796	0.15302154758	0.00000000000
47.75178270616	0.17852135124	0.00000000000
47.90280130061	0.40285430895	0.00000000000
47.97382938097	0.91013752174	0.00000000000
48.02980934299	2.00290128253	0.00000000000
48.14119422673	1.59225275953	0.00000000000
48.20212935219	1.12988449828	0.00000000000
48.28541617835	0.63700419625	0.00000000000
48.38286727789	0.19107103728	0.00000000000
49.04867954789	0.09123277580	0.00000000000
51.15194528263	0.06383379910	0.00000000000
54.63394995371	0.06253992370	0.00000000000
60.97657798363	0.05978856582	0.00000000000
79.12354012412	0.06189464082	0.00000000000
97.22489890739	0.05590382746	0.00000000000
111.90478786166	0.06690525498	0.00000000000
113.39764976747	0.06315558723	0.00000000000
113.72854492280	0.07686049203	0.00000000000
113.80555122724	0.14125502270	0.00000000000
113.94676084404	0.13116300318	0.00000000000
114.09546544615	0.05967873044	0.00000000000
114.24395154821	0.09959150338	0.00000000000
114.33392006166	0.12944917784	0.00000000000
114.41004982264	0.06861242018	0.00000000000
114.92891445431	0.06365596680	0.00000000000
115.92810748370	0.07262807381	0.00000000000
116.95287899400	0.04852503648	0.00000000000
117.62328951095	0.06669462902	0.00000000000
117.88525559656	0.04634351239	0.00000000000
118.16575409628	0.03067865841	0.00000000000
118.30858533955	0.02769078273	0.00000000000
118.33999736607	0.00108489948	0.00000000000
