1	0.000008454183522
2	0.000008347773770
3	0.000007893900187
5	0.000004714227227
6	0.000003494385436
7	0.000003437294944
8	0.000003221281700
10	0.000003098088042
12	0.000003107356846
13	0.000002097574145
14	0.000001607679711
15	0.000001588878231
16	0.000001569183998
17	0.000001532555183
18	0.000001224328689
19	0.000001145478673
20	0.000001125291322
22	0.000001115839338
23	0.000001102540356
25	0.000001094081191
26	0.000001072423834
27	0.000000882693296
28	0.000000842745209
29	0.000000820710033
31	0.000000813303140
33	0.000000806030574
35	0.000000800335116
37	0.000000793061363
38	0.000000770523661
39	0.000000759651091
41	0.000000755945287
43	0.000000751704146
45	0.000000750430611
47	0.000000748426880
49	0.000000747301124
