1	0.002340379358913
2	0.001623994470948
3	0.001365650521539
4	0.001110658756687
8	0.001005185651125
9	0.000738738617780
10	0.000615338529887
11	0.000498029082679
12	0.000412859069226
13	0.000328626120241
14	0.000241707755381
15	0.000188460732504
16	0.000153520138788
17	0.000148284278422
18	0.000139433068627
19	0.000120095054924
20	0.000114104302330
21	0.000110349393222
22	0.000101006882723
23	0.000094554283242
24	0.000085286158901
25	0.000083475903000
26	0.000072863972889
27	0.000069699630233
28	0.000058263844164
29	0.000056282291627
30	0.000053241516680
31	0.000051149779670
32	0.000043334038670
33	0.000034828652987
34	0.000027224073744
35	0.000023007091892
36	0.000018992750418
37	0.000018520197120
38	0.000017766023141
39	0.000016920198950
40	0.000016480309511
41	0.000015839772090
42	0.000014859820742
43	0.000014710278282
44	0.000014291995230
45	0.000013620995405
46	0.000013057756319
47	0.000012706220140
48	0.000011961757906
49	0.000011751921526
50	0.000011491873849
51	0.000010603170217
52	0.000010439312062
53	0.000010330714655
54	0.000010196021927
55	0.000009902177204
56	0.000009747938263
58	0.000009589534922
60	0.000009444270930
62	0.000009316095982
64	0.000009217192106
69	0.000009111527778
