-161.05240075734	719.09997558594	0.00000000000
-155.30329585603	719.58922477573	0.00000000000
-145.38642440027	719.28399674480	0.00000000000
-130.25315644813	719.06838451394	0.00000000000
-109.51279256028	719.28770146050	0.00000000000
-76.23905714219	718.38640170307	0.00000000000
-44.36173743207	721.16149310006	0.00000000000
-19.17738331515	718.59463065116	0.00000000000
-6.00779956358	727.35939892207	0.00000000000
4.89745527168	729.87749047816	0.00000000000
16.20105966775	718.17381299450	0.00000000000
34.15652682506	722.12217531536	0.00000000000
50.05640272255	718.92321778662	0.00000000000
75.15885851042	719.45766737167	0.00000000000
84.55694441154	756.00839164638	0.00000000000
104.97065375381	745.16655814263	0.00000000000
117.70893028372	747.56324269762	0.00000000000
132.06967726430	747.03203352032	0.00000000000
147.98415413971	750.92912999124	0.00000000000
162.67701403237	746.88719592620	0.00000000000
176.27485482991	751.12729183269	0.00000000000
262.98406595716	744.74289529219	0.00000000000
355.56748070269	739.05900636442	0.00000000000
442.92919163811	756.43396729322	0.00000000000
451.90456321869	798.90547184152	0.00000000000
465.97231599831	796.78524421891	0.00000000000
476.04870144661	756.04432784443	0.00000000000
509.81460378338	742.88962677373	0.00000000000
542.63141661983	760.32440266795	0.00000000000
568.82680358135	800.54857360746	0.00000000000
586.67106478243	781.34870207682	0.00000000000
599.04249063114	769.68753089808	0.00000000000
614.42720593307	760.15749957223	0.00000000000
625.67066343917	752.73018874149	0.00000000000
649.11727824227	751.90868187169	0.00000000000
687.17579356116	747.98877249301	0.00000000000
742.66345970977	748.28451304198	0.00000000000
831.39169854552	746.92059769271	0.00000000000
942.59878716200	752.50402597321	0.00000000000
1045.87229425183	750.16813330781	0.00000000000
1112.88481931579	752.22496838228	0.00000000000
1149.17193799728	755.22097278242	0.00000000000
1176.89920995965	753.17266187211	0.00000000000
1186.61003022920	753.97943782842	0.00000000000
1199.40620315637	752.59391202788	0.00000000000
1278.56678478644	750.35813417549	0.00000000000
2068.38585664576	750.53030437720	0.00000000000
2932.83710135027	743.12747454000	0.00000000000
3664.16441859317	746.41873517126	0.00000000000
3785.05273100123	750.59997558594	0.00000000000
