0.00000000000 -1.0
0.00000000000 -1.0
0.00000000000 -1.0
0.00000000000 -1.0
0.00363413756 -1.0
0.00628088347 -1.0
0.00958860503 -1.0
0.01685804874 -1.0
0.02740406412 -1.0
0.03002917179 -1.0
0.03280702349 -1.0
0.03595742048 -1.0
0.03936028943 -1.0
0.04001442776 -1.0
0.04727410841 -1.0
0.04990782033 -1.0
0.05580342359 -1.0
0.05851286501 -1.0
0.06191626199 -1.0
0.06491330643 -1.0
0.06897336163 -1.0
0.07228280162 -1.0
0.07491703371 -1.0
0.07758631522 -1.0
0.13057275859 -1.0
0.13424119926 -1.0
0.13815233612 -1.0
0.14168688229 -1.0
0.14567135282 -1.0
0.15073671429 -1.0
0.16445874513 -1.0
0.16976846612 -1.0
0.17287599200 -1.0
0.17758829848 -1.0
0.18047422619 -1.0
0.18459082784 -1.0
0.18537091020 -1.0
0.19787948410 -1.0
0.20955203352 -1.0
0.22415844474 -1.0
0.25965013154 -1.0
0.28838900751 -1.0
0.29728969067 -1.0
0.30939816471 -1.0
0.31391988044 -1.0
0.31645297333 -1.0
0.31711873669 -1.0
0.32167598990 -1.0
0.37673453965 -1.0
0.89164538765 -1.0
1.00000000000 -1.0
1.00000000000 -1.0
1.00000000000 -1.0
1.00000000000 -1.0
