-161.05240075734	719.09997558594	0.00000000000	0.00000000000
-157.91337403236	719.30533369064	0.00000000000	0.00066163793
-154.78307878829	719.40424487624	0.00000000000	0.00132182764
-151.65480431029	719.42322217281	0.00000000000	0.00198190852
-148.52184306953	719.38810377444	0.00000000000	0.00264322190
-145.39416228186	719.32494477323	0.00000000000	0.00330358931
-142.26350198015	719.25910156710	0.00000000000	0.00396468582
-139.13812725647	719.20450650435	0.00000000000	0.00462483577
-135.99849198061	719.16295897442	0.00000000000	0.00528837870
-132.87874517166	719.13646491996	0.00000000000	0.00594831211
-129.73818844741	719.12614795943	0.00000000000	0.00661345484
-126.62694272465	719.12976379910	0.00000000000	0.00727317136
-123.50925154462	719.14102287543	0.00000000000	0.00793479112
-120.39891005970	719.15352039083	0.00000000000	0.00859513199
-117.29554530224	719.16091354174	0.00000000000	0.00925401717
-114.14263954071	719.15695145455	0.00000000000	0.00992319288
-111.01880452886	719.14030162808	0.00000000000	0.01058588234
-107.91330051025	719.11471733882	0.00000000000	0.01124444160
-104.79562769332	719.08369385450	0.00000000000	0.01190541646
-101.66236744965	719.05087624015	0.00000000000	0.01256960737
-98.55715789777	719.02043704447	0.00000000000	0.01322784130
-95.44084420334	718.99568433268	0.00000000000	0.01388849524
-92.33524381749	718.98048288721	0.00000000000	0.01454702046
-89.21456140551	718.97845279003	0.00000000000	0.01520896427
-86.09578810287	718.99343561753	0.00000000000	0.01587080165
-82.99590904575	719.02890703208	0.00000000000	0.01652900242
-79.89863578904	719.08837670083	0.00000000000	0.01718709507
-76.78734028703	719.17152945805	0.00000000000	0.01784861329
-73.69489123871	719.27235528665	0.00000000000	0.01850648979
-70.60029974815	719.38611338236	0.00000000000	0.01916510541
-67.50161486690	719.50761115144	0.00000000000	0.01982479447
-64.37821952835	719.63236106743	0.00000000000	0.02048986574
-61.23108914212	719.75485389633	0.00000000000	0.02116002912
-58.14397932347	719.86650434328	0.00000000000	0.02181736562
-55.04012088926	719.96491306470	0.00000000000	0.02247813992
-51.95484579019	720.04369959192	0.00000000000	0.02313474890
-48.86231372854	720.09836975805	0.00000000000	0.02379261174
-45.77253925731	720.12346944301	0.00000000000	0.02444951663
-42.68114652568	720.11385355569	0.00000000000	0.02510631368
-39.59017132688	720.06435034971	0.00000000000	0.02576249022
-36.49440386372	719.96966365145	0.00000000000	0.02641907163
-33.39911066246	719.82477808422	0.00000000000	0.02707486089
-30.28793067272	719.62686678172	0.00000000000	0.02773326735
-27.18603005795	719.45305268712	0.00000000000	0.02838952508
-24.08930674305	719.45572959345	0.00000000000	0.02904567551
-21.00583295170	719.79057489910	0.00000000000	0.02970120425
-17.93700641004	720.60631335663	0.00000000000	0.03035713932
-14.83230871792	721.90959223058	0.00000000000	0.03102882796
-11.87441895829	723.42954476712	0.00000000000	0.03168403280
-8.74342073971	725.13072298208	0.00000000000	0.03240435441
-5.44223427171	726.74038454967	0.00000000000	0.03320969258
-2.31948158011	727.77889764045	0.00000000000	0.03401497275
0.27386198905	728.08877781481	0.00000000000	0.03469692594
3.64205698492	727.56156868276	0.00000000000	0.03556769070
6.82550128085	726.07425719528	0.00000000000	0.03634715027
9.84900851477	724.11486807694	0.00000000000	0.03704643123
12.88331664408	722.10712346180	0.00000000000	0.03772055555
15.93028171333	720.43982134103	0.00000000000	0.03837889343
19.01138556326	719.45890096100	0.00000000000	0.03903302072
22.11976915457	719.49693211531	0.00000000000	0.03968755814
25.21798453307	720.04566958108	0.00000000000	0.04034129738
28.29382807920	720.42748368112	0.00000000000	0.04099510185
31.36188887309	720.63879818972	0.00000000000	0.04165137876
34.40470654045	720.70501389257	0.00000000000	0.04230548649
37.44574678882	720.65374104050	0.00000000000	0.04296155004
40.46774011044	720.51249566415	0.00000000000	0.04361492439
43.54904452690	720.30350284919	0.00000000000	0.04428163625
46.75635302055	720.04707390769	0.00000000000	0.04497512534
49.79522501522	719.79664088282	0.00000000000	0.04563076495
52.83473813955	719.56679089108	0.00000000000	0.04628422946
55.93630175387	719.38124175479	0.00000000000	0.04694774336
59.00541721077	719.27686720351	0.00000000000	0.04760047345
62.06575552539	719.37248089932	0.00000000000	0.04825361667
65.07112508603	719.88631803064	0.00000000000	0.04891026696
67.97000556733	721.05525586874	0.00000000000	0.04957337362
70.69320766145	723.11678641997	0.00000000000	0.05024226704
74.21407652571	727.47384151720	0.00000000000	0.05119058030
77.43601238993	732.77968417367	0.00000000000	0.05212590479
80.78160972586	738.74180002992	0.00000000000	0.05312519530
83.96561567034	743.80670716642	0.00000000000	0.05405394248
86.33323325829	746.70472081424	0.00000000000	0.05470709900
89.17544447646	748.95197554758	0.00000000000	0.05543607508
92.32170826205	749.85068709059	0.00000000000	0.05617077210
95.33116223278	749.58504589393	0.00000000000	0.05682273947
98.51538070046	748.71424703717	0.00000000000	0.05748763773
101.87076087762	747.62682212543	0.00000000000	0.05818428291
104.95710769809	746.87202119489	0.00000000000	0.05884144711
107.90436403012	746.54148577408	0.00000000000	0.05949298745
111.06657350684	746.53243847856	0.00000000000	0.06021573787
113.94190719763	746.72729285473	0.00000000000	0.06089027887
116.82037085259	746.99009722520	0.00000000000	0.06157713522
119.63890945059	747.18449493050	0.00000000000	0.06225538876
122.89237930775	747.29236245584	0.00000000000	0.06303885234
126.30529334998	747.37484946238	0.00000000000	0.06385483985
129.39467218103	747.51830823069	0.00000000000	0.06458282382
132.25363346867	747.77678971788	0.00000000000	0.06524378904
135.15377957278	748.15383019826	0.00000000000	0.06590212598
138.09300721949	748.58271624482	0.00000000000	0.06656036160
141.02272156119	748.98887963599	0.00000000000	0.06721072960
143.96831865593	749.30997431450	0.00000000000	0.06786186792
147.42210817348	749.48610430127	0.00000000000	0.06862573650
150.54777908824	749.37547361620	0.00000000000	0.06932098676
153.61401687477	749.04645368382	0.00000000000	0.07000675458
156.52765483694	748.66413792586	0.00000000000	0.07065869382
159.44805572389	748.34571120944	0.00000000000	0.07130930249
162.38800408570	748.21853128251	0.00000000000	0.07195839635
165.36586970473	748.40273753450	0.00000000000	0.07260720690
168.45745156352	748.89450118295	0.00000000000	0.07327293111
171.56210617015	749.52303506576	0.00000000000	0.07393855672
174.59728137930	750.10109451876	0.00000000000	0.07459143275
177.59282799069	750.47687265949	0.00000000000	0.07524263467
180.68367349487	750.60505516349	0.00000000000	0.07592318414
183.60166208286	750.54348066181	0.00000000000	0.07657153307
186.68879019698	750.36068856882	0.00000000000	0.07726092398
189.60008433871	750.14960787850	0.00000000000	0.07791170646
192.60973288908	749.93088269990	0.00000000000	0.07858376029
195.54202811033	749.71897364462	0.00000000000	0.07923781510
198.72590574043	749.49044665381	0.00000000000	0.07994720535
201.80060233064	749.27152696104	0.00000000000	0.08063152836
204.78943297699	749.06060152063	0.00000000000	0.08129607127
207.81279704507	748.84933410538	0.00000000000	0.08196764899
210.73632841086	748.64724239338	0.00000000000	0.08261646148
213.93385703823	748.42891108660	0.00000000000	0.08332544757
216.85432759328	748.23216510010	0.00000000000	0.08397244952
219.78382017993	748.03756304266	0.00000000000	0.08462094578
222.70857638080	747.84621167998	0.00000000000	0.08526791385
225.64695564556	747.65711114383	0.00000000000	0.08591743702
228.68415509283	747.46516105375	0.00000000000	0.08658834704
232.10774820966	747.25332587741	0.00000000000	0.08734408621
235.11571195030	747.07140029123	0.00000000000	0.08800764774
238.17544389134	746.89058445903	0.00000000000	0.08868224451
241.12063219009	746.72077397693	0.00000000000	0.08933124526
244.08268968707	746.55437569572	0.00000000000	0.08998364925
247.04560198515	746.39252076972	0.00000000000	0.09063595037
250.12853289063	746.22919171788	0.00000000000	0.09131439080
253.07690347422	746.07803779190	0.00000000000	0.09196297340
256.05202857160	745.93070982899	0.00000000000	0.09261722172
258.99159539143	745.79046165861	0.00000000000	0.09326345710
261.97918654620	745.65353540048	0.00000000000	0.09392007692
264.93622224270	745.52377629278	0.00000000000	0.09456983270
267.89335236946	745.39994496799	0.00000000000	0.09521948487
270.83346465480	745.28289965224	0.00000000000	0.09586529811
273.77017535438	745.17222691483	0.00000000000	0.09651028716
276.70747255706	745.06795956663	0.00000000000	0.09715535076
279.75529164351	744.96677086032	0.00000000000	0.09782465314
282.70404490390	744.87585975636	0.00000000000	0.09847219214
285.66833624481	744.79159827524	0.00000000000	0.09912315830
288.64230998272	744.71444605445	0.00000000000	0.09977628930
291.60521154791	744.64513902377	0.00000000000	0.10042705047
294.68749981636	744.58126412123	0.00000000000	0.10110412390
297.64857236299	744.52801132516	0.00000000000	0.10175468149
300.58266732325	744.48328771391	0.00000000000	0.10239944269
303.64249296708	744.44539502708	0.00000000000	0.10307199619
306.60001977307	744.41747036138	0.00000000000	0.10372224667
309.57829441179	744.39820765009	0.00000000000	0.10437726403
312.55506222247	744.38805145613	0.00000000000	0.10503217968
315.49925370666	744.38716468286	0.00000000000	0.10568017772
318.44174379381	744.39559055530	0.00000000000	0.10632807260
321.39126683891	744.41359346252	0.00000000000	0.10697781177
324.34920628302	744.44147455805	0.00000000000	0.10762972612
327.45679515445	744.48160774363	0.00000000000	0.10831499514
330.37423859373	744.52962190617	0.00000000000	0.10895870645
333.38108953144	744.58981584252	0.00000000000	0.10962254712
336.52703293822	744.66468712170	0.00000000000	0.11031756086
339.51305233826	744.74725004494	0.00000000000	0.11097770972
342.41745228570	744.83853049121	0.00000000000	0.11162027438
345.37050739599	744.94266732798	0.00000000000	0.11227409329
348.46036718157	745.06411155713	0.00000000000	0.11295875715
351.50557837820	745.19655441413	0.00000000000	0.11363411143
354.47740166476	745.33826770578	0.00000000000	0.11429377563
357.39633882693	745.48968685333	0.00000000000	0.11494228912
360.29033199842	745.65201300049	0.00000000000	0.11558586126
363.17698216531	745.82626636253	0.00000000000	0.11622842068
366.06027428886	746.01285701939	0.00000000000	0.11687087554
369.12698587544	746.22534147974	0.00000000000	0.11755493283
372.01280079184	746.43875199632	0.00000000000	0.11819935589
374.93294084856	746.66824451855	0.00000000000	0.11885217746
377.81848203536	746.90865472841	0.00000000000	0.11949801479
380.82819557919	747.17413067164	0.00000000000	0.12017246726
383.68872880896	747.44064368428	0.00000000000	0.12081429532
386.71009779311	747.73745384689	0.00000000000	0.12149309239
390.13946983974	748.09378817162	0.00000000000	0.12226468957
392.98647094099	748.40562885888	0.00000000000	0.12290620413
395.84595412160	748.73375068094	0.00000000000	0.12355142629
398.80919522207	749.08984038201	0.00000000000	0.12422103608
401.68985706436	749.45196821910	0.00000000000	0.12487296569
404.72499670384	749.85086155474	0.00000000000	0.12556093303
407.54596721179	750.23786337013	0.00000000000	0.12620137570
410.37408857863	750.64185668152	0.00000000000	0.12684445721
413.56522696777	751.11731690041	0.00000000000	0.12757134065
416.37295054904	751.55316824788	0.00000000000	0.12821202203
419.17946176122	752.00552461914	0.00000000000	0.12885351635
422.13924839763	752.50099653144	0.00000000000	0.12953125751
425.18104680260	753.03025797316	0.00000000000	0.13022911017
428.17003794468	753.57576264141	0.00000000000	0.13091640702
431.15214901359	754.27373976978	0.00000000000	0.13160877170
433.94648148004	755.30967822696	0.00000000000	0.13227320220
436.59263594798	756.89585444013	0.00000000000	0.13292690222
439.65079049184	759.92834803468	0.00000000000	0.13373066249
443.12984715089	766.02978098875	0.00000000000	0.13475173602
445.20202031453	771.29944712549	0.00000000000	0.13542877573
448.66572400381	781.50373194557	0.00000000000	0.13663803202
451.44145567309	788.87316617795	0.00000000000	0.13760812941
454.80480128407	794.44298534498	0.00000000000	0.13869654283
457.90302267127	796.31624770465	0.00000000000	0.13962742813
460.06558931461	796.13825020121	0.00000000000	0.14026599487
463.36322535977	793.64170194630	0.00000000000	0.14126162657
465.98780772443	789.52422768129	0.00000000000	0.14211213800
469.35654134614	781.57490157537	0.00000000000	0.14329340941
472.24842669605	773.75981668146	0.00000000000	0.14432048719
474.75818414768	767.55800246482	0.00000000000	0.14516410900
478.11131654907	761.28617424974	0.00000000000	0.14617859665
480.78722826401	757.79959421709	0.00000000000	0.14690997544
484.03698894768	754.76640715618	0.00000000000	0.14773993389
486.83391323788	752.90934916410	0.00000000000	0.14842055453
489.55137153961	751.59728351858	0.00000000000	0.14906251249
492.44602534043	750.60395030570	0.00000000000	0.14973356346
495.24811222636	749.94087611477	0.00000000000	0.15037732091
498.37447379977	749.44960299661	0.00000000000	0.15109610768
501.33668343063	749.18222757113	0.00000000000	0.15178131276
504.07291785947	749.10642257337	0.00000000000	0.15241813612
507.30037587936	749.23058467878	0.00000000000	0.15317429152
510.53116734769	749.58915876709	0.00000000000	0.15393689499
513.20954464192	750.06638382293	0.00000000000	0.15457359473
515.99213933627	750.73718367338	0.00000000000	0.15523956296
518.79178557399	751.59442450631	0.00000000000	0.15591442360
522.01083573117	752.80945572156	0.00000000000	0.15669661130
524.87041084566	754.09784447453	0.00000000000	0.15739729256
527.44896070521	755.43101249316	0.00000000000	0.15803403726
530.15921031623	757.01033550638	0.00000000000	0.15870855108
532.81114636330	758.73529593426	0.00000000000	0.15937397772
536.16446222909	761.17580460322	0.00000000000	0.16022344218
538.65023515020	763.17560882622	0.00000000000	0.16085921172
542.04271081553	766.17292916954	0.00000000000	0.16173565912
545.13678713129	769.18288547738	0.00000000000	0.16254430518
548.09424887139	772.31292178566	0.00000000000	0.16332599292
550.47341001607	775.01493408775	0.00000000000	0.16396134975
554.15396623274	779.51634052750	0.00000000000	0.16495614052
557.28905877703	783.47317150610	0.00000000000	0.16581208506
559.60913428671	786.26599361926	0.00000000000	0.16644713287
562.28051749590	789.13779107760	0.00000000000	0.16717659690
565.51599740156	791.84642641882	0.00000000000	0.16805273009
568.34380761429	793.28730443457	0.00000000000	0.16880758916
570.76142094207	793.69100869560	0.00000000000	0.16944222503
573.29433971834	793.20027563841	0.00000000000	0.17009470720
576.72668506786	791.23357199564	0.00000000000	0.17096392160
579.74498848347	788.66836831982	0.00000000000	0.17172508756
582.42846779784	786.01813488367	0.00000000000	0.17240797365
586.01732059289	782.34224589637	0.00000000000	0.17334401034
588.75668667667	779.61603584001	0.00000000000	0.17407914999
591.64139371143	776.85639704402	0.00000000000	0.17486672121
594.00998079530	774.69344787242	0.00000000000	0.17551854163
596.42148121904	772.60000898518	0.00000000000	0.17618199468
600.30760570352	769.47962228979	0.00000000000	0.17723899692
602.93484014476	767.55424675697	0.00000000000	0.17793760004
605.76228204412	765.62084988007	0.00000000000	0.17867234086
608.53300605567	763.81435509288	0.00000000000	0.17937653315
611.36152794721	762.01203090304	0.00000000000	0.18008065440
614.59000439166	759.95578214941	0.00000000000	0.18086779798
617.26523586519	758.27432379040	0.00000000000	0.18150974279
620.24853717597	756.50923930732	0.00000000000	0.18221951928
622.96408958894	755.07901724932	0.00000000000	0.18286399542
625.89427129139	753.81113808343	0.00000000000	0.18356198737
628.53622472396	752.99469560269	0.00000000000	0.18419741374
631.75475714204	752.53008731124	0.00000000000	0.18498424194
634.90661712210	752.39135399265	0.00000000000	0.18575757845
637.55314782620	752.26689460254	0.00000000000	0.18639883773
640.31664348792	752.12021749988	0.00000000000	0.18706094945
643.12765895658	751.95603155749	0.00000000000	0.18772742552
645.86823265277	751.78370547100	0.00000000000	0.18837112694
648.58074000851	751.60329287387	0.00000000000	0.18900299356
651.59731694288	751.39345692624	0.00000000000	0.18970030045
654.58661818696	751.17829110699	0.00000000000	0.19038643323
657.36103208716	750.97414098027	0.00000000000	0.19101952246
660.16175503315	750.76551964637	0.00000000000	0.19165553725
663.32257083511	750.52916923076	0.00000000000	0.19237026193
666.17609075655	750.31689904407	0.00000000000	0.19301328526
669.02395837300	750.10789240786	0.00000000000	0.19365346774
671.90209071850	749.90130157381	0.00000000000	0.19429936974
674.76870908517	749.70191997384	0.00000000000	0.19494210367
677.62303621477	749.51146811175	0.00000000000	0.19558199310
680.43484050158	749.33344444987	0.00000000000	0.19621273743
683.37642568191	749.15926562547	0.00000000000	0.19687351757
686.44435774530	748.99289751489	0.00000000000	0.19756426456
689.23591504490	748.85700161923	0.00000000000	0.19819470364
692.03072642411	748.73627883626	0.00000000000	0.19882791567
694.81065694151	748.63061070570	0.00000000000	0.19945968964
697.64075387546	748.53688462701	0.00000000000	0.20010473712
700.47750892004	748.45600026318	0.00000000000	0.20075308450
703.32269840311	748.38701147611	0.00000000000	0.20140503346
706.07163170362	748.33093479921	0.00000000000	0.20203640370
708.81432099123	748.28438883515	0.00000000000	0.20266767307
711.59598771699	748.24578559293	0.00000000000	0.20330915604
714.32772075671	748.21532239016	0.00000000000	0.20394022378
717.41079892284	748.18856277717	0.00000000000	0.20465361796
720.54267968808	748.16822895865	0.00000000000	0.20537939446
723.31918097126	748.15475180938	0.00000000000	0.20602358789
726.07941455492	748.14448136155	0.00000000000	0.20666459286
728.82534179259	748.13630017338	0.00000000000	0.20730272797
731.53273278421	748.12919119702	0.00000000000	0.20793222534
734.28752518588	748.12187966594	0.00000000000	0.20857294100
737.00286428333	748.11355753633	0.00000000000	0.20920454971
739.99087019264	748.10192535157	0.00000000000	0.20989951733
742.75824844887	748.08844188645	0.00000000000	0.21054304975
745.46100671153	748.07304791264	0.00000000000	0.21117145874
748.16282493639	748.05576829569	0.00000000000	0.21179957146
750.97797672681	748.03608043262	0.00000000000	0.21245396795
753.79293959530	748.01501481611	0.00000000000	0.21310827496
756.78102019002	747.99152784852	0.00000000000	0.21380279348
760.12686787342	747.96434942128	0.00000000000	0.21458046231
763.30038512824	747.93821607832	0.00000000000	0.21531810050
766.47341089902	747.91224132760	0.00000000000	0.21605567641
769.25270454695	747.89000347099	0.00000000000	0.21670179351
772.00308467696	747.86880864221	0.00000000000	0.21734126823
774.81413461573	747.84831533143	0.00000000000	0.21799494976
777.52377093149	747.82999797554	0.00000000000	0.21862516337
780.41283243430	747.81237127961	0.00000000000	0.21929725246
783.14736538923	747.79782771612	0.00000000000	0.21993354953
785.85374995142	747.78580042969	0.00000000000	0.22056346473
788.55307747844	747.77645745403	0.00000000000	0.22119192162
791.25694628941	747.77006281100	0.00000000000	0.22182163802
793.94941408280	747.76694951753	0.00000000000	0.22244891801
796.95000179181	747.76768130487	0.00000000000	0.22314826143
799.89921428743	747.77311429667	0.00000000000	0.22383594041
802.66414589914	747.78280475174	0.00000000000	0.22448094907
805.54065413696	747.79771145590	0.00000000000	0.22515230162
808.24243159975	747.81605418574	0.00000000000	0.22578316137
810.92933192456	747.83832383395	0.00000000000	0.22641081883
813.65953565714	747.86492287315	0.00000000000	0.22704886417
816.50817377355	747.89678413565	0.00000000000	0.22771487445
819.24866565960	747.93124166816	0.00000000000	0.22835587131
821.92515116159	747.96835173188	0.00000000000	0.22898214868
824.62666998694	748.00913008090	0.00000000000	0.22961453059
827.41087498467	748.05449595558	0.00000000000	0.23026652222
830.14549201138	748.10220184208	0.00000000000	0.23090714737
833.78075541408	748.17018970610	0.00000000000	0.23175913037
836.70948166238	748.22853766087	0.00000000000	0.23244582252
839.43953746351	748.28562238290	0.00000000000	0.23308616567
842.31856589375	748.34846821713	0.00000000000	0.23376168813
845.11250955157	748.41188852472	0.00000000000	0.23441747369
847.80255677073	748.47506020203	0.00000000000	0.23504907881
850.46145529815	748.53938980181	0.00000000000	0.23567356367
853.33542686930	748.61087175459	0.00000000000	0.23634877209
856.08866865212	748.68108873247	0.00000000000	0.23699581540
858.78435983220	748.75133193871	0.00000000000	0.23762951688
861.57100863017	748.82534066140	0.00000000000	0.23828478548
864.33806608892	748.90007269367	0.00000000000	0.23893562748
866.99319391541	748.97279738897	0.00000000000	0.23956030588
869.64724002004	749.04634236390	0.00000000000	0.24018488458
872.53647044582	749.12720382285	0.00000000000	0.24086497936
875.57666443998	749.21299342993	0.00000000000	0.24158079361
878.37634497315	749.29245211805	0.00000000000	0.24224013946
881.03033853141	749.36802294407	0.00000000000	0.24286531139
883.69670256401	749.44404094657	0.00000000000	0.24349352573
886.42212785180	749.52168996839	0.00000000000	0.24413578290
889.11833391145	749.59830264693	0.00000000000	0.24477127588
891.77445209758	749.67343080916	0.00000000000	0.24539743297
894.54917082694	749.75139036028	0.00000000000	0.24605166297
897.30457634253	749.82811805281	0.00000000000	0.24670144858
900.36403568667	749.91231145743	0.00000000000	0.24742305731
903.42271883820	749.99521696793	0.00000000000	0.24814460197
906.07458664947	750.06589992387	0.00000000000	0.24877026881
908.80947775768	750.13747222720	0.00000000000	0.24941560551
911.45398513553	750.20525392797	0.00000000000	0.25003968852
914.13087339520	750.27229054186	0.00000000000	0.25067148151
916.96134942500	750.34128598379	0.00000000000	0.25133959276
919.66253355671	750.40516251144	0.00000000000	0.25197724588
922.53739991195	750.47086182859	0.00000000000	0.25265595741
925.48544208736	750.53559850814	0.00000000000	0.25335200008
928.40777158686	750.59694387445	0.00000000000	0.25404202025
931.51600884502	750.65888628313	0.00000000000	0.25477598181
934.17797925794	750.70905448303	0.00000000000	0.25540459491
937.09895646590	750.76086288678	0.00000000000	0.25609439702
939.81121019887	750.80576940994	0.00000000000	0.25673492616
942.78248401367	750.85124078990	0.00000000000	0.25743663886
945.42592443588	750.88826341101	0.00000000000	0.25806093421
948.06304019622	750.92183002089	0.00000000000	0.25868373573
950.80739611063	750.95303810541	0.00000000000	0.25933185814
953.50278277153	750.97984783350	0.00000000000	0.25996840494
956.34955078997	751.00405485067	0.00000000000	0.26064070014
959.31901476546	751.02503927451	0.00000000000	0.26134199631
961.98715459915	751.04038663800	0.00000000000	0.26197217498
964.62128896246	751.05246896574	0.00000000000	0.26259438671
967.25464692941	751.06167772853	0.00000000000	0.26321650024
969.96127512903	751.06833879053	0.00000000000	0.26385603413
972.70071022754	751.07238119221	0.00000000000	0.26450345710
975.63972743641	751.07392455981	0.00000000000	0.26519822859
978.26895906938	751.07305110378	0.00000000000	0.26581994964
981.06401761584	751.06999300259	0.00000000000	0.26648109537
984.27478457868	751.06404059598	0.00000000000	0.26724087548
987.15831116584	751.05672438582	0.00000000000	0.26792352483
989.87210766602	751.04835222449	0.00000000000	0.26856628244
992.48696328319	751.03910725337	0.00000000000	0.26918589481
995.10694733872	751.02886173974	0.00000000000	0.26980702800
997.71831098173	751.01784598978	0.00000000000	0.27042644306
1000.59301365087	751.00500002176	0.00000000000	0.27110872328
1003.39575575999	750.99196584414	0.00000000000	0.27177435554
1006.00776773555	750.97955824224	0.00000000000	0.27239509741
1008.61080328780	750.96712288218	0.00000000000	0.27301411844
1011.40681072346	750.95388767896	0.00000000000	0.27367951278
1014.62306553855	750.93909674169	0.00000000000	0.27444557077
1017.45918811774	750.92669287925	0.00000000000	0.27512169876
1020.09200423625	750.91592447259	0.00000000000	0.27574989744
1022.76283709722	750.90592984447	0.00000000000	0.27638772122
1025.43086004424	750.89707346318	0.00000000000	0.27702545532
1028.12958962259	750.88946122076	0.00000000000	0.27767114519
1030.76320696258	750.88353153425	0.00000000000	0.27830187804
1033.37099175545	750.87930733017	0.00000000000	0.27892705277
1036.28513967729	750.87675581875	0.00000000000	0.27962644208
1039.41405799605	750.87685334689	0.00000000000	0.28037831572
1042.11444025652	750.87954427816	0.00000000000	0.28102802631
1044.68572429136	750.88455567117	0.00000000000	0.28164740229
1047.25945393810	750.89215257642	0.00000000000	0.28226810088
1050.03270133897	750.90344304604	0.00000000000	0.28293776528
1052.62616831282	750.91711968256	0.00000000000	0.28356484025
1055.18872760900	750.93378858878	0.00000000000	0.28418524800
1057.73741442421	750.95366717561	0.00000000000	0.28480311601
1060.30881429849	750.97725042935	0.00000000000	0.28542734258
1062.99796868808	751.00591635532	0.00000000000	0.28608109809
1065.56107966987	751.03725255539	0.00000000000	0.28670513539
1068.55860038289	751.07914013912	0.00000000000	0.28743611687
1071.09029620622	751.11914489541	0.00000000000	0.28805452074
1073.82462418681	751.16735266791	0.00000000000	0.28872349429
1076.45358656739	751.21886948549	0.00000000000	0.28936763801
1079.48756304682	751.28501604453	0.00000000000	0.29011187711
1082.28198941385	751.35265839843	0.00000000000	0.29079787595
1085.34005377031	751.43448519272	0.00000000000	0.29154882730
1088.42635539312	751.52576817830	0.00000000000	0.29230659461
1091.43097454450	751.62344323795	0.00000000000	0.29304383338
1094.15804226400	751.71994202248	0.00000000000	0.29371227143
1096.80546566475	751.82103139317	0.00000000000	0.29436030025
1099.35451435420	751.92548378077	0.00000000000	0.29498320447
1102.09460025172	752.04578318849	0.00000000000	0.29565141352
1104.93745498788	752.17961731503	0.00000000000	0.29634291614
1107.47496876604	752.30703074997	0.00000000000	0.29695840942
1110.21501453590	752.45316947688	0.00000000000	0.29762097192
1112.79744158089	752.59800584049	0.00000000000	0.29824340678
1115.35670726113	752.74630261814	0.00000000000	0.29885840026
1118.32109633571	752.92137084573	0.00000000000	0.29956852621
1121.09425251754	753.08578600656	0.00000000000	0.30023077671
1123.77540212148	753.24298761867	0.00000000000	0.30086923990
1126.71130314976	753.41055005504	0.00000000000	0.30156641035
1129.30946109877	753.55266804561	0.00000000000	0.30218174825
1131.99400282223	753.69130874746	0.00000000000	0.30281600906
1134.60368441019	753.81613667038	0.00000000000	0.30343115315
1137.21868089687	753.92946808439	0.00000000000	0.30404620038
1139.85717567277	754.02998634827	0.00000000000	0.30466546873
1142.48214039863	754.11431434305	0.00000000000	0.30528032233
1145.13022529397	754.18164481396	0.00000000000	0.30589940113
1147.77486987974	754.22921560009	0.00000000000	0.30651654355
1150.49500852300	754.25565700186	0.00000000000	0.30715018604
1153.13452985681	754.25761157784	0.00000000000	0.30776402672
1155.86272444245	754.23311612093	0.00000000000	0.30839749282
1158.81327216479	754.17396773275	0.00000000000	0.30908151978
1161.54876085965	754.08698961850	0.00000000000	0.30971480963
1164.26687796723	753.97594066566	0.00000000000	0.31034436437
1167.18155162485	753.84510741904	0.00000000000	0.31102221134
1169.85261868454	753.72905892994	0.00000000000	0.31164826432
1172.55744265373	753.63015986644	0.00000000000	0.31228942640
1175.28015210755	753.56562543265	0.00000000000	0.31294486956
1177.99236556640	753.55451889764	0.00000000000	0.31361095560
1180.45114497169	753.60643017318	0.00000000000	0.31422880528
1182.87863815872	753.69176531994	0.00000000000	0.31484325437
1185.49683602730	753.74796290750	0.00000000000	0.31548853947
1188.20501859289	753.69903416864	0.00000000000	0.31611728905
1191.35519752089	753.46272628352	0.00000000000	0.31678865760
1194.52805342440	753.15071009511	0.00000000000	0.31744881578
1197.38493090795	752.91102214565	0.00000000000	0.31807097301
1200.41251330607	752.70365762150	0.00000000000	0.31876008843
1203.02402369054	752.56077958366	0.00000000000	0.31937718427
1206.06796841484	752.43059120607	0.00000000000	0.32011890006
1208.52461263689	752.34784669658	0.00000000000	0.32073080761
1211.04717329668	752.27633193177	0.00000000000	0.32136650350
1213.49480466696	752.21259559628	0.00000000000	0.32198547630
1215.91524930820	752.15119429899	0.00000000000	0.32259709485
1218.40197053323	752.08961011613	0.00000000000	0.32322486379
1220.86551328813	752.03007544069	0.00000000000	0.32384619447
1223.44101601530	751.96938164048	0.00000000000	0.32449514847
1225.90845319931	751.91269483620	0.00000000000	0.32511629409
1228.74807384600	751.84919786173	0.00000000000	0.32583044346
1231.51268554904	751.78913793294	0.00000000000	0.32652503348
1233.95915891548	751.73741343564	0.00000000000	0.32713913212
1236.42381277731	751.68663505587	0.00000000000	0.32775727091
1239.03191121175	751.63433275463	0.00000000000	0.32841082383
1242.01917554441	751.57620447345	0.00000000000	0.32915869395
1245.09291683111	751.51833843725	0.00000000000	0.32992745370
1247.75077945059	751.46986240840	0.00000000000	0.33059159147
1250.43339931494	751.42237586318	0.00000000000	0.33126135514
1252.96002763491	751.37895172649	0.00000000000	0.33189166801
1255.41033499163	751.33802445416	0.00000000000	0.33250248262
1257.89950959104	751.29762301989	0.00000000000	0.33312253249
1260.56617635117	751.25563222583	0.00000000000	0.33378629814
1263.02501030967	751.21807743768	0.00000000000	0.33439788494
1265.48088968508	751.18166256984	0.00000000000	0.33500831759
1268.17532700189	751.14294697102	0.00000000000	0.33567757394
1271.41319987546	751.09810079653	0.00000000000	0.33648117259
1274.23579870656	751.06046965358	0.00000000000	0.33718115053
1276.80979078569	751.02731652392	0.00000000000	0.33781903663
1279.60975502556	750.99248810423	0.00000000000	0.33851245795
1282.51766772990	750.95765165267	0.00000000000	0.33923211241
1285.11448981254	750.92766765596	0.00000000000	0.33987435713
1287.82014913177	750.89753314616	0.00000000000	0.34054310777
1290.52717561158	750.86848983272	0.00000000000	0.34121178630
1293.02317605357	750.84267097439	0.00000000000	0.34182798365
1295.64456063328	750.81652656917	0.00000000000	0.34247477818
1298.19455604506	750.79202939947	0.00000000000	0.34310361626
1300.67049184557	750.76910777963	0.00000000000	0.34371387643
1303.14726994086	750.74701239055	0.00000000000	0.34432404206
1305.79357358570	750.72430666433	0.00000000000	0.34497564598
1308.34727430954	750.70325954143	0.00000000000	0.34560413837
1310.82216633511	750.68365359623	0.00000000000	0.34621295292
1313.31587215959	750.66466915445	0.00000000000	0.34682612253
1315.90617269035	750.64574961266	0.00000000000	0.34746276163
1318.51612771475	750.62749175648	0.00000000000	0.34810394960
1321.09026068848	750.61025689346	0.00000000000	0.34873606878
1323.76448649760	750.59314380859	0.00000000000	0.34939249422
1326.30823046783	750.57759556560	0.00000000000	0.35001664135
1328.79815148143	750.56304773560	0.00000000000	0.35062735431
1331.32913408768	750.54892317937	0.00000000000	0.35124791546
1333.94319133067	750.53501818761	0.00000000000	0.35188861755
1336.46273302206	750.52225497125	0.00000000000	0.35250594302
1339.02446430901	750.50990302009	0.00000000000	0.35313340137
1341.53389056998	750.49839687378	0.00000000000	0.35374785656
1344.66717464137	750.48482891561	0.00000000000	0.35451481407
1347.28386847774	750.47415539320	0.00000000000	0.35515511506
1350.24747004274	750.46276380895	0.00000000000	0.35588008805
1352.82807263217	750.45342665986	0.00000000000	0.35651119232
1355.60498679810	750.44396275746	0.00000000000	0.35719013139
1358.15411919089	750.43578874393	0.00000000000	0.35781322840
1360.83587953193	750.42770035192	0.00000000000	0.35846859746
1363.43546623158	750.42034097162	0.00000000000	0.35910374968
1365.91960108036	750.41373387119	0.00000000000	0.35971057712
1368.46936258056	750.40736752040	0.00000000000	0.36033332509
1371.17486677504	750.40105318839	0.00000000000	0.36099399720
1373.66967982656	750.39561541472	0.00000000000	0.36160312323
1376.35243799142	750.39016101609	0.00000000000	0.36225804294
1379.72523911491	750.38385136390	0.00000000000	0.36308129197
1382.32539715749	750.37938038603	0.00000000000	0.36371586599
1384.89068813223	750.37528539017	0.00000000000	0.36434186721
1387.49066709325	750.37143736595	0.00000000000	0.36497627710
1389.97875809401	750.36802329740	0.00000000000	0.36558334032
1392.52808017016	750.36478060229	0.00000000000	0.36620530477
1395.09267725171	750.36176221004	0.00000000000	0.36683096445
1397.58617280812	750.35904545618	0.00000000000	0.36743925541
1400.41660104243	750.35620167120	0.00000000000	0.36812972350
1402.90942868062	750.35389075292	0.00000000000	0.36873782793
1405.66223211322	750.35152965577	0.00000000000	0.36940935191
1408.14093304320	750.34955791409	0.00000000000	0.37001401915
1410.64998493636	750.34769436139	0.00000000000	0.37062610595
1413.45267288499	750.34575034277	0.00000000000	0.37130985323
1416.39043528051	750.34384479478	0.00000000000	0.37202659548
1419.27239464747	750.34208220492	0.00000000000	0.37272977621
1421.75115511257	750.34063197128	0.00000000000	0.37333462947
1424.31111030417	750.33918062649	0.00000000000	0.37395935252
1426.78862006310	750.33780488849	0.00000000000	0.37456401843
1429.26546240362	750.33644214387	0.00000000000	0.37516859018
1431.85851959408	750.33501201373	0.00000000000	0.37580161017
1434.43273309047	750.33357138905	0.00000000000	0.37643012033
1436.92599529684	750.33213998269	0.00000000000	0.37703895896
1439.43928079250	750.33065295721	0.00000000000	0.37765278377
1441.91685165115	750.32914347050	0.00000000000	0.37825798107
1444.40781690184	750.32758229024	0.00000000000	0.37886654549
1446.89801731087	750.32597805835	0.00000000000	0.37947501856
1449.69208668417	750.32412637680	0.00000000000	0.38015785485
1452.56570842758	750.32216509605	0.00000000000	0.38086025828
1455.03214942436	750.32043583925	0.00000000000	0.38146323549
1457.65749551599	750.31854871934	0.00000000000	0.38210516374
1460.34897818187	750.31656445245	0.00000000000	0.38276337358
1462.88228222155	750.31465102939	0.00000000000	0.38338300255
1465.35901537549	750.31273752766	0.00000000000	0.38398889048
1467.82425909254	750.31079097134	0.00000000000	0.38459206184
1470.61253448147	750.30853905636	0.00000000000	0.38527438258
1473.14279135070	750.30644943649	0.00000000000	0.38589366748
1475.61642190820	750.30436429309	0.00000000000	0.38649918871
1478.21537930159	750.30212857330	0.00000000000	0.38713549076
1480.71631456334	750.29993381035	0.00000000000	0.38774789279
1483.47515590710	750.29746350181	0.00000000000	0.38842356044
1486.09231511771	750.29507246088	0.00000000000	0.38906463771
1489.50437356692	750.29188580280	0.00000000000	0.38990058622
1492.08005436094	750.28942839121	0.00000000000	0.39053174320
1494.71629834799	750.28686710683	0.00000000000	0.39117784744
1497.52360858523	750.28408849172	0.00000000000	0.39186599606
1500.03177025231	750.28156147798	0.00000000000	0.39248091865
1502.48396856502	750.27905036091	0.00000000000	0.39308221525
1505.09576771836	750.27633189476	0.00000000000	0.39372274987
1507.70682097433	750.27356904180	0.00000000000	0.39436320754
1510.62015065498	750.27043318193	0.00000000000	0.39507793484
1513.34550387165	750.26744904039	0.00000000000	0.39574666540
1516.07009599587	750.26441696051	0.00000000000	0.39641532475
1518.67808050668	750.26146909279	0.00000000000	0.39705547495
1521.50570506378	750.25822275284	0.00000000000	0.39774965722
1524.70404877242	750.25448802316	0.00000000000	0.39853500126
1527.25144740843	750.25146587265	0.00000000000	0.39916062171
1529.70287175503	750.24851789725	0.00000000000	0.39976276720
1532.32856077103	750.24531729903	0.00000000000	0.40040782147
1535.23532121774	750.24172228542	0.00000000000	0.40112205219
1537.68438023544	750.23865121102	0.00000000000	0.40172392183
1540.13268427009	750.23554267087	0.00000000000	0.40232569958
1542.60423969815	750.23236575348	0.00000000000	0.40293328737
1545.06534753787	750.22916357317	0.00000000000	0.40353840171
1547.66510587936	750.22573916919	0.00000000000	0.40417770901
1550.40559170750	750.22208300502	0.00000000000	0.40485173713
1553.14533485481	750.21838037029	0.00000000000	0.40552570008
1555.59529790553	750.21502928120	0.00000000000	0.40612847813
1558.23611118806	750.21137488565	0.00000000000	0.40677831741
1560.71362733575	750.20790671006	0.00000000000	0.40738807263
1563.26887954728	750.20428951080	0.00000000000	0.40801706070
1565.74488894848	750.20074564672	0.00000000000	0.40862664043
1568.17745659176	750.19722683175	0.00000000000	0.40922561871
1570.67926956250	750.19356956762	0.00000000000	0.40984174433
1573.31576727357	750.18967351976	0.00000000000	0.41049114533
1575.83186541782	750.18591540932	0.00000000000	0.41111099228
1578.51434135765	750.18186591058	0.00000000000	0.41177193636
1581.06442961296	750.17797535063	0.00000000000	0.41240036587
1583.54806030923	750.17414795666	0.00000000000	0.41301251624
1586.09668348979	750.17018130204	0.00000000000	0.41364078645
1588.64455769368	750.16617633310	0.00000000000	0.41426897420
1591.07294795466	750.16232254176	0.00000000000	0.41486779786
1593.68115606808	750.15814366985	0.00000000000	0.41551106676
1596.12697444693	750.15418771351	0.00000000000	0.41611438244
1598.82856596769	750.14977626024	0.00000000000	0.41678089987
1601.39232383469	750.14554941917	0.00000000000	0.41741351839
1604.33704903899	750.14064601794	0.00000000000	0.41814027020
1607.42557950333	750.13544767052	0.00000000000	0.41890265987
1609.84571059303	750.13133474411	0.00000000000	0.41950016343
1612.27240700716	750.12717585583	0.00000000000	0.42009938079
1615.04758396031	750.12237714748	0.00000000000	0.42078476152
1618.07511271718	750.11709041837	0.00000000000	0.42153260399
1620.56245556058	750.11270676131	0.00000000000	0.42214712136
1623.10055710746	750.10819637585	0.00000000000	0.42277427995
1625.95482982231	750.10307929622	0.00000000000	0.42347968544
1628.97950664206	750.09760509260	0.00000000000	0.42422734542
1631.53488900718	750.09293897977	0.00000000000	0.42485911496
1634.06991569181	750.08827281716	0.00000000000	0.42548595420
1636.51379490149	750.08373943861	0.00000000000	0.42609035174
1639.36449281948	750.07840815013	0.00000000000	0.42679547959
1641.87883416898	750.07366736038	0.00000000000	0.42741751574
1644.29156995341	750.06908428711	0.00000000000	0.42801450950
1647.14017434494	750.06363071199	0.00000000000	0.42871947112
1650.10146569828	750.05791271487	0.00000000000	0.42945245673
1652.51640241009	750.05321306571	0.00000000000	0.43005031055
1654.92325744360	750.04849651980	0.00000000000	0.43064625588
1657.51368660674	750.04338395784	0.00000000000	0.43128775772
1660.19853962445	750.03804547194	0.00000000000	0.43195275564
1662.60310054479	750.03323023416	0.00000000000	0.43254842680
1665.01427129118	750.02836952890	0.00000000000	0.43314582783
1667.82958437169	750.02265339700	0.00000000000	0.43384347792
1670.27502116357	750.01765277230	0.00000000000	0.43444957314
1673.03452487070	750.01197044268	0.00000000000	0.43513362352
1675.44900736940	750.00696435283	0.00000000000	0.43573224658
1677.85636404204	750.00194134139	0.00000000000	0.43632919554
1680.25561953172	749.99690384176	0.00000000000	0.43692422768
1682.71040359548	749.99171742082	0.00000000000	0.43753312643
1685.36335003313	749.98607567687	0.00000000000	0.43819128673
1687.96783507286	749.98050008104	0.00000000000	0.43883753381
1690.97598787022	749.97401498103	0.00000000000	0.43958407733
1693.42770895549	749.96869363538	0.00000000000	0.44019263634
1696.12823142594	749.96279517627	0.00000000000	0.44086306340
1698.53587646249	749.95750373294	0.00000000000	0.44146087963
1701.05178518740	749.95194154328	0.00000000000	0.44208567682
1703.46610984537	749.94657251424	0.00000000000	0.44268534209
1705.91415069771	749.94109718844	0.00000000000	0.44329347710
1708.53642014012	749.93519731727	0.00000000000	0.44394500002
1711.03087246710	749.92955167097	0.00000000000	0.44456486814
1713.43405254067	749.92408194904	0.00000000000	0.44516214963
1715.94564588834	749.91833343873	0.00000000000	0.44578647499
1718.71974968758	749.91194617700	0.00000000000	0.44647617222
1721.29223156974	749.90598770184	0.00000000000	0.44711585270
1723.67856372643	749.90043001208	0.00000000000	0.44770933975
1726.06694751397	749.89483836612	0.00000000000	0.44830342869
1728.45181368762	749.88922592727	0.00000000000	0.44889673418
1730.83873494784	749.88357970569	0.00000000000	0.44949064255
1733.29333172826	749.87774330004	0.00000000000	0.45010148540
1735.88439048127	749.87154942783	0.00000000000	0.45074639296
1738.30977713237	749.86572099463	0.00000000000	0.45135016315
1740.79560448462	749.85971672584	0.00000000000	0.45196907765
1743.31910613958	749.85358989714	0.00000000000	0.45259747407
1745.69876846527	749.84778326962	0.00000000000	0.45319014602
1748.63366609666	749.84058315320	0.00000000000	0.45392122908
1751.51057442369	749.83348402889	0.00000000000	0.45463800192
1753.95923165513	749.82740960824	0.00000000000	0.45524818257
1756.34967965602	749.82145125883	0.00000000000	0.45584395148
1758.76909962862	749.81539229812	0.00000000000	0.45644703504
1761.23167764500	749.80919602622	0.00000000000	0.45706097367
1763.61347994364	749.80317504831	0.00000000000	0.45765486760
1766.07463548612	749.79692470435	0.00000000000	0.45826864438
1768.49116798104	749.79075934007	0.00000000000	0.45887138817
1770.86333270816	749.78467995621	0.00000000000	0.45946315746
1773.24221544049	749.77855637572	0.00000000000	0.46005669415
1775.82207849255	749.77188502001	0.00000000000	0.46070047951
1778.69167640387	749.76442739000	0.00000000000	0.46141669272
1781.14848233037	749.75801167286	0.00000000000	0.46202998465
1783.70336521492	749.75130975721	0.00000000000	0.46266786335
1786.10314061023	749.74498689245	0.00000000000	0.46326711275
1788.72748234146	749.73804161507	0.00000000000	0.46392254576
1791.28024685352	749.73125508562	0.00000000000	0.46456020955
1793.76958901016	749.72460814560	0.00000000000	0.46518213279
1796.17802782390	749.71815006655	0.00000000000	0.46578393945
1798.54943521723	749.71176528457	0.00000000000	0.46637658504
1800.95644513306	749.70525836562	0.00000000000	0.46697822169
1803.39066456763	749.69865106868	0.00000000000	0.46758675527
1805.78460228263	749.69212690670	0.00000000000	0.46818531283
1808.14844070641	749.68565937749	0.00000000000	0.46877643620
1810.52270695503	749.67913801407	0.00000000000	0.46937025885
1812.93936497903	749.67247427438	0.00000000000	0.46997477834
1815.29821830513	749.66594478917	0.00000000000	0.47056492997
1817.93952120230	749.65860411263	0.00000000000	0.47122585415
1820.50687349388	749.65143936751	0.00000000000	0.47186838298
1822.89574339464	749.64474662820	0.00000000000	0.47246633980
1825.28389133843	749.63803087957	0.00000000000	0.47306420902
1827.63811794613	749.63138612369	0.00000000000	0.47365367724
1830.02484130824	749.62462501996	0.00000000000	0.47425137467
1832.42251927896	749.61780802037	0.00000000000	0.47485190915
1835.11109768896	749.61013443096	0.00000000000	0.47552541581
1837.47082914745	749.60337382094	0.00000000000	0.47611664155
1840.18478924112	749.59556889560	0.00000000000	0.47679673117
1842.54303294480	749.58876148136	0.00000000000	0.47738777994
1845.25563071204	749.58090201365	0.00000000000	0.47806775341
1847.72949383364	749.57370717763	0.00000000000	0.47868798778
1850.26564315030	749.56630450160	0.00000000000	0.47932394234
1852.68552652562	749.55921610999	0.00000000000	0.47993084084
1855.04660346665	749.55227647404	0.00000000000	0.48052308345
1857.40696228547	749.54531584728	0.00000000000	0.48111523735
1859.98705775480	749.53768091809	0.00000000000	0.48176262219
1862.59095401928	749.52994783040	0.00000000000	0.48241608983
1864.93505465120	749.52296257301	0.00000000000	0.48300445503
1867.36690392019	749.51569219292	0.00000000000	0.48361494041
1869.76699481614	749.50849326239	0.00000000000	0.48421754857
1872.72674331853	749.49958368768	0.00000000000	0.48496080446
1875.10030689270	749.49241327641	0.00000000000	0.48555696095
1877.62882266334	749.48475001841	0.00000000000	0.48619213805
1880.02598401545	749.47746139894	0.00000000000	0.48679441540
1882.36398280496	749.47033076960	0.00000000000	0.48738191956
1884.79084107075	749.46290636535	0.00000000000	0.48799184806
1887.29455196536	749.45522266206	0.00000000000	0.48862119323
1889.77647943164	749.44758168427	0.00000000000	0.48924516484
1892.73094930258	749.43845476266	0.00000000000	0.48998806895
1895.56937522479	749.42965460593	0.00000000000	0.49070192940
1897.90382117764	749.42239380377	0.00000000000	0.49128913924
1900.24039846418	749.41510553918	0.00000000000	0.49187697533
1902.60596497435	749.40770571969	0.00000000000	0.49247219643
1904.93827570030	749.40038921270	0.00000000000	0.49305914031
1907.45849320531	749.39246023005	0.00000000000	0.49369347348
1910.23638090026	749.38369303407	0.00000000000	0.49439278341
1912.87760557484	749.37533051525	0.00000000000	0.49505780801
1915.27952626978	749.36770324604	0.00000000000	0.49566267939
1917.81992592902	749.35961312020	0.00000000000	0.49630252765
1920.40803851154	749.35134673815	0.00000000000	0.49695450330
1922.99545509366	749.34305818679	0.00000000000	0.49760641461
1925.37960053001	749.33539932212	0.00000000000	0.49820720911
1927.77793717940	749.32767419938	0.00000000000	0.49881167488
1930.24858279897	749.31969460234	0.00000000000	0.49943446489
1932.57279757648	749.31216806883	0.00000000000	0.50002043573
1934.89535230930	749.30462776564	0.00000000000	0.50060607768
1937.30725629343	749.29677723329	0.00000000000	0.50121434428
1940.02163981200	749.28791773652	0.00000000000	0.50189900990
1942.48883609631	749.27984272704	0.00000000000	0.50252143225
1945.02173946885	749.27153068863	0.00000000000	0.50316053647
1947.67996505055	749.26278358726	0.00000000000	0.50383137691
1950.16623447085	749.25458038741	0.00000000000	0.50445892827
1952.50718656975	749.24683738068	0.00000000000	0.50504989466
1955.59099746355	749.23660892217	0.00000000000	0.50582853289
1958.47026682307	749.22702998484	0.00000000000	0.50655566908
1960.83088509907	749.21915583914	0.00000000000	0.50715192727
1963.43265628615	749.21045583467	0.00000000000	0.50780920491
1966.11290419384	749.20147002296	0.00000000000	0.50848642603
1968.48477318230	749.19349840669	0.00000000000	0.50908582876
1970.92399858189	749.18528125807	0.00000000000	0.50970235135
1973.74181965751	749.17576468574	0.00000000000	0.51041468906
1976.93656329890	749.16494419808	0.00000000000	0.51122247236
1979.83926275846	749.15508455332	0.00000000000	0.51195656099
1982.27547314498	749.14678878924	0.00000000000	0.51257278401
1984.58475990419	749.13890793752	0.00000000000	0.51315699428
1986.89621601704	749.13100293463	0.00000000000	0.51374184278
1989.21173536050	749.12306733504	0.00000000000	0.51432780911
1991.53316797852	749.11509479024	0.00000000000	0.51491536205
1994.05279408914	749.10642280152	0.00000000000	0.51555317986
1996.62034311063	749.09756588814	0.00000000000	0.51620323841
1998.97010179091	749.08944269179	0.00000000000	0.51679825317
2001.36407092463	749.08114950719	0.00000000000	0.51740455837
2003.68194236394	749.07310354924	0.00000000000	0.51799168249
2006.05811116041	749.06483859197	0.00000000000	0.51859366719
2008.39321398045	749.05670017126	0.00000000000	0.51918534055
2010.86276769757	749.04807568768	0.00000000000	0.51981118110
2013.22184149033	749.03982037632	0.00000000000	0.52040911931
2015.52955923035	749.03172913262	0.00000000000	0.52099413125
2017.86187343666	749.02353602875	0.00000000000	0.52158546951
2020.16819828558	749.01541888021	0.00000000000	0.52217030844
2022.49913436749	749.00719971305	0.00000000000	0.52276147932
2024.81071319188	748.99903361452	0.00000000000	0.52334783122
2027.12159944336	748.99085494596	0.00000000000	0.52393409745
2029.44025421273	748.98263379396	0.00000000000	0.52452242502
2032.07586669075	748.97327071450	0.00000000000	0.52519128648
2034.53875682287	748.96450395152	0.00000000000	0.52581642068
2036.84014575071	748.95629707748	0.00000000000	0.52640065496
2039.15596968813	748.94802422040	0.00000000000	0.52698864400
2041.44829426536	748.93982107831	0.00000000000	0.52757075576
2043.88721529887	748.93107790116	0.00000000000	0.52819019165
2046.36910621222	748.92216446633	0.00000000000	0.52882064424
2048.82800651136	748.91331759037	0.00000000000	0.52944535945
2051.26489035705	748.90453432632	0.00000000000	0.53006458201
2053.72243621398	748.89566098231	0.00000000000	0.53068915667
2056.32502904606	748.88624697078	0.00000000000	0.53135070588
2058.62003298265	748.87793120351	0.00000000000	0.53193416472
2061.01476015245	748.86923986540	0.00000000000	0.53254307134
2063.32353927669	748.86084680757	0.00000000000	0.53313021602
2065.71692124540	748.85213215177	0.00000000000	0.53373897143
2068.19278826284	748.84310223186	0.00000000000	0.53436880912
2070.47561499019	748.83476302289	0.00000000000	0.53494963132
2072.77310647594	748.82635742262	0.00000000000	0.53553427401
2075.10065842630	748.81782883067	0.00000000000	0.53612665761
2077.38237990174	748.80945555797	0.00000000000	0.53670746626
2079.81123709720	748.80052872957	0.00000000000	0.53732582530
2082.11447776700	748.79205072376	0.00000000000	0.53791229648
2084.39701354534	748.78363668370	0.00000000000	0.53849358461
2086.76645131961	748.77488950925	0.00000000000	0.53909709765
2089.07792434182	748.76634387102	0.00000000000	0.53968593872
2091.48312784069	748.75743876390	0.00000000000	0.54029875395
2093.80520953181	748.74882899418	0.00000000000	0.54089048428
2096.08136280165	748.74037778132	0.00000000000	0.54147059997
2098.37979446759	748.73183216177	0.00000000000	0.54205648329
2100.84653315360	748.72264782163	0.00000000000	0.54268536926
2103.11962569107	748.71417271365	0.00000000000	0.54326497775
2105.78981673607	748.70420276747	0.00000000000	0.54394595373
2108.06245320526	748.69570517194	0.00000000000	0.54452563768
2110.37972601339	748.68702938851	0.00000000000	0.54511679790
2112.65098645607	748.67851491292	0.00000000000	0.54569630892
2114.92058985305	748.66999590953	0.00000000000	0.54627548521
2117.19823283298	748.66143603577	0.00000000000	0.54685680166
2119.51281429310	748.65272646731	0.00000000000	0.54744763672
2121.78133441714	748.64417968970	0.00000000000	0.54802680281
2124.07220736243	748.63553821506	0.00000000000	0.54861176509
2126.48787782871	748.62641469042	0.00000000000	0.54922869110
2128.75432564122	748.61784431123	0.00000000000	0.54980759877
2131.05348835245	748.60913999994	0.00000000000	0.55039495259
2133.48866753168	748.59990963486	0.00000000000	0.55101715256
2135.84402406576	748.59097106730	0.00000000000	0.55161905422
2138.14112682138	748.58224348449	0.00000000000	0.55220616104
2140.49515013991	748.57328941220	0.00000000000	0.55280790989
2142.78053659908	748.56458661750	0.00000000000	0.55339220442
2145.04215293752	748.55596493724	0.00000000000	0.55397051005
2147.43149201823	748.54684630432	0.00000000000	0.55458157044
2149.70625616119	748.53815544178	0.00000000000	0.55516342009
2151.96874226547	748.52950240608	0.00000000000	0.55574221747
2154.25073990094	748.52076567307	0.00000000000	0.55632609553
2156.52347466243	748.51205544656	0.00000000000	0.55690769264
2158.78878019331	748.50336489788	0.00000000000	0.55748747706
2161.04854979524	748.49468693849	0.00000000000	0.55806593265
2163.30372967482	748.48601809174	0.00000000000	0.55864330106
2165.85043651052	748.47621852336	0.00000000000	0.55929541121
2168.15083026196	748.46735765655	0.00000000000	0.55988454650
2171.03209670815	748.45624731814	0.00000000000	0.56062257315
2173.45616202402	748.44688976765	0.00000000000	0.56124360022
2175.71657476662	748.43815567146	0.00000000000	0.56182279212
2178.00207594071	748.42931660628	0.00000000000	0.56240850220
2180.42421258443	748.41994041311	0.00000000000	0.56302932660
2182.70835062595	748.41109032781	0.00000000000	0.56361487309
2185.01767170158	748.40213479261	0.00000000000	0.56420696701
2187.35834740949	748.39304969217	0.00000000000	0.56480719415
2189.65258401221	748.38413715880	0.00000000000	0.56539560473
2191.97519887388	748.37510674471	0.00000000000	0.56599138636
2194.62169358996	748.36480784463	0.00000000000	0.56667036131
2196.97778256144	748.35563091953	0.00000000000	0.56727493290
2199.23131461497	748.34684638184	0.00000000000	0.56785327841
2201.64758213555	748.33741991765	0.00000000000	0.56847348607
2204.26401536790	748.32720386936	0.00000000000	0.56914518642
2206.52223867255	748.31837933130	0.00000000000	0.56972502128
2208.77300442588	748.30957745305	0.00000000000	0.57030302935
2211.25695063329	748.29985630391	0.00000000000	0.57094102141
2213.81702038286	748.28982925997	0.00000000000	0.57159867764
2216.22931234233	748.28037373822	0.00000000000	0.57221847543
2218.49273764261	748.27149542169	0.00000000000	0.57280011641
2220.86155151330	748.26219728678	0.00000000000	0.57340893487
2223.58482023877	748.25149985911	0.00000000000	0.57410897381
2225.99444461729	748.24202749761	0.00000000000	0.57472849546
2228.23962844899	748.23319577773	0.00000000000	0.57530582991
2230.47924541877	748.22438049988	0.00000000000	0.57588182034
2232.73856655747	748.21548224487	0.00000000000	0.57646296686
2234.98174504386	748.20664228177	0.00000000000	0.57704004915
2237.22425618450	748.19779978467	0.00000000000	0.57761704743
2239.45823616464	748.18898589259	0.00000000000	0.57819193785
2241.88605786037	748.17940163985	0.00000000000	0.57881681004
2244.51937704701	748.16899972034	0.00000000000	0.57949468943
2247.15202539101	748.15859392102	0.00000000000	0.58017251715
2249.51290353356	748.14925690061	0.00000000000	0.58078047519
2251.81864288123	748.14013311864	0.00000000000	0.58137432825
2254.05140063088	748.13129367953	0.00000000000	0.58194947316
2256.54817078165	748.12140396560	0.00000000000	0.58259272931
2258.83652834436	748.11233520103	0.00000000000	0.58318238680
2261.23646265042	748.10281967871	0.00000000000	0.58380089352
2263.53889119670	748.09368646478	0.00000000000	0.58439436601
2265.77316312371	748.08481969851	0.00000000000	0.58497035925
2268.17116631219	748.07529898604	0.00000000000	0.58558865958
2270.44234535191	748.06627792369	0.00000000000	0.58617435254
2272.67459292341	748.05740792609	0.00000000000	0.58675009396
2274.97374994118	748.04826846535	0.00000000000	0.58734318403
2277.36922015935	748.03874238450	0.00000000000	0.58796121771
2279.59055042559	748.02990548282	0.00000000000	0.58853441311
2282.10614445768	748.01989420554	0.00000000000	0.58918364540
2284.62108276017	748.00988171075	0.00000000000	0.58983281959
2286.88756989250	748.00085519287	0.00000000000	0.59041795697
2289.11505756752	747.99198118206	0.00000000000	0.59099311388
2291.39412620770	747.98289889918	0.00000000000	0.59158167977
2293.62714427154	747.97399750677	0.00000000000	0.59215844180
2295.89100705968	747.96497061125	0.00000000000	0.59274326024
2298.12269717616	747.95606959176	0.00000000000	0.59331985591
2300.46934360833	747.94670760474	0.00000000000	0.59392624715
2302.77752748751	747.93749670866	0.00000000000	0.59452279402
2305.08506027592	747.92828618770	0.00000000000	0.59511926649
2307.39194225178	747.91907615461	0.00000000000	0.59571566458
2309.63957502940	747.91010074683	0.00000000000	0.59629683526
2311.98299715708	747.90074091900	0.00000000000	0.59690286914
2314.32578329179	747.89138180120	0.00000000000	0.59750883544
2316.66792141171	747.88202356059	0.00000000000	0.59811473102
2318.88175489004	747.87317650661	0.00000000000	0.59868752413
2321.20304553561	747.86389860529	0.00000000000	0.59928821305
2323.47293461781	747.85482485161	0.00000000000	0.59987569271
2325.69660938357	747.84593469693	0.00000000000	0.60045129982
2327.91274912929	747.83707364544	0.00000000000	0.60102504349
2330.12027879327	747.82824610639	0.00000000000	0.60159664449
2332.43838987672	747.81897549724	0.00000000000	0.60219697148
2334.69108234480	747.80996576058	0.00000000000	0.60278044803
2336.90457581381	747.80111218481	0.00000000000	0.60335385912
2339.28294204056	747.79159858099	0.00000000000	0.60397007770
2342.00381979440	747.78071434749	0.00000000000	0.60467516170
2345.04352666681	747.76855422143	0.00000000000	0.60546302191
2347.70590923211	747.75790332522	0.00000000000	0.60615321832
2350.15242281292	747.74811598497	0.00000000000	0.60678756380
2352.41425639107	747.73906755710	0.00000000000	0.60737411901
2354.88467279487	747.72918493171	0.00000000000	0.60801486933
2357.46071095131	747.71888018653	0.00000000000	0.60868313024
2359.75306632629	747.70971071535	0.00000000000	0.60927789904
2361.99822739807	747.70073057098	0.00000000000	0.60986051355
2364.21978632731	747.69184546861	0.00000000000	0.61043709166
2366.41700230583	747.68305845124	0.00000000000	0.61100743830
2369.04562081893	747.67254727364	0.00000000000	0.61168988006
2371.96212216279	747.66088650733	0.00000000000	0.61244720603
2374.25049636272	747.65173843176	0.00000000000	0.61304153280
2376.66548480201	747.64208558422	0.00000000000	0.61366884457
2379.34819591196	747.63136445943	0.00000000000	0.61436582135
2381.65295496585	747.62215544132	0.00000000000	0.61496470758
2383.92163687784	747.61309219841	0.00000000000	0.61555431189
2386.11231042655	747.60434222628	0.00000000000	0.61612372996
2388.33772872518	747.59545522217	0.00000000000	0.61670226699
2390.96071172465	747.58498297898	0.00000000000	0.61738427169
2393.24384034491	747.57586984113	0.00000000000	0.61797801063
2395.58526814474	747.56652628926	0.00000000000	0.61858700742
2397.78853858262	747.55773628285	0.00000000000	0.61916015958
2400.12871233460	747.54840257360	0.00000000000	0.61976902055
2403.12441524144	747.53645822069	0.00000000000	0.62054857871
2405.42265696303	747.52729788437	0.00000000000	0.62114674872
2407.72026045611	747.51814293170	0.00000000000	0.62174484726
2410.01723764342	747.50899342812	0.00000000000	0.62234287738
2412.23595293962	747.50015857579	0.00000000000	0.62292062148
2414.42756674413	747.49143455316	0.00000000000	0.62349139520
2416.70419815104	747.48237527946	0.00000000000	0.62408440181
2419.52107929167	747.47117086184	0.00000000000	0.62481825907
2421.90025247009	747.46171161678	0.00000000000	0.62543819518
2424.09610097441	747.45298473202	0.00000000000	0.62601045305
2426.59992536622	747.44303808802	0.00000000000	0.62666307801
2428.87324576132	747.43401115410	0.00000000000	0.62725571948
2431.07596524131	747.42526831789	0.00000000000	0.62783004442
2433.45201881317	747.41584176186	0.00000000000	0.62844966146
2435.72342547049	747.40683462474	0.00000000000	0.62904208418
2438.22419434849	747.39692290764	0.00000000000	0.62969443609
2440.40037670256	747.38830200805	0.00000000000	0.63026220791
2442.59094238846	747.37962830355	0.00000000000	0.63083381861
2444.76886568635	747.37100890953	0.00000000000	0.63140221617
2447.57851115986	747.35989582346	0.00000000000	0.63213560793
2449.75505361204	747.35129197206	0.00000000000	0.63270384100
2452.25214701973	747.34142661185	0.00000000000	0.63335586615
2454.42735658685	747.33283794193	0.00000000000	0.63392393484
2456.60192429246	747.32425657544	0.00000000000	0.63449192136
2458.99492922507	747.31481883330	0.00000000000	0.63511706143
2461.59962186563	747.30455307502	0.00000000000	0.63579761976
2464.04124194981	747.29493666545	0.00000000000	0.63643568168
2466.21006843786	747.28640016761	0.00000000000	0.63700254569
2468.62514882719	747.27690063495	0.00000000000	0.63763387307
2470.81662713855	747.26828640717	0.00000000000	0.63820683994
2472.99157419232	747.25974270543	0.00000000000	0.63877557073
2475.17288080330	747.25117967169	0.00000000000	0.63934605061
2477.63682820684	747.24151402322	0.00000000000	0.63999055367
2479.91458908637	747.23258541663	0.00000000000	0.64058645326
2482.35134777115	747.22304077632	0.00000000000	0.64122405353
2484.81342899728	747.21340467355	0.00000000000	0.64186838916
2487.46829616420	747.20302291242	0.00000000000	0.64256330095
2489.69190373273	747.19433478794	0.00000000000	0.64314542904
2492.12613053378	747.18483140141	0.00000000000	0.64378279913
2494.33427002568	747.17621772840	0.00000000000	0.64436106446
2496.49751228273	747.16778580612	0.00000000000	0.64492765815
2498.70439431161	747.15919063203	0.00000000000	0.64550576967
2501.01726321886	747.15019020698	0.00000000000	0.64611174051
2503.32949274660	747.14120010155	0.00000000000	0.64671764122
2505.53444770408	747.13263449300	0.00000000000	0.64729552224
2508.01695070121	747.12299947807	0.00000000000	0.64794624990
2510.18835875624	747.11457962071	0.00000000000	0.64851552373
2512.40558351621	747.10598967290	0.00000000000	0.64909689797
2514.56362000853	747.09763647794	0.00000000000	0.64966283872
2516.71796389569	747.08930500332	0.00000000000	0.65022789588
2519.04799179656	747.08030257585	0.00000000000	0.65083912812
2521.27849717406	747.07169302689	0.00000000000	0.65142434570
2523.42987679514	747.06339674668	0.00000000000	0.65198888919
2525.62912033130	747.05492396332	0.00000000000	0.65256608010
2527.85776328526	747.04634634987	0.00000000000	0.65315107711
2530.01638094192	747.03804644792	0.00000000000	0.65371777979
2532.29960232176	747.02927633525	0.00000000000	0.65431728752
2534.48375768203	747.02089540899	0.00000000000	0.65489087271
2536.76573664792	747.01214828203	0.00000000000	0.65549024086
2538.97543019688	747.00368726878	0.00000000000	0.65607071396
2541.34642407589	746.99461863993	0.00000000000	0.65669365921
2543.76692561609	746.98537147885	0.00000000000	0.65732971822
2545.97469432621	746.97694668928	0.00000000000	0.65790996904
2548.29678842102	746.96809570155	0.00000000000	0.65852036362
2550.61826172120	746.95925751861	0.00000000000	0.65913069396
2552.82412101682	746.95086928022	0.00000000000	0.65971072032
2554.97560918366	746.94269709056	0.00000000000	0.66027653601
2557.14252134166	746.93447569158	0.00000000000	0.66084649400
2559.48469036624	746.92560005871	0.00000000000	0.66146264648
2561.80311671597	746.91682547201	0.00000000000	0.66207265235
2563.99153892407	746.90855313595	0.00000000000	0.66264854330
2566.13472270085	746.90046152886	0.00000000000	0.66321261502
2568.27727779347	746.89238201578	0.00000000000	0.66377660580
2570.41920696141	746.88431467767	0.00000000000	0.66434051632
2572.55640048754	746.87627505605	0.00000000000	0.66490326434
2574.72911465998	746.86811203326	0.00000000000	0.66547545164
2576.96136160225	746.85973618214	0.00000000000	0.66606340763
2579.25282743329	746.85114967506	0.00000000000	0.66666705700
2581.39668267753	746.84312698822	0.00000000000	0.66723190849
2583.88625622095	746.83382367693	0.00000000000	0.66788795444
2586.40267889853	746.82443450853	0.00000000000	0.66855119191
2588.61438766894	746.81619442098	0.00000000000	0.66913421448
2590.90273770709	746.80768087717	0.00000000000	0.66973753539
2593.03821213223	746.79974728192	0.00000000000	0.67030063814
2595.41955908768	746.79091310343	0.00000000000	0.67092867443
2597.66490364641	746.78259600766	0.00000000000	0.67152093870
2600.12321373501	746.77350416377	0.00000000000	0.67216948481
2602.25299561776	746.76563938983	0.00000000000	0.67273144978
2604.38215263400	746.75778819840	0.00000000000	0.67329333386
2606.54594017476	746.74982096059	0.00000000000	0.67386444298
2608.67384296487	746.74199741004	0.00000000000	0.67442616534
2610.83638843477	746.73405833518	0.00000000000	0.67499711867
2613.18817939056	746.72543818263	0.00000000000	0.67561813489
2615.33855582610	746.71756886748	0.00000000000	0.67618605522
2617.84681783595	746.70840519475	0.00000000000	0.67684860258
2620.03385391706	746.70042867793	0.00000000000	0.67742639475
2622.56874926934	746.69119944666	0.00000000000	0.67809619890
2624.72744642616	746.68335356225	0.00000000000	0.67866669307
2626.84915289084	746.67565447094	0.00000000000	0.67922749586
2629.29984512403	746.66677694781	0.00000000000	0.67987535936
2631.77701761128	746.65782039163	0.00000000000	0.68053033673
2634.17368826540	746.64917121205	0.00000000000	0.68116413771
2636.34187454432	746.64136053598	0.00000000000	0.68173760802
2638.73735313799	746.63274659396	0.00000000000	0.68237129741
2640.85927688469	746.62513006308	0.00000000000	0.68293271112
2643.05596635708	746.61725886475	0.00000000000	0.68351399461
2645.17664161318	746.60967336646	0.00000000000	0.68407524875
2647.30898216579	746.60205944332	0.00000000000	0.68463967480
2649.47345781830	746.59434452076	0.00000000000	0.68521269374
2651.60455827687	746.58676219090	0.00000000000	0.68577696245
2653.73504649533	746.57919566211	0.00000000000	0.68634115385
2656.12590863122	746.57072074882	0.00000000000	0.68697439790
2658.56898992133	746.56207873568	0.00000000000	0.68762158309
2660.70663241124	746.55453221012	0.00000000000	0.68818794748
2662.83456170900	746.54703402957	0.00000000000	0.68875182327
2665.24922082624	746.53854261277	0.00000000000	0.68939178166
2667.49563101656	746.53065932325	0.00000000000	0.68998724695
2669.76271167757	746.52271970702	0.00000000000	0.69058828726
2672.14940539330	746.51437892308	0.00000000000	0.69122114300
2674.39396799433	746.50655156815	0.00000000000	0.69181640867
2676.50262279195	746.49921303477	0.00000000000	0.69237571718
2678.61377856859	746.49188033750	0.00000000000	0.69293577260
2680.83640855920	746.48417628705	0.00000000000	0.69352549069
2683.38381996842	746.47536660304	0.00000000000	0.69420149528
2685.66900223421	746.46748220658	0.00000000000	0.69480801600
2687.82281362031	746.46006713823	0.00000000000	0.69537975878
2689.94312546553	746.45278273811	0.00000000000	0.69594269404
2692.32454181470	746.44461957525	0.00000000000	0.69657505238
2694.60733568373	746.43681275102	0.00000000000	0.69718132276
2696.74588454274	746.42951556699	0.00000000000	0.69774937311
2698.92715821251	746.42208899486	0.00000000000	0.69832886087
2701.06447376027	746.41482825631	0.00000000000	0.69889675739
2703.20118722465	746.40758566683	0.00000000000	0.69946457994
2705.55351736498	746.39963097050	0.00000000000	0.70008980118
2707.81037652160	746.39201771346	0.00000000000	0.70068974541
2709.92504326230	746.38490076052	0.00000000000	0.70125197758
2712.02254305277	746.37785758364	0.00000000000	0.70180972884
2714.25627917108	746.37037457333	0.00000000000	0.70240379832
2716.55654001121	746.36268783844	0.00000000000	0.70301565870
2718.66152625291	746.35567077122	0.00000000000	0.70357566435
2720.89347866516	746.34824844608	0.00000000000	0.70416953922
2723.21617852491	746.34054412956	0.00000000000	0.70478766000
2725.40772859285	746.33329345797	0.00000000000	0.70537097250
2727.61764819969	746.32600044204	0.00000000000	0.70595926629
2729.73587802285	746.31902749391	0.00000000000	0.70652323844
2731.98623105475	746.31163847343	0.00000000000	0.70712248102
2734.17537263817	746.30446920145	0.00000000000	0.70770551571
2736.27015793959	746.29762636885	0.00000000000	0.70826350545
2738.36433428432	746.29080266550	0.00000000000	0.70882141609
2740.57068443299	746.28363210229	0.00000000000	0.70940930093
2742.68523688407	746.27677794323	0.00000000000	0.70997281278
2744.77442643751	746.27002346269	0.00000000000	0.71052964890
2747.09079474843	746.26255491597	0.00000000000	0.71114713228
2749.19431484258	746.25579135633	0.00000000000	0.71170796412
2751.69597573292	746.24777096517	0.00000000000	0.71237505599
2754.19701823993	746.23977805849	0.00000000000	0.71304210181
2756.33173535766	746.23297616481	0.00000000000	0.71361154007
2758.48043368082	746.22614871618	0.00000000000	0.71418479533
2760.66233616191	746.21923537357	0.00000000000	0.71476699905
2763.16110881224	746.21134245192	0.00000000000	0.71543386547
2765.38108248571	746.20435218424	0.00000000000	0.71602642638
2767.52730098972	746.19761396114	0.00000000000	0.71659938959
2769.60953085505	746.19109534713	0.00000000000	0.71715535400
2772.13421538388	746.18321645076	0.00000000000	0.71782956653
2774.46849138516	746.17595616154	0.00000000000	0.71845303892
2776.58474419891	746.16939436404	0.00000000000	0.71901836830
2778.82257900343	746.16247678028	0.00000000000	0.71961626968
2780.90165135208	746.15606959595	0.00000000000	0.72017183878
2783.62528880180	746.14770480769	0.00000000000	0.72089977326
2785.93156218995	746.14064750104	0.00000000000	0.72151627148
2788.03357003548	746.13423589240	0.00000000000	0.72207825528
2790.24691843050	746.12750605749	0.00000000000	0.72267009790
2792.42027045234	746.12091929793	0.00000000000	0.72325133676
2794.52044954421	746.11457461715	0.00000000000	0.72381309218
2796.59828846818	746.10831717795	0.00000000000	0.72436895512
2798.87680575012	746.10147809624	0.00000000000	0.72497859849
2801.56683759053	746.09343457882	0.00000000000	0.72569847527
2803.64799088092	746.08723465333	0.00000000000	0.72625550578
2805.81772086594	746.08079230831	0.00000000000	0.72683633265
2808.14325421215	746.07391180237	0.00000000000	0.72745896759
2810.52024245878	746.06690534401	0.00000000000	0.72809548619
2812.74911021799	746.06035976329	0.00000000000	0.72869243904
2814.89866416629	746.05406947982	0.00000000000	0.72926823978
2817.70079715483	746.04590271337	0.00000000000	0.73001898001
2819.77751558915	746.03987451151	0.00000000000	0.73057546637
2822.00396460614	746.03343483844	0.00000000000	0.73117216725
2824.18791254044	746.02714149480	0.00000000000	0.73175757019
2826.25436781152	746.02120816861	0.00000000000	0.73231156393
2828.54952252129	746.01464275396	0.00000000000	0.73292696575
2831.03107189217	746.00757338997	0.00000000000	0.73359245982
2833.35012835000	746.00099454482	0.00000000000	0.73421448424
2835.41405599766	745.99516202055	0.00000000000	0.73476816436
2837.57527897529	745.98907742735	0.00000000000	0.73534803343
2839.65374219663	745.98324801765	0.00000000000	0.73590578250
2841.89751587762	745.97697950236	0.00000000000	0.73650798562
2843.97475781380	745.97119905080	0.00000000000	0.73706558011
2846.45238149957	745.96433327008	0.00000000000	0.73773075807
2848.54884536793	745.95854834987	0.00000000000	0.73829369703
2850.61692893385	745.95286396496	0.00000000000	0.73884909853
2853.09286633107	745.94608771608	0.00000000000	0.73951414136
2855.15969847118	745.94045558788	0.00000000000	0.74006938826
2857.22066175811	745.93486172598	0.00000000000	0.74062314076
2859.53287487306	745.92861252126	0.00000000000	0.74124449843
2861.59788697824	745.92305531369	0.00000000000	0.74179951359
2863.75200420447	745.91728244581	0.00000000000	0.74237856558
2865.81581476493	745.91177481207	0.00000000000	0.74293342637
2867.87056068826	745.90631404329	0.00000000000	0.74348593207
2869.92790292964	745.90086914208	0.00000000000	0.74403921788
2872.11937939755	745.89509441636	0.00000000000	0.74462866696
2874.27060256769	745.88945113120	0.00000000000	0.74520737956
2876.38706280871	745.88392368015	0.00000000000	0.74577682801
2878.72007870121	745.87785911283	0.00000000000	0.74640464300
2880.86952260019	745.87229826169	0.00000000000	0.74698315226
2883.10236982680	745.86654870640	0.00000000000	0.74758420403
2885.29033534114	745.86094160231	0.00000000000	0.74817326822
2887.33852227771	745.85571693047	0.00000000000	0.74872478427
2889.54697335487	745.85010980472	0.00000000000	0.74931954608
2892.12721916318	745.84359352529	0.00000000000	0.75001455676
2894.64937420278	745.83726038989	0.00000000000	0.75069404543
2897.11414033889	745.83110634228	0.00000000000	0.75135819271
2899.27795962965	745.82573234597	0.00000000000	0.75194134544
2901.33192069143	745.82065608005	0.00000000000	0.75249497560
2903.39264826869	745.81558755604	0.00000000000	0.75305051226
2905.44012078467	745.81057600419	0.00000000000	0.75360255759
2907.49230900082	745.80557738649	0.00000000000	0.75415595642
2909.79149269578	745.80000638072	0.00000000000	0.75477605836
2912.62731958183	745.79317782023	0.00000000000	0.75554103791
2914.76774739588	745.78805517528	0.00000000000	0.75611853382
2917.01542355268	745.78270509062	0.00000000000	0.75672506211
2919.73374644859	745.77627493960	0.00000000000	0.75745872484
2921.81012233781	745.77139309045	0.00000000000	0.75801922638
2923.84936836475	745.76662376162	0.00000000000	0.75856978709
2925.89123637638	745.76187344486	0.00000000000	0.75912113722
2928.16052631382	745.75662368311	0.00000000000	0.75973399211
2930.29680316853	745.75171026826	0.00000000000	0.76031101702
2932.37022278331	745.74696809281	0.00000000000	0.76087114919
2934.52464340726	745.74206860165	0.00000000000	0.76145325295
2936.56882861482	745.73744624017	0.00000000000	0.76200565629
2938.60710317517	745.73286297784	0.00000000000	0.76255654397
2940.64157503929	745.72831399116	0.00000000000	0.76310648516
2942.67545912572	745.72379210843	0.00000000000	0.76365634866
2944.74538978212	745.71921666307	0.00000000000	0.76421604078
2946.80343455011	745.71469417616	0.00000000000	0.76477260247
2949.14482464612	745.70958153515	0.00000000000	0.76540589107
2951.22610097078	745.70506602633	0.00000000000	0.76596891571
2953.35607765271	745.70047338052	0.00000000000	0.76654520290
2955.41173534380	745.69606844820	0.00000000000	0.76710146693
2957.45000630421	745.69172751432	0.00000000000	0.76765310818
2959.52897452796	745.68732744300	0.00000000000	0.76821584803
2961.97727672538	745.68218149039	0.00000000000	0.76887866916
2964.12369835674	745.67770203108	0.00000000000	0.76945986025
2966.14989998708	745.67350099738	0.00000000000	0.77000858241
2968.17551789086	745.66932800417	0.00000000000	0.77055722738
2970.21020703473	745.66516343070	0.00000000000	0.77110841077
2972.28565904544	745.66094351909	0.00000000000	0.77167072067
2974.49448456673	745.65648371274	0.00000000000	0.77226925933
2976.80226972427	745.65185869760	0.00000000000	0.77289471654
2978.90733564669	745.64767090899	0.00000000000	0.77346532440
2980.98041775296	745.64357572797	0.00000000000	0.77402734814
2983.36745387055	745.63889612070	0.00000000000	0.77467459172
2985.98196790410	745.63381466964	0.00000000000	0.77538364507
2988.08461834246	745.62976165257	0.00000000000	0.77595397967
2990.10847708637	745.62588891667	0.00000000000	0.77650302499
2992.22800642380	745.62186309062	0.00000000000	0.77707811136
2994.58479149455	745.61742277433	0.00000000000	0.77771767615
2996.60360862000	745.61364959620	0.00000000000	0.77826561350
2998.63044987954	745.60988973499	0.00000000000	0.77881580996
3000.71310879289	745.60605598934	0.00000000000	0.77938124324
3003.09514694772	745.60170814309	0.00000000000	0.78002806219
3005.58934019379	745.59719806344	0.00000000000	0.78070545639
3007.65523782485	745.59349547815	0.00000000000	0.78126662392
3010.11977550675	745.58911774871	0.00000000000	0.78193618638
3013.12885022182	745.58383101192	0.00000000000	0.78275385155
3015.42688486061	745.57983684726	0.00000000000	0.78337842479
3018.03344345511	745.57535206343	0.00000000000	0.78408697754
3020.43905467354	745.57125623131	0.00000000000	0.78474102577
3022.46704101008	745.56783569824	0.00000000000	0.78529249312
3024.92797002648	745.56372483662	0.00000000000	0.78596179989
3027.24961342828	745.55988690459	0.00000000000	0.78659333527
3029.25858659086	745.55659751764	0.00000000000	0.78713990449
3031.34983562312	745.55320473953	0.00000000000	0.78770894345
3033.45860043093	745.54981601151	0.00000000000	0.78828283683
3035.80510977660	745.54608369843	0.00000000000	0.78892153585
3037.93215849319	745.54273559391	0.00000000000	0.78950059456
3040.03917883018	745.53945208064	0.00000000000	0.79007428986
3042.05431743821	745.53634264766	0.00000000000	0.79062305072
3044.07635578763	745.53325303307	0.00000000000	0.79117377204
3046.11874990752	745.53016339915	0.00000000000	0.79173012038
3048.43497113262	745.52669746879	0.00000000000	0.79236116014
3050.55863805953	745.52355522863	0.00000000000	0.79293983398
3052.58782718823	745.52058467243	0.00000000000	0.79349284804
3054.98475056387	745.51711607950	0.00000000000	0.79414618670
3057.32580500850	745.51377061840	0.00000000000	0.79478440799
3059.56123008370	745.51061525383	0.00000000000	0.79539393490
3061.61273189988	745.50775327714	0.00000000000	0.79595340008
3063.65038298976	745.50494273219	0.00000000000	0.79650917154
3065.65899834951	745.50220365927	0.00000000000	0.79705710495
3067.94369006131	745.49912616494	0.00000000000	0.79768044804
3069.97959411246	745.49641803064	0.00000000000	0.79823600148
3071.99394829638	745.49377042890	0.00000000000	0.79878575631
3074.04201569727	745.49111111955	0.00000000000	0.79934479565
3076.04772219175	745.48853877849	0.00000000000	0.79989235383
3078.30369606730	745.48568339109	0.00000000000	0.80050833164
3080.80788645244	745.48256102611	0.00000000000	0.80119220303
3082.86864314469	745.48002893507	0.00000000000	0.80175507135
3084.94550599716	745.47751131592	0.00000000000	0.80232242528
3086.93953974319	745.47512657363	0.00000000000	0.80286723378
3088.94921097597	745.47275541690	0.00000000000	0.80341639574
3090.94210294548	745.47043616664	0.00000000000	0.80396105293
3092.98499643775	745.46809201949	0.00000000000	0.80451945858
3094.98544507527	745.46582934156	0.00000000000	0.80506634383
3097.00239648351	745.46358092487	0.00000000000	0.80561782231
3099.13395317014	745.46124079961	0.00000000000	0.80620072555
3101.60418119366	745.45857536483	0.00000000000	0.80687635775
3103.69415991222	745.45635934989	0.00000000000	0.80744808413
3105.76537318431	745.45419873129	0.00000000000	0.80801476411
3107.76982495641	745.45214151172	0.00000000000	0.80856326079
3109.85813762128	745.45003365096	0.00000000000	0.80913479145
3112.32568900256	745.44758975583	0.00000000000	0.80981022601
3114.65220742483	745.44533209176	0.00000000000	0.81044716887
3116.77918945416	745.44330773273	0.00000000000	0.81102957944
3118.81512516073	745.44140564231	0.00000000000	0.81158714546
3120.88232731229	745.43951009642	0.00000000000	0.81215336004
3122.96719122233	745.43763496069	0.00000000000	0.81272449990
3125.46021336219	745.43544114838	0.00000000000	0.81340756865
3127.45178562612	745.43372662255	0.00000000000	0.81395333452
3129.51668266964	745.43198474617	0.00000000000	0.81451927907
3131.78509851041	745.43011330364	0.00000000000	0.81514110351
3133.84885759409	745.42844913116	0.00000000000	0.81570691758
3135.83265449959	745.42688405983	0.00000000000	0.81625089018
3137.81259225301	745.42535597309	0.00000000000	0.81679388425
3139.79526037281	745.42385985667	0.00000000000	0.81733770692
3141.85682413583	745.42234047739	0.00000000000	0.81790325445
3143.85137582718	745.42090578714	0.00000000000	0.81845050083
3145.87992612006	745.41948235900	0.00000000000	0.81900715840
3147.85701906235	745.41812980122	0.00000000000	0.81954977604
3149.99724475200	745.41670443928	0.00000000000	0.82013725549
3152.42617368564	745.41513582460	0.00000000000	0.82080409526
3154.99848487182	745.41353163440	0.00000000000	0.82151043030
3157.11487123011	745.41225591201	0.00000000000	0.82209167330
3159.11491343770	745.41108705814	0.00000000000	0.82264104752
3161.54162849071	745.40971693904	0.00000000000	0.82330773033
3163.63540202439	745.40857730162	0.00000000000	0.82388304183
3165.77163047439	745.40745526546	0.00000000000	0.82447011098
3167.97920385974	745.40633909106	0.00000000000	0.82507688472
3169.95910338070	745.40537561242	0.00000000000	0.82562116467
3172.19112315838	745.40433219020	0.00000000000	0.82623484921
3174.19867553039	745.40343251657	0.00000000000	0.82678690435
3176.35523756338	745.40250714420	0.00000000000	0.82738002734
3178.36165366045	745.40168452016	0.00000000000	0.82793194084
3180.39615793204	745.40088820996	0.00000000000	0.82849166478
3182.73310961368	745.40002067177	0.00000000000	0.82913470129
3185.44249201945	745.39907819387	0.00000000000	0.82988035595
3187.41219045753	745.39843584270	0.00000000000	0.83042253508
3189.54227680416	745.39778189296	0.00000000000	0.83100895206
3191.59068725375	745.39719303116	0.00000000000	0.83157297124
3193.76684984776	745.39661054977	0.00000000000	0.83217226058
3195.83248512064	745.39609885711	0.00000000000	0.83274120189
3197.81240840127	745.39564617416	0.00000000000	0.83328661761
3199.80143954626	745.39522874646	0.00000000000	0.83383462333
3202.02587805881	745.39480637233	0.00000000000	0.83444758331
3204.41352601669	745.39440540244	0.00000000000	0.83510562994
3206.40079736099	745.39411316271	0.00000000000	0.83565342032
3208.46309112333	745.39384986657	0.00000000000	0.83622197645
3210.43194569655	745.39363659703	0.00000000000	0.83676485385
3212.39030973718	745.39346148310	0.00000000000	0.83730491780
3214.47073187353	745.39331601071	0.00000000000	0.83787872856
3216.59376142442	745.39321075493	0.00000000000	0.83846438294
3218.69410067689	745.39314968512	0.00000000000	0.83904386939
3220.88815683155	745.39313176386	0.00000000000	0.83964930955
3222.88256340350	745.39315626091	0.00000000000	0.84019974339
3225.26500075563	745.39323659140	0.00000000000	0.84085737689
3227.22925619741	745.39334475611	0.00000000000	0.84139966608
3229.20059999561	745.39349152602	0.00000000000	0.84194399228
3231.31981357079	745.39369212130	0.00000000000	0.84252923768
3233.37549277860	745.39392920956	0.00000000000	0.84309702595
3235.32753239751	745.39419319960	0.00000000000	0.84363626930
3237.36372604631	745.39450901335	0.00000000000	0.84419884379
3239.31575899672	745.39485064873	0.00000000000	0.84473824624
3241.27057126630	745.39523100834	0.00000000000	0.84527849567
3243.34336251133	745.39567623482	0.00000000000	0.84585143719
3245.41560816049	745.39616458356	0.00000000000	0.84642431681
3247.41685648955	745.39667735102	0.00000000000	0.84697765336
3249.36607948050	745.39721576268	0.00000000000	0.84751668488
3251.74188751664	745.39792415946	0.00000000000	0.84817378924
3254.03335096799	745.39866185015	0.00000000000	0.84880767630
3256.04763066953	745.39935458833	0.00000000000	0.84936497601
3258.09674430643	745.40010193754	0.00000000000	0.84993199975
3260.16514920478	745.40090004652	0.00000000000	0.85050445007
3262.16245243305	745.40171252248	0.00000000000	0.85105730664
3264.39728336634	745.40267044459	0.00000000000	0.85167600945
3266.76936492721	745.40374377118	0.00000000000	0.85233282299
3268.75135634567	745.40468539409	0.00000000000	0.85288171287
3270.69813180730	745.40565010634	0.00000000000	0.85342092960
3272.74338981837	745.40670624014	0.00000000000	0.85398750889
3274.89870260753	745.40786658955	0.00000000000	0.85458466984
3276.84043654812	745.40895370417	0.00000000000	0.85512273845
3278.78049908635	745.41007950829	0.00000000000	0.85566042230
3280.72001174544	745.41124468469	0.00000000000	0.85619803213
3282.66344854919	745.41245212524	0.00000000000	0.85673680830
3284.61188502567	745.41370287446	0.00000000000	0.85727704956
3286.60256660121	745.41502242011	0.00000000000	0.85782908584
3288.64355509077	745.41641916051	0.00000000000	0.85839515855
3290.60779007083	745.41780540565	0.00000000000	0.85894002560
3292.56171488866	745.41922538031	0.00000000000	0.85948211256
3294.84289580788	745.42093506552	0.00000000000	0.86011509267
3297.09624789332	745.42267892061	0.00000000000	0.86074045759
3299.05821326899	745.42424193538	0.00000000000	0.86128504139
3301.18253601797	745.42598129785	0.00000000000	0.86187478156
3303.12033981968	745.42761067466	0.00000000000	0.86241282390
3305.05311042194	745.42927653511	0.00000000000	0.86294954700
3307.13029206001	745.43111231183	0.00000000000	0.86352645967
3309.06307218807	745.43286286411	0.00000000000	0.86406334765
3311.34012240670	745.43497780320	0.00000000000	0.86469596742
3313.75755176896	745.43728554395	0.00000000000	0.86536770681
3315.71502069115	745.43920142663	0.00000000000	0.86591172517
3317.72981961421	745.44121768120	0.00000000000	0.86647176055
3319.82605479500	745.44336320971	0.00000000000	0.86705452241
3321.75876766372	745.44538465215	0.00000000000	0.86759190610
3323.72582782277	745.44748476404	0.00000000000	0.86813892045
3325.72141991080	745.44965951077	0.00000000000	0.86869395220
3327.83889440503	745.45201585532	0.00000000000	0.86928297443
3329.76938810119	745.45420799884	0.00000000000	0.86982006594
3331.69483653654	745.45643619917	0.00000000000	0.87035583182
3333.91209430608	745.45905391965	0.00000000000	0.87097289173
3336.07674404322	745.46166318972	0.00000000000	0.87157541067
3338.14587821314	745.46420701517	0.00000000000	0.87215143553
3340.07355862909	745.46662074823	0.00000000000	0.87268816228
3342.00069629652	745.46907614940	0.00000000000	0.87322481614
3343.92391247840	745.47156886708	0.00000000000	0.87376045598
3345.84658594387	745.47410323353	0.00000000000	0.87429602259
3347.76758694302	745.47667778644	0.00000000000	0.87483120116
3349.92865929149	745.47962485750	0.00000000000	0.87543335510
3352.11493576252	745.48266114095	0.00000000000	0.87604263210
3354.03536864362	745.48537384568	0.00000000000	0.87657790637
3356.38510749527	745.48875116214	0.00000000000	0.87723294525
3358.87783798524	745.49240420731	0.00000000000	0.87792797352
3360.81324386076	745.49529048635	0.00000000000	0.87846769794
3362.83471966493	745.49835189246	0.00000000000	0.87903150913
3364.75566657027	745.50130544110	0.00000000000	0.87956736182
3366.67607609737	745.50430150357	0.00000000000	0.88010314263
3368.60932345587	745.50736146606	0.00000000000	0.88064258395
3370.55188569115	745.51048061205	0.00000000000	0.88118470412
3372.47067078730	745.51360541345	0.00000000000	0.88172026714
3374.38552473966	745.51676734397	0.00000000000	0.88225481067
3376.30322924476	745.51997766567	0.00000000000	0.88279022784
3378.22039490272	745.52323088417	0.00000000000	0.88332557248
3380.13702192634	745.52652706360	0.00000000000	0.88386084464
3382.07638255204	745.52990709516	0.00000000000	0.88440254511
3384.09214664548	745.53346811337	0.00000000000	0.88496567113
3386.26977304576	745.53736998790	0.00000000000	0.88557411211
3388.42106010469	745.54128081066	0.00000000000	0.88617529262
3390.47653733065	745.54506972198	0.00000000000	0.88674979078
3392.62677165091	745.54908809575	0.00000000000	0.88735086929
3394.68117389246	745.55297984637	0.00000000000	0.88792525065
3396.99256802334	745.55741988121	0.00000000000	0.88857159057
3398.90413262566	745.56114115121	0.00000000000	0.88910621121
3400.95691485622	745.56518713528	0.00000000000	0.88968041379
3402.96779027988	745.56920064863	0.00000000000	0.89024298124
3404.90104403390	745.57310612088	0.00000000000	0.89078391427
3406.93094435903	745.57725641553	0.00000000000	0.89135197516
3409.02756638826	745.58159664015	0.00000000000	0.89193880015
3411.27965146166	745.58632119502	0.00000000000	0.89256924292
3413.32924294948	745.59068040742	0.00000000000	0.89314309604
3415.24199135293	745.59480240330	0.00000000000	0.89367871869
3417.41179769642	745.59954441801	0.00000000000	0.89428642341
3419.36684835407	745.60388004434	0.00000000000	0.89483407173
3421.46024511884	745.60859168229	0.00000000000	0.89542057025
3423.87908159715	745.61412901176	0.00000000000	0.89609837200
3425.88388956856	745.61879762628	0.00000000000	0.89666025921
3427.80096694831	745.62333177243	0.00000000000	0.89719764719
3429.94162247471	745.62847845082	0.00000000000	0.89779781174
3431.86745086420	745.63318685886	0.00000000000	0.89833784112
3433.76474564423	745.63790048637	0.00000000000	0.89886995803
3435.67950261679	745.64273539442	0.00000000000	0.89940706266
3437.58585287903	745.64762925043	0.00000000000	0.89994190013
3439.62821695345	745.65296380510	0.00000000000	0.90051499885
3441.52772405965	745.65801277445	0.00000000000	0.90104810660
3443.50868109852	745.66337079547	0.00000000000	0.90160417281
3445.42049006417	745.66863392774	0.00000000000	0.90214092562
3447.55613638661	745.67462336063	0.00000000000	0.90274063589
3449.44865115905	745.68003068625	0.00000000000	0.90327217374
3451.71749250879	745.68664031527	0.00000000000	0.90390953467
3453.75572593449	745.69269948960	0.00000000000	0.90448223252
3455.81587170810	745.69894370407	0.00000000000	0.90506120301
3458.16767066039	745.70622322150	0.00000000000	0.90572228168
3460.37886969505	745.71321864808	0.00000000000	0.90634397977
3462.27203245919	745.71932727816	0.00000000000	0.90687636914
3464.17809622477	745.72559136238	0.00000000000	0.90741248999
3466.08354376166	745.73197005130	0.00000000000	0.90794854226
3467.97141162264	745.73840733137	0.00000000000	0.90847975313
3469.86207968422	745.74497374651	0.00000000000	0.90901185682
3471.78758480516	745.75178666857	0.00000000000	0.90955387381
3473.70048025100	745.75868291919	0.00000000000	0.91009245100
3475.62470908355	745.76575124613	0.00000000000	0.91063433046
3477.72597089150	745.77362322255	0.00000000000	0.91122619266
3479.82656729701	745.78165598443	0.00000000000	0.91181800299
3481.72684718063	745.78906617372	0.00000000000	0.91235349512
3483.90366317392	745.79772549155	0.00000000000	0.91296705299
3485.81255565418	745.80547191402	0.00000000000	0.91350521698
3488.07012584912	745.81482131912	0.00000000000	0.91414183172
3489.98961863606	745.82293386705	0.00000000000	0.91468324052
3491.87292265417	745.83104192601	0.00000000000	0.91521455812
3494.12847925327	745.84094958877	0.00000000000	0.91585104834
3496.30122014547	745.85070020115	0.00000000000	0.91646432783
3498.23180312406	745.85953737171	0.00000000000	0.91700938763
3500.11227496607	745.86830456392	0.00000000000	0.91754042000
3502.11348986316	745.87781024852	0.00000000000	0.91810568098
3503.99826625221	745.88693098751	0.00000000000	0.91863817794
3505.87667157703	745.89618568042	0.00000000000	0.91916899660
3507.78995274516	745.90578386564	0.00000000000	0.91970979670
3509.70254317913	745.91555432071	0.00000000000	0.92025052952
3511.62834639488	745.92557244128	0.00000000000	0.92079512818
3513.50965873428	745.93553623820	0.00000000000	0.92132727248
3515.43407290280	745.94591203892	0.00000000000	0.92187173958
3517.31397814286	745.95622981388	0.00000000000	0.92240374296
3519.18404317122	745.96667448430	0.00000000000	0.92293308908
3521.06254258689	745.97735039767	0.00000000000	0.92346495161
3522.93463700295	745.98817599553	0.00000000000	0.92399513024
3524.82961558038	745.99932564751	0.00000000000	0.92453192238
3526.70028023452	746.01052393768	0.00000000000	0.92506195900
3528.65278278514	746.02241796670	0.00000000000	0.92561532452
3530.51854429355	746.03398260144	0.00000000000	0.92614424186
3532.46961542424	746.04628676614	0.00000000000	0.92669748588
3534.33390916852	746.05824755023	0.00000000000	0.92722626059
3536.30236788381	746.07109564820	0.00000000000	0.92778472651
3538.43340397632	746.08526182378	0.00000000000	0.92838948785
3540.29541086611	746.09786112056	0.00000000000	0.92891804877
3542.19577840629	746.11093569795	0.00000000000	0.92945764109
3544.14237139862	746.12455698224	0.00000000000	0.93001050863
3546.07086751190	746.13828261824	0.00000000000	0.93055838701
3547.92986310735	746.15173383256	0.00000000000	0.93108666355
3550.10976311718	746.16778581890	0.00000000000	0.93170631262
3552.20959899193	746.18353638351	0.00000000000	0.93230338825
3554.28341253899	746.19937284906	0.00000000000	0.93289324441
3556.28583924495	746.21493254087	0.00000000000	0.93346296681
3558.14426639854	746.22961198234	0.00000000000	0.93399187032
3559.99847680908	746.24448969431	0.00000000000	0.93451971991
3562.14664626443	746.26201859464	0.00000000000	0.93513143646
3564.51745203467	746.28173320784	0.00000000000	0.93580678213
3566.43791790581	746.29799034523	0.00000000000	0.93635402330
3568.32794231120	746.31424385271	0.00000000000	0.93689274760
3570.30327319925	746.33150324636	0.00000000000	0.93745595542
3572.42084342676	746.35031796920	0.00000000000	0.93805991083
3574.41597583470	746.36834402567	0.00000000000	0.93862912883
3576.45639358403	746.38708287115	0.00000000000	0.93921145213
3578.33024864041	746.40456540493	0.00000000000	0.93974640555
3580.75140467562	746.42754609716	0.00000000000	0.94043784127
3583.14286861948	746.45068399592	0.00000000000	0.94112106215
3585.00396781929	746.46899598072	0.00000000000	0.94165294573
3586.85634185145	746.48749045708	0.00000000000	0.94218249626
3589.04753153431	746.50971692898	0.00000000000	0.94280911441
3590.88901033783	746.52869173204	0.00000000000	0.94333590077
3593.05116884708	746.55131914650	0.00000000000	0.94395462919
3595.15913769809	746.57374538630	0.00000000000	0.94455806641
3597.00716684828	746.59370645920	0.00000000000	0.94508726856
3598.93138871654	746.61479158391	0.00000000000	0.94563846571
3601.48580731911	746.64326175815	0.00000000000	0.94637046396
3603.46865913533	746.66574267662	0.00000000000	0.94693889491
3605.30736907444	746.68689014025	0.00000000000	0.94746617867
3607.19491776732	746.70890317425	0.00000000000	0.94800764355
3609.34982960137	746.73441417982	0.00000000000	0.94862602365
3611.30772230822	746.75794734241	0.00000000000	0.94918807036
3613.15656042244	746.78048256311	0.00000000000	0.94971899037
3615.04058976316	746.80376216743	0.00000000000	0.95026019632
3616.92375699754	746.82735213148	0.00000000000	0.95080133760
3618.75637714750	746.85061973819	0.00000000000	0.95132813051
3620.67090320958	746.87525758659	0.00000000000	0.95187865484
3622.50178653810	746.89913752546	0.00000000000	0.95240530770
3624.33753258082	746.92339618077	0.00000000000	0.95293353714
3626.26830652091	746.94925415558	0.00000000000	0.95348930382
3628.17933441498	746.97519752100	0.00000000000	0.95403958299
3630.12852117134	747.00202059095	0.00000000000	0.95460105241
3631.95035839493	747.02742423809	0.00000000000	0.95512602437
3634.01470748661	747.05660176962	0.00000000000	0.95572109588
3636.43778813226	747.09138632403	0.00000000000	0.95641987385
3638.32672773600	747.11890884123	0.00000000000	0.95696483885
3640.60553496513	747.15258965690	0.00000000000	0.95762254583
3642.79928299072	747.18551147328	0.00000000000	0.95825597763
3644.74162699545	747.21507214264	0.00000000000	0.95881704426
3646.87868214451	747.24804694020	0.00000000000	0.95943460242
3649.15320440381	747.28366646052	0.00000000000	0.96009217164
3651.03614971577	747.31356595976	0.00000000000	0.96063675998
3653.11706314577	747.34704714168	0.00000000000	0.96123884340
3654.93270077042	747.37663897205	0.00000000000	0.96176437868
3656.74281357560	747.40649501580	0.00000000000	0.96228850677
3658.74575961616	747.43994714603	0.00000000000	0.96286869546
3660.58228387923	747.47100640903	0.00000000000	0.96340088578
3662.39074226285	747.50195527406	0.00000000000	0.96392513930
3664.21538689006	747.53355021455	0.00000000000	0.96445428342
3666.02084520436	747.56518054410	0.00000000000	0.96497806075
3667.93154016331	747.59905581946	0.00000000000	0.96553258289
3669.75338063197	747.63174296211	0.00000000000	0.96606152459
3671.58432284502	747.66497708923	0.00000000000	0.96659331348
3673.73469259903	747.70450425759	0.00000000000	0.96721814215
3675.70550176376	747.74120416716	0.00000000000	0.96779104774
3677.55941988273	747.77614390164	0.00000000000	0.96833019448
3679.46422020929	747.81246637543	0.00000000000	0.96888436279
3681.40958531963	747.85000907155	0.00000000000	0.96945056869
3683.24661613013	747.88587857810	0.00000000000	0.96998546364
3685.12964676324	747.92307030570	0.00000000000	0.97053397570
3687.11792095825	747.96281011838	0.00000000000	0.97111339104
3688.91625860218	747.99917200890	0.00000000000	0.97163767520
3690.71936114042	748.03603209089	0.00000000000	0.97216355892
3692.58112158606	748.07451650075	0.00000000000	0.97270677276
3694.85895514052	748.12219367250	0.00000000000	0.97337169501
3696.67690034459	748.16071610176	0.00000000000	0.97390261669
3698.73381748080	748.20481066240	0.00000000000	0.97450359317
3700.53175541264	748.24379862561	0.00000000000	0.97502913390
3702.69361379667	748.29123221302	0.00000000000	0.97566133638
3705.05015010676	748.34363192192	0.00000000000	0.97635082876
3707.51781816023	748.39928623926	0.00000000000	0.97707324130
3709.32910963119	748.44065136450	0.00000000000	0.97760376390
3711.48601068194	748.49048185642	0.00000000000	0.97823580914
3713.94966540934	748.54816680881	0.00000000000	0.97895813774
3716.32760280301	748.60462779475	0.00000000000	0.97965573584
3718.32322173198	748.65260976745	0.00000000000	0.98024148220
3720.20637780351	748.69839256369	0.00000000000	0.98079447673
3722.17562499452	748.74679646948	0.00000000000	0.98137302146
3724.00493305622	748.79224773847	0.00000000000	0.98191070151
3725.97199855591	748.84164885043	0.00000000000	0.98248913997
3728.25817867204	748.89975564121	0.00000000000	0.98316176877
3730.59910637105	748.96003024819	0.00000000000	0.98385089861
3732.71640699764	749.01522889541	0.00000000000	0.98447454147
3734.94253584812	749.07396894986	0.00000000000	0.98513059502
3737.03040491469	749.12972184908	0.00000000000	0.98574623600
3738.82557732809	749.17817412251	0.00000000000	0.98627583030
3740.76089309175	749.23094632988	0.00000000000	0.98684703862
3742.89923154437	749.28990749127	0.00000000000	0.98747849701
3744.67314675011	749.33934406899	0.00000000000	0.98800260272
3746.56144705222	749.39249389510	0.00000000000	0.98856076688
3748.36312813382	749.44371408857	0.00000000000	0.98909358155
3750.19324420291	749.49625426235	0.00000000000	0.98963506097
3752.05822637932	749.55032923446	0.00000000000	0.99018712268
3753.96336989165	749.60612872039	0.00000000000	0.99075135185
3755.86737297473	749.66246403262	0.00000000000	0.99131552662
3757.94241145177	749.72451236375	0.00000000000	0.99193070522
3759.76687102555	749.77963379058	0.00000000000	0.99247187667
3762.36299094722	749.85898879186	0.00000000000	0.99324239419
3764.20209402159	749.91586269913	0.00000000000	0.99378855833
3765.95439661612	749.97056395111	0.00000000000	0.99430919808
3767.74462996407	750.02696804986	0.00000000000	0.99484136397
3769.53377930511	750.08386503386	0.00000000000	0.99537346768
3771.52259315278	750.14773385757	0.00000000000	0.99596525950
3773.39475437809	750.20845899496	0.00000000000	0.99652263676
3775.62237180306	750.28148014791	0.00000000000	0.99718621682
3777.37123400650	750.33939526186	0.00000000000	0.99770747008
3779.18395919089	750.39997426238	0.00000000000	0.99824802720
3781.35239177877	750.47317940386	0.00000000000	0.99889501878
3783.28501874681	750.53910671636	0.00000000000	0.99947198765
3785.05273100123	750.59997558594	0.00000000000	1.00000000000
