1	0.000431063333369
2	0.000316097817460
3	0.000236280899103
4	0.000127715667840
5	0.000069955530225
6	0.000051100772358
7	0.000044196554983
8	0.000033633056670
9	0.000029693932396
10	0.000025737272715
11	0.000007493896851
12	0.000004342104762
13	0.000002487276627
14	0.000002097451917
15	0.000001707778884
16	0.000001503761927
17	0.000001324422397
18	0.000001101589136
19	0.000000975527874
20	0.000000869963723
21	0.000000667304953
22	0.000000533787372
23	0.000000452427574
24	0.000000392852364
25	0.000000287926878
26	0.000000236336517
27	0.000000201627542
28	0.000000125086111
29	0.000000109316564
30	0.000000092332629
