-161.05240075734	719.20001220703	0.00000000000	0.00000000000
-158.01524549113	719.37066007692	0.00000000000	0.00064549929
-154.96931820005	719.51742091751	0.00000000000	0.00129040074
-151.88600242197	719.64259512851	0.00000000000	0.00194086487
-148.81341693133	719.74536155431	0.00000000000	0.00258686336
-145.71913244749	719.82809705451	0.00000000000	0.00323535336
-142.63561819619	719.89118885709	0.00000000000	0.00387966528
-139.53699032481	719.93646343821	0.00000000000	0.00452534693
-136.37567315434	719.96528274707	0.00000000000	0.00518238934
-133.26658355044	719.97781773228	0.00000000000	0.00582704001
-130.11611680127	719.97582452416	0.00000000000	0.00647885455
-126.97855664015	719.96040316206	0.00000000000	0.00712671876
-123.85578660766	719.93297087251	0.00000000000	0.00777039305
-120.70877529493	719.89434879267	0.00000000000	0.00841804883
-117.53918041307	719.84553226696	0.00000000000	0.00906945385
-114.37645883036	719.78810991818	0.00000000000	0.00971867802
-111.21112667929	719.72312309069	0.00000000000	0.01036779891
-108.05963631836	719.65212306988	0.00000000000	0.01101357292
-104.89963409411	719.57578720506	0.00000000000	0.01166070800
-101.73018778424	719.49521319990	0.00000000000	0.01230951798
-98.55040776049	719.41150997808	0.00000000000	0.01296030940
-95.35944796839	719.32580347379	0.00000000000	0.01361338196
-92.19140744085	719.24018413923	0.00000000000	0.01426188358
-89.00322986002	719.15466301089	0.00000000000	0.01491475560
-85.86474570530	719.07225143270	0.00000000000	0.01555781978
-82.73239721997	718.99289409998	0.00000000000	0.01620011506
-79.60031230294	718.91756848809	0.00000000000	0.01684296800
-76.47232409452	718.84749950043	0.00000000000	0.01748571536
-73.33941076715	718.78364206280	0.00000000000	0.01813033767
-70.22383698977	718.72757078079	0.00000000000	0.01877237558
-67.08634329542	718.67978057083	0.00000000000	0.01942005157
-63.98317662401	718.64226163753	0.00000000000	0.02006187797
-60.88068109581	718.61563978404	0.00000000000	0.02070492649
-57.79226279789	718.60115873193	0.00000000000	0.02134654146
-54.70017982053	718.59990470927	0.00000000000	0.02199053667
-51.53739312846	718.61364406076	0.00000000000	0.02265107791
-48.43834752786	718.64316351087	0.00000000000	0.02330023839
-45.38694707685	718.68906508901	0.00000000000	0.02394143076
-42.34618996672	718.75273511565	0.00000000000	0.02458251754
-39.28944889265	718.83613103726	0.00000000000	0.02522926773
-36.27184757433	718.93889755629	0.00000000000	0.02587014359
-33.26744287117	719.06277934294	0.00000000000	0.02651074647
-30.27603176852	719.20892140021	0.00000000000	0.02715124377
-27.29742352725	719.37849091663	0.00000000000	0.02779180288
-24.32145528068	719.57337846319	0.00000000000	0.02843475386
-21.36568926841	719.79367872066	0.00000000000	0.02907643904
-18.42533017284	720.04084514723	0.00000000000	0.02971801885
-15.47110920849	720.31896681301	0.00000000000	0.03036606052
-12.53379062184	720.62681384184	0.00000000000	0.03101400063
-9.64321371361	720.96102430602	0.00000000000	0.03165526627
-6.74581129228	721.31503125121	0.00000000000	0.03230088744
-3.30762105640	721.72985346184	0.00000000000	0.03306868513
0.05004978855	722.09589048445	0.00000000000	0.03381797061
3.56018093625	722.40028323659	0.00000000000	0.03459817149
6.84700190003	722.58069189676	0.00000000000	0.03532362221
9.81723553779	722.63301000634	0.00000000000	0.03597327208
12.77366674061	722.56182581488	0.00000000000	0.03661296686
15.76765201933	722.34818471872	0.00000000000	0.03725255670
18.80973482659	721.97091698236	0.00000000000	0.03789288104
21.94657348899	721.40025184711	0.00000000000	0.03854213005
25.08997408432	720.63340724017	0.00000000000	0.03918073040
28.29736344563	719.66841399308	0.00000000000	0.03982074138
31.54978251586	718.57979829567	0.00000000000	0.04046182063
34.92556555229	717.41856694539	0.00000000000	0.04112318889
38.21287854894	716.33811307657	0.00000000000	0.04176737717
41.44895624352	715.40228262823	0.00000000000	0.04240562108
44.64305751220	714.68471967949	0.00000000000	0.04304359070
47.77716747987	714.26858408054	0.00000000000	0.04368162467
50.83313176207	714.23772652730	0.00000000000	0.04432006173
53.78639819541	714.67564580088	0.00000000000	0.04495788585
56.63727522968	715.67365929020	0.00000000000	0.04559963847
59.33574156365	717.30708570365	0.00000000000	0.04623860639
61.89152936130	719.68194413075	0.00000000000	0.04688197916
64.26059804938	722.82040329305	0.00000000000	0.04752191772
66.54162925953	726.77750572740	0.00000000000	0.04818224814
68.84597331906	731.71536998023	0.00000000000	0.04889479204
72.23928785511	740.55626801314	0.00000000000	0.05002332955
76.66048778544	753.85435673698	0.00000000000	0.05159638407
80.42008349613	764.98659518904	0.00000000000	0.05295148410
84.29500616493	774.46274921668	0.00000000000	0.05428251000
87.45026920001	779.99984539579	0.00000000000	0.05528303061
90.88770787399	784.10720476015	0.00000000000	0.05629560266
93.34092034349	786.15291992056	0.00000000000	0.05698120007
96.00627462662	787.75406782960	0.00000000000	0.05769880699
98.85310569120	788.91921100766	0.00000000000	0.05843992742
101.45703573027	789.61562584983	0.00000000000	0.05909922098
104.13513901392	790.06434411193	0.00000000000	0.05976222896
107.09054655984	790.34524395963	0.00000000000	0.06047954790
110.32653983269	790.50752145416	0.00000000000	0.06125140612
113.82728245664	790.64035114043	0.00000000000	0.06207451602
116.61363111302	790.79983525607	0.00000000000	0.06272342768
120.20027450145	791.13941192316	0.00000000000	0.06355291803
123.03537835287	791.51365943422	0.00000000000	0.06420467363
126.49182301365	792.09136806651	0.00000000000	0.06499534707
129.29127309212	792.65380330166	0.00000000000	0.06563311498
132.13377706150	793.30878851989	0.00000000000	0.06627877397
135.11205777612	794.08332419020	0.00000000000	0.06695367558
138.13720323955	794.96019163517	0.00000000000	0.06763802093
141.30775491732	795.97441710400	0.00000000000	0.06835453728
144.23697783150	796.99623912176	0.00000000000	0.06901635043
147.08028214064	798.06457998815	0.00000000000	0.06965904205
149.94316057798	799.21526427451	0.00000000000	0.07030687399
152.89785340712	800.48255286164	0.00000000000	0.07097676121
156.85197759055	802.32033381872	0.00000000000	0.07187674995
159.62505531930	803.71906755279	0.00000000000	0.07251143367
163.22088336062	805.68628041359	0.00000000000	0.07334026922
165.95332428164	807.31069803901	0.00000000000	0.07397560470
168.65425886495	809.03904129868	0.00000000000	0.07460928639
171.67163616930	811.12974403400	0.00000000000	0.07532507943
174.31499548634	813.11498636282	0.00000000000	0.07596010492
177.22850133570	815.48834663294	0.00000000000	0.07667004486
179.84093409431	817.80003134781	0.00000000000	0.07731690136
183.52471019500	821.39338354023	0.00000000000	0.07824836840
186.30817600371	824.30746698358	0.00000000000	0.07896961940
190.32185413846	828.14355314251	0.00000000000	0.08004052987
193.39223398463	830.10142299122	0.00000000000	0.08088840371
196.22741139152	830.51572280530	0.00000000000	0.08169723870
198.92471481145	829.08741183650	0.00000000000	0.08249307383
201.57692981308	825.90316960040	0.00000000000	0.08329532432
204.16858095311	821.58705993670	0.00000000000	0.08408459968
207.41703382524	815.42733057112	0.00000000000	0.08505954393
211.12406945613	808.75432957121	0.00000000000	0.08612448472
213.46089912077	805.19707077170	0.00000000000	0.08676278831
215.92115359949	801.94904975937	0.00000000000	0.08741155835
219.50928364264	797.95642234171	0.00000000000	0.08832357866
222.48649165810	795.18840794869	0.00000000000	0.08905592809
225.28401597854	792.95362407848	0.00000000000	0.08972823426
228.39009113796	790.81585328443	0.00000000000	0.09046045061
231.84852807849	788.78308828096	0.00000000000	0.09126219348
234.76303601254	787.29953562801	0.00000000000	0.09192970336
238.32081094870	785.71119571003	0.00000000000	0.09273784466
241.33524366279	784.51131399508	0.00000000000	0.09341937666
244.49678267540	783.35472277678	0.00000000000	0.09413344617
247.37847904205	782.37387864583	0.00000000000	0.09478463019
250.86583558211	781.27727035184	0.00000000000	0.09557310752
253.65427848890	780.46978301587	0.00000000000	0.09620388370
256.44417385083	779.72189094713	0.00000000000	0.09683525657
259.23017950494	779.03341261525	0.00000000000	0.09746600128
262.30632319346	778.33913882314	0.00000000000	0.09816270639
265.14930234038	777.75723713942	0.00000000000	0.09880684078
268.13130682753	777.20669192862	0.00000000000	0.09948270103
271.00022780705	776.73305861086	0.00000000000	0.10013313281
274.25149754513	776.26052329364	0.00000000000	0.10087046613
277.05605079741	775.90587318941	0.00000000000	0.10150665816
279.86929876189	775.59768260217	0.00000000000	0.10214496025
282.84564099583	775.32165157788	0.00000000000	0.10282039905
285.63204495660	775.10814558039	0.00000000000	0.10345284008
288.40605256601	774.93709123003	0.00000000000	0.10408255310
291.30143981542	774.80098575567	0.00000000000	0.10473989388
294.62940537990	774.69574995402	0.00000000000	0.10549551339
297.60220590911	774.64588880334	0.00000000000	0.10617053444
300.39205087793	774.63514324080	0.00000000000	0.10680403077
303.63636660411	774.66431337909	0.00000000000	0.10754072513
306.51207098189	774.72564124832	0.00000000000	0.10819369893
309.48358463941	774.82202815289	0.00000000000	0.10886838931
312.25282946151	774.94032162150	0.00000000000	0.10949710189
315.52425306804	775.11318730822	0.00000000000	0.11023973932
318.30031936039	775.28612981066	0.00000000000	0.11086983495
321.33971437544	775.50106932556	0.00000000000	0.11155958277
324.15762669162	775.72242702327	0.00000000000	0.11219894172
326.94630310133	775.96068061377	0.00000000000	0.11283153089
330.03522689651	776.24485946925	0.00000000000	0.11353205104
332.96675428648	776.53228405017	0.00000000000	0.11419668430
335.81235813650	776.82593864045	0.00000000000	0.11484164062
339.25684695814	777.19816688274	0.00000000000	0.11562205108
342.02911427021	777.50910739157	0.00000000000	0.11624991359
345.12180043385	777.86579521098	0.00000000000	0.11695006716
348.21554375756	778.23078346641	0.00000000000	0.11765014681
350.99004426145	778.56322219867	0.00000000000	0.11827770144
354.44092161483	778.98092749338	0.00000000000	0.11905784495
357.21664375207	779.31835212055	0.00000000000	0.11968501641
360.13673617465	779.67280814950	0.00000000000	0.12034446403
362.99047005639	780.01693576580	0.00000000000	0.12098856840
365.99661751916	780.37508686362	0.00000000000	0.12166667324
368.88460779185	780.71310503955	0.00000000000	0.12231772113
371.85028657382	781.05214051435	0.00000000000	0.12298585291
375.60519730352	781.46668106248	0.00000000000	0.12383113691
378.68945445877	781.79234806297	0.00000000000	0.12452487857
381.55262184469	782.08076061820	0.00000000000	0.12516841624
384.34015354855	782.35472086531	0.00000000000	0.12579484476
387.39730010593	782.67156486252	0.00000000000	0.12648288891
390.54343127691	783.04527911753	0.00000000000	0.12719349448
393.64561239050	783.49272342996	0.00000000000	0.12789819514
396.42917563376	783.98828910827	0.00000000000	0.12853521990
399.14023629915	784.58184797114	0.00000000000	0.12916113757
402.06314910816	785.37429742888	0.00000000000	0.12984345887
404.75518398797	786.27412498252	0.00000000000	0.13048019463
407.66342782642	787.46655086890	0.00000000000	0.13117880261
410.76499987745	789.04035828110	0.00000000000	0.13193852661
413.62266792267	790.82087899962	0.00000000000	0.13265452339
416.85268050790	793.29356538113	0.00000000000	0.13348607248
419.34956251307	795.60504684686	0.00000000000	0.13414820470
421.63979801994	798.08974470703	0.00000000000	0.13477312624
424.37450788660	801.59939871213	0.00000000000	0.13554549324
427.29884582831	806.14741006740	0.00000000000	0.13640971109
430.48108481214	812.28279561589	0.00000000000	0.13740724290
432.94310495270	818.13004248158	0.00000000000	0.13823194145
436.05319233578	827.39186110400	0.00000000000	0.13936388124
439.53542237581	841.49392942233	0.00000000000	0.14081057779
442.97923506749	862.07926385612	0.00000000000	0.14254938801
445.91474963468	888.38612408647	0.00000000000	0.14439116458
448.96178057522	929.24027273810	0.00000000000	0.14675734022
451.91960448878	984.13104720139	0.00000000000	0.14938594995
454.97901570247	1042.01207543879	0.00000000000	0.15214007334
457.86099180032	1072.99302407434	0.00000000000	0.15465539712
459.60469297060	1072.75836460195	0.00000000000	0.15611101933
463.01597197173	1028.70702810086	0.00000000000	0.15883612437
466.72139823256	943.38085894816	0.00000000000	0.16193016452
469.41226423538	877.53929153815	0.00000000000	0.16469867748
471.57413085570	846.76002666903	0.00000000000	0.16692956884
474.32882246051	828.64492500088	0.00000000000	0.16862621664
477.77153545485	813.70555602334	0.00000000000	0.17007280731
480.90251248135	803.46993044555	0.00000000000	0.17116484147
484.27811126707	795.00909783368	0.00000000000	0.17222784538
487.87697479298	788.39287912644	0.00000000000	0.17328495354
490.09039060540	785.32041035536	0.00000000000	0.17390771848
493.61125170737	781.74350661998	0.00000000000	0.17486753342
496.07656647863	780.08479134398	0.00000000000	0.17552296049
498.45224984539	779.08075457568	0.00000000000	0.17614542167
501.32679246845	778.59019638720	0.00000000000	0.17689054198
504.09831710401	778.82574447929	0.00000000000	0.17760444703
506.59735235283	779.61068996076	0.00000000000	0.17824745674
509.29315272689	781.05327909762	0.00000000000	0.17894351956
511.71615088778	782.87581600334	0.00000000000	0.17957407392
514.18631161662	785.25357133596	0.00000000000	0.18022462006
518.33859213408	790.48474045229	0.00000000000	0.18134486229
521.55780875470	795.69447420578	0.00000000000	0.18224701334
525.02859103444	802.60461725599	0.00000000000	0.18326808366
528.25771542723	810.48012933403	0.00000000000	0.18428308560
531.07088689474	818.79084296404	0.00000000000	0.18524254265
534.51954528005	831.59716128215	0.00000000000	0.18657192647
537.31857770900	845.50191055594	0.00000000000	0.18787674864
539.97763203795	863.84312841660	0.00000000000	0.18946124175
541.89492975334	880.67572600987	0.00000000000	0.19084321925
543.88382466364	899.50358336019	0.00000000000	0.19236014185
546.12444454715	918.49939216007	0.00000000000	0.19390696102
549.21402698243	938.19842367070	0.00000000000	0.19558791035
553.19111953450	955.95629357354	0.00000000000	0.19725708729
556.75425986342	967.88183469274	0.00000000000	0.19855687384
560.98949923145	978.53206438094	0.00000000000	0.20000323985
564.88049704965	985.22261623450	0.00000000000	0.20130796441
566.73054910865	987.30403941420	0.00000000000	0.20193677728
568.91974119592	988.72333051951	0.00000000000	0.20269998496
570.67066721921	988.91216757566	0.00000000000	0.20333419655
573.83350870889	986.74168689687	0.00000000000	0.20455212338
576.38764314759	982.40110576108	0.00000000000	0.20560859586
579.27365353961	974.50517957821	0.00000000000	0.20688322881
582.55064766563	961.62863646350	0.00000000000	0.20842996759
585.05882121123	949.16066243833	0.00000000000	0.20967390868
588.24824233449	930.72805672891	0.00000000000	0.21130320679
590.88682694170	914.16044993787	0.00000000000	0.21266133038
593.21140089136	899.32145770953	0.00000000000	0.21384184337
596.15417731341	881.13264953797	0.00000000000	0.21528810664
599.42107093706	862.71731957487	0.00000000000	0.21680490151
602.02231806521	849.86831578828	0.00000000000	0.21793588605
604.95352294053	837.53040479099	0.00000000000	0.21912710732
608.66117889022	824.86860040027	0.00000000000	0.22052292000
611.95208333418	815.73977284139	0.00000000000	0.22168156604
614.19741712874	810.41110044187	0.00000000000	0.22243737738
617.69479897110	803.29473440694	0.00000000000	0.22356827995
620.69888976777	798.13991395742	0.00000000000	0.22450153060
624.31863854851	792.89046220923	0.00000000000	0.22558688936
626.73858606642	789.87468659801	0.00000000000	0.22629193720
629.83522510152	786.50311902332	0.00000000000	0.22717329451
633.03055207654	783.51428241597	0.00000000000	0.22806116689
635.37456128263	781.59228191471	0.00000000000	0.22870017452
637.89250010906	779.74751794670	0.00000000000	0.22937621963
640.25827558251	778.19527955721	0.00000000000	0.23000253325
642.93264640653	776.62270988356	0.00000000000	0.23070118850
645.34218681515	775.34776387041	0.00000000000	0.23132296308
649.08134219420	773.58801428280	0.00000000000	0.23227500228
652.13886139273	772.30593523474	0.00000000000	0.23304324277
655.17553246452	771.13669741840	0.00000000000	0.23379828897
657.73683503383	770.20868782281	0.00000000000	0.23442969835
660.34420404127	769.30320820904	0.00000000000	0.23506789453
663.07920345855	768.39198592742	0.00000000000	0.23573272629
665.65080487871	767.56965734179	0.00000000000	0.23635381754
668.24561266968	766.77230162208	0.00000000000	0.23697682206
671.19511677456	765.90375766498	0.00000000000	0.23768079221
673.79818477940	765.16921695051	0.00000000000	0.23829862786
676.40721030063	764.46182167037	0.00000000000	0.23891486533
679.23331325573	763.72679888491	0.00000000000	0.23957922024
682.88633293886	762.82264385023	0.00000000000	0.24043351518
685.90987013104	762.11163248311	0.00000000000	0.24113715507
688.65885007173	761.49318708084	0.00000000000	0.24177445481
691.83985622396	760.80939193257	0.00000000000	0.24250929034
694.81809932987	760.19882597839	0.00000000000	0.24319500343
697.50540120961	759.67146861382	0.00000000000	0.24381204852
700.30275845508	759.14530191469	0.00000000000	0.24445286956
703.30157809944	758.60601775045	0.00000000000	0.24513837053
706.09226011852	758.12625443304	0.00000000000	0.24577513021
708.79870396901	757.68049253156	0.00000000000	0.24639178104
711.61294683464	757.23655007028	0.00000000000	0.24703225040
714.78664673335	756.75884729974	0.00000000000	0.24775384971
717.66242676450	756.34608912887	0.00000000000	0.24840730834
720.36857603148	755.97438326891	0.00000000000	0.24902205580
723.08668504863	755.61666716595	0.00000000000	0.24963952739
725.92156888420	755.25958480365	0.00000000000	0.25028371182
728.90902867321	754.90043348927	0.00000000000	0.25096287891
731.72226882350	754.57806612477	0.00000000000	0.25160273402
734.43420032903	754.28163681437	0.00000000000	0.25221981485
737.68652963977	753.94440154543	0.00000000000	0.25296020191
741.05252289867	753.61600127752	0.00000000000	0.25372685269
743.82591056106	753.36090644306	0.00000000000	0.25435882235
746.52121175870	753.12617899643	0.00000000000	0.25497324885
749.29155956771	752.89824614170	0.00000000000	0.25560503720
751.98799315268	752.68916435279	0.00000000000	0.25622021349
754.91276323001	752.47638074534	0.00000000000	0.25688775258
757.60617911621	752.29309880706	0.00000000000	0.25750273274
760.48288884366	752.11052321564	0.00000000000	0.25815981939
763.19546830189	751.95061455880	0.00000000000	0.25877965465
765.90663026944	751.80245608176	0.00000000000	0.25939939431
768.84779737295	751.65467296795	0.00000000000	0.26007196503
772.05284187543	751.50866071078	0.00000000000	0.26080517505
774.74325944126	751.39794617326	0.00000000000	0.26142089086
777.45910793801	751.29693188959	0.00000000000	0.26204264161
780.34798386350	751.20109292206	0.00000000000	0.26270423782
783.02104214888	751.12285454387	0.00000000000	0.26331661979
785.75810878481	751.05292061381	0.00000000000	0.26394387291
788.42939086172	750.99438687278	0.00000000000	0.26455624932
791.09856346415	750.94528072172	0.00000000000	0.26516833560
793.80656576477	750.90483076409	0.00000000000	0.26578952070
796.60461675136	750.87272069293	0.00000000000	0.26643156445
799.31010552362	750.85080997140	0.00000000000	0.26705256124
801.98756255863	750.83775476057	0.00000000000	0.26766730702
804.65802220666	750.83307252769	0.00000000000	0.26828062463
807.47061954165	750.83691414477	0.00000000000	0.26892677596
810.49337267027	750.85080038460	0.00000000000	0.26962141990
813.54139774056	750.87473476019	0.00000000000	0.27032208999
816.72600175076	750.91005459151	0.00000000000	0.27105438585
819.38363479247	750.94734053348	0.00000000000	0.27166568113
822.07947333404	750.99219283812	0.00000000000	0.27228592426
824.76374542831	751.04367079106	0.00000000000	0.27290366323
827.58861849491	751.10495327424	0.00000000000	0.27355392477
830.26174006554	751.16943063245	0.00000000000	0.27416940758
833.02643215076	751.24251879883	0.00000000000	0.27480612767
835.72886508446	751.32002599718	0.00000000000	0.27542865654
838.39885575965	751.40227061148	0.00000000000	0.27604385188
841.33318844232	751.49889722494	0.00000000000	0.27672011107
844.70902695772	751.61778197446	0.00000000000	0.27749831909
847.71786341578	751.73036359615	0.00000000000	0.27819209785
850.45919475023	751.83809525003	0.00000000000	0.27882433321
853.18358875762	751.94979434530	0.00000000000	0.27945278919
855.85648427937	752.06364626928	0.00000000000	0.28006948529
858.56433845469	752.18306804803	0.00000000000	0.28069436466
861.24593401413	752.30515620797	0.00000000000	0.28131329776
864.01833646172	752.43514306585	0.00000000000	0.28195330489
866.67865335578	752.56324740813	0.00000000000	0.28256754386
869.65455260502	752.71019091279	0.00000000000	0.28325476731
872.50787283414	752.85442180330	0.00000000000	0.28391379850
875.29636433706	752.99827329603	0.00000000000	0.28455796102
877.96227924870	753.13824613135	0.00000000000	0.28517390087
880.83629952956	753.29156586294	0.00000000000	0.28583802050
883.86099920214	753.45534016709	0.00000000000	0.28653706476
886.49464750899	753.59971240046	0.00000000000	0.28714581738
889.17997750737	753.74838452324	0.00000000000	0.28776659400
891.81213344271	753.89533383638	0.00000000000	0.28837515154
894.50947319417	754.04695247165	0.00000000000	0.28899885167
897.22090137246	754.20018456049	0.00000000000	0.28962587955
900.09013440404	754.36297361369	0.00000000000	0.29028947314
902.87148241411	754.52114738913	0.00000000000	0.29093280840
905.86457638265	754.69147970652	0.00000000000	0.29162519130
909.02181124439	754.87094569660	0.00000000000	0.29235561816
911.66253535816	755.02062553789	0.00000000000	0.29296660445
914.31011963351	755.17007347392	0.00000000000	0.29357922423
917.00226561695	755.32117527943	0.00000000000	0.29420219922
919.66830729269	755.46973229074	0.00000000000	0.29481917416
922.42608144070	755.62203298750	0.00000000000	0.29545741682
925.18332605860	755.77267058385	0.00000000000	0.29609557299
927.82056171121	755.91499623538	0.00000000000	0.29670598382
930.57682327652	756.06167405850	0.00000000000	0.29734397248
933.33261394412	756.20596807580	0.00000000000	0.29798187743
936.65853212309	756.37662344311	0.00000000000	0.29875178286
940.04256683362	756.54592172714	0.00000000000	0.29953516728
942.76114373405	756.67845183555	0.00000000000	0.30016451637
946.11540173005	756.83732629383	0.00000000000	0.30094103729
948.90926170151	756.96544279536	0.00000000000	0.30158783007
951.61045976361	757.08541132841	0.00000000000	0.30221317227
954.47076507701	757.20800820827	0.00000000000	0.30287534602
957.24299513922	757.32221952345	0.00000000000	0.30351712359
960.07951485661	757.43411890867	0.00000000000	0.30417377397
962.73870322050	757.53423019430	0.00000000000	0.30478935935
965.35754227609	757.62807092859	0.00000000000	0.30539558854
968.34241895899	757.72900873371	0.00000000000	0.30608652811
971.13393272670	757.81734141360	0.00000000000	0.30673268207
974.09221585162	757.90426303453	0.00000000000	0.30741740660
976.71239242904	757.97526514318	0.00000000000	0.30802384220
979.46291743504	758.04351160394	0.00000000000	0.30866041211
982.07999761019	758.10224991292	0.00000000000	0.30926606195
984.69939179806	758.15477671463	0.00000000000	0.30987220882
987.32281001431	758.20089417361	0.00000000000	0.31047924517
989.95951390397	758.24048930542	0.00000000000	0.31108931052
992.62811157570	758.27345011662	0.00000000000	0.31170670590
995.50976699779	758.30075389370	0.00000000000	0.31237333387
998.12814580769	758.31789902125	0.00000000000	0.31297900009
1000.82497142781	758.32794052086	0.00000000000	0.31360275555
1003.44726383512	758.33040104640	0.00000000000	0.31420921819
1006.37883502889	758.32475902122	0.00000000000	0.31488714688
1008.99391413523	758.31236584334	0.00000000000	0.31549183299
1011.63842003271	758.29288741230	0.00000000000	0.31610327340
1014.29350316658	758.26641389998	0.00000000000	0.31671710990
1017.12712752445	758.23063860511	0.00000000000	0.31737217051
1019.89542695032	758.18831390643	0.00000000000	0.31801207784
1022.64376145436	758.13920900529	0.00000000000	0.31864732082
1025.31037135718	758.08493193713	0.00000000000	0.31926362841
1027.93683255179	758.02519594202	0.00000000000	0.31987061395
1030.92032685367	757.94991888880	0.00000000000	0.32056006109
1033.93070968335	757.86611524003	0.00000000000	0.32125566937
1036.76353170146	757.78019747412	0.00000000000	0.32191020215
1039.59621703040	757.68757740410	0.00000000000	0.32256465966
1042.66150586319	757.57995069806	0.00000000000	0.32327280981
1045.47120785786	757.47468019944	0.00000000000	0.32392187178
1048.08227470532	757.37129420956	0.00000000000	0.32452501288
1050.70685633977	757.26208479401	0.00000000000	0.32513124329
1053.33116556914	757.14769068465	0.00000000000	0.32573737933
1055.94139281286	757.02886056684	0.00000000000	0.32634023277
1058.55912468643	756.90473497934	0.00000000000	0.32694479046
1061.19955924038	756.77461307333	0.00000000000	0.32755456299
1063.92617478064	756.63517165880	0.00000000000	0.32818420926
1066.60310088017	756.49337010300	0.00000000000	0.32880235391
1069.27975401519	756.34683948843	0.00000000000	0.32942040994
1071.90202506843	756.19879337496	0.00000000000	0.33002588516
1074.54100397585	756.04542137108	0.00000000000	0.33063519570
1077.15227697893	755.88943624148	0.00000000000	0.33123808818
1079.91628386439	755.71986558847	0.00000000000	0.33187622237
1082.59149364355	755.55148563254	0.00000000000	0.33249383580
1085.22921864887	755.38147424173	0.00000000000	0.33310277728
1087.84350904249	755.20916822351	0.00000000000	0.33370629216
1090.45048811193	755.03367489455	0.00000000000	0.33430810395
1093.13972330291	754.84891352179	0.00000000000	0.33492888948
1095.74861856083	754.66615629496	0.00000000000	0.33553111605
1098.35452943973	754.48025516579	0.00000000000	0.33613264184
1101.20602512889	754.27311551411	0.00000000000	0.33679084401
1103.84135616606	754.07833554079	0.00000000000	0.33739913933
1106.44528116748	753.88282871791	0.00000000000	0.33800017693
1109.16702228145	753.67534836640	0.00000000000	0.33862840103
1112.34288785241	753.42936118169	0.00000000000	0.33936143633
1114.94566067038	753.22476313918	0.00000000000	0.33996218817
1117.55154918159	753.01732221555	0.00000000000	0.34056365541
1120.18464297550	752.80517906097	0.00000000000	0.34117139927
1122.90467107630	752.58346556623	0.00000000000	0.34179920681
1125.51372247453	752.36845367691	0.00000000000	0.34240139951
1128.13622612737	752.15012458030	0.00000000000	0.34300669788
1130.75054725653	751.93037576412	0.00000000000	0.34361010951
1133.38163743699	751.70720364691	0.00000000000	0.34421739463
1136.11891313558	751.47299306037	0.00000000000	0.34484919298
1138.94236503416	751.22936148739	0.00000000000	0.34550088797
1141.67889145812	750.99136743491	0.00000000000	0.34613252645
1144.30829318590	750.76107295956	0.00000000000	0.34673944654
1146.92782191212	750.53017263819	0.00000000000	0.34734409656
1149.55634280594	750.29710847277	0.00000000000	0.34795083216
1152.19545284890	750.06182859468	0.00000000000	0.34856002322
1154.87612107939	749.82164264129	0.00000000000	0.34917881990
1157.82292289616	749.55634597183	0.00000000000	0.34985906614
1160.42623679559	749.32098457388	0.00000000000	0.35046003617
1163.02467205465	749.08524511267	0.00000000000	0.35105989546
1165.68813503072	748.84286243417	0.00000000000	0.35167478384
1168.35113864292	748.59987667292	0.00000000000	0.35228958474
1171.52119402649	748.30993494043	0.00000000000	0.35302147324
1174.15658136991	748.06844870163	0.00000000000	0.35362994265
1177.32594396259	747.77765442965	0.00000000000	0.35436172760
1180.37988642209	747.49722043972	0.00000000000	0.35506689458
1183.29680312127	747.22931137355	0.00000000000	0.35574045256
1185.93016963106	746.98751772842	0.00000000000	0.35634856187
1188.55193695715	746.74696536251	0.00000000000	0.35695401941
1191.69034439950	746.45938724317	0.00000000000	0.35767882388
1194.34889117459	746.21622571153	0.00000000000	0.35829283882
1196.95171494593	745.97866775623	0.00000000000	0.35889401425
1199.76607937791	745.72248536392	0.00000000000	0.35954408425
1202.47350450326	745.47682360793	0.00000000000	0.36016948862
1205.18041709888	745.23209525398	0.00000000000	0.36079481068
1207.77044028072	744.99887062059	0.00000000000	0.36139316513
1210.35633930029	744.76703202725	0.00000000000	0.36199060199
1213.40533517585	744.49511313334	0.00000000000	0.36269507773
1216.19357288046	744.24794442335	0.00000000000	0.36333935049
1218.89784360335	744.00970579206	0.00000000000	0.36396426413
1221.48497562931	743.78326366341	0.00000000000	0.36456214967
1224.11072851644	743.55502252802	0.00000000000	0.36516900239
1226.92011487996	743.31270160462	0.00000000000	0.36581834373
1229.50991293120	743.09115327705	0.00000000000	0.36641697619
1232.19327659752	742.86356542658	0.00000000000	0.36703728329
1234.85914945667	742.63955063945	0.00000000000	0.36765359556
1237.43910327947	742.42484272716	0.00000000000	0.36825009172
1240.05014570302	742.20974086051	0.00000000000	0.36885382403
1242.88036209644	741.97919485168	0.00000000000	0.36950829058
1245.46202803637	741.77137373461	0.00000000000	0.37010533390
1248.04752857752	741.56571737627	0.00000000000	0.37070331507
1250.62794122496	741.36303401905	0.00000000000	0.37130017153
1253.21218295503	741.16272193695	0.00000000000	0.37189796688
1255.83069634986	740.96258395769	0.00000000000	0.37250374550
1258.58771779072	740.75505369249	0.00000000000	0.37314162874
1261.16555013352	740.56408210842	0.00000000000	0.37373811186
1263.80913949091	740.37142837262	0.00000000000	0.37434987014
1266.38206380786	740.18712760685	0.00000000000	0.37494533481
1268.95432749350	740.00611667312	0.00000000000	0.37554070590
1271.66629179677	739.81877946486	0.00000000000	0.37616847634
1274.25151822274	739.64350963179	0.00000000000	0.37676697103
1276.84403421724	739.47095683504	0.00000000000	0.37736721391
1279.44550738084	739.30100480707	0.00000000000	0.37796959175
1282.04633331911	739.13426067029	0.00000000000	0.37857188101
1284.62269145844	738.97217081008	0.00000000000	0.37916856460
1287.20462406673	738.81277625360	0.00000000000	0.37976659973
1289.89279792398	738.65002539750	0.00000000000	0.38038930722
1292.54502417506	738.49261468904	0.00000000000	0.38100375208
1295.18091373680	738.33924936995	0.00000000000	0.38161447578
1297.74945307637	738.19271687596	0.00000000000	0.38220965580
1300.49673980387	738.03913128332	0.00000000000	0.38284632185
1303.64375224918	737.86713960764	0.00000000000	0.38357570676
1306.32808127302	737.72371418701	0.00000000000	0.38419792710
1308.89117674285	737.58954579913	0.00000000000	0.38479210764
1311.65850170142	737.44769491951	0.00000000000	0.38543370086
1314.52334339605	737.30409083207	0.00000000000	0.38609797733
1317.09161447742	737.17812039579	0.00000000000	0.38669355180
1319.75441962653	737.05023755461	0.00000000000	0.38731111285
1322.38375348759	736.92664641394	0.00000000000	0.38792097563
1325.08316739894	736.80249677396	0.00000000000	0.38854715987
1327.78194859571	736.68110689251	0.00000000000	0.38917326499
1330.36115025533	736.56761008585	0.00000000000	0.38977169150
1332.93169285698	736.45690390946	0.00000000000	0.39036817059
1335.79180981904	736.33651128395	0.00000000000	0.39103191611
1338.84424236182	736.21120667351	0.00000000000	0.39174037649
1341.67747639710	736.09779160653	0.00000000000	0.39239803957
1344.24527476702	735.99736644810	0.00000000000	0.39299415351
1346.83013207886	735.89850834505	0.00000000000	0.39359429017
1349.38579413898	735.80293584359	0.00000000000	0.39418771019
1351.94532180073	735.70934576474	0.00000000000	0.39478208939
1354.52821929723	735.61702385466	0.00000000000	0.39538195818
1357.08641898550	735.52765176409	0.00000000000	0.39597615304
1359.82002817216	735.43438597032	0.00000000000	0.39661115875
1362.41229005602	735.34803764920	0.00000000000	0.39721339541
1365.31894429978	735.25359694305	0.00000000000	0.39788874774
1367.98862699532	735.16903058511	0.00000000000	0.39850911110
1370.54344990125	735.09001512582	0.00000000000	0.39910284753
1373.14598519916	735.01141097494	0.00000000000	0.39970773613
1375.76230047478	734.93427353669	0.00000000000	0.40031589258
1378.66602669120	734.85082765937	0.00000000000	0.40099093356
1381.29686688304	734.77714984112	0.00000000000	0.40160260522
1383.91120789286	734.70570926673	0.00000000000	0.40221050646
1386.47638004752	734.63729635639	0.00000000000	0.40280703837
1389.03282915184	734.57074056797	0.00000000000	0.40340160459
1391.57500743938	734.50613003533	0.00000000000	0.40399291408
1394.44839085402	734.43494807574	0.00000000000	0.40466133665
1397.26908135157	734.36693119773	0.00000000000	0.40531757893
1399.89538951803	734.30521665863	0.00000000000	0.40592866663
1402.52105311030	734.24503545502	0.00000000000	0.40653967104
1405.06712964594	734.18809238661	0.00000000000	0.40713221892
1407.67561394877	734.13116097798	0.00000000000	0.40773935615
1410.28345039574	734.07563085874	0.00000000000	0.40834640863
1412.83387359939	734.02262917908	0.00000000000	0.40894016043
1415.39172461861	733.97073500448	0.00000000000	0.40953570507
1417.95870904198	733.91989078003	0.00000000000	0.41013344039
1420.49347971043	733.87086428894	0.00000000000	0.41072373772
1423.13131086236	733.82105224267	0.00000000000	0.41133810248
1425.67841556144	733.77408684976	0.00000000000	0.41193140123
1428.26722051968	733.72745746931	0.00000000000	0.41253447843
1430.82110873800	733.68251310818	0.00000000000	0.41312948606
1433.39559577229	733.63823221281	0.00000000000	0.41372935773
1436.06856737433	733.59330900131	0.00000000000	0.41435224597
1438.63028213355	733.55122428619	0.00000000000	0.41494927391
1441.19133364646	733.51006228426	0.00000000000	0.41554621204
1443.73379049107	733.47006601289	0.00000000000	0.41613888021
1446.49352220506	733.42758887302	0.00000000000	0.41678226943
1449.06405822115	733.38886339681	0.00000000000	0.41738161848
1451.58985571234	733.35156512328	0.00000000000	0.41797060016
1454.23863637440	733.31321540622	0.00000000000	0.41858832798
1456.85082359852	733.27612446697	0.00000000000	0.41919759017
1459.40724320104	733.24048985313	0.00000000000	0.41979391109
1461.98756456832	733.20515238538	0.00000000000	0.42039587359
1464.51829005948	733.17107423816	0.00000000000	0.42098633053
1467.11190227376	733.13670917291	0.00000000000	0.42159152644
1469.65583716548	733.10351749651	0.00000000000	0.42218519610
1472.23355841844	733.07036937078	0.00000000000	0.42278681664
1474.78602893010	733.03799082198	0.00000000000	0.42338260965
1477.30882353720	733.00638900360	0.00000000000	0.42397154021
1479.85998254958	732.97480157819	0.00000000000	0.42456715750
1482.44972324408	732.94308051339	0.00000000000	0.42517184960
1484.98152775192	732.91236889258	0.00000000000	0.42576307941
1487.58602459572	732.88104808772	0.00000000000	0.42637135211
1490.31167359810	732.84852581036	0.00000000000	0.42700799315
1492.84963566182	732.81844053427	0.00000000000	0.42760086318
1495.38693789772	732.78851775415	0.00000000000	0.42819364449
1497.93347491292	732.75860643701	0.00000000000	0.42878864917
1500.46127595802	732.72899966907	0.00000000000	0.42937934150
1502.99659831998	732.69935452804	0.00000000000	0.42997185688
1505.61402586015	732.66876462988	0.00000000000	0.43058362948
1508.15792036981	732.63901292081	0.00000000000	0.43117828234
1510.68305653082	732.60942479289	0.00000000000	0.43176861588
1513.35822202083	732.57797954501	0.00000000000	0.43239409505
1516.10158195927	732.54558451178	0.00000000000	0.43303559510
1518.77546845291	732.51382349248	0.00000000000	0.43366092417
1521.49374645015	732.48130388484	0.00000000000	0.43429671037
1524.00163720634	732.45105726420	0.00000000000	0.43488335608
1526.52272295465	732.42038029899	0.00000000000	0.43547315385
1529.02928126403	732.38957644759	0.00000000000	0.43605961817
1531.53796699441	732.35840922674	0.00000000000	0.43664664541
1534.10000433581	732.32619559133	0.00000000000	0.43724622419
1536.76951042736	732.29218117688	0.00000000000	0.43787102578
1539.37858736117	732.25848117066	0.00000000000	0.43848175535
1541.95336890123	732.22478935386	0.00000000000	0.43908452630
1544.52750201043	732.19068139052	0.00000000000	0.43968721407
1547.15345548556	732.15545665924	0.00000000000	0.44030210530
1549.84193459269	732.11895095491	0.00000000000	0.44093171126
1552.39937012244	732.08381668888	0.00000000000	0.44153069777
1555.06450045617	732.04678731062	0.00000000000	0.44215497957
1557.56364863178	732.01168565295	0.00000000000	0.44274044800
1560.32132601016	731.97253574656	0.00000000000	0.44338655581
1562.84130717864	731.93638488415	0.00000000000	0.44397704101
1565.34125503490	731.90017392358	0.00000000000	0.44456289628
1567.84520215663	731.86356466632	0.00000000000	0.44514975287
1570.34102817953	731.82674168164	0.00000000000	0.44573476988
1572.85840845472	731.78927107040	0.00000000000	0.44632490356
1575.36039229462	731.75170821281	0.00000000000	0.44691149197
1578.06523927964	731.71074686422	0.00000000000	0.44754571319
1580.64657630576	731.67132145898	0.00000000000	0.44815104368
1583.53193567220	731.62687504998	0.00000000000	0.44882774829
1586.16848236623	731.58592111906	0.00000000000	0.44944617255
1588.67361447951	731.54671467569	0.00000000000	0.45003383761
1591.16693398807	731.50741550756	0.00000000000	0.45061879461
1593.66427595661	731.46778187910	0.00000000000	0.45120475824
1596.19745874764	731.42730902912	0.00000000000	0.45179919563
1598.71830979328	731.38676960432	0.00000000000	0.45239080338
1601.31221890285	731.34478791868	0.00000000000	0.45299962353
1603.85677600868	731.30334852882	0.00000000000	0.45359692585
1606.43180018279	731.26116155487	0.00000000000	0.45420144603
1608.98991450114	731.21900829472	0.00000000000	0.45480206215
1611.48921540314	731.17759675456	0.00000000000	0.45538893275
1613.98135565653	731.13608667121	0.00000000000	0.45597418405
1616.48768064620	731.09412821652	0.00000000000	0.45656282895
1619.25735206413	731.04752168295	0.00000000000	0.45721339716
1622.00090367942	731.00111545748	0.00000000000	0.45785790529
1624.57153834529	730.95742581917	0.00000000000	0.45846186004
1627.36560479016	730.90971891602	0.00000000000	0.45911838303
1629.90378661173	730.86619010680	0.00000000000	0.45971484771
1632.39134231369	730.82336003801	0.00000000000	0.46029947721
1634.99613780564	730.77833872607	0.00000000000	0.46091172608
1637.64174878101	730.73243879858	0.00000000000	0.46153363698
1640.14223803172	730.68890332637	0.00000000000	0.46212149707
1642.69217051716	730.64436059766	0.00000000000	0.46272104446
1645.35828535121	730.59763790007	0.00000000000	0.46334797724
1647.89207845734	730.55309879566	0.00000000000	0.46394385936
1650.37041811434	730.50941368686	0.00000000000	0.46452676106
1652.86773174718	730.46527996975	0.00000000000	0.46511418614
1655.44867874835	730.41955488956	0.00000000000	0.46572134766
1658.06823591229	730.37303543726	0.00000000000	0.46633765853
1660.55529205595	730.32877310893	0.00000000000	0.46692285729
1663.03044164306	730.28463659372	0.00000000000	0.46750531416
1665.52460257758	730.24008080153	0.00000000000	0.46809230495
1667.99564384039	730.19586508880	0.00000000000	0.46867391408
1670.61223866233	730.14897299641	0.00000000000	0.46928984657
1673.08957790555	730.10451517771	0.00000000000	0.46987306001
1675.58123503429	730.05974696999	0.00000000000	0.47045970389
1678.04879226132	730.01536547317	0.00000000000	0.47104073256
1680.51667420374	729.97093854354	0.00000000000	0.47162189629
1683.00647191420	729.92608354013	0.00000000000	0.47220828029
1685.56242897166	729.88000855332	0.00000000000	0.47281030765
1688.21868829784	729.83210297687	0.00000000000	0.47343602641
1690.68308549177	729.78764409744	0.00000000000	0.47401660973
1693.15066906063	729.74312132929	0.00000000000	0.47459800185
1695.62236847464	729.69852438166	0.00000000000	0.47518042192
1698.08584920479	729.65408229082	0.00000000000	0.47576096328
1700.55156798398	729.60961287409	0.00000000000	0.47634208983
1703.14027865714	729.56294643349	0.00000000000	0.47695226554
1705.70928590346	729.51666388712	0.00000000000	0.47755785984
1708.31712005949	729.46971866129	0.00000000000	0.47817267073
1710.85061286855	729.42415447832	0.00000000000	0.47877001681
1713.35500027347	729.37916215975	0.00000000000	0.47936055997
1716.00497690128	729.33161428084	0.00000000000	0.47998549792
1718.59014517858	729.28529628353	0.00000000000	0.48059521593
1721.04797501501	729.24132809343	0.00000000000	0.48117495908
1723.59495575140	729.19584234208	0.00000000000	0.48177579058
1726.39436930250	729.14594765704	0.00000000000	0.48243624094
1728.87299619971	729.10186456452	0.00000000000	0.48302107101
1731.36120777086	729.05770689570	0.00000000000	0.48360822025
1733.81879209279	729.01419362636	0.00000000000	0.48418819897
1736.46422277082	728.96747388139	0.00000000000	0.48481257138
1739.34460051239	728.91675495328	0.00000000000	0.48549246975
1741.80029349579	728.87364525302	0.00000000000	0.48607218424
1744.37960668245	728.82850291268	0.00000000000	0.48668114184
1746.92122043047	728.78416537858	0.00000000000	0.48728125904
1749.37506710261	728.74150224541	0.00000000000	0.48786070957
1752.08995094988	728.69447263969	0.00000000000	0.48850186599
1754.62979422413	728.65064631906	0.00000000000	0.48910174563
1757.09321323778	728.60830367775	0.00000000000	0.48968363142
1759.54171705298	728.56638490507	0.00000000000	0.49026204925
1762.22933083447	728.52057245027	0.00000000000	0.49089701599
1764.68427036378	728.47891596018	0.00000000000	0.49147706961
1767.15373943910	728.43720257839	0.00000000000	0.49206061177
1769.70805243033	728.39426320062	0.00000000000	0.49266426127
1772.34562182600	728.35015299442	0.00000000000	0.49328764869
1774.79045035159	728.30948067753	0.00000000000	0.49386553841
1777.42691184522	728.26585922366	0.00000000000	0.49448878560
1779.99818706707	728.22356260194	0.00000000000	0.49509668370
1782.47429460103	728.18306838846	0.00000000000	0.49568213884
1784.91957828814	728.14331303663	0.00000000000	0.49626036026
1787.36040541324	728.10386925803	0.00000000000	0.49683758159
1789.89213254534	728.06321581803	0.00000000000	0.49743635614
1792.35560539887	728.02391855609	0.00000000000	0.49801904324
1794.90420962318	727.98354045811	0.00000000000	0.49862192382
1797.60943591912	727.94099744857	0.00000000000	0.49926191747
1800.17617989727	727.90094136983	0.00000000000	0.49986920990
1802.83070939538	727.85983928672	0.00000000000	0.50049733426
1805.41683986871	727.82011458402	0.00000000000	0.50110933438
1807.96254938626	727.78131666448	0.00000000000	0.50171182757
1810.61543555431	727.74120723139	0.00000000000	0.50233974826
1813.19987183283	727.70244766469	0.00000000000	0.50295152833
1815.64269680987	727.66609676762	0.00000000000	0.50352984213
1818.08010783968	727.63010154290	0.00000000000	0.50410692815
1820.52844949393	727.59422073353	0.00000000000	0.50468665651
1822.96466415711	727.55879123653	0.00000000000	0.50526356763
1825.45639242889	727.52283587673	0.00000000000	0.50585368084
1827.91149463798	727.48768657780	0.00000000000	0.50643517560
1830.38838021575	727.45250373562	0.00000000000	0.50702188592
1832.82219623762	727.41820415610	0.00000000000	0.50759844923
1835.26696071159	727.38402038046	0.00000000000	0.50817766130
1837.69666460038	727.35031458821	0.00000000000	0.50875336008
1840.29669850995	727.31454025730	0.00000000000	0.50936947792
1842.85385098452	727.27965182931	0.00000000000	0.50997549577
1845.28172614338	727.24679788541	0.00000000000	0.51055093279
1847.70899939710	727.21421484350	0.00000000000	0.51112628232
1850.13469655095	727.18191462436	0.00000000000	0.51170131353
1852.59420306639	727.14943045635	0.00000000000	0.51228441608
1855.02259173274	727.11761949424	0.00000000000	0.51286019719
1857.59700660426	727.08417926011	0.00000000000	0.51347066266
1860.02125353244	727.05295563152	0.00000000000	0.51404557661
1862.45941947638	727.02181214420	0.00000000000	0.51462384788
1864.90557576946	726.99082721114	0.00000000000	0.51520407123
1867.33579132799	726.96030187986	0.00000000000	0.51578057014
1869.80324871524	726.92957070542	0.00000000000	0.51636596153
1872.28386596392	726.89894082864	0.00000000000	0.51695453403
1874.79601658742	726.86819170375	0.00000000000	0.51755064885
1877.27544939729	726.83810871555	0.00000000000	0.51813905977
1879.71800066797	726.80873043553	0.00000000000	0.51871877633
1882.14457768382	726.77979626987	0.00000000000	0.51929475893
1884.56568335071	726.75117684395	0.00000000000	0.51986949997
1886.98325019193	726.72284712218	0.00000000000	0.52044345805
1889.40314792151	726.69473733569	0.00000000000	0.52101802680
1891.83408426359	726.66674757977	0.00000000000	0.52159527435
1894.51850699277	726.63612730402	0.00000000000	0.52223278207
1897.08389400821	726.60714643085	0.00000000000	0.52284208712
1899.53203548018	726.57974581425	0.00000000000	0.52342360589
1901.99173952295	726.55246647248	0.00000000000	0.52400793103
1904.40500541294	726.52594554779	0.00000000000	0.52458128282
1906.85135540820	726.49930627478	0.00000000000	0.52516255409
1909.27123045738	726.47319739850	0.00000000000	0.52573759354
1911.69728716930	726.44726272309	0.00000000000	0.52631416084
1914.20011726712	726.42075925399	0.00000000000	0.52690903574
1916.74019514128	726.39412203028	0.00000000000	0.52751282822
1919.27968857992	726.36775252226	0.00000000000	0.52811654687
1921.81859718232	726.34164962416	0.00000000000	0.52872019174
1924.33734447460	726.31601050391	0.00000000000	0.52931910774
1926.87508433160	726.29043550045	0.00000000000	0.52992260512
1929.32816316351	726.26595845622	0.00000000000	0.53050603179
1931.95422323804	726.24002107953	0.00000000000	0.53113066755
1934.40608069958	726.21605140446	0.00000000000	0.53171393122
1936.98420937854	726.19110373505	0.00000000000	0.53232729975
1939.44872669175	726.16750032578	0.00000000000	0.53291370277
1941.89876202150	726.14427201750	0.00000000000	0.53349672217
1944.57219317294	726.11919367393	0.00000000000	0.53413297258
1947.02099804350	726.09646691938	0.00000000000	0.53471582927
1949.44647057698	726.07418627161	0.00000000000	0.53529319400
1952.02114847223	726.05078407609	0.00000000000	0.53590614308
1954.51445163923	726.02836509359	0.00000000000	0.53649978552
1956.99019290923	726.00634027032	0.00000000000	0.53708931108
1959.42370486500	725.98491971248	0.00000000000	0.53766884377
1961.82564180267	725.96399850467	0.00000000000	0.53824091818
1964.22399589831	725.94332718949	0.00000000000	0.53881220008
1966.75238431547	725.92177085934	0.00000000000	0.53941452179
1969.16422831769	725.90143281537	0.00000000000	0.53998914314
1971.56861157966	725.88137521801	0.00000000000	0.54056204859
1974.07555851621	725.86069245580	0.00000000000	0.54115945812
1976.47080102845	725.84115021022	0.00000000000	0.54173031109
1978.87333057936	725.82176263101	0.00000000000	0.54230296256
1981.26733628736	725.80265635239	0.00000000000	0.54287364404
1983.66863019825	725.78370422364	0.00000000000	0.54344612490
1986.06930720607	725.76496872764	0.00000000000	0.54401852091
1988.46936700755	725.74644890979	0.00000000000	0.54459083212
1990.86387214284	725.72818126642	0.00000000000	0.54516188105
1993.36613558627	725.70931407529	0.00000000000	0.54575869514
1995.75541471263	725.69151023976	0.00000000000	0.54632862506
1998.14507017093	725.67390941632	0.00000000000	0.54689870715
2000.64554944353	725.65571184801	0.00000000000	0.54749529460
2003.06807358475	725.63829487729	0.00000000000	0.54807334825
2005.46378111130	725.62127631617	0.00000000000	0.54864506654
2007.85887258961	725.60446572265	0.00000000000	0.54921670110
2010.26022416002	725.58781475948	0.00000000000	0.54978989342
2012.66095697199	725.57137104510	0.00000000000	0.55036300193
2015.10675803662	725.55482649427	0.00000000000	0.55094693507
2017.58461945716	725.53827814532	0.00000000000	0.55153859051
2020.01518769901	725.52225315874	0.00000000000	0.55211902003
2022.43279881519	725.50651664931	0.00000000000	0.55269642089
2024.82351634544	725.49115353237	0.00000000000	0.55326746318
2027.22051125422	725.47594728666	0.00000000000	0.55384006936
2029.62566694683	725.46088694803	0.00000000000	0.55441469009
2032.05317592300	725.44588660535	0.00000000000	0.55499471752
2034.44139635081	725.43132427732	0.00000000000	0.55556542246
2036.91446061110	725.41644784968	0.00000000000	0.55615647042
2039.32774505025	725.40212954305	0.00000000000	0.55673329840
2041.75278361488	725.38793819778	0.00000000000	0.55731300274
2044.28342732295	725.37333820192	0.00000000000	0.55791802356
2046.79243487398	725.35907319698	0.00000000000	0.55851794406
2049.20321685740	725.34556293539	0.00000000000	0.55909444624
2051.59393394637	725.33235427367	0.00000000000	0.55966621623
2054.02994357666	725.31908829786	0.00000000000	0.56024888630
2056.41248552007	725.30630106557	0.00000000000	0.56081883375
2058.79440141675	725.29370181688	0.00000000000	0.56138869717
2061.20208653110	725.28115306438	0.00000000000	0.56196479271
2063.58967947826	725.26889369826	0.00000000000	0.56253614734
2065.96472357694	725.25688042403	0.00000000000	0.56310456498
2068.35106663331	725.24499168391	0.00000000000	0.56367575320
2070.75627272600	725.23319244745	0.00000000000	0.56425152393
2073.34939694753	725.22067676006	0.00000000000	0.56487235558
2075.91777922861	725.20848961604	0.00000000000	0.56548734166
2078.32108186887	725.19727339468	0.00000000000	0.56606287076
2080.68928015689	725.18639762244	0.00000000000	0.56663006008
2083.05986305667	725.17568569973	0.00000000000	0.56719788710
2085.48787102293	725.16489477172	0.00000000000	0.56777953837
2087.96680801544	725.15406506066	0.00000000000	0.56837346257
2090.35629209519	725.14380468926	0.00000000000	0.56894602430
2092.72432946002	725.13380852754	0.00000000000	0.56951351440
2095.09173526501	725.12398552510	0.00000000000	0.57008092034
2097.45850922621	725.11433476872	0.00000000000	0.57064824214
2099.82465106000	725.10485534600	0.00000000000	0.57121547984
2102.19517278220	725.09552679804	0.00000000000	0.57178383526
2104.58090165088	725.08630781834	0.00000000000	0.57235590536
2106.96600164287	725.07726035903	0.00000000000	0.57292789361
2109.38782950034	725.06824575147	0.00000000000	0.57350876053
2111.77166632774	725.05954117458	0.00000000000	0.57408058517
2114.12995338602	725.05109371284	0.00000000000	0.57464634926
2116.64279813055	725.04227105395	0.00000000000	0.57524926729
2119.00080851715	725.03415863607	0.00000000000	0.57581510560
2121.49125942788	725.02576486355	0.00000000000	0.57641279906
2123.94241279709	725.01767750366	0.00000000000	0.57700113589
2126.29848876658	725.01006569965	0.00000000000	0.57756672169
2128.65392852018	725.00261375953	0.00000000000	0.57813222337
2131.01176798412	724.99531148182	0.00000000000	0.57869837003
2133.47918718960	724.98783746315	0.00000000000	0.57929090208
2135.83574058372	724.98085851623	0.00000000000	0.57985688129
2138.34317292060	724.97360270951	0.00000000000	0.58045917352
2140.84998927557	724.96652294732	0.00000000000	0.58106139637
2143.21663974361	724.95999810046	0.00000000000	0.58163001884
2145.66223816973	724.95341704232	0.00000000000	0.58221768361
2148.12595463682	724.94695228299	0.00000000000	0.58280977816
2150.47557687011	724.94094042601	0.00000000000	0.58337452425
2152.82456000116	724.93507924180	0.00000000000	0.58393918649
2155.26768518469	724.92914042108	0.00000000000	0.58452655329
2157.62347216168	724.92356496345	0.00000000000	0.58509299434
2159.97862444996	724.91813847010	0.00000000000	0.58565935335
2162.32808217066	724.91287123082	0.00000000000	0.58622441342
2164.82885779176	724.90742424412	0.00000000000	0.58682594393
2167.17294699738	724.90246706009	0.00000000000	0.58738985819
2169.71831203248	724.89724606956	0.00000000000	0.58800227294
2172.06516511836	724.89258074072	0.00000000000	0.58856699956
2174.47006809011	724.88794696672	0.00000000000	0.58914576846
2176.84748095685	724.88351156029	0.00000000000	0.58971799496
2179.19746187984	724.87926861344	0.00000000000	0.59028369070
2181.54680185580	724.87516644847	0.00000000000	0.59084930375
2183.89043417098	724.87121257360	0.00000000000	0.59141361414
2186.23342404580	724.86739710987	0.00000000000	0.59197784137
2188.58788796232	724.86370050155	0.00000000000	0.59254490392
2191.02171654513	724.86002338228	0.00000000000	0.59313115733
2193.61068503870	724.85627169866	0.00000000000	0.59375486563
2196.08219613642	724.85284300479	0.00000000000	0.59435035944
2198.42190791034	724.84973382994	0.00000000000	0.59491417123
2200.87204543435	724.84661954942	0.00000000000	0.59550467029
2203.21045435962	724.84378162262	0.00000000000	0.59606831608
2205.56934310073	724.84105097988	0.00000000000	0.59663697172
2207.99876378887	724.83837658315	0.00000000000	0.59722270769
2210.39417004854	724.83587579601	0.00000000000	0.59780031966
2212.72997620975	724.83356663599	0.00000000000	0.59836363377
2215.07022333869	724.83138044630	0.00000000000	0.59892809202
2217.44938829895	724.82928778201	0.00000000000	0.59950201228
2219.78324972748	724.82736141956	0.00000000000	0.60006507790
2222.12862821965	724.82555093657	0.00000000000	0.60063099592
2224.49324243875	724.82385205787	0.00000000000	0.60120163040
2226.85721481408	724.82227975959	0.00000000000	0.60177218546
2229.23320320023	724.82082572606	0.00000000000	0.60234571686
2231.81264580335	724.81938953745	0.00000000000	0.60296844602
2234.18732546069	724.81819750249	0.00000000000	0.60354182126
2236.57573338144	724.81712358053	0.00000000000	0.60411858871
2238.93644911573	724.81618449349	0.00000000000	0.60468874540
2241.27661258730	724.81537287684	0.00000000000	0.60525401358
2243.67911107193	724.81466238088	0.00000000000	0.60583441691
2246.00576649406	724.81409205085	0.00000000000	0.60639657339
2248.40699789951	724.81362409557	0.00000000000	0.60697682672
2250.84404198054	724.81327361619	0.00000000000	0.60756581544
2253.24398977741	724.81305014501	0.00000000000	0.60814591888
2255.56492412367	724.81294807549	0.00000000000	0.60870699947
2258.08792822476	724.81296342241	0.00000000000	0.60931701477
2260.44280923602	724.81309561637	0.00000000000	0.60988646093
2262.76072560007	724.81333608160	0.00000000000	0.61044704395
2265.07798966489	724.81368513977	0.00000000000	0.61100754422
2267.42001291146	724.81414754237	0.00000000000	0.61157410959
2269.76138748821	724.81471918358	0.00000000000	0.61214059492
2272.14019571325	724.81541114075	0.00000000000	0.61271621605
2274.57094020275	724.81623310422	0.00000000000	0.61330448695
2276.92128278675	724.81713749598	0.00000000000	0.61387337885
2279.35076003812	724.81818475665	0.00000000000	0.61446150710
2281.99773035605	724.81945483040	0.00000000000	0.61510238130
2284.40691019281	724.82072686661	0.00000000000	0.61568576907
2286.75460501683	724.82207199253	0.00000000000	0.61625434758
2289.07448468010	724.82350273840	0.00000000000	0.61681626685
2291.42088418320	724.82505173880	0.00000000000	0.61738468795
2293.75567197126	724.82669400407	0.00000000000	0.61795037432
2296.08980797297	724.82843566088	0.00000000000	0.61851598093
2298.47758110802	724.83031982302	0.00000000000	0.61909466590
2300.79417150685	724.83224608245	0.00000000000	0.61965617797
2303.12634524223	724.83428227005	0.00000000000	0.62022154548
2305.43647519071	724.83639436056	0.00000000000	0.62078164666
2307.74594872541	724.83859974059	0.00000000000	0.62134166599
2310.18752984813	724.84103251068	0.00000000000	0.62193380401
2312.54083852617	724.84347497347	0.00000000000	0.62250461607
2314.84520989436	724.84595873490	0.00000000000	0.62306363626
2317.16434750552	724.84854963599	0.00000000000	0.62362631693
2319.50292539958	724.85125413721	0.00000000000	0.62419379400
2321.88429104917	724.85410211209	0.00000000000	0.62477173633
2324.19428131823	724.85695455541	0.00000000000	0.62533243592
2326.50361389349	724.85989383422	0.00000000000	0.62589305441
2328.85238138225	724.86297240380	0.00000000000	0.62646332691
2331.43254487690	724.86645687592	0.00000000000	0.62708987555
2333.81066014790	724.86976272214	0.00000000000	0.62766744757
2336.12447800320	724.87306512762	0.00000000000	0.62822948427
2338.44677130065	724.87646406922	0.00000000000	0.62879365977
2340.77943018364	724.87996255200	0.00000000000	0.62936043438
2343.10040772721	724.88352665067	0.00000000000	0.62992445138
2345.39507113147	724.88713109242	0.00000000000	0.63048215306
2347.76931408271	724.89094424102	0.00000000000	0.63105927907
2350.08831422136	724.89475005180	0.00000000000	0.63162305852
2352.38514209536	724.89859797399	0.00000000000	0.63218152739
2354.69367707432	724.90254345657	0.00000000000	0.63274292297
2357.04915615096	724.90664891190	0.00000000000	0.63331581754
2359.35636891305	724.91074753821	0.00000000000	0.63387705432
2361.64636705531	724.91489045520	0.00000000000	0.63443418343
2364.01609291603	724.91925533150	0.00000000000	0.63501079326
2366.30892740899	724.92355304027	0.00000000000	0.63556877501
2368.60628481390	724.92793190235	0.00000000000	0.63612793791
2370.89779205167	724.93237131896	0.00000000000	0.63668575729
2373.22125958565	724.93694498887	0.00000000000	0.63725143885
2375.58775266169	724.94167740558	0.00000000000	0.63782768077
2377.87411848599	724.94631978041	0.00000000000	0.63838449347
2380.16295442356	724.95103549687	0.00000000000	0.63894198840
2382.49667485261	724.95591328612	0.00000000000	0.63951049918
2384.79659197815	724.96078839208	0.00000000000	0.64007085765
2387.08862287911	724.96571313512	0.00000000000	0.64062937624
2389.45122769490	724.97085803315	0.00000000000	0.64120517755
2391.81317541278	724.97607019436	0.00000000000	0.64178090553
2394.11960936052	724.98122532808	0.00000000000	0.64234318586
2396.40895693556	724.98640547199	0.00000000000	0.64290138291
2398.69763886152	724.99164627809	0.00000000000	0.64345949963
2401.02608750166	724.99704114141	0.00000000000	0.64402739812
2403.35387482610	725.00249718013	0.00000000000	0.64459522044
2405.83785762974	725.00838755934	0.00000000000	0.64520123794
2408.32118521567	725.01434584711	0.00000000000	0.64580719285
2410.60124952778	725.01987675758	0.00000000000	0.64636363547
2412.87750217418	725.02545523622	0.00000000000	0.64691922996
2415.15623341400	725.03109588771	0.00000000000	0.64747551177
2417.43951723093	725.03680334090	0.00000000000	0.64803298774
2419.71270818776	725.04254002435	0.00000000000	0.64858808194
2422.04986462925	725.04849398734	0.00000000000	0.64915888194
2424.43972934479	725.05463993427	0.00000000000	0.64974264508
2426.71508998770	725.06054483865	0.00000000000	0.65029852377
2428.99500933079	725.06651306551	0.00000000000	0.65085559948
2431.29074641733	725.07257400350	0.00000000000	0.65141662455
2433.56409339055	725.07862579241	0.00000000000	0.65197226166
2435.93145311061	725.08497986960	0.00000000000	0.65255096541
2438.24928761597	725.09125162231	0.00000000000	0.65311765047
2440.59748200806	725.09765574634	0.00000000000	0.65369184694
2442.88061766882	725.10393010911	0.00000000000	0.65425022062
2445.17232809948	725.11027451503	0.00000000000	0.65481077664
2447.44684753830	725.11661659973	0.00000000000	0.65536721233
2449.74837671636	725.12307911682	0.00000000000	0.65593034161
2452.01631025079	725.12949092648	0.00000000000	0.65648533559
2454.29609313273	725.13597910888	0.00000000000	0.65704331420
2456.57520502572	725.14250757427	0.00000000000	0.65760121388
2458.84636065604	725.14905444513	0.00000000000	0.65815725094
2461.13339287349	725.15568786033	0.00000000000	0.65871726088
2463.43092619490	725.16239214706	0.00000000000	0.65927992911
2465.80912167559	725.16937362667	0.00000000000	0.65986244354
2468.07756291140	725.17607174807	0.00000000000	0.66041816214
2470.49692093497	725.18325639938	0.00000000000	0.66101094622
2472.77128369022	725.19004815865	0.00000000000	0.66156829278
2475.07846152130	725.19697442242	0.00000000000	0.66213376896
2477.38496946030	725.20393462685	0.00000000000	0.66269916980
2479.65000447579	725.21080388075	0.00000000000	0.66325449089
2481.98633515666	725.21792404477	0.00000000000	0.66382738171
2484.29083335828	725.22498089318	0.00000000000	0.66439255670
2486.62583181612	725.23216443931	0.00000000000	0.66496530297
2488.94374972018	725.23932776139	0.00000000000	0.66553395050
2491.33538587303	725.24675178462	0.00000000000	0.66612077821
2493.70566839296	725.25414158948	0.00000000000	0.66670246195
2496.09597239402	725.26162524310	0.00000000000	0.66728915556
2498.35024107606	725.26871109584	0.00000000000	0.66784254861
2500.62572528088	725.27589051150	0.00000000000	0.66840123750
2502.97398766074	725.28332703322	0.00000000000	0.66897788784
2505.24810998739	725.29055456846	0.00000000000	0.66953642179
2507.50492036027	725.29775140009	0.00000000000	0.67009079135
2509.76105322611	725.30496951506	0.00000000000	0.67064508178
2512.01123187576	725.31219116436	0.00000000000	0.67119799645
2514.25754546188	725.31942214482	0.00000000000	0.67175004832
2516.51898050606	725.32672296989	0.00000000000	0.67230590429
2518.80030035719	725.33410872528	0.00000000000	0.67286673741
2521.04456878737	725.34139407668	0.00000000000	0.67341854980
2523.32454983098	725.34881442790	0.00000000000	0.67397923248
2525.57064209555	725.35614250849	0.00000000000	0.67453166966
2527.81605440887	725.36348548470	0.00000000000	0.67508402735
2530.06607446656	725.37085992820	0.00000000000	0.67563760667
2532.40577321243	725.37854487957	0.00000000000	0.67621334368
2534.72678053276	725.38618430466	0.00000000000	0.67678457586
2537.08456800993	725.39396009902	0.00000000000	0.67736495684
2539.34852104642	725.40144013814	0.00000000000	0.67792233189
2541.58553363109	725.40884357441	0.00000000000	0.67847316289
2543.82293225216	725.41625986353	0.00000000000	0.67902417719
2546.08485549843	725.42376843706	0.00000000000	0.67958132113
2548.32938806899	725.43122943557	0.00000000000	0.68013427096
2550.60124072409	725.43879076143	0.00000000000	0.68069404214
2552.85176610640	725.44628976070	0.00000000000	0.68124864875
2555.08573909440	725.45374135854	0.00000000000	0.68179926538
2557.33489886646	725.46125064569	0.00000000000	0.68235371501
2559.58337675451	725.46876393592	0.00000000000	0.68290808680
2561.85184627871	725.47634960241	0.00000000000	0.68346747925
2564.09895632923	725.48386858240	0.00000000000	0.68402169546
2566.36606038358	725.49145845200	0.00000000000	0.68458093474
2568.64563338801	725.49909330141	0.00000000000	0.68514334299
2570.87478966687	725.50656165317	0.00000000000	0.68569340314
2573.33707088019	725.51481283685	0.00000000000	0.68630109276
2575.57334478481	725.52230746033	0.00000000000	0.68685309890
2577.91921107870	725.53016931924	0.00000000000	0.68743225440
2580.14877632726	725.53764056534	0.00000000000	0.68798278968
2582.38298275381	725.54512575820	0.00000000000	0.68853456164
2584.64461115987	725.55270039937	0.00000000000	0.68909319848
2586.98782475239	725.56054486595	0.00000000000	0.68967208584
2589.21141042552	725.56798483322	0.00000000000	0.69022151213
2591.48415446061	725.57558443397	0.00000000000	0.69078317855
2593.71490448265	725.58303807056	0.00000000000	0.69133455909
2595.96176839760	725.59053921209	0.00000000000	0.69189001500
2598.28209867320	725.59827811327	0.00000000000	0.69246373039
2600.50221701786	725.60567484916	0.00000000000	0.69301276077
2602.73020007504	725.61308921221	0.00000000000	0.69356382764
2605.11099760189	725.62100175334	0.00000000000	0.69415279306
2607.33224505889	725.62837356741	0.00000000000	0.69470238353
2609.63107385523	725.63599138560	0.00000000000	0.69527126604
2611.92921899920	725.64359443833	0.00000000000	0.69584007771
2614.22668021903	725.65118188848	0.00000000000	0.69640881856
2616.47867520198	725.65860542253	0.00000000000	0.69696639987
2618.79291789365	725.66621911066	0.00000000000	0.69753949227
2621.03216518871	725.67357074630	0.00000000000	0.69809410862
2623.34505184431	725.68114747865	0.00000000000	0.69866706285
2625.81816390144	725.68922937889	0.00000000000	0.69927981992
2628.07989497365	725.69660178811	0.00000000000	0.69984030459
2630.29946686575	725.70381857758	0.00000000000	0.70039043566
2632.59144523462	725.71125105280	0.00000000000	0.70095861085
2634.80104274925	725.71839660844	0.00000000000	0.70150645834
2637.02596208677	725.72557131835	0.00000000000	0.70205819843
2639.27103587747	725.73278948704	0.00000000000	0.70261503192
2641.49457645756	725.73991631960	0.00000000000	0.70316661935
2643.70139485185	725.74696703404	0.00000000000	0.70371415189
2645.92355693552	725.75404332738	0.00000000000	0.70426558548
2648.13222479216	725.76105257015	0.00000000000	0.70481376421
2650.34020044932	725.76803485504	0.00000000000	0.70536186473
2652.54316379824	725.77497585410	0.00000000000	0.70590881444
2654.77203100466	725.78197183536	0.00000000000	0.70646229067
2657.01161358887	725.78897367347	0.00000000000	0.70701852433
2659.31367641402	725.79614098911	0.00000000000	0.70759037693
2661.63469736214	725.80333580645	0.00000000000	0.70816704280
2663.85129532283	725.81017656008	0.00000000000	0.70871786198
2666.08809171244	725.81704876812	0.00000000000	0.70927379723
2668.36918865162	725.82402430522	0.00000000000	0.70984084331
2670.60460109847	725.83082721399	0.00000000000	0.71039663138
2672.86764830858	725.83768019602	0.00000000000	0.71095938971
2675.06466531010	725.84429968734	0.00000000000	0.71150582403
2677.28656441887	725.85095975593	0.00000000000	0.71205854321
2679.48218663054	725.85750631639	0.00000000000	0.71260482101
2681.67711467712	725.86401552020	0.00000000000	0.71315102093
2683.87997667897	725.87051201124	0.00000000000	0.71369929066
2686.09911258554	725.87701900360	0.00000000000	0.71425170769
2688.43301582149	725.88382105337	0.00000000000	0.71483279924
2690.70727488967	725.89040751425	0.00000000000	0.71539914453
2692.98085161602	725.89694993922	0.00000000000	0.71596542254
2695.29168245438	725.90355559441	0.00000000000	0.71654108475
2697.51874069236	725.90987899869	0.00000000000	0.71709597865
2699.80850524451	725.91633580992	0.00000000000	0.71766659968
2702.07930520735	725.92269359286	0.00000000000	0.71823259817
2704.58333462210	725.92965075547	0.00000000000	0.71885684904
2707.08665084502	725.93654861558	0.00000000000	0.71948104791
2709.35528134948	725.94274933697	0.00000000000	0.72004683704
2711.54416124150	725.94868576953	0.00000000000	0.72059283490
2713.77956796530	725.95470063568	0.00000000000	0.72115053831
2715.96704255617	725.96053903499	0.00000000000	0.72169638110
2718.38705864249	725.96694242003	0.00000000000	0.72230036313
2720.67051325019	725.97292993170	0.00000000000	0.72287037143
2722.91821328886	725.97877111160	0.00000000000	0.72343155799
2725.11573055967	725.98443064246	0.00000000000	0.72398031481
2727.32208254163	725.99006116688	0.00000000000	0.72453137691
2729.51820018324	725.99561328499	0.00000000000	0.72507998164
2731.69634262557	726.00106765790	0.00000000000	0.72562419357
2733.87814312152	726.00647820400	0.00000000000	0.72616941700
2736.05924314068	726.01183323811	0.00000000000	0.72671456311
2738.23964248186	726.01713204198	0.00000000000	0.72725963192
2740.41497907533	726.02236346399	0.00000000000	0.72780353277
2742.61646026137	726.02760096732	0.00000000000	0.72835407003
2744.80016951287	726.03273896761	0.00000000000	0.72890026199
2747.00025347460	726.03785707365	0.00000000000	0.72945064952
2749.21114889170	726.04294045761	0.00000000000	0.73000384290
2751.38405186789	726.04787722526	0.00000000000	0.73054762912
2753.62209199363	726.05289975059	0.00000000000	0.73110781922
2755.89459812695	726.05793415104	0.00000000000	0.73167674322
2758.09115896412	726.06273678101	0.00000000000	0.73222675681
2760.36227762292	726.06763591020	0.00000000000	0.73279554571
2762.56895584355	726.07233043067	0.00000000000	0.73334829948
2764.74629213881	726.07689835860	0.00000000000	0.73389380362
2766.95157218252	726.08145913847	0.00000000000	0.73444641041
2769.16955318690	726.08597860671	0.00000000000	0.73500230325
2771.33605026888	726.09032694973	0.00000000000	0.73554539297
2773.51809605695	726.09463956766	0.00000000000	0.73609248074
2775.68646395490	726.09885783531	0.00000000000	0.73663623910
2777.90166047087	726.10309710160	0.00000000000	0.73719184366
2780.08159644663	726.10719892764	0.00000000000	0.73773870620
2782.36565064826	726.11142135192	0.00000000000	0.73831179660
2784.56530856181	726.11541407277	0.00000000000	0.73886381641
2786.72682874004	726.11926634522	0.00000000000	0.73940636602
2788.93851385254	726.12313413781	0.00000000000	0.73996161076
2791.10189975674	726.12684437648	0.00000000000	0.74050483145
2793.27758363338	726.13050201990	0.00000000000	0.74105124153
2795.46216301009	726.13409947660	0.00000000000	0.74159998816
2797.62013567145	726.13757841431	0.00000000000	0.74214215243
2799.77630103985	726.14097951244	0.00000000000	0.74268396306
2801.98379842496	726.14438318669	0.00000000000	0.74323877681
2804.22269252550	726.14775341208	0.00000000000	0.74380158939
2806.49915421992	726.15109477894	0.00000000000	0.74437395725
2808.65683755972	726.15418148732	0.00000000000	0.74491656483
2810.99889591352	726.15744256845	0.00000000000	0.74550565325
2813.16816010321	726.16037920483	0.00000000000	0.74605138622
2815.69506780431	726.16369725188	0.00000000000	0.74668722311
2817.96797008453	726.16658632696	0.00000000000	0.74725926496
2820.13502439539	726.16925581876	0.00000000000	0.74780477263
2822.28503052062	726.17182148217	0.00000000000	0.74834609080
2824.44308918472	726.17431301044	0.00000000000	0.74888953872
2826.59497586614	726.17671309447	0.00000000000	0.74943153466
2828.74615084284	726.17902745193	0.00000000000	0.74997345356
2830.99502665794	726.18135555476	0.00000000000	0.75054009446
2833.15782475050	726.18350701852	0.00000000000	0.75108515218
2835.31991551734	726.18557287195	0.00000000000	0.75163013499
2837.46823706570	726.18754233713	0.00000000000	0.75217174938
2839.73424517356	726.18953071886	0.00000000000	0.75274314423
2841.87782828265	726.19132848281	0.00000000000	0.75328377278
2844.07185029193	726.19308568520	0.00000000000	0.75383722738
2846.22279839282	726.19472788097	0.00000000000	0.75437991936
2848.44763200491	726.19634353631	0.00000000000	0.75494136018
2850.59167889645	726.19782158710	0.00000000000	0.75548251746
2852.74050202845	726.19922605481	0.00000000000	0.75602498179
2854.88314416559	726.20055070221	0.00000000000	0.75656598689
2857.03056648325	726.20180323232	0.00000000000	0.75710830024
2859.19456060088	726.20299026599	0.00000000000	0.75765490117
2861.39831030734	726.20412246702	0.00000000000	0.75821164963
2863.53813630283	726.20514869336	0.00000000000	0.75875235062
2865.91299398227	726.20620431371	0.00000000000	0.75935255811
2868.48170269924	726.20724871426	0.00000000000	0.76000189759
2870.78171837238	726.20809916273	0.00000000000	0.76058343730
2872.94138629080	726.20882584320	0.00000000000	0.76112959673
2875.09068419337	726.20948081165	0.00000000000	0.76167323504
2877.23166490973	726.21006644228	0.00000000000	0.76221487010
2879.50651155258	726.21061659173	0.00000000000	0.76279048098
2881.90269772263	726.21111686358	0.00000000000	0.76339691704
2884.04152805677	726.21149571369	0.00000000000	0.76393832640
2886.23752397849	726.21181919231	0.00000000000	0.76449431017
2888.53207903378	726.21208729226	0.00000000000	0.76507535958
2890.65997637760	726.21227299406	0.00000000000	0.76561430891
2892.93070975468	726.21240535302	0.00000000000	0.76618954425
2895.14094113240	726.21246989190	0.00000000000	0.76674956072
2897.26673151974	726.21247302264	0.00000000000	0.76728828228
2899.47560634824	726.21241597030	0.00000000000	0.76784816338
2901.62618083860	726.21230226952	0.00000000000	0.76839336907
2903.83369701363	726.21212681411	0.00000000000	0.76895311490
2905.96002972706	726.21190242409	0.00000000000	0.76949237561
2908.09119433194	726.21162385590	0.00000000000	0.77003296019
2910.25072083263	726.21128765354	0.00000000000	0.77058083945
2912.58605589220	726.21086401864	0.00000000000	0.77117343570
2914.70961159552	726.21042555192	0.00000000000	0.77171239505
2916.89602499872	726.20992204195	0.00000000000	0.77226740972
2919.05279715037	726.20937450388	0.00000000000	0.77281500139
2921.46394931259	726.20870369952	0.00000000000	0.77342729771
2923.64829041770	726.20804351850	0.00000000000	0.77398210532
2925.97962177592	726.20728496375	0.00000000000	0.77457436113
2928.13360577661	726.20653556621	0.00000000000	0.77512166754
2930.25780021743	726.20575176624	0.00000000000	0.77566150273
2932.51645823660	726.20487055466	0.00000000000	0.77623561672
2934.63375096706	726.20400066482	0.00000000000	0.77677389776
2936.74591417217	726.20309149036	0.00000000000	0.77731097090
2938.88479372952	726.20212955612	0.00000000000	0.77785493521
2941.08081834828	726.20109964668	0.00000000000	0.77841353514
2943.19539535217	726.20006834145	0.00000000000	0.77895151529
2945.34398205123	726.19898155318	0.00000000000	0.77949824641
2947.55663929908	726.19782232245	0.00000000000	0.78006138454
2949.69213859069	726.19666590416	0.00000000000	0.78060498499
2951.92353900614	726.19541905321	0.00000000000	0.78117310194
2954.09848649265	726.19416683088	0.00000000000	0.78172694859
2956.24370521949	726.19289694605	0.00000000000	0.78227332409
2958.40189426619	726.19158544303	0.00000000000	0.78282310243
2960.88534545741	726.19003534604	0.00000000000	0.78345586151
2963.31167360818	726.18847987902	0.00000000000	0.78407419350
2965.42489881382	726.18709312534	0.00000000000	0.78461283593
2967.56667275530	726.18565815652	0.00000000000	0.78515885244
2969.66966659715	726.18422115905	0.00000000000	0.78569507768
2971.82378263255	726.18272135064	0.00000000000	0.78624443590
2973.99267775131	726.18118366958	0.00000000000	0.78679766306
2976.10256082032	726.17966215803	0.00000000000	0.78733593392
2978.28726156574	726.17806094592	0.00000000000	0.78789339199
2980.43872520748	726.17645941632	0.00000000000	0.78844246831
2982.62211396934	726.17481003384	0.00000000000	0.78899979281
2984.80484483757	726.17313784927	0.00000000000	0.78955705057
2986.90581812148	726.17150719225	0.00000000000	0.79009353087
2989.14747970047	726.16974549030	0.00000000000	0.79066603893
2991.27017517262	726.16805741271	0.00000000000	0.79120826187
2993.36914731710	726.16637008042	0.00000000000	0.79174451875
2995.47302778069	726.16466158538	0.00000000000	0.79228212321
2997.58396196035	726.16293090813	0.00000000000	0.79282162421
2999.69424125795	726.16118516715	0.00000000000	0.79336105198
3001.82547600731	726.15940715037	0.00000000000	0.79390593186
3003.96975471976	726.15760400861	0.00000000000	0.79445424337
3006.07806883926	726.15581807093	0.00000000000	0.79499345300
3008.18573075848	726.15402064289	0.00000000000	0.79553258949
3010.28501108815	726.15221926262	0.00000000000	0.79606967503
3012.45937203681	726.15034270173	0.00000000000	0.79662606723
3014.60040616813	726.14848513576	0.00000000000	0.79717402871
3016.75630354957	726.14660581837	0.00000000000	0.79772589158
3019.19447440833	726.14447091288	0.00000000000	0.79835012802
3021.44923260813	726.14248874180	0.00000000000	0.79892751704
3023.65921302063	726.14053966955	0.00000000000	0.79949354307
3025.84838390576	726.13860384089	0.00000000000	0.80005434027
3027.98544409156	726.13671013748	0.00000000000	0.80060188520
3030.08647295103	726.13484545392	0.00000000000	0.80114029162
3032.41204193581	726.13277919081	0.00000000000	0.80173634604
3034.68671329367	726.13075692013	0.00000000000	0.80231946455
3036.77240395107	726.12890255154	0.00000000000	0.80285423233
3038.86303875369	726.12704457263	0.00000000000	0.80339035893
3041.04773585214	726.12510477941	0.00000000000	0.80395070450
3043.27349252099	726.12313141120	0.00000000000	0.80452168364
3045.54505446077	726.12112151311	0.00000000000	0.80510451974
3047.67626162834	726.11924053797	0.00000000000	0.80565144138
3049.92279849055	726.11726377712	0.00000000000	0.80622806183
3052.02709894807	726.11541870424	0.00000000000	0.80676826953
3054.11314298790	726.11359677118	0.00000000000	0.80730388130
3056.21617252228	726.11176807511	0.00000000000	0.80784394572
3058.37700955543	726.10989848769	0.00000000000	0.80839895085
3060.46889770286	726.10809851135	0.00000000000	0.80893633886
3062.54338969084	726.10632405017	0.00000000000	0.80946934747
3064.63401078807	726.10454728983	0.00000000000	0.81000659034
3066.85292830712	726.10267509779	0.00000000000	0.81057690144
3069.07121425678	726.10081847183	0.00000000000	0.81114715195
3071.16976368768	726.09907684742	0.00000000000	0.81168671559
3073.24441646236	726.09737007607	0.00000000000	0.81222022445
3075.33183174384	726.09566875306	0.00000000000	0.81275710487
3077.41083030213	726.09399106043	0.00000000000	0.81329190979
3079.58425127545	726.09225600997	0.00000000000	0.81385109927
3081.66976333709	726.09061014980	0.00000000000	0.81438776247
3083.77643436472	726.08896740324	0.00000000000	0.81492996132
3085.88247085983	726.08734595775	0.00000000000	0.81547208803
3088.03458289503	726.08571147311	0.00000000000	0.81602616941
3090.26951331017	726.08403912392	0.00000000000	0.81660167375
3092.48106702530	726.08241042718	0.00000000000	0.81717125933
3094.57264831518	726.08089498249	0.00000000000	0.81771003821
3096.63688108665	726.07942397209	0.00000000000	0.81824186011
3098.80474240678	726.07790638712	0.00000000000	0.81880047437
3100.86770792333	726.07648907319	0.00000000000	0.81933214831
3103.09900074565	726.07498658795	0.00000000000	0.81990730196
3105.17752753592	726.07361639249	0.00000000000	0.82044316901
3107.26534873922	726.07226954807	0.00000000000	0.82098152097
3109.41128289529	726.07091694121	0.00000000000	0.82153495016
3111.47108570978	726.06964976685	0.00000000000	0.82206625458
3113.53367029102	726.06841232081	0.00000000000	0.82259836306
3115.59109315824	726.06721017294	0.00000000000	0.82312922610
3117.97358164357	726.06585940280	0.00000000000	0.82374407112
3120.38355465735	726.06453945709	0.00000000000	0.82436612629
3122.52575453317	726.06340646522	0.00000000000	0.82491916355
3124.62047755898	726.06233622667	0.00000000000	0.82546003399
3126.67467832633	726.06132372328	0.00000000000	0.82599052765
3128.72940264639	726.06034850921	0.00000000000	0.82652124195
3130.81033783509	726.05940000779	0.00000000000	0.82705881327
3132.86382717996	726.05850350923	0.00000000000	0.82758938025
3135.06331612532	726.05758776453	0.00000000000	0.82815776408
3137.11896853293	726.05677442346	0.00000000000	0.82868906645
3139.17400539823	726.05600327135	0.00000000000	0.82922029489
3141.22501786728	726.05527630580	0.00000000000	0.82975056785
3143.27541849921	726.05459303182	0.00000000000	0.83028076726
3145.32520652711	726.05395426948	0.00000000000	0.83081089279
3147.40126288750	726.05335335697	0.00000000000	0.83134789803
3149.47671158212	726.05279981793	0.00000000000	0.83188483261
3151.61053223698	726.05228085114	0.00000000000	0.83243695859
3153.74374930315	726.05181380797	0.00000000000	0.83298901964
3155.84325774819	726.05140563792	0.00000000000	0.83353244617
3157.89843550648	726.05105645952	0.00000000000	0.83406448383
3160.01245824059	726.05075020351	0.00000000000	0.83461184323
3162.16224260839	726.05049477266	0.00000000000	0.83516855358
3164.21557996644	726.05030444646	0.00000000000	0.83570037408
3166.38456944839	726.05016130422	0.00000000000	0.83626224020
3168.43668111270	726.05008155510	0.00000000000	0.83679391604
3170.47908856543	726.05005681752	0.00000000000	0.83732316095
3172.55986605131	726.05008855633	0.00000000000	0.83786243399
3174.66971255679	726.05018034677	0.00000000000	0.83840932874
3176.90434060065	726.05034406787	0.00000000000	0.83898866466
3178.97126970813	726.05055736695	0.00000000000	0.83952461225
3181.01061729889	726.05082698359	0.00000000000	0.84005349112
3183.08838459707	726.05116301051	0.00000000000	0.84059241843
3185.25212824766	726.05157971475	0.00000000000	0.84115373701
3187.35839671696	726.05205175187	0.00000000000	0.84170023437
3189.54269357364	726.05261149332	0.00000000000	0.84226706980
3191.68422421995	726.05323069387	0.00000000000	0.84282289871
3193.71875818356	726.05388445805	0.00000000000	0.84335104074
3195.78087488894	726.05461310636	0.00000000000	0.84388642625
3198.06043429834	726.05549700812	0.00000000000	0.84447836371
3200.10342276521	726.05636011038	0.00000000000	0.84500895729
3202.14581809055	726.05729088613	0.00000000000	0.84553947889
3204.24735217943	726.05832042357	0.00000000000	0.84608544763
3206.38480742254	726.05944324277	0.00000000000	0.84664083748
3208.61083149327	726.06069479461	0.00000000000	0.84721933608
3210.71057894424	726.06195322549	0.00000000000	0.84776510696
3212.75785803443	726.06325392890	0.00000000000	0.84829732329
3214.78749526314	726.06461614596	0.00000000000	0.84882503435
3216.83360043732	726.06606358143	0.00000000000	0.84935710865
3218.87911827089	726.06758591307	0.00000000000	0.84988911197
3221.03301770495	726.06927126597	0.00000000000	0.85044939171
3223.07734602990	726.07094995221	0.00000000000	0.85098125312
3225.12109438970	726.07270603123	0.00000000000	0.85151304504
3227.27328784774	726.07464042502	0.00000000000	0.85207314273
3229.57099477688	726.07680314078	0.00000000000	0.85267120901
3231.74380445235	726.07894206561	0.00000000000	0.85323686037
3233.76804625530	726.08101770460	0.00000000000	0.85376391725
3235.79170403047	726.08317361813	0.00000000000	0.85429090151
3237.85403265757	726.08545481380	0.00000000000	0.85482803777
3239.87651689127	726.08777524500	0.00000000000	0.85535487648
3241.90187441364	726.09018251145	0.00000000000	0.85588254295
3243.92319575064	726.09266918878	0.00000000000	0.85640923693
3245.96105247022	726.09526224006	0.00000000000	0.85694031938
3247.99833612846	726.09794178605	0.00000000000	0.85747133259
3250.02709912052	726.10069766474	0.00000000000	0.85800020441
3252.11532922359	726.10362647774	0.00000000000	0.85854466131
3254.18711470544	726.10662553799	0.00000000000	0.85908491359
3256.20377520986	726.10963495323	0.00000000000	0.85961087038
3258.29030211640	726.11284316149	0.00000000000	0.86015513095
3260.45536249351	726.11627476620	0.00000000000	0.86071996492
3262.48857673804	726.11959351711	0.00000000000	0.86125048391
3264.51326076164	726.12299175488	0.00000000000	0.86177885582
3266.63422842427	726.12665251376	0.00000000000	0.86233243854
3268.75462923715	726.13041650077	0.00000000000	0.86288595929
3270.82184456519	726.13418733790	0.00000000000	0.86342567888
3272.85216633060	726.13798909804	0.00000000000	0.86395584549
3274.89201840948	726.14190762026	0.00000000000	0.86448857985
3276.90748039545	726.14587753954	0.00000000000	0.86501502225
3279.00594144434	726.15011565225	0.00000000000	0.86556322630
3281.03396955078	726.15431392225	0.00000000000	0.86609310994
3283.04423323916	726.15857563314	0.00000000000	0.86661842919
3285.20270380047	726.16326360031	0.00000000000	0.86718256303
3287.28132087687	726.16788878866	0.00000000000	0.86772591000
3289.46176800029	726.17285829012	0.00000000000	0.86829596312
3291.88425971429	726.17852211260	0.00000000000	0.86892940154
3293.89156721810	726.18333003949	0.00000000000	0.86945436072
3296.34223909972	726.18934230903	0.00000000000	0.87009537349
3298.37570823207	726.19445093989	0.00000000000	0.87062734615
3300.42080180092	726.19969940946	0.00000000000	0.87116243845
3302.44301345638	726.20499913995	0.00000000000	0.87169162119
3304.47479834440	726.21043499408	0.00000000000	0.87222338656
3306.48212236918	726.21591557259	0.00000000000	0.87274882613
3308.53912047138	726.22164627922	0.00000000000	0.87328734691
3310.55108360606	726.22736452907	0.00000000000	0.87381415433
3312.56248652056	726.23319377330	0.00000000000	0.87434089088
3314.59148192385	726.23918893777	0.00000000000	0.87487231119
3316.69912782615	726.24553968412	0.00000000000	0.87542441261
3318.69957090674	726.25168442359	0.00000000000	0.87594850883
3320.73910504467	726.25806746716	0.00000000000	0.87648292341
3322.75570343693	726.26449698082	0.00000000000	0.87701140444
3324.77175168571	726.27104315703	0.00000000000	0.87753981701
3326.96667396270	726.27830579673	0.00000000000	0.87811519903
3328.98158699253	726.28509825519	0.00000000000	0.87864347185
3330.98792532548	726.29198201673	0.00000000000	0.87916957145
3333.18124799148	726.29964559163	0.00000000000	0.87974478731
3335.26474521981	726.30706019394	0.00000000000	0.88029128316
3337.26359572480	726.31429788971	0.00000000000	0.88081565194
3339.28589079861	726.32174526917	0.00000000000	0.88134624626
3341.36778344347	726.32954418577	0.00000000000	0.88189255627
3343.48910951984	726.33762963073	0.00000000000	0.88244929631
3345.60989330283	726.34585408968	0.00000000000	0.88300597697
3347.65640236914	726.35392521452	0.00000000000	0.88354323994
3349.70236664987	726.36212738061	0.00000000000	0.88408043692
3351.70309842059	726.37027789048	0.00000000000	0.88460583188
3353.69747344627	726.37853099239	0.00000000000	0.88512963071
3355.69711035587	726.38693552585	0.00000000000	0.88565488477
3357.88418445152	726.39627753927	0.00000000000	0.88622945773
3359.90095004537	726.40503162276	0.00000000000	0.88675936604
3361.91717201302	726.41391809258	0.00000000000	0.88728920585
3363.92264288627	726.42289171203	0.00000000000	0.88781629408
3365.91951869020	726.43196105861	0.00000000000	0.88834119624
3367.91585052672	726.44116264609	0.00000000000	0.88886602807
3369.90581810583	726.45046981092	0.00000000000	0.88938925900
3371.91934076229	726.46002512036	0.00000000000	0.88991875670
3373.99268630866	726.47001029476	0.00000000000	0.89046406308
3375.97749524730	726.47970872574	0.00000000000	0.89098615675
3377.97110479994	726.48958854329	0.00000000000	0.89151063730
3379.98246878724	726.49969777492	0.00000000000	0.89203986168
3382.00559103469	726.51001030436	0.00000000000	0.89257225373
3384.01587856295	726.52040155263	0.00000000000	0.89310134158
3386.06828008718	726.53115964611	0.00000000000	0.89364158872
3388.15729983411	726.54226541422	0.00000000000	0.89419155281
3390.15572127125	726.55303749241	0.00000000000	0.89471773921
3392.15360122529	726.56395215700	0.00000000000	0.89524385491
3394.18778002114	726.57521550690	0.00000000000	0.89577960319
3396.17066669137	726.58634177117	0.00000000000	0.89630191405
3398.17719699613	726.59774923763	0.00000000000	0.89683052469
3400.16484898937	726.60919756118	0.00000000000	0.89735423309
3402.15196700529	726.62079110046	0.00000000000	0.89787787152
3404.16924428717	726.63271315293	0.00000000000	0.89840952967
3406.25362135943	726.64519417689	0.00000000000	0.89895894851
3408.23328038811	726.65720190017	0.00000000000	0.89948083663
3410.20887454445	726.66933515402	0.00000000000	0.90000172282
3412.20142022416	726.68172535184	0.00000000000	0.90052714886
3414.17948231284	726.69417816624	0.00000000000	0.90104882551
3416.28215381121	726.70758321496	0.00000000000	0.90160344179
3418.40644079766	726.72130265472	0.00000000000	0.90216383924
3420.40712201399	726.73438705082	0.00000000000	0.90269170204
3422.37948579376	726.74744214571	0.00000000000	0.90321216292
3424.39147898805	726.76091991476	0.00000000000	0.90374315201
3426.40294893054	726.77455697553	0.00000000000	0.90427407451
3428.37371873452	726.78807684365	0.00000000000	0.90479432359
3430.45196276919	726.80250515508	0.00000000000	0.90534301820
3432.43106966745	726.81640942025	0.00000000000	0.90586560950
3434.41777938529	726.83052911308	0.00000000000	0.90639027767
3436.49450313865	726.84546301232	0.00000000000	0.90693879170
3438.47202808358	726.85985022504	0.00000000000	0.90746117526
3440.74421876185	726.87658310089	0.00000000000	0.90806148245
3442.91021147434	726.89273602294	0.00000000000	0.90863381658
3444.90455164003	726.90778427994	0.00000000000	0.90916086642
3446.95923128168	726.92346469906	0.00000000000	0.90970393502
3448.92464076965	726.93863271162	0.00000000000	0.91022347772
3450.89308204081	726.95399048386	0.00000000000	0.91074388935
3452.86688074088	726.96955808341	0.00000000000	0.91126578510
3454.87104765797	726.98553824657	0.00000000000	0.91179577990
3456.96362371316	727.00241038406	0.00000000000	0.91234922864
3458.92521998380	727.01840086871	0.00000000000	0.91286810457
3460.95843865693	727.03515426788	0.00000000000	0.91340599624
3462.94811622190	727.05172625446	0.00000000000	0.91393243832
3464.90933539860	727.06823377413	0.00000000000	0.91445141767
3466.88764913314	727.08505961050	0.00000000000	0.91497498790
3468.93680612658	727.10267361788	0.00000000000	0.91551737833
3470.98545744859	727.12047307082	0.00000000000	0.91605970723
3472.95404984832	727.13775663269	0.00000000000	0.91658091059
3475.04218483221	727.15628318529	0.00000000000	0.91713383679
3477.07136207001	727.17447839722	0.00000000000	0.91767122302
3479.03838964644	727.19229763565	0.00000000000	0.91819221759
3481.05031039532	727.21070911239	0.00000000000	0.91872517128
3483.13646423937	727.22999904659	0.00000000000	0.91927786230
3485.09603267968	727.24830405840	0.00000000000	0.91979708439
3487.09201180674	727.26713489855	0.00000000000	0.92032602151
3489.08748599733	727.28614921132	0.00000000000	0.92085489269
3491.09687842853	727.30548724545	0.00000000000	0.92138752120
3493.09133442001	727.32487206895	0.00000000000	0.92191625841
3495.09973436124	727.34458515210	0.00000000000	0.92244876048
3497.05622469116	727.36397557186	0.00000000000	0.92296756515
3499.00863139693	727.38351019721	0.00000000000	0.92348535162
3500.96053105350	727.40322500821	0.00000000000	0.92400306810
3502.95249000543	727.42353628506	0.00000000000	0.92453147618
3504.90694885630	727.44365441433	0.00000000000	0.92505000170
3506.91238061284	727.46449295280	0.00000000000	0.92558211747
3508.90284317024	727.48537287141	0.00000000000	0.92611032833
3510.85100102450	727.50599985860	0.00000000000	0.92662737728
3512.85495094371	727.52741544550	0.00000000000	0.92715930019
3514.95573291146	727.55008228774	0.00000000000	0.92771699827
3516.99303554335	727.57227679800	0.00000000000	0.92825791502
3519.02984687359	727.59467618672	0.00000000000	0.92879877076
3521.03179626895	727.61689796415	0.00000000000	0.92933043682
3523.03325225439	727.63931911084	0.00000000000	0.92986203871
3524.97783299304	727.66130016070	0.00000000000	0.93037859807
3526.92670459033	727.68352541357	0.00000000000	0.93089636043
3528.87507757485	727.70594166780	0.00000000000	0.93141405346
3530.86008369868	727.72898251152	0.00000000000	0.93194154495
3533.05643736611	727.75471655257	0.00000000000	0.93252527567
3535.00328312535	727.77773891501	0.00000000000	0.93304276084
3537.01767639700	727.80177045676	0.00000000000	0.93357826661
3538.97770908125	727.82535976646	0.00000000000	0.93409938553
3540.99112509576	727.84980432222	0.00000000000	0.93463476363
3543.18517328786	727.87668850775	0.00000000000	0.93521824886
3545.46140265547	727.90485276522	0.00000000000	0.93582367309
3547.41114399876	727.92919946680	0.00000000000	0.93634232678
3549.40618949919	727.95432501326	0.00000000000	0.93687309647
3551.38621305700	727.97947541391	0.00000000000	0.93739993418
3553.36574193525	728.00483357949	0.00000000000	0.93792670441
3555.30754598462	728.02991728892	0.00000000000	0.93844349798
3557.35487074040	728.05658898436	0.00000000000	0.93898844160
3559.40171772199	728.08348619500	0.00000000000	0.93953332637
3561.39384786588	728.10988782964	0.00000000000	0.94006371065
3563.34788886768	728.13599969940	0.00000000000	0.94058401678
3565.32450853906	728.16263083432	0.00000000000	0.94111039806
3567.25852188925	728.18890055933	0.00000000000	0.94162549446
3569.21110545724	728.21563673280	0.00000000000	0.94214559822
3571.20085983669	728.24310418323	0.00000000000	0.94267566651
3573.16296096433	728.27041052766	0.00000000000	0.94319843064
3575.24968775785	728.29969266315	0.00000000000	0.94375446704
3577.49075060188	728.33141881409	0.00000000000	0.94435170648
3579.42660245205	728.35905715584	0.00000000000	0.94486767274
3581.36197032522	728.38690535347	0.00000000000	0.94538357020
3583.42436496748	728.41682084300	0.00000000000	0.94593339443
3585.37302220254	728.44531448306	0.00000000000	0.94645295944
3587.55718853310	728.47751610738	0.00000000000	0.94703538979
3589.57723464482	728.50754777266	0.00000000000	0.94757412365
3591.50530164335	728.53643671932	0.00000000000	0.94808838796
3593.44371357617	728.56570277749	0.00000000000	0.94860547124
3595.48214703702	728.59672012374	0.00000000000	0.94914930036
3597.52011405623	728.62797849195	0.00000000000	0.94969307103
3599.46537462191	728.65804725397	0.00000000000	0.95021216723
3601.78693891197	728.69423093658	0.00000000000	0.95083175920
3603.75437688866	728.72515031252	0.00000000000	0.95135690672
3605.73597617652	728.75652974205	0.00000000000	0.95188589598
3607.68981717798	728.78770385983	0.00000000000	0.95240753579
3609.68698026102	728.81981049999	0.00000000000	0.95294080395
3611.68367741324	728.85215444104	0.00000000000	0.95347401042
3613.62555326679	728.88384600767	0.00000000000	0.95399263726
3615.60480733412	728.91638761921	0.00000000000	0.95452130775
3617.53741167631	728.94839692864	0.00000000000	0.95503757703
3619.45989068956	728.98046944400	0.00000000000	0.95555119944
3621.38067835010	729.01274457553	0.00000000000	0.95606442763
3623.33075412706	729.04574872806	0.00000000000	0.95658554038
3625.45459545782	729.08196633229	0.00000000000	0.95715315535
3627.37879746324	729.11502578695	0.00000000000	0.95766747556
3629.38962624545	729.14982468096	0.00000000000	0.95820501169
3631.31890070874	729.18345433238	0.00000000000	0.95872080562
3633.29400070397	729.21812929308	0.00000000000	0.95924891077
3635.21630680735	729.25211775341	0.00000000000	0.95976295774
3637.26646320923	729.28862897043	0.00000000000	0.96031125624
3639.19384840015	729.32320148061	0.00000000000	0.96082677964
3641.22182374675	729.35983847450	0.00000000000	0.96136926993
3643.31698147367	729.39797036255	0.00000000000	0.96192979814
3645.23325363103	729.43309765936	0.00000000000	0.96244252719
3647.43161846585	729.47369262620	0.00000000000	0.96303080393
3649.35661820070	729.50950086106	0.00000000000	0.96354598961
3651.31283183601	729.54614050500	0.00000000000	0.96406958704
3653.28331614113	729.58330389620	0.00000000000	0.96459706317
3655.47999459448	729.62503782646	0.00000000000	0.96518515862
3657.54830835571	729.66462753222	0.00000000000	0.96573895533
3659.57221498939	729.70364479867	0.00000000000	0.96628092479
3661.79535478160	729.74682051495	0.00000000000	0.96687631725
3663.72540313381	729.78457469419	0.00000000000	0.96739327580
3665.79194392567	729.82527867155	0.00000000000	0.96794685592
3667.72106133206	729.86353793202	0.00000000000	0.96846368155
3669.68784486664	729.90280562236	0.00000000000	0.96899065596
3671.77688463347	729.94480427733	0.00000000000	0.96955045109
3673.74275348433	729.98460051990	0.00000000000	0.97007730028
3675.65189860647	730.02350349408	0.00000000000	0.97058900309
3677.56058696553	730.06264919516	0.00000000000	0.97110063804
3679.47855274260	730.10223984704	0.00000000000	0.97161481474
3681.38632361944	730.14187414861	0.00000000000	0.97212631283
3683.34997289143	730.18293486485	0.00000000000	0.97265284932
3685.26049647538	730.22314407977	0.00000000000	0.97316519568
3687.42331799317	730.26897298331	0.00000000000	0.97374526641
3689.48469786718	730.31295964572	0.00000000000	0.97429819501
3691.39014087181	730.35388647634	0.00000000000	0.97480935229
3693.29390089397	730.39503476310	0.00000000000	0.97532011173
3695.20819116602	730.43667111527	0.00000000000	0.97583375030
3697.11595076596	730.47842609877	0.00000000000	0.97634569034
3699.01834956348	730.52032370973	0.00000000000	0.97685624520
3701.12596777083	730.56704508777	0.00000000000	0.97742193778
3703.03843806861	730.60971799975	0.00000000000	0.97793530836
3705.07373172904	730.65542249082	0.00000000000	0.97848170768
3707.00439838195	730.69905571306	0.00000000000	0.97900007462
3708.90573412223	730.74229165578	0.00000000000	0.97951061968
3710.86316839347	730.78707948571	0.00000000000	0.98003628335
3712.83686761266	730.83252411161	0.00000000000	0.98056637142
3714.89278588900	730.88016675354	0.00000000000	0.98111860176
3716.79229842112	730.92446236006	0.00000000000	0.98162887524
3718.87129207637	730.97324976897	0.00000000000	0.98218742335
3720.90319133859	731.02124244703	0.00000000000	0.98273337936
3722.81957147180	731.06678871427	0.00000000000	0.98324835090
3724.72095476797	731.11225004904	0.00000000000	0.98375934479
3726.73012249186	731.16058323999	0.00000000000	0.98429936215
3728.64517562355	731.20693520168	0.00000000000	0.98481413769
3730.72169626786	731.25750825056	0.00000000000	0.98537237595
3732.61634481132	731.30393680297	0.00000000000	0.98588177479
3734.58526700501	731.35247443507	0.00000000000	0.98641119737
3736.48395863512	731.39956057866	0.00000000000	0.98692178810
3738.37851016478	731.44681872773	0.00000000000	0.98743131671
3740.28244302160	731.49458813075	0.00000000000	0.98794341983
3742.17610989987	731.54237646693	0.00000000000	0.98845281278
3744.20302782783	731.59383398405	0.00000000000	0.98899810638
3746.11410375064	731.64264173358	0.00000000000	0.98951228875
3748.04837623560	731.69233050941	0.00000000000	0.99003276482
3749.94026721810	731.74121226467	0.00000000000	0.99054188792
3751.87367362112	731.79145534805	0.00000000000	0.99106223525
3753.76839223745	731.84097699765	0.00000000000	0.99157222135
3755.66881126604	731.89093080593	0.00000000000	0.99208379243
3757.56265384344	731.94099469289	0.00000000000	0.99259364358
3759.46219999436	731.99149391095	0.00000000000	0.99310508064
3761.38056914430	732.04278361185	0.00000000000	0.99362163682
3763.28774837573	732.09406393821	0.00000000000	0.99413523079
3765.17985072921	732.14522523880	0.00000000000	0.99464481468
3767.08616972377	732.19706022854	0.00000000000	0.99515827777
3768.98354938061	732.24894129830	0.00000000000	0.99566938314
3770.88900369963	732.30133430627	0.00000000000	0.99618271383
3772.95674832464	732.35852077431	0.00000000000	0.99673982245
3774.90000656679	732.41257942085	0.00000000000	0.99726344475
3776.82787680643	732.46651252459	0.00000000000	0.99778297210
3778.87037703184	732.52398215901	0.00000000000	0.99833344601
3780.75525772293	732.57731870571	0.00000000000	0.99884149074
3782.79697181649	732.63542102650	0.00000000000	0.99939186281
3785.05273100123	732.70001220703	0.00000000000	1.00000000000
