1	1.73398e-03	1.73398e-03	1.73398e-04	0.00000e+00	0.00000e+00
2	1.64676e-03	1.64676e-03	1.64676e-04	0.00000e+00	0.00000e+00
3	1.60477e-03	1.60477e-03	1.60477e-04	0.00000e+00	0.00000e+00
4	1.53028e-03	1.53028e-03	1.53028e-04	0.00000e+00	0.00000e+00
5	1.46741e-03	1.46741e-03	1.46741e-04	0.00000e+00	0.00000e+00
6	1.45974e-03	1.45974e-03	1.45974e-04	0.00000e+00	0.00000e+00
7	1.23914e-03	1.23914e-03	1.23914e-04	0.00000e+00	0.00000e+00
8	1.03256e-03	1.03256e-03	1.03256e-04	0.00000e+00	0.00000e+00
9	9.25646e-04	9.25646e-04	9.25646e-05	0.00000e+00	0.00000e+00
10	9.25584e-04	9.25584e-04	9.25584e-05	0.00000e+00	0.00000e+00
16	9.25323e-04	9.25323e-04	9.25323e-05	0.00000e+00	0.00000e+00
17	8.27151e-04	8.27151e-04	8.27151e-05	0.00000e+00	0.00000e+00
18	8.11807e-04	8.11807e-04	8.11807e-05	0.00000e+00	0.00000e+00
19	8.02275e-04	8.02275e-04	8.02275e-05	0.00000e+00	0.00000e+00
20	6.88504e-04	6.88504e-04	6.88504e-05	0.00000e+00	0.00000e+00
21	6.17830e-04	6.17830e-04	6.17830e-05	0.00000e+00	0.00000e+00
22	4.82269e-04	4.82269e-04	4.82269e-05	0.00000e+00	0.00000e+00
23	4.40173e-04	4.40173e-04	4.40173e-05	0.00000e+00	0.00000e+00
24	4.16568e-04	4.16568e-04	4.16568e-05	0.00000e+00	0.00000e+00
25	4.10628e-04	4.10628e-04	4.10628e-05	0.00000e+00	0.00000e+00
26	4.10325e-04	4.10325e-04	4.10325e-05	0.00000e+00	0.00000e+00
27	4.09537e-04	4.09537e-04	4.09537e-05	0.00000e+00	0.00000e+00
29	4.09404e-04	4.09404e-04	4.09404e-05	0.00000e+00	0.00000e+00
30	4.08960e-04	4.08960e-04	4.08960e-05	0.00000e+00	0.00000e+00
31	4.05831e-04	4.05831e-04	4.05831e-05	0.00000e+00	0.00000e+00
32	4.05664e-04	4.05664e-04	4.05664e-05	0.00000e+00	0.00000e+00
33	4.05126e-04	4.05126e-04	4.05126e-05	0.00000e+00	0.00000e+00
34	4.05030e-04	4.05030e-04	4.05030e-05	0.00000e+00	0.00000e+00
35	4.05005e-04	4.05005e-04	4.05005e-05	0.00000e+00	0.00000e+00
36	4.04909e-04	4.04909e-04	4.04909e-05	0.00000e+00	0.00000e+00
37	4.04878e-04	4.04878e-04	4.04878e-05	0.00000e+00	0.00000e+00
43	4.04877e-04	4.04877e-04	4.04877e-05	0.00000e+00	0.00000e+00
49	4.04875e-04	4.04875e-04	4.04875e-05	0.00000e+00	0.00000e+00
50	4.04874e-04	4.04874e-04	4.04874e-05	0.00000e+00	0.00000e+00
51	4.04867e-04	4.04867e-04	4.04867e-05	0.00000e+00	0.00000e+00
56	3.74354e-04	3.74354e-04	3.74354e-05	0.00000e+00	0.00000e+00
57	3.68554e-04	3.68554e-04	3.68554e-05	0.00000e+00	0.00000e+00
58	3.66791e-04	3.66791e-04	3.66791e-05	0.00000e+00	0.00000e+00
59	3.66185e-04	3.66185e-04	3.66185e-05	0.00000e+00	0.00000e+00
60	3.65942e-04	3.65942e-04	3.65942e-05	0.00000e+00	0.00000e+00
61	3.65840e-04	3.65840e-04	3.65840e-05	0.00000e+00	0.00000e+00
62	3.65817e-04	3.65817e-04	3.65817e-05	0.00000e+00	0.00000e+00
63	3.65804e-04	3.65804e-04	3.65804e-05	0.00000e+00	0.00000e+00
72	3.65569e-04	3.65569e-04	3.65569e-05	0.00000e+00	0.00000e+00
73	3.64939e-04	3.64939e-04	3.64939e-05	0.00000e+00	0.00000e+00
74	3.26612e-04	3.26612e-04	3.26612e-05	0.00000e+00	0.00000e+00
75	2.78277e-04	2.78277e-04	2.78277e-05	0.00000e+00	0.00000e+00
76	2.30714e-04	2.30714e-04	2.30714e-05	0.00000e+00	0.00000e+00
77	1.78065e-04	1.78065e-04	1.78065e-05	0.00000e+00	0.00000e+00
78	1.54202e-04	1.54202e-04	1.54202e-05	0.00000e+00	0.00000e+00
79	1.31658e-04	1.31658e-04	1.31658e-05	0.00000e+00	0.00000e+00
80	1.26148e-04	1.26148e-04	1.26148e-05	0.00000e+00	0.00000e+00
81	1.23502e-04	1.23502e-04	1.23502e-05	0.00000e+00	0.00000e+00
82	1.22143e-04	1.22143e-04	1.22143e-05	0.00000e+00	0.00000e+00
83	1.21895e-04	1.21895e-04	1.21895e-05	0.00000e+00	0.00000e+00
84	1.21690e-04	1.21690e-04	1.21690e-05	0.00000e+00	0.00000e+00
85	1.21501e-04	1.21501e-04	1.21501e-05	0.00000e+00	0.00000e+00
86	1.21357e-04	1.21357e-04	1.21357e-05	0.00000e+00	0.00000e+00
87	1.21292e-04	1.21292e-04	1.21292e-05	0.00000e+00	0.00000e+00
88	1.21256e-04	1.21256e-04	1.21256e-05	0.00000e+00	0.00000e+00
89	1.21226e-04	1.21226e-04	1.21226e-05	0.00000e+00	0.00000e+00
90	1.20818e-04	1.20818e-04	1.20818e-05	0.00000e+00	0.00000e+00
91	1.20489e-04	1.20489e-04	1.20489e-05	0.00000e+00	0.00000e+00
92	1.20247e-04	1.20247e-04	1.20247e-05	0.00000e+00	0.00000e+00
93	1.20245e-04	1.20245e-04	1.20245e-05	0.00000e+00	0.00000e+00
94	1.20240e-04	1.20240e-04	1.20240e-05	0.00000e+00	0.00000e+00
95	1.20240e-04	1.20240e-04	1.20240e-05	0.00000e+00	0.00000e+00
96	1.20238e-04	1.20238e-04	1.20238e-05	0.00000e+00	0.00000e+00
97	1.20237e-04	1.20237e-04	1.20237e-05	0.00000e+00	0.00000e+00
98	1.20237e-04	1.20237e-04	1.20237e-05	0.00000e+00	0.00000e+00
133	1.20132e-04	1.20132e-04	1.20132e-05	0.00000e+00	0.00000e+00
134	1.19494e-04	1.19494e-04	1.19494e-05	0.00000e+00	0.00000e+00
135	1.19294e-04	1.19294e-04	1.19294e-05	0.00000e+00	0.00000e+00
136	1.11924e-04	1.11924e-04	1.11924e-05	0.00000e+00	0.00000e+00
137	9.94589e-05	9.94589e-05	9.94589e-06	0.00000e+00	0.00000e+00
138	7.19731e-05	7.19731e-05	7.19731e-06	0.00000e+00	0.00000e+00
139	6.88329e-05	6.88329e-05	6.88329e-06	0.00000e+00	0.00000e+00
140	6.82093e-05	6.82093e-05	6.82093e-06	0.00000e+00	0.00000e+00
141	6.74336e-05	6.74336e-05	6.74336e-06	0.00000e+00	0.00000e+00
142	6.73739e-05	6.73739e-05	6.73739e-06	0.00000e+00	0.00000e+00
143	6.73261e-05	6.73261e-05	6.73261e-06	0.00000e+00	0.00000e+00
144	6.72911e-05	6.72911e-05	6.72911e-06	0.00000e+00	0.00000e+00
145	6.71867e-05	6.71867e-05	6.71867e-06	0.00000e+00	0.00000e+00
146	6.71256e-05	6.71256e-05	6.71256e-06	0.00000e+00	0.00000e+00
147	6.70603e-05	6.70603e-05	6.70603e-06	0.00000e+00	0.00000e+00
148	6.70263e-05	6.70263e-05	6.70263e-06	0.00000e+00	0.00000e+00
149	6.69755e-05	6.69755e-05	6.69755e-06	0.00000e+00	0.00000e+00
150	6.69514e-05	6.69514e-05	6.69514e-06	0.00000e+00	0.00000e+00
