0.00000000000 -1.0
0.00000000000 -1.0
0.00000000000 -1.0
0.00000000000 -1.0
0.00268435201 -1.0
0.00452251655 -1.0
0.00486892469 -1.0
0.00617038964 -1.0
0.00653534344 -1.0
0.00780530538 -1.0
0.00968147941 -1.0
0.01081082901 -1.0
0.01150303986 -1.0
0.01173681261 -1.0
0.01465705163 -1.0
0.02210948207 -1.0
0.02435777491 -1.0
0.02668970755 -1.0
0.03022673809 -1.0
0.03432132693 -1.0
0.03988141224 -1.0
0.05854362826 -1.0
0.06662324638 -1.0
0.07155306946 -1.0
0.08456134968 -1.0
0.12940372164 -1.0
0.13432972341 -1.0
0.13562284353 -1.0
0.13620432167 -1.0
0.13692618231 -1.0
0.14857273045 -1.0
0.14965303143 -1.0
0.15005926320 -1.0
0.15059599405 -1.0
0.15109986601 -1.0
0.15142359406 -1.0
0.16580200446 -1.0
0.17232235249 -1.0
0.17867803135 -1.0
0.17964066595 -1.0
0.19600826072 -1.0
0.19785367641 -1.0
0.20023196265 -1.0
0.20299958201 -1.0
0.21045272360 -1.0
0.21090408601 -1.0
0.21152826497 -1.0
0.21334875341 -1.0
0.21445400853 -1.0
0.21502104725 -1.0
0.21556403633 -1.0
0.25972520330 -1.0
0.32858049989 -1.0
0.33286190979 -1.0
0.34116430719 -1.0
0.40417944344 -1.0
0.40766393637 -1.0
0.42066618574 -1.0
0.48708761224 -1.0
0.49211130158 -1.0
0.50969181993 -1.0
0.51883888035 -1.0
0.52647706785 -1.0
0.54367737399 -1.0
0.54721260101 -1.0
0.56151998804 -1.0
0.57214706318 -1.0
0.64953071276 -1.0
0.65003408882 -1.0
0.66371562733 -1.0
0.68188379569 -1.0
0.68989571235 -1.0
0.71325371591 -1.0
0.71487822756 -1.0
0.71768185232 -1.0
0.76119403034 -1.0
0.76460340120 -1.0
0.77413951004 -1.0
0.79183510265 -1.0
0.79212941729 -1.0
0.79319156461 -1.0
0.82143713705 -1.0
0.82236128947 -1.0
0.82269667937 -1.0
0.83706196682 -1.0
0.88169725465 -1.0
0.88737765155 -1.0
0.89777355512 -1.0
0.90944597298 -1.0
0.92138859056 -1.0
0.92633407337 -1.0
0.94552391450 -1.0
0.94678287557 -1.0
0.95485922025 -1.0
0.96192555522 -1.0
1.00000000000 -1.0
1.00000000000 -1.0
1.00000000000 -1.0
1.00000000000 -1.0
