-0.00290949569	-0.01841596822	0.00000000000
-0.00291586795	-0.01842879061	0.00000000000
-0.00293074869	-0.01845984476	0.00000000000
-0.00303444610	-0.01862499007	0.00000000000
-0.00326199562	-0.01893662780	0.00000000000
-0.00377026106	-0.01935896756	0.00000000000
-0.00392100466	-0.01948670739	0.00000000000
-0.00419312821	-0.01996302442	0.00000000000
-0.00474050925	-0.02063199743	0.00000000000
-0.00580647382	-0.02117019014	0.00000000000
-0.00615686664	-0.02116046887	0.00000000000
-0.00657222572	-0.02125272932	0.00000000000
-0.00758944040	-0.02110008951	0.00000000000
-0.00793359796	-0.02109782122	0.00000000000
-0.00929293368	-0.02013638116	0.00000000000
-0.00958218659	-0.02004731880	0.00000000000
-0.01051627682	-0.01892718778	0.00000000000
-0.01079547064	-0.01875217335	0.00000000000
-0.01138770650	-0.01770853201	0.00000000000
-0.01175723625	-0.01703949331	0.00000000000
-0.01209216791	-0.01534459896	0.00000000000
-0.01191022548	-0.01425476923	0.00000000000
-0.01178985329	-0.01358657649	0.00000000000
-0.01118761550	-0.01223216146	0.00000000000
-0.01058582492	-0.01155450605	0.00000000000
-0.00988279117	-0.01095000752	0.00000000000
-0.00931003576	-0.01058114447	0.00000000000
-0.00858437626	-0.01018970856	0.00000000000
-0.00759744315	-0.00980684032	0.00000000000
-0.00622337100	-0.00942661944	0.00000000000
-0.00501054703	-0.00923471794	0.00000000000
-0.00439205361	-0.00893125803	0.00000000000
-0.00401781520	-0.00875968618	0.00000000000
-0.00365643790	-0.00857309080	0.00000000000
-0.00320077912	-0.00826866552	0.00000000000
-0.00260482689	-0.00784256682	0.00000000000
-0.00217360059	-0.00742444246	0.00000000000
-0.00187109041	-0.00718873990	0.00000000000
-0.00165359631	-0.00699599429	0.00000000000
-0.00149517816	-0.00687114851	0.00000000000
-0.00130316703	-0.00669470288	0.00000000000
-0.00100364556	-0.00653217847	0.00000000000
-0.00071289007	-0.00621173200	0.00000000000
-0.00063573092	-0.00601797881	0.00000000000
-0.00078627576	-0.00568570374	0.00000000000
-0.00110399483	-0.00548405559	0.00000000000
-0.00151455324	-0.00528709994	0.00000000000
-0.00190503420	-0.00516467713	0.00000000000
-0.00323122377	-0.00484913568	0.00000000000
-0.00427416958	-0.00487269640	0.00000000000
-0.00543150012	-0.00452845403	0.00000000000
-0.00564279315	-0.00446642800	0.00000000000
-0.00602029470	-0.00429837083	0.00000000000
-0.00640042664	-0.00414554754	0.00000000000
-0.00680197011	-0.00385339270	0.00000000000
-0.00718385741	-0.00359568947	0.00000000000
-0.00766982527	-0.00315143221	0.00000000000
-0.00822658536	-0.00255739334	0.00000000000
-0.00866675853	-0.00189151485	0.00000000000
-0.00892723655	-0.00128769108	0.00000000000
-0.00922755419	-0.00041949873	0.00000000000
-0.00908565495	0.00102323337	0.00000000000
-0.00872260576	0.00174421560	0.00000000000
-0.00839871349	0.00232046389	0.00000000000
-0.00806588414	0.00271033990	0.00000000000
-0.00773354195	0.00307716190	0.00000000000
-0.00720687469	0.00359484404	0.00000000000
-0.00522121539	0.00493323321	0.00000000000
-0.00361516614	0.00473100807	0.00000000000
-0.00163782546	0.00522851535	0.00000000000
-0.00110460670	0.00547959316	0.00000000000
-0.00077698033	0.00568033265	0.00000000000
-0.00065830547	0.00603660546	0.00000000000
-0.00065694849	0.00612505168	0.00000000000
-0.00082214958	0.00631860863	0.00000000000
-0.00091202266	0.00642214965	0.00000000000
-0.00111026640	0.00657987899	0.00000000000
-0.00123073334	0.00664674612	0.00000000000
-0.00158019200	0.00692743326	0.00000000000
-0.00213466688	0.00739339358	0.00000000000
-0.00276268282	0.00794601519	0.00000000000
-0.00352481133	0.00849226062	0.00000000000
-0.00435303575	0.00893290501	0.00000000000
-0.00536940802	0.00928497535	0.00000000000
-0.00622456991	0.00942366937	0.00000000000
-0.00755059494	0.00977626552	0.00000000000
-0.00868018491	0.01016018420	0.00000000000
-0.00973317516	0.01084563023	0.00000000000
-0.01006900671	0.01110486730	0.00000000000
-0.01045811624	0.01143886439	0.00000000000
-0.01075166003	0.01175863480	0.00000000000
-0.01135755298	0.01253291097	0.00000000000
-0.01181653838	0.01361975313	0.00000000000
-0.01192969797	0.01439864400	0.00000000000
-0.01212427583	0.01538344172	0.00000000000
-0.01178168036	0.01673397508	0.00000000000
-0.01156219154	0.01744404670	0.00000000000
-0.01106598432	0.01820830252	0.00000000000
-0.01079629885	0.01880558235	0.00000000000
-0.00985461676	0.01962555472	0.00000000000
-0.00940352761	0.02021253230	0.00000000000
-0.00831553342	0.02074718476	0.00000000000
-0.00770663798	0.02119024600	0.00000000000
-0.00707186361	0.02115215593	0.00000000000
-0.00641106743	0.02123578606	0.00000000000
-0.00593455487	0.02115964359	0.00000000000
-0.00563153582	0.02110734304	0.00000000000
-0.00537692404	0.02092940363	0.00000000000
-0.00515467353	0.02080531665	0.00000000000
-0.00445839134	0.02030514848	0.00000000000
-0.00409735959	0.01977716673	0.00000000000
-0.00385082635	0.01939968270	0.00000000000
-0.00370248605	0.01931787297	0.00000000000
-0.00358321905	0.01919895685	0.00000000000
-0.00327235652	0.01892314889	0.00000000000
-0.00305349409	0.01865321047	0.00000000000
-0.00295522888	0.01850026094	0.00000000000
-0.00292284754	0.01844247554	0.00000000000
-0.00291310359	0.01842368217	0.00000000000
-0.00290965338	0.01841599725	0.00000000000
