1	0.002340379358913
2	0.001623994470948
3	0.001365650521539
4	0.001110658756687
8	0.001005185651125
9	0.000738738617780
10	0.000615338529887
11	0.000498029082679
12	0.000412859069226
13	0.000328626120241
14	0.000241707755381
15	0.000188460732504
16	0.000153520138788
17	0.000136359893387
18	0.000130932739688
19	0.000120093485160
20	0.000104777128386
21	0.000100453392296
22	0.000094963965206
23	0.000093636524664
24	0.000092641229033
25	0.000087278921898
26	0.000085077204243
27	0.000080748475003
28	0.000079896195181
29	0.000078853961457
30	0.000073096622937
31	0.000065233489335
32	0.000064491404322
33	0.000061979019799
34	0.000052910109518
35	0.000051179534523
36	0.000044164508606
37	0.000042365071033
38	0.000036405969779
39	0.000034708848819
40	0.000033981327091
41	0.000033422521955
42	0.000027001279213
43	0.000025502620216
44	0.000020925288237
46	0.000020534071253
47	0.000017872058853
48	0.000017526375547
50	0.000016858777676
52	0.000015211191028
53	0.000013892351231
54	0.000013090989110
56	0.000012822786546
57	0.000011201558000
58	0.000010899444294
60	0.000010094080841
61	0.000009630940802
62	0.000008835260568
63	0.000008435282131
64	0.000008180028792
65	0.000008043808467
66	0.000007895241562
68	0.000007638690650
71	0.000007515876099
73	0.000007427049225
75	0.000007310453783
76	0.000007232292756
78	0.000007195984597
80	0.000007100085350
82	0.000006981344323
84	0.000006871438357
86	0.000006802145532
88	0.000006653489816
90	0.000006430292753
92	0.000006345761336
94	0.000005834115525
96	0.000005726491352
98	0.000005647511708
99	0.000005540095290
101	0.000005303190042
103	0.000005169583055
104	0.000005115295163
105	0.000004987650787
106	0.000004865210483
107	0.000004607528393
109	0.000004561389594
113	0.000004505505787
118	0.000004475258370
125	0.000004436901050
135	0.000004415960592
140	0.000004359057796
141	0.000004309637389
148	0.000004293744913
155	0.000004268375954
