-0.00290949569	-0.01841596822	0.00000000000	0.00000000000
-0.00290978761	-0.01841655620	0.00000000000	0.00015650209
-0.00291009914	-0.01841718466	0.00000000000	0.00031948775
-0.00291042887	-0.01841785068	0.00000000000	0.00048773449
-0.00291077743	-0.01841855534	0.00000000000	0.00066109552
-0.00291114622	-0.01841930122	0.00000000000	0.00083978520
-0.00291153657	-0.01842009078	0.00000000000	0.00102395381
-0.00291194981	-0.01842092634	0.00000000000	0.00121369560
-0.00291238733	-0.01842181034	0.00000000000	0.00140910047
-0.00291285069	-0.01842274547	0.00000000000	0.00161029330
-0.00291334172	-0.01842373487	0.00000000000	0.00181746445
-0.00291386255	-0.01842478225	0.00000000000	0.00203088028
-0.00291441562	-0.01842589179	0.00000000000	0.00225086143
-0.00291500354	-0.01842706793	0.00000000000	0.00247772335
-0.00291562899	-0.01842831509	0.00000000000	0.00271172933
-0.00291629466	-0.01842963759	0.00000000000	0.00295307405
-0.00291700329	-0.01843103970	0.00000000000	0.00320190921
-0.00291775785	-0.01843252596	0.00000000000	0.00345839122
-0.00291856158	-0.01843410128	0.00000000000	0.00372270216
-0.00291941807	-0.01843577104	0.00000000000	0.00399505704
-0.00292033126	-0.01843754106	0.00000000000	0.00427570043
-0.00292130544	-0.01843941765	0.00000000000	0.00456489723
-0.00292234529	-0.01844140755	0.00000000000	0.00486292367
-0.00292345587	-0.01844351792	0.00000000000	0.00517006587
-0.00292464265	-0.01844575639	0.00000000000	0.00548661635
-0.00292591156	-0.01844813107	0.00000000000	0.00581287460
-0.00292726902	-0.01845065058	0.00000000000	0.00614914791
-0.00292872197	-0.01845332412	0.00000000000	0.00649575247
-0.00293027795	-0.01845616147	0.00000000000	0.00685301436
-0.00293194515	-0.01845917305	0.00000000000	0.00722126993
-0.00293373243	-0.01846236999	0.00000000000	0.00760086674
-0.00293564945	-0.01846576417	0.00000000000	0.00799216908
-0.00293770668	-0.01846936821	0.00000000000	0.00839554395
-0.00293991547	-0.01847319560	0.00000000000	0.00881137521
-0.00294228826	-0.01847726085	0.00000000000	0.00924007268
-0.00294483846	-0.01848157927	0.00000000000	0.00968203934
-0.00294758073	-0.01848616734	0.00000000000	0.01013770735
-0.00295053088	-0.01849104251	0.00000000000	0.01060751814
-0.00295370328	-0.01849622168	0.00000000000	0.01109193421
-0.00295711027	-0.01850172076	0.00000000000	0.01159144088
-0.00296076433	-0.01850755589	0.00000000000	0.01210651514
-0.00296467845	-0.01851374392	0.00000000000	0.01263766254
-0.00296886626	-0.01852030261	0.00000000000	0.01318543970
-0.00297334191	-0.01852725029	0.00000000000	0.01375041109
-0.00297812367	-0.01853460778	0.00000000000	0.01433313432
-0.00298323505	-0.01854239920	0.00000000000	0.01493418254
-0.00298870211	-0.01855065073	0.00000000000	0.01555418857
-0.00299455346	-0.01855939060	0.00000000000	0.01619384278
-0.00300081950	-0.01856864771	0.00000000000	0.01685378430
-0.00300753318	-0.01857845250	0.00000000000	0.01753466563
-0.00301473139	-0.01858883884	0.00000000000	0.01823727305
-0.00302245421	-0.01859984240	0.00000000000	0.01896240294
-0.00303074439	-0.01861149981	0.00000000000	0.01971080283
-0.00303964875	-0.01862385019	0.00000000000	0.02048326761
-0.00304921948	-0.01863693660	0.00000000000	0.02128072270
-0.00305951312	-0.01865080411	0.00000000000	0.02210408603
-0.00307058992	-0.01866549857	0.00000000000	0.02295419949
-0.00308251711	-0.01868107044	0.00000000000	0.02383204889
-0.00309536920	-0.01869757458	0.00000000000	0.02473872831
-0.00310922729	-0.01871506856	0.00000000000	0.02567533920
-0.00312417953	-0.01873361268	0.00000000000	0.02664298445
-0.00314032202	-0.01875327035	0.00000000000	0.02764278420
-0.00315776047	-0.01877410929	0.00000000000	0.02867593206
-0.00317661340	-0.01879620432	0.00000000000	0.02974381660
-0.00319700968	-0.01881963334	0.00000000000	0.03084780583
-0.00321908860	-0.01884447638	0.00000000000	0.03198920647
-0.00324300117	-0.01887081612	0.00000000000	0.03316929136
-0.00326891705	-0.01889874423	0.00000000000	0.03438957717
-0.00329702621	-0.01892836128	0.00000000000	0.03565179047
-0.00332753331	-0.01895976907	0.00000000000	0.03695752456
-0.00336066197	-0.01899307360	0.00000000000	0.03830837736
-0.00339665913	-0.01902838770	0.00000000000	0.03970605069
-0.00343580185	-0.01906583529	0.00000000000	0.04115250526
-0.00347837976	-0.01910553245	0.00000000000	0.04264922477
-0.00352469384	-0.01914759106	0.00000000000	0.04419759972
-0.00357480779	-0.01919202194	0.00000000000	0.04579998267
-0.00362841366	-0.01923864795	0.00000000000	0.04745782631
-0.00368505996	-0.01928720723	0.00000000000	0.04917191178
-0.00374422390	-0.01933741518	0.00000000000	0.05094464260
-0.00380522073	-0.01938889156	0.00000000000	0.05277781520
-0.00386717785	-0.01944114568	0.00000000000	0.05467246576
-0.00389563471	-0.01946538513	0.00000000000	0.05556608600
-0.00393118613	-0.01950571858	0.00000000000	0.05693168068
-0.00396252537	-0.01955820837	0.00000000000	0.05851100627
-0.00399644492	-0.01961392058	0.00000000000	0.06013499798
-0.00403381235	-0.01967266050	0.00000000000	0.06180459446
-0.00407493694	-0.01973447207	0.00000000000	0.06352145033
-0.00412018161	-0.01979942228	0.00000000000	0.06528823232
-0.00416994192	-0.01986755881	0.00000000000	0.06710747996
-0.00422464778	-0.01993890538	0.00000000000	0.06898159427
-0.00428472976	-0.02001341415	0.00000000000	0.07091172758
-0.00435070571	-0.02009106902	0.00000000000	0.07290059307
-0.00442303538	-0.02017170519	0.00000000000	0.07494793673
-0.00450250050	-0.02025542075	0.00000000000	0.07706111772
-0.00459004383	-0.02034232924	0.00000000000	0.07924890489
-0.00468635896	-0.02043214768	0.00000000000	0.08151144013
-0.00479241009	-0.02052471700	0.00000000000	0.08385362007
-0.00490932575	-0.02061984562	0.00000000000	0.08628148778
-0.00503841025	-0.02071727811	0.00000000000	0.08880189470
-0.00518118760	-0.02081668300	0.00000000000	0.09142277987
-0.00533946594	-0.02091763916	0.00000000000	0.09415361761
-0.00551542873	-0.02101961623	0.00000000000	0.09700602436
-0.00571412628	-0.02111877831	0.00000000000	0.09999433513
-0.00574771321	-0.02112998507	0.00000000000	0.10044557654
-0.00602715820	-0.02116761960	0.00000000000	0.10374352049
-0.00632253957	-0.02119658271	0.00000000000	0.10732056377
-0.00670138600	-0.02120916733	0.00000000000	0.11119534661
-0.00723369163	-0.02115645194	0.00000000000	0.11545538542
-0.00770065351	-0.02109994558	0.00000000000	0.12019889945
-0.00785774284	-0.02106026106	0.00000000000	0.12216566660
-0.00852853997	-0.02067380889	0.00000000000	0.12760127367
-0.00931460273	-0.02015765064	0.00000000000	0.13381749801
-0.00955906842	-0.01998754263	0.00000000000	0.13707537508
-0.00999197156	-0.01954876221	0.00000000000	0.14197798502
-0.01051541597	-0.01897403643	0.00000000000	0.14750965823
-0.01074619673	-0.01873986373	0.00000000000	0.15116974138
-0.01104246142	-0.01831025050	0.00000000000	0.15555359010
-0.01143650542	-0.01761231732	0.00000000000	0.16138176103
-0.01158136801	-0.01731191912	0.00000000000	0.16433247456
-0.01182200737	-0.01656380687	0.00000000000	0.17020837370
-0.01199283096	-0.01556204996	0.00000000000	0.17634488604
-0.01197988003	-0.01469559618	0.00000000000	0.18221526204
-0.01188301700	-0.01411664680	0.00000000000	0.18716513047
-0.01181576935	-0.01380873120	0.00000000000	0.19003585591
-0.01159553086	-0.01316424504	0.00000000000	0.19569964125
-0.01153265224	-0.01302100008	0.00000000000	0.19690197820
-0.01122662621	-0.01243201838	0.00000000000	0.20230060188
-0.01115333968	-0.01231285550	0.00000000000	0.20356252801
-0.01087454588	-0.01192088169	0.00000000000	0.20826713790
-0.01066609104	-0.01167781884	0.00000000000	0.21166949633
-0.01047810096	-0.01148424778	0.00000000000	0.21464318783
-0.01019782137	-0.01122448960	0.00000000000	0.21890021335
-0.00997025979	-0.01103488426	0.00000000000	0.22219270556
-0.00979709694	-0.01090506386	0.00000000000	0.22459706023
-0.00950393353	-0.01070948039	0.00000000000	0.22853401683
-0.00921702922	-0.01053757370	0.00000000000	0.23235518408
-0.00899301331	-0.01041371459	0.00000000000	0.23535047841
-0.00882582464	-0.01032728830	0.00000000000	0.23757720274
-0.00854844537	-0.01019512098	0.00000000000	0.24122601397
-0.00827272848	-0.01007633203	0.00000000000	0.24479637730
-0.00799986921	-0.00996926527	0.00000000000	0.24830226729
-0.00773128256	-0.00987263243	0.00000000000	0.25175293679
-0.00757239207	-0.00981908570	0.00000000000	0.25380441865
-0.00736464027	-0.00975287095	0.00000000000	0.25650054780
-0.00710817329	-0.00967692645	0.00000000000	0.25983849521
-0.00685477700	-0.00960791098	0.00000000000	0.26313112911
-0.00660334174	-0.00954495191	0.00000000000	0.26637685896
-0.00635265784	-0.00948713729	0.00000000000	0.26957774269
-0.00610286963	-0.00943294816	0.00000000000	0.27274189009
-0.00585614744	-0.00938049269	0.00000000000	0.27587272856
-0.00561452236	-0.00932795659	0.00000000000	0.27897451054
-0.00537961816	-0.00927354773	0.00000000000	0.28205534809
-0.00515319416	-0.00921556603	0.00000000000	0.28512092603
-0.00495551150	-0.00915813287	0.00000000000	0.28790903210
-0.00486905399	-0.00913030997	0.00000000000	0.28917159644
-0.00466873304	-0.00905732777	0.00000000000	0.29223045161
-0.00447979006	-0.00897411839	0.00000000000	0.29530353429
-0.00425000795	-0.00886611930	0.00000000000	0.29838267494
-0.00400711525	-0.00875111759	0.00000000000	0.30147214285
-0.00381344933	-0.00865083889	0.00000000000	0.30457894977
-0.00365131943	-0.00855739853	0.00000000000	0.30735210885
-0.00356665158	-0.00850553885	0.00000000000	0.30875917447
-0.00337578523	-0.00838272805	0.00000000000	0.31185078320
-0.00317987081	-0.00825020827	0.00000000000	0.31495599046
-0.00298193766	-0.00811150194	0.00000000000	0.31807488368
-0.00278733136	-0.00796733903	0.00000000000	0.32118118289
-0.00276212716	-0.00794768080	0.00000000000	0.32159008461
-0.00257699127	-0.00779556788	0.00000000000	0.32466258867
-0.00240035617	-0.00764113504	0.00000000000	0.32773819060
-0.00223399161	-0.00749237915	0.00000000000	0.33081519377
-0.00210672959	-0.00738047884	0.00000000000	0.33333279083
-0.00202829879	-0.00731426776	0.00000000000	0.33497652106
-0.00189284958	-0.00720311700	0.00000000000	0.33781802116
-0.00173800782	-0.00707094996	0.00000000000	0.34063565107
-0.00157240157	-0.00693201573	0.00000000000	0.34342825763
-0.00143499327	-0.00681613706	0.00000000000	0.34619465619
-0.00133708056	-0.00673590345	0.00000000000	0.34846079223
-0.00127352024	-0.00668985030	0.00000000000	0.34987001785
-0.00115696708	-0.00660953038	0.00000000000	0.35235521394
-0.00103833217	-0.00652328848	0.00000000000	0.35480596035
-0.00091980876	-0.00642236720	0.00000000000	0.35722923208
-0.00080867157	-0.00630802695	0.00000000000	0.35964724004
-0.00071827174	-0.00619141450	0.00000000000	0.36208730635
-0.00066740747	-0.00608844595	0.00000000000	0.36440314708
-0.00066642608	-0.00602043333	0.00000000000	0.36563039126
-0.00078319535	-0.00574936794	0.00000000000	0.36924425624
-0.00090364418	-0.00561797707	0.00000000000	0.37140308342
-0.00117170099	-0.00545815681	0.00000000000	0.37521184381
-0.00143936907	-0.00533192050	0.00000000000	0.37839042354
-0.00177976008	-0.00520523847	0.00000000000	0.38227552895
-0.00206782566	-0.00512629134	0.00000000000	0.38574843322
-0.00222891496	-0.00508979017	0.00000000000	0.38779390614
-0.00250001942	-0.00503482787	0.00000000000	0.39134004567
-0.00274509464	-0.00499142524	0.00000000000	0.39465413287
-0.00285375638	-0.00497388527	0.00000000000	0.39615549879
-0.00304534790	-0.00494516583	0.00000000000	0.39884843956
-0.00325327895	-0.00491662302	0.00000000000	0.40183316101
-0.00345224832	-0.00489111835	0.00000000000	0.40474395831
-0.00364363352	-0.00486745624	0.00000000000	0.40758755678
-0.00371330871	-0.00485888953	0.00000000000	0.40863197016
-0.00388343604	-0.00483770929	0.00000000000	0.41119924403
-0.00406494588	-0.00481411019	0.00000000000	0.41395922997
-0.00424507120	-0.00478889055	0.00000000000	0.41671154957
-0.00442479669	-0.00476115238	0.00000000000	0.41946257627
-0.00460488155	-0.00473001717	0.00000000000	0.42221531121
-0.00468220131	-0.00471544293	0.00000000000	0.42339391363
-0.00484737445	-0.00468155719	0.00000000000	0.42590105961
-0.00503403906	-0.00463826492	0.00000000000	0.42871068720
-0.00522598997	-0.00458771313	0.00000000000	0.43156644210
-0.00542291648	-0.00453109989	0.00000000000	0.43447728284
-0.00561917519	-0.00447161166	0.00000000000	0.43737928858
-0.00566588146	-0.00445428641	0.00000000000	0.43804163881
-0.00589435714	-0.00435569353	0.00000000000	0.44117681777
-0.00612166260	-0.00425522265	0.00000000000	0.44439612936
-0.00634923877	-0.00414433888	0.00000000000	0.44772553806
-0.00647818767	-0.00407252913	0.00000000000	0.44965002197
-0.00667851640	-0.00394243673	0.00000000000	0.45267502640
-0.00693250128	-0.00376472441	0.00000000000	0.45643402443
-0.00713883860	-0.00361296226	0.00000000000	0.45947100322
-0.00730797847	-0.00347339684	0.00000000000	0.46203874048
-0.00757738844	-0.00322615196	0.00000000000	0.46623783378
-0.00775360543	-0.00305174337	0.00000000000	0.46902025608
-0.00796290632	-0.00283057787	0.00000000000	0.47233591368
-0.00824670772	-0.00249178109	0.00000000000	0.47684346648
-0.00832314407	-0.00239036433	0.00000000000	0.47805911532
-0.00861052777	-0.00195443909	0.00000000000	0.48287518088
-0.00876686156	-0.00165284940	0.00000000000	0.48609122257
-0.00897115076	-0.00113910943	0.00000000000	0.49118801244
-0.00906704964	-0.00081130841	0.00000000000	0.49402021027
-0.00915170569	-0.00001570338	0.00000000000	0.49989518236
-0.00906342722	0.00081662897	0.00000000000	0.50577051475
-0.00897681074	0.00115065727	0.00000000000	0.50856342608
-0.00876590242	0.00164856057	0.00000000000	0.51368294164
-0.00860959066	0.00194001275	0.00000000000	0.51685949764
-0.00832773307	0.00238885532	0.00000000000	0.52170435558
-0.00825554707	0.00248352862	0.00000000000	0.52277246380
-0.00795482510	0.00283210907	0.00000000000	0.52727450546
-0.00775063204	0.00305040976	0.00000000000	0.53065106030
-0.00758483946	0.00321749765	0.00000000000	0.53336456007
-0.00732071543	0.00346147912	0.00000000000	0.53755728714
-0.00714605177	0.00360664823	0.00000000000	0.54021536877
-0.00694649344	0.00375781009	0.00000000000	0.54315369377
-0.00668618422	0.00393491347	0.00000000000	0.54689907027
-0.00646552134	0.00406921737	0.00000000000	0.55005299957
-0.00634556147	0.00413647867	0.00000000000	0.55177726899
-0.00611635138	0.00425403220	0.00000000000	0.55510578610
-0.00589704377	0.00435349338	0.00000000000	0.55832802678
-0.00568524411	0.00443809701	0.00000000000	0.56146926131
-0.00561391156	0.00446418344	0.00000000000	0.56253267281
-0.00542766377	0.00452689546	0.00000000000	0.56531979566
-0.00523435930	0.00458424891	0.00000000000	0.56822497644
-0.00504492617	0.00463351966	0.00000000000	0.57107948148
-0.00485808348	0.00467613861	0.00000000000	0.57389744509
-0.00468358642	0.00471126557	0.00000000000	0.57652725904
-0.00462486501	0.00472218832	0.00000000000	0.57741112377
-0.00444204384	0.00475368227	0.00000000000	0.58015715017
-0.00425813684	0.00478213039	0.00000000000	0.58290737543
-0.00407332415	0.00480824266	0.00000000000	0.58565474881
-0.00388702214	0.00483284794	0.00000000000	0.58840363326
-0.00370205226	0.00485633842	0.00000000000	0.59110869941
-0.00366283365	0.00486126887	0.00000000000	0.59167883116
-0.00346615618	0.00488609189	0.00000000000	0.59451837335
-0.00326207166	0.00491265207	0.00000000000	0.59742764495
-0.00305004007	0.00494199618	0.00000000000	0.60040657552
-0.00284545542	0.00497278235	0.00000000000	0.60323589591
-0.00275869609	0.00498674163	0.00000000000	0.60442183475
-0.00251362544	0.00502959834	0.00000000000	0.60772549816
-0.00224564536	0.00508310315	0.00000000000	0.61125759910
-0.00206955908	0.00512260242	0.00000000000	0.61353084171
-0.00180506129	0.00519369568	0.00000000000	0.61682191600
-0.00145228437	0.00532369762	0.00000000000	0.62085957299
-0.00119297180	0.00544373172	0.00000000000	0.62379260079
-0.00089827607	0.00561474033	0.00000000000	0.62779097947
-0.00077925755	0.00575693413	0.00000000000	0.63002774443
-0.00066964137	0.00602797137	0.00000000000	0.63361712423
-0.00065953075	0.00608326584	0.00000000000	0.63477499303
-0.00071206811	0.00618785583	0.00000000000	0.63710180711
-0.00082139486	0.00631687676	0.00000000000	0.63953736040
-0.00091518114	0.00641591109	0.00000000000	0.64195142258
-0.00103503534	0.00651918825	0.00000000000	0.64437213020
-0.00115950184	0.00660690276	0.00000000000	0.64682140641
-0.00126999689	0.00668082707	0.00000000000	0.64930548501
-0.00134408242	0.00673814957	0.00000000000	0.65086354738
-0.00144938538	0.00682340113	0.00000000000	0.65301061911
-0.00158731867	0.00693659850	0.00000000000	0.65577464035
-0.00172895363	0.00705426788	0.00000000000	0.65856484941
-0.00187418574	0.00717631101	0.00000000000	0.66138141679
-0.00202273062	0.00730247408	0.00000000000	0.66422126928
-0.00212054886	0.00738624137	0.00000000000	0.66607123656
-0.00224547773	0.00749394735	0.00000000000	0.66841309382
-0.00241139925	0.00763716304	0.00000000000	0.67148622068
-0.00257984777	0.00778043244	0.00000000000	0.67455688785
-0.00275132845	0.00792164616	0.00000000000	0.67762605415
-0.00281713665	0.00797412917	0.00000000000	0.67878766038
-0.00298380771	0.00810183256	0.00000000000	0.68168705107
-0.00316764013	0.00823364122	0.00000000000	0.68480310373
-0.00335698217	0.00836010542	0.00000000000	0.68790577869
-0.00355197590	0.00848147563	0.00000000000	0.69099648843
-0.00367543661	0.00855408909	0.00000000000	0.69291121523
-0.00383492828	0.00864335858	0.00000000000	0.69534799402
-0.00404098439	0.00875149295	0.00000000000	0.69845173972
-0.00424807691	0.00885229903	0.00000000000	0.70154041598
-0.00445518607	0.00894535145	0.00000000000	0.70461827476
-0.00466136054	0.00903019621	0.00000000000	0.70768880848
-0.00486721505	0.00910662029	0.00000000000	0.71074855956
-0.00502799418	0.00916015888	0.00000000000	0.71310757666
-0.00516304050	0.00920089204	0.00000000000	0.71505367647
-0.00538214152	0.00925901318	0.00000000000	0.71812077161
-0.00561032373	0.00931145309	0.00000000000	0.72120153801
-0.00584695404	0.00936116118	0.00000000000	0.72430503598
-0.00609120202	0.00941121109	0.00000000000	0.72743884584
-0.00634209475	0.00946482931	0.00000000000	0.73060925527
-0.00659787146	0.00952518655	0.00000000000	0.73381375583
-0.00685731171	0.00959297693	0.00000000000	0.73705862194
-0.00711902817	0.00966610761	0.00000000000	0.74034967083
-0.00738203673	0.00974401896	0.00000000000	0.74368531859
-0.00762967144	0.00982260271	0.00000000000	0.74684869581
-0.00772438548	0.00985425347	0.00000000000	0.74806360941
-0.00799293793	0.00994957082	0.00000000000	0.75152078838
-0.00826422057	0.01005543365	0.00000000000	0.75502744562
-0.00853951625	0.01017427082	0.00000000000	0.75859483698
-0.00882087454	0.01030920044	0.00000000000	0.76224365780
-0.00901573725	0.01041145274	0.00000000000	0.76476900595
-0.00922873713	0.01053209417	0.00000000000	0.76752642540
-0.00951939651	0.01071173540	0.00000000000	0.77135857337
-0.00979774298	0.01090100461	0.00000000000	0.77530508425
-0.00995593175	0.01101818508	0.00000000000	0.77778945643
-0.01018615383	0.01120650016	0.00000000000	0.78102413417
-0.01049629069	0.01149048671	0.00000000000	0.78528117522
-0.01067138926	0.01167753319	0.00000000000	0.78830458926
-0.01086455285	0.01190839475	0.00000000000	0.79165850264
-0.01115802166	0.01231343780	0.00000000000	0.79639804669
-0.01122560966	0.01242134475	0.00000000000	0.79749808530
-0.01153259726	0.01300986352	0.00000000000	0.80290060703
-0.01159864216	0.01316260639	0.00000000000	0.80422461087
-0.01182034273	0.01380955799	0.00000000000	0.80989222487
-0.01188303147	0.01409517367	0.00000000000	0.81259050298
-0.01198223402	0.01468399671	0.00000000000	0.81764151626
-0.01200140699	0.01557361586	0.00000000000	0.82350963286
-0.01181729204	0.01655529687	0.00000000000	0.82964588330
-0.01159496771	0.01730419844	0.00000000000	0.83556205619
-0.01142396739	0.01764561812	0.00000000000	0.83843327043
-0.01102953468	0.01830838661	0.00000000000	0.84428514776
-0.01078551368	0.01869357964	0.00000000000	0.84863932432
-0.01048948988	0.01903521285	0.00000000000	0.85235337813
-0.00996122432	0.01955929081	0.00000000000	0.85789857368
-0.00959946866	0.01994756537	0.00000000000	0.86274551208
-0.00930217137	0.02019726605	0.00000000000	0.86609333321
-0.00848680263	0.02068211042	0.00000000000	0.87228441606
-0.00789814256	0.02103639323	0.00000000000	0.87769869536
-0.00770760385	0.02111321020	0.00000000000	0.87969676576
-0.00718734699	0.02116980113	0.00000000000	0.88444175567
-0.00672038969	0.02119583525	0.00000000000	0.88870287020
-0.00632961185	0.02120524437	0.00000000000	0.89257830189
-0.00600314945	0.02116945495	0.00000000000	0.89615415081
-0.00575338720	0.02112631101	0.00000000000	0.89942822953
-0.00571386072	0.02111660398	0.00000000000	0.90001038662
-0.00552077718	0.02102859372	0.00000000000	0.90299816471
-0.00534306271	0.02091456651	0.00000000000	0.90585008801
-0.00517989398	0.02081491113	0.00000000000	0.90858036362
-0.00503422461	0.02071828819	0.00000000000	0.91120057098
-0.00490474616	0.02062120580	0.00000000000	0.91372029587
-0.00478818436	0.02052596965	0.00000000000	0.91614757865
-0.00468292939	0.02043304751	0.00000000000	0.91848929377
-0.00458765576	0.02034274018	0.00000000000	0.92075143759
-0.00450123612	0.02025529592	0.00000000000	0.92293888725
-0.00442282182	0.02017105131	0.00000000000	0.92505228958
-0.00435138155	0.02008996974	0.00000000000	0.92709994900
-0.00428605520	0.02001201417	0.00000000000	0.92908889760
-0.00422631010	0.01993739486	0.00000000000	0.93101874517
-0.00417157006	0.01986616337	0.00000000000	0.93289209408
-0.00412134332	0.01979837444	0.00000000000	0.93471055543
-0.00407516511	0.01973402415	0.00000000000	0.93647650495
-0.00403259226	0.01967304881	0.00000000000	0.93819334176
-0.00399326659	0.01961542639	0.00000000000	0.93986279363
-0.00395687161	0.01956112842	0.00000000000	0.94148624001
-0.00392311116	0.01951009604	0.00000000000	0.94306550268
-0.00389529377	0.01946800856	0.00000000000	0.94441485654
-0.00387455932	0.01943994736	0.00000000000	0.94534695572
-0.00381665638	0.01938636927	0.00000000000	0.94724155488
-0.00374379650	0.01933713805	0.00000000000	0.94907463840
-0.00367682214	0.01928768604	0.00000000000	0.95084723650
-0.00362147677	0.01923764121	0.00000000000	0.95256117497
-0.00357116092	0.01918995153	0.00000000000	0.95421765461
-0.00352301642	0.01914566139	0.00000000000	0.95581892115
-0.00347758447	0.01910423870	0.00000000000	0.95736685562
-0.00343540708	0.01906519602	0.00000000000	0.95886255829
-0.00339656345	0.01902825489	0.00000000000	0.96030771369
-0.00336077509	0.01899330102	0.00000000000	0.96170452522
-0.00332778210	0.01896023706	0.00000000000	0.96305486430
-0.00329735555	0.01892897673	0.00000000000	0.96436020000
-0.00326928386	0.01889943367	0.00000000000	0.96562205088
-0.00324337150	0.01887152182	0.00000000000	0.96684198916
-0.00321943950	0.01884515766	0.00000000000	0.96802155873
-0.00319732370	0.01882025998	0.00000000000	0.96916229430
-0.00317687373	0.01879675023	0.00000000000	0.97026571023
-0.00315795420	0.01877455545	0.00000000000	0.97133316700
-0.00314044223	0.01875360687	0.00000000000	0.97236592408
-0.00312422377	0.01873383678	0.00000000000	0.97336529759
-0.00310919463	0.01871518069	0.00000000000	0.97433255295
-0.00309526139	0.01869757958	0.00000000000	0.97526878665
-0.00308233671	0.01868097496	0.00000000000	0.97617517512
-0.00307034118	0.01866531194	0.00000000000	0.97705281664
-0.00305920443	0.01865054159	0.00000000000	0.97790258243
-0.00304885907	0.01863661358	0.00000000000	0.97872552840
-0.00303924286	0.01862347957	0.00000000000	0.97952271353
-0.00303030132	0.01861109733	0.00000000000	0.98029493977
-0.00302198367	0.01859942572	0.00000000000	0.98104303695
-0.00301424302	0.01858842336	0.00000000000	0.98176788362
-0.00300703735	0.01857805083	0.00000000000	0.98247028018
-0.00300032838	0.01856827177	0.00000000000	0.98315094664
-0.00299408013	0.01855905107	0.00000000000	0.98381063873
-0.00298825950	0.01855035591	0.00000000000	0.98445007319
-0.00298283648	0.01854215633	0.00000000000	0.98506987240
-0.00297778253	0.01853442294	0.00000000000	0.98567072759
-0.00297307156	0.01852712860	0.00000000000	0.98625326656
-0.00296867980	0.01852024837	0.00000000000	0.98681804778
-0.00296458478	0.01851375806	0.00000000000	0.98736566610
-0.00296076594	0.01850763531	0.00000000000	0.98789666116
-0.00295720412	0.01850185894	0.00000000000	0.98841156727
-0.00295388141	0.01849640875	0.00000000000	0.98891092147
-0.00295078151	0.01849126625	0.00000000000	0.98939519449
-0.00294788911	0.01848641375	0.00000000000	0.98986486728
-0.00294518999	0.01848183461	0.00000000000	0.99032040277
-0.00294267045	0.01847751377	0.00000000000	0.99076224259
-0.00294031725	0.01847343741	0.00000000000	0.99119081835
-0.00293811829	0.01846959255	0.00000000000	0.99160653256
-0.00293606228	0.01846596667	0.00000000000	0.99200979518
-0.00293413889	0.01846254798	0.00000000000	0.99240098976
-0.00293233861	0.01845932532	0.00000000000	0.99278048312
-0.00293065263	0.01845628802	0.00000000000	0.99314863936
-0.00292907283	0.01845342598	0.00000000000	0.99350580578
-0.00292759174	0.01845072960	0.00000000000	0.99385231865
-0.00292620285	0.01844818944	0.00000000000	0.99418850386
-0.00292490055	0.01844579626	0.00000000000	0.99451467746
-0.00292367954	0.01844354135	0.00000000000	0.99483114660
-0.00292253485	0.01844141652	0.00000000000	0.99513821065
-0.00292146181	0.01843941407	0.00000000000	0.99543616203
-0.00292045602	0.01843752673	0.00000000000	0.99572528647
-0.00291951337	0.01843574769	0.00000000000	0.99600586081
-0.00291862999	0.01843407056	0.00000000000	0.99627814893
-0.00291780229	0.01843248943	0.00000000000	0.99654239528
-0.00291702696	0.01843099883	0.00000000000	0.99679881507
-0.00291630096	0.01842959379	0.00000000000	0.99704758927
-0.00291562148	0.01842826968	0.00000000000	0.99728887437
-0.00291498583	0.01842702214	0.00000000000	0.99752282232
-0.00291439136	0.01842584677	0.00000000000	0.99774962845
-0.00291383539	0.01842473906	0.00000000000	0.99796955682
-0.00291331526	0.01842369452	0.00000000000	0.99818292330
-0.00291282848	0.01842270887	0.00000000000	0.99839004827
-0.00291237284	0.01842177837	0.00000000000	0.99859119737
-0.00291194643	0.01842089980	0.00000000000	0.99878656023
-0.00291154757	0.01842007042	0.00000000000	0.99897626126
-0.00291117474	0.01841928773	0.00000000000	0.99916039017
-0.00291082649	0.01841854935	0.00000000000	0.99933904123
-0.00291050130	0.01841785275	0.00000000000	0.99951236472
-0.00291019764	0.01841719530	0.00000000000	0.99968057514
-0.00290991470	0.01841657588	0.00000000000	0.99984352689
-0.00290965338	0.01841599725	0.00000000000	1.00000000000
