-161.05240075734	719.09997558594	0.00000000000
-111.56993415594	719.74936772663	0.00000000000
-58.73151582045	717.58458518299	0.00000000000
-5.18684009837	722.18162171860	0.00000000000
-1.42506654725	734.58714266551	0.00000000000
2.61994384765	728.70764288680	0.00000000000
5.63012581649	724.32556693940	0.00000000000
11.03130790177	721.31385318106	0.00000000000
28.18054999828	719.57626577790	0.00000000000
46.75335766339	721.47335531390	0.00000000000
73.39268612304	716.70620992441	0.00000000000
83.22285664922	752.61253186959	0.00000000000
111.45426245236	744.34246420108	0.00000000000
142.46715727479	751.18536213384	0.00000000000
177.55023448289	747.63672721146	0.00000000000
197.14796591267	751.45923030534	0.00000000000
265.39832934300	741.00214391273	0.00000000000
342.48865884260	744.57814903514	0.00000000000
422.73013987489	750.16943568425	0.00000000000
445.72056803809	760.48540880343	0.00000000000
452.57376985332	794.54014266586	0.00000000000
462.22398292988	801.98591130406	0.00000000000
474.38483837105	750.58108605670	0.00000000000
518.65912086416	739.88579965784	0.00000000000
550.08583274519	773.58313197983	0.00000000000
569.43165719591	797.39030581862	0.00000000000
584.26071796752	784.08411957249	0.00000000000
599.21820027941	769.54251233974	0.00000000000
618.91494926862	756.29957430013	0.00000000000
633.49788595085	752.35474277995	0.00000000000
768.37428930284	742.36264071234	0.00000000000
913.67251596874	753.84832021756	0.00000000000
1066.74787736222	749.88048575042	0.00000000000
1118.33767304320	754.29494782247	0.00000000000
1212.83962759094	752.67714224394	0.00000000000
1347.38383916585	748.89632093051	0.00000000000
1515.98144330940	751.20176066190	0.00000000000
1746.42028039516	749.75054226377	0.00000000000
2246.35657327116	747.96069952618	0.00000000000
2893.89891012595	746.06827813980	0.00000000000
3456.99950463915	744.19864455998	0.00000000000
3729.58307097743	748.63273495105	0.00000000000
3785.05273100123	750.59997558594	0.00000000000
