-161.05240075734	719.09997558594	0.00000000000	0.00000000000
-157.92033509839	719.13759789561	0.00000000000	0.00066163793
-154.79564314284	719.16850694239	0.00000000000	0.00132182764
-151.67199522683	719.19326322162	0.00000000000	0.00198190852
-148.54305659832	719.21237688529	0.00000000000	0.00264322190
-145.41914628095	719.22625629062	0.00000000000	0.00330358931
-142.29235139523	719.23541491673	0.00000000000	0.00396468582
-139.17060844285	719.24030655524	0.00000000000	0.00462483577
-136.03341117702	719.24141843900	0.00000000000	0.00528837870
-132.91387827194	719.23921649228	0.00000000000	0.00594831211
-129.77033639850	719.23414058274	0.00000000000	0.00661345484
-126.65306142120	719.22674968646	0.00000000000	0.00727317136
-123.52742702434	719.21745748518	0.00000000000	0.00793479112
-120.40847850811	719.20678108844	0.00000000000	0.00859513199
-117.29705836027	719.19520490788	0.00000000000	0.00925401717
-114.13772284175	719.18298920710	0.00000000000	0.00992319288
-111.00969650121	719.17091887439	0.00000000000	0.01058588234
-107.90185330083	719.15942598263	0.00000000000	0.01124444160
-104.78331129039	719.14886912835	0.00000000000	0.01190541646
-101.65031446289	719.13972755902	0.00000000000	0.01256960737
-98.54613898446	719.13259260916	0.00000000000	0.01322784130
-95.43128536764	719.12783250238	0.00000000000	0.01388849524
-92.32721176240	719.12595335836	0.00000000000	0.01454702046
-89.20778356022	719.12742333851	0.00000000000	0.01520896427
-86.08962972739	719.13273680790	0.00000000000	0.01587080165
-82.98938707851	719.14230580099	0.00000000000	0.01652900242
-79.89044038798	719.15661567320	0.00000000000	0.01718709507
-76.77616700388	719.17625333689	0.00000000000	0.01784861329
-73.67984900412	719.20147781035	0.00000000000	0.01850648979
-70.58087380811	719.23289039981	0.00000000000	0.01916510541
-67.47768303438	719.27100448259	0.00000000000	0.01982479447
-64.35003205481	719.31664681770	0.00000000000	0.02048986574
-61.19931719599	719.37045890653	0.00000000000	0.02116002912
-58.10977934150	719.43134472419	0.00000000000	0.02181736562
-55.00496588605	719.50111300665	0.00000000000	0.02247813992
-51.92061179818	719.57941595318	0.00000000000	0.02313474890
-48.83126641368	719.66730924232	0.00000000000	0.02379261174
-45.74732830593	719.76497132794	0.00000000000	0.02444951663
-42.66481558041	719.87297169691	0.00000000000	0.02510631368
-39.58614397337	719.99167491350	0.00000000000	0.02576249022
-36.50651327248	720.12172736239	0.00000000000	0.02641907163
-33.43154846176	720.26334724303	0.00000000000	0.02707486089
-30.34527840952	720.41778813233	0.00000000000	0.02773326735
-27.27005563963	720.58441204568	0.00000000000	0.02838952508
-24.19632016496	720.76413800552	0.00000000000	0.02904567551
-21.12649118137	720.95726794705	0.00000000000	0.02970120425
-18.05576521753	721.16456289005	0.00000000000	0.03035713932
-14.91234409266	721.39188194257	0.00000000000	0.03102882796
-11.85001953695	721.64503849644	0.00000000000	0.03168403280
-8.57383717679	722.43966813957	0.00000000000	0.03240435441
-5.24139518857	725.18720041487	0.00000000000	0.03320969258
-2.44470944648	730.84024915825	0.00000000000	0.03401497275
0.31055673189	731.73325479927	0.00000000000	0.03469692594
3.86037318599	726.96202728757	0.00000000000	0.03556769070
6.66970451562	724.06658751196	0.00000000000	0.03634715027
9.69792160773	722.30990271833	0.00000000000	0.03704643123
12.85026309626	721.31203666833	0.00000000000	0.03772055555
15.99345712144	720.84209105459	0.00000000000	0.03837889343
19.11425038737	720.60461348677	0.00000000000	0.03903302072
22.20616741769	720.45201837048	0.00000000000	0.03968755814
25.26775075087	720.36358597952	0.00000000000	0.04034129738
28.30872456453	720.32348707703	0.00000000000	0.04099510185
31.34583677109	720.31614764288	0.00000000000	0.04165137876
34.36325321030	720.32597955188	0.00000000000	0.04230548649
37.38568684350	720.33731123729	0.00000000000	0.04296155004
40.39738985917	720.33443115607	0.00000000000	0.04361492439
43.47812149526	720.30073948480	0.00000000000	0.04428163625
46.69705885722	720.21506414472	0.00000000000	0.04497512534
49.75987595459	720.06999853546	0.00000000000	0.04563076495
52.83720892883	719.84751700297	0.00000000000	0.04628422946
55.99161393819	719.53136497524	0.00000000000	0.04694774336
59.10068019214	719.24000130770	0.00000000000	0.04760047345
62.16686665192	719.19359972278	0.00000000000	0.04825361667
65.15208430876	719.62614875465	0.00000000000	0.04891026696
68.01410988809	720.78785156597	0.00000000000	0.04957337362
70.69346919524	722.92974517269	0.00000000000	0.05024226704
74.15532650540	727.51625449262	0.00000000000	0.05119058030
77.33597509667	733.07645534381	0.00000000000	0.05212590479
80.67229312973	739.20906172868	0.00000000000	0.05312519530
83.89490482061	744.21715890810	0.00000000000	0.05405394248
86.32471003792	746.88782685181	0.00000000000	0.05470709900
89.27362665004	748.66084511517	0.00000000000	0.05543607508
92.48898905132	749.19632163448	0.00000000000	0.05617077210
95.47202301625	748.96731364109	0.00000000000	0.05682273947
98.56669052440	748.39235433856	0.00000000000	0.05748763773
101.79002835212	747.77384020320	0.00000000000	0.05818428291
104.77925855607	747.33842524111	0.00000000000	0.05884144711
107.69801614392	747.04143188386	0.00000000000	0.05949298745
110.89067633890	746.85145651551	0.00000000000	0.06021573787
113.83446024696	746.78982757381	0.00000000000	0.06089027887
116.80330150554	746.82500231618	0.00000000000	0.06157713522
119.71328189167	746.94039197979	0.00000000000	0.06225538876
123.05661341847	747.15218947261	0.00000000000	0.06303885234
126.52876841034	747.43657725187	0.00000000000	0.06385483985
129.62719237143	747.72264325348	0.00000000000	0.06458282382
132.44818936924	747.99131298038	0.00000000000	0.06524378904
135.27170048104	748.25201391475	0.00000000000	0.06590212598
138.11458539492	748.49098818019	0.00000000000	0.06656036160
140.94890910075	748.69135033020	0.00000000000	0.06721072960
143.81761203135	748.84249186558	0.00000000000	0.06786186792
147.22344168810	748.95411085604	0.00000000000	0.06862573650
150.35631735353	749.00542209656	0.00000000000	0.06932098676
153.47230784198	749.02039498524	0.00000000000	0.07000675458
156.45406086601	749.01167580119	0.00000000000	0.07065869382
159.44453945852	748.99004496301	0.00000000000	0.07130930249
162.43878261502	748.96475403219	0.00000000000	0.07195839635
165.43842341809	748.94489982042	0.00000000000	0.07260720690
168.51903575183	748.93972749149	0.00000000000	0.07327293111
171.59772038662	748.95971091150	0.00000000000	0.07393855672
174.61183830658	749.01325003719	0.00000000000	0.07459143275
177.60862500215	749.10943975223	0.00000000000	0.07524263467
180.72583053287	749.26563734037	0.00000000000	0.07592318414
183.67746725425	749.47686162504	0.00000000000	0.07657153307
186.79205933746	749.77862303103	0.00000000000	0.07726092398
189.70539819218	750.14611124994	0.00000000000	0.07791170646
192.68307821877	750.61319137905	0.00000000000	0.07858376029
195.56534136012	751.01346643730	0.00000000000	0.07923781510
198.70978959360	751.07677921883	0.00000000000	0.07994720535
201.77117444168	750.75160081297	0.00000000000	0.08063152836
204.75586557766	750.31863259185	0.00000000000	0.08129607127
207.77597410249	749.89395446067	0.00000000000	0.08196764899
210.69691831609	749.50078089027	0.00000000000	0.08261646148
213.89222016662	749.09008616350	0.00000000000	0.08332544757
216.81118164860	748.73230757054	0.00000000000	0.08397244952
219.73963946837	748.38974902848	0.00000000000	0.08462094578
222.66381770525	748.06377108103	0.00000000000	0.08526791385
225.60205082041	747.75211771546	0.00000000000	0.08591743702
228.63953211511	747.44637500243	0.00000000000	0.08658834704
232.06393882031	747.12133436934	0.00000000000	0.08734408621
235.07302331598	746.85256607277	0.00000000000	0.08800764774
238.13425831075	746.59499266523	0.00000000000	0.08868224451
241.08121531846	746.36185235117	0.00000000000	0.08933124526
244.04534676870	746.14173737597	0.00000000000	0.08998364925
247.01060660264	745.93569907378	0.00000000000	0.09063595037
250.09624517427	745.73604219652	0.00000000000	0.09131439080
253.04743457682	745.55888101027	0.00000000000	0.09196297340
256.02560808902	745.39350520348	0.00000000000	0.09261722172
258.96836565910	745.24306456526	0.00000000000	0.09326345710
261.95935880610	745.10310609991	0.00000000000	0.09392007692
264.91989696549	744.97717093272	0.00000000000	0.09456983270
267.88064167719	744.86350895364	0.00000000000	0.09521948487
270.82443658243	744.76242766087	0.00000000000	0.09586529811
273.76489204340	744.67309339625	0.00000000000	0.09651028716
276.70597919535	744.59512909360	0.00000000000	0.09715535076
279.75775435544	744.52601708300	0.00000000000	0.09782465314
282.71033513440	744.47033130776	0.00000000000	0.09847219214
285.67845156092	744.42519255488	0.00000000000	0.09912315830
288.65621748330	744.39058859411	0.00000000000	0.09977628930
291.62282931503	744.36651542708	0.00000000000	0.10042705047
294.70888126844	744.35223679556	0.00000000000	0.10110412390
297.67345390969	744.34861551710	0.00000000000	0.10175468149
300.61088286957	744.35455354179	0.00000000000	0.10239944269
303.67401924074	744.37060253058	0.00000000000	0.10307199619
306.63456169567	744.39544312811	0.00000000000	0.10372224667
309.61566676689	744.42948961364	0.00000000000	0.10437726403
312.59503351566	744.47234291693	0.00000000000	0.10503217968
315.54154646570	744.52317747597	0.00000000000	0.10568017772
318.48608659136	744.58215483838	0.00000000000	0.10632807260
321.43737085782	744.64924858420	0.00000000000	0.10697781177
324.39675821579	744.72432816777	0.00000000000	0.10762972612
327.50549946201	744.81136756641	0.00000000000	0.10831499514
330.42365711561	744.90046342239	0.00000000000	0.10895870645
333.43084725197	744.99953821720	0.00000000000	0.10962254712
336.57668756207	745.11081874119	0.00000000000	0.11031756086
339.56215025420	745.22341137560	0.00000000000	0.11097770972
342.46555614933	745.33921477917	0.00000000000	0.11162027438
345.41711923566	745.46309519145	0.00000000000	0.11227409329
348.50487217934	745.59909785015	0.00000000000	0.11295875715
351.54743419094	745.73927673442	0.00000000000	0.11363411143
354.51609801537	745.88171973145	0.00000000000	0.11429377563
357.43135522774	746.02683059469	0.00000000000	0.11494228912
360.32111175383	746.17557674959	0.00000000000	0.11558586126
363.20292892862	746.32856994557	0.00000000000	0.11622842068
366.08076465714	746.48578510652	0.00000000000	0.11687087554
369.14095598407	746.65759100727	0.00000000000	0.11755493283
372.01993496537	746.82335998073	0.00000000000	0.11819935589
374.93244104611	746.99492261089	0.00000000000	0.11885217746
377.80970548724	747.16801302901	0.00000000000	0.11949801479
380.80998237136	747.35208995555	0.00000000000	0.12017246726
383.66076017916	747.53017102577	0.00000000000	0.12081429532
386.67096475947	747.72133747980	0.00000000000	0.12149309239
390.08655653651	747.94183160127	0.00000000000	0.12226468957
392.92119202444	748.12746569132	0.00000000000	0.12290620413
395.76738265703	748.31604432301	0.00000000000	0.12355142629
398.71594310005	748.51382232430	0.00000000000	0.12422103608
401.58244294745	748.71575214704	0.00000000000	0.12487296569
404.60493068388	748.95480170692	0.00000000000	0.12556093303
407.41824025563	749.21609949454	0.00000000000	0.12620137570
410.24459579213	749.53037942448	0.00000000000	0.12684445721
413.44326574061	749.96582637986	0.00000000000	0.12757134065
416.26810261024	750.43568906642	0.00000000000	0.12821202203
419.10354446555	751.00145347077	0.00000000000	0.12885351635
422.10823843393	751.71899570968	0.00000000000	0.12953125751
425.19964456533	752.62418148447	0.00000000000	0.13022911017
428.21631243800	753.73799683704	0.00000000000	0.13091640702
431.20075735425	755.14188576498	0.00000000000	0.13160877170
433.98887967342	756.80972693275	0.00000000000	0.13227320220
436.63637512168	758.80837848753	0.00000000000	0.13292690222
439.72858738473	761.82582842211	0.00000000000	0.13373066249
443.33610634476	766.68663899933	0.00000000000	0.13475173602
445.49197272724	770.62889606984	0.00000000000	0.13542877573
448.80950918096	779.23231667667	0.00000000000	0.13663803202
451.25067853149	786.84660586062	0.00000000000	0.13760812941
454.42391745196	794.38574628229	0.00000000000	0.13869654283
457.96856841695	798.53984345650	0.00000000000	0.13962742813
460.42684316769	798.86321356483	0.00000000000	0.14026599487
463.51473815490	794.64798005846	0.00000000000	0.14126162657
465.76388136030	788.37304333592	0.00000000000	0.14211213800
468.94416282992	779.09171643334	0.00000000000	0.14329340941
472.04591360338	772.09536372811	0.00000000000	0.14432048719
474.81376355941	767.11862221299	0.00000000000	0.14516410900
478.37549723015	762.00811031511	0.00000000000	0.14617859665
481.08327356155	758.88832836883	0.00000000000	0.14690997544
484.27990379627	755.89310635112	0.00000000000	0.14773993389
486.98707578743	753.85003111219	0.00000000000	0.14842055453
489.60129610718	752.24897613378	0.00000000000	0.14906251249
492.38754109932	750.89896163606	0.00000000000	0.14973356346
495.10287572317	749.90088553557	0.00000000000	0.15037732091
498.17289966225	749.11353880904	0.00000000000	0.15109610768
501.12629547619	748.66778144841	0.00000000000	0.15178131276
503.88524498029	748.50589307862	0.00000000000	0.15241813612
507.16687995285	748.61115978462	0.00000000000	0.15317429152
510.46915211529	749.02359071981	0.00000000000	0.15393689499
513.21010839267	749.58748199812	0.00000000000	0.15457359473
516.05160026380	750.37611523849	0.00000000000	0.15523956296
518.89497869965	751.36786381996	0.00000000000	0.15591442360
522.14054142353	752.74476209172	0.00000000000	0.15669661130
525.00494449722	754.17557669626	0.00000000000	0.15739729256
527.57510355431	755.62974187707	0.00000000000	0.15803403726
530.26588517884	757.32224820178	0.00000000000	0.15870855108
532.89061639576	759.13758119868	0.00000000000	0.15937397772
536.20192060418	761.65286734955	0.00000000000	0.16022344218
538.65397854664	763.67174044766	0.00000000000	0.16085921172
542.00152208767	766.63259520243	0.00000000000	0.16173565912
545.06051568351	769.53331182532	0.00000000000	0.16254430518
547.99451766181	772.47804329871	0.00000000000	0.16332599292
550.36521264521	774.96469406034	0.00000000000	0.16396134975
554.05679748952	779.00884083590	0.00000000000	0.16495614052
557.21845620071	782.61860816772	0.00000000000	0.16581208506
559.55845446778	785.36426729985	0.00000000000	0.16644713287
562.24320924381	788.57943027853	0.00000000000	0.16717659690
565.47169406083	792.43654560920	0.00000000000	0.16805273009
568.33102321430	794.45613794914	0.00000000000	0.16880758916
570.82349235052	794.48503176611	0.00000000000	0.16944222503
573.43206705015	793.31847205255	0.00000000000	0.17009470720
576.91042407751	790.61920271114	0.00000000000	0.17096392160
579.89256959605	787.90056432287	0.00000000000	0.17172508756
582.49593918862	785.49680441283	0.00000000000	0.17240797365
585.97986862979	782.27419913085	0.00000000000	0.17334401034
588.67054000413	779.80044929567	0.00000000000	0.17407914999
591.53214099793	777.20471135286	0.00000000000	0.17486672121
593.90032070632	775.09802114705	0.00000000000	0.17551854163
596.32519780713	772.99158539843	0.00000000000	0.17618199468
600.25287346230	769.71248860952	0.00000000000	0.17723899692
602.91582640843	767.59566068903	0.00000000000	0.17793760004
605.79401512767	765.41238509722	0.00000000000	0.17867234086
608.62361989767	763.38212604517	0.00000000000	0.17937653315
611.49977280004	761.45379944440	0.00000000000	0.18008065440
614.74184969403	759.46915885310	0.00000000000	0.18086779798
617.38507964629	758.02274406087	0.00000000000	0.18150974279
620.28486472625	756.64231353676	0.00000000000	0.18221951928
622.89541428452	755.59262362813	0.00000000000	0.18286399542
625.71519144569	754.64860542521	0.00000000000	0.18356198737
628.29058601679	753.93971366207	0.00000000000	0.18419741374
631.51218778930	753.22692105417	0.00000000000	0.18498424194
634.73686564401	752.66691544966	0.00000000000	0.18575757845
637.45942505795	752.28592572910	0.00000000000	0.18639883773
640.30816853022	751.95775878511	0.00000000000	0.18706094945
643.20531903450	751.68090333317	0.00000000000	0.18772742552
646.02310281530	751.45162625894	0.00000000000	0.18837112694
648.79976381920	751.25093487908	0.00000000000	0.18900299356
651.86705967759	751.04372114435	0.00000000000	0.18970030045
654.88353614718	750.84720541882	0.00000000000	0.19038643323
657.66516994536	750.67201252336	0.00000000000	0.19101952246
660.45807896664	750.50186036087	0.00000000000	0.19165553725
663.59474849594	750.31755770259	0.00000000000	0.19237026193
666.41506253279	750.15790803351	0.00000000000	0.19301328526
669.22134311036	750.00468565624	0.00000000000	0.19365346774
672.05111552926	749.85580461946	0.00000000000	0.19429936974
674.86544375258	749.71327181056	0.00000000000	0.19494210367
677.66577727849	749.57686198011	0.00000000000	0.19558199310
680.42459652683	749.44769224462	0.00000000000	0.19621273743
683.31321134487	749.31792718422	0.00000000000	0.19687351757
686.33111296647	749.18826713858	0.00000000000	0.19756426456
689.08400897916	749.07519367297	0.00000000000	0.19819470364
691.84756597075	748.96660792299	0.00000000000	0.19882791567
694.60341136521	748.86317614580	0.00000000000	0.19945968964
697.41568832621	748.76255423915	0.00000000000	0.20010473712
700.24086807125	748.66641470272	0.00000000000	0.20075308450
703.08025264805	748.57471482846	0.00000000000	0.20140503346
705.82859973451	748.49058927875	0.00000000000	0.20203640370
708.57512865776	748.41100868499	0.00000000000	0.20266767307
711.36469287441	748.33470872469	0.00000000000	0.20330915604
714.10759666064	748.26406860941	0.00000000000	0.20394022378
717.20670662611	748.18940320754	0.00000000000	0.20465361796
720.35785638570	748.11899176318	0.00000000000	0.20537939446
723.15332484599	748.06109738271	0.00000000000	0.20602358789
725.93359894439	748.00770732230	0.00000000000	0.20666459286
728.70009053417	747.95866115146	0.00000000000	0.20730272797
731.42784060324	747.91421971023	0.00000000000	0.20793222534
734.20289231317	747.87293207710	0.00000000000	0.20857294100
736.93721742970	747.83605520790	0.00000000000	0.20920454971
739.94437317987	747.79978023721	0.00000000000	0.20989951733
742.72761476926	747.77012838184	0.00000000000	0.21054304975
745.44420473110	747.74475360229	0.00000000000	0.21117145874
748.15829623781	747.72285504294	0.00000000000	0.21179957146
750.98467665213	747.70364815586	0.00000000000	0.21245396795
753.80937193396	747.68804669086	0.00000000000	0.21310827496
756.80625558144	747.67533912930	0.00000000000	0.21380279348
760.16023317783	747.66570357958	0.00000000000	0.21458046231
763.33991744948	747.66093179813	0.00000000000	0.21531810050
766.51774697132	747.66029635830	0.00000000000	0.21605567641
769.30023783858	747.66304834536	0.00000000000	0.21670179351
772.05294822085	747.66873584639	0.00000000000	0.21734126823
774.86561660893	747.67751966426	0.00000000000	0.21799494976
777.57617169016	747.68875737400	0.00000000000	0.21862516337
780.46561723269	747.70365642495	0.00000000000	0.21929725246
783.20003971141	747.72045801863	0.00000000000	0.21993354953
785.90594944319	747.73960091349	0.00000000000	0.22056346473
788.60452686639	747.76111713981	0.00000000000	0.22119192162
791.30745303275	747.78502786342	0.00000000000	0.22182163802
793.99887702237	747.81111586330	0.00000000000	0.22244891801
796.99828185157	747.84278580827	0.00000000000	0.22314826143
799.94642175339	747.87649417763	0.00000000000	0.22383594041
802.71052696813	747.91034143943	0.00000000000	0.22448094907
805.58640359404	747.94778051619	0.00000000000	0.22515230162
808.28778872441	747.98493962739	0.00000000000	0.22578316137
810.97447938893	748.02374013335	0.00000000000	0.22641081883
813.70464188539	748.06498129830	0.00000000000	0.22704886417
816.55340777435	748.10988490553	0.00000000000	0.22771487445
819.29417376141	748.15481426635	0.00000000000	0.22835587131
821.97105738949	748.20026136829	0.00000000000	0.22898214868
824.67309625514	748.24763390249	0.00000000000	0.22961453059
827.45794820109	748.29795940542	0.00000000000	0.23026652222
830.19329709821	748.34879965187	0.00000000000	0.23090714737
833.82965873002	748.41842219207	0.00000000000	0.23175913037
836.75935463391	748.47609766988	0.00000000000	0.23244582252
839.49036708841	748.53104751279	0.00000000000	0.23308616567
842.37044468406	748.59015302062	0.00000000000	0.23376168813
845.16543168224	748.64856678855	0.00000000000	0.23441747369
847.85649353013	748.70571532549	0.00000000000	0.23504907881
850.51639210419	748.76300594606	0.00000000000	0.23567356367
853.39142724081	748.82574955212	0.00000000000	0.23634877209
856.14565701198	748.88657668674	0.00000000000	0.23699581540
858.84227290590	748.94673928992	0.00000000000	0.23762951688
861.62981954862	749.00948581181	0.00000000000	0.23828478548
864.39769626164	749.07227031257	0.00000000000	0.23893562748
867.05352954670	749.13289106174	0.00000000000	0.23956030588
869.70818939810	749.19378472115	0.00000000000	0.24018488458
872.59796962305	749.26033135341	0.00000000000	0.24086497936
875.63859193997	749.33054835877	0.00000000000	0.24158079361
878.43851496887	749.39529707164	0.00000000000	0.24224013946
881.09259034712	749.45667670391	0.00000000000	0.24286531139
883.75887876526	749.51827092859	0.00000000000	0.24349352573
886.48405023547	749.58108169724	0.00000000000	0.24413578290
889.17981653651	749.64299823985	0.00000000000	0.24477127588
891.83530532792	749.70370765640	0.00000000000	0.24539743297
894.60914507450	749.76674753098	0.00000000000	0.24605166297
897.36343995950	749.82888593717	0.00000000000	0.24670144858
900.42137160622	749.89724525670	0.00000000000	0.24742305731
903.47819926914	749.96481416671	0.00000000000	0.24814460197
906.12817809555	750.02268725474	0.00000000000	0.24877026881
908.86083463133	750.08160442977	0.00000000000	0.24941560551
911.50289202834	750.13776134705	0.00000000000	0.25003968852
914.17699795643	750.19371956334	0.00000000000	0.25067148151
917.00418707401	750.25183863386	0.00000000000	0.25133959276
919.70189021819	750.30621958525	0.00000000000	0.25197724588
922.57266756163	750.36285021899	0.00000000000	0.25265595741
925.51608903664	750.41949506358	0.00000000000	0.25335200008
928.43339421831	750.47412524980	0.00000000000	0.25404202025
931.53578389376	750.53046359786	0.00000000000	0.25477598181
934.19231885045	750.57718114576	0.00000000000	0.25540459491
937.10686229506	750.62672878991	0.00000000000	0.25609439702
939.81268821144	750.67104916884	0.00000000000	0.25673492616
942.77640279566	750.71764669554	0.00000000000	0.25743663886
945.41264956340	750.75730684987	0.00000000000	0.25806093421
948.04213673111	750.79511503882	0.00000000000	0.25868373573
950.77806130467	750.83252311795	0.00000000000	0.25933185814
953.46466757599	750.86726608847	0.00000000000	0.25996840494
956.30167648576	750.90172996445	0.00000000000	0.26064070014
959.26055737558	750.93514740008	0.00000000000	0.26134199631
961.91895046642	750.96289007242	0.00000000000	0.26197217498
964.54334468550	750.98808703602	0.00000000000	0.26259438671
967.16694671211	751.01103091081	0.00000000000	0.26321650024
969.86363092180	751.03220110325	0.00000000000	0.26385603413
972.59319527575	751.05106220218	0.00000000000	0.26450345710
975.52196458692	751.06833870165	0.00000000000	0.26519822859
978.14243753457	751.08112113461	0.00000000000	0.26581994964
980.92872251380	751.09186018922	0.00000000000	0.26648109537
984.13024474320	751.10046442951	0.00000000000	0.26724087548
987.00636981235	751.10468885551	0.00000000000	0.26792352483
989.71410066107	751.10554882522	0.00000000000	0.26856628244
992.32404174023	751.10344349140	0.00000000000	0.26918589481
994.94011671505	751.09837320134	0.00000000000	0.26980702800
997.54869368160	751.09029821465	0.00000000000	0.27042644306
1000.42172755496	751.07783394682	0.00000000000	0.27110872328
1003.22437647502	751.06198405734	0.00000000000	0.27177435554
1005.83777430129	751.04384493062	0.00000000000	0.27239509741
1008.44370659886	751.02245944147	0.00000000000	0.27301411844
1011.24462518968	750.99572364378	0.00000000000	0.27367951278
1014.46892571446	750.96028072993	0.00000000000	0.27444557077
1017.31415316457	750.92574307074	0.00000000000	0.27512169876
1019.95697362825	750.89179336567	0.00000000000	0.27574989744
1022.63935832519	750.85629924007	0.00000000000	0.27638772122
1025.32020930142	750.82057728184	0.00000000000	0.27702545532
1028.03309842662	750.78499393965	0.00000000000	0.27767114519
1030.68155935239	750.75159754792	0.00000000000	0.27830187804
1033.30492177719	750.72059473852	0.00000000000	0.27892705277
1036.23736877677	750.68932300209	0.00000000000	0.27962644208
1039.38680140441	750.66089173516	0.00000000000	0.28037831572
1042.10545670999	750.64163966677	0.00000000000	0.28102802631
1044.69450213002	750.62869479038	0.00000000000	0.28164740229
1047.28624649471	750.62176871633	0.00000000000	0.28226810088
1050.07903658317	750.62193564444	0.00000000000	0.28293776528
1052.69077633244	750.63008527100	0.00000000000	0.28356484025
1055.27126700838	750.64652170659	0.00000000000	0.28418524800
1057.83754961306	750.67190481204	0.00000000000	0.28480311601
1060.42634251771	750.70742899549	0.00000000000	0.28542734258
1063.13316951916	750.75609704601	0.00000000000	0.28608109809
1065.71250725707	750.81427593114	0.00000000000	0.28670513539
1068.72807471505	750.89801390588	0.00000000000	0.28743611687
1071.27409370228	750.98283818624	0.00000000000	0.28805452074
1074.02280009020	751.08986321967	0.00000000000	0.28872349429
1076.66439241813	751.20734555106	0.00000000000	0.28936763801
1079.71134118123	751.35827188369	0.00000000000	0.29011187711
1082.51605649727	751.50940198597	0.00000000000	0.29079787595
1085.58339929624	751.68527162684	0.00000000000	0.29154882730
1088.67680095055	751.87082038483	0.00000000000	0.29230659461
1091.68598872156	752.05620716842	0.00000000000	0.29304383338
1094.41507511152	752.22603623880	0.00000000000	0.29371227143
1097.06241580184	752.39019035562	0.00000000000	0.29436030025
1099.60939430259	752.54570988991	0.00000000000	0.29498320447
1102.34498345764	752.70808801704	0.00000000000	0.29565141352
1105.18058543934	752.86906924263	0.00000000000	0.29634291614
1107.70931857274	753.00443822751	0.00000000000	0.29695840942
1110.43738593248	753.13985282093	0.00000000000	0.29762097192
1113.00665384506	753.25553336399	0.00000000000	0.29824340678
1115.55205601997	753.35719447237	0.00000000000	0.29885840026
1118.49982061066	753.45832282817	0.00000000000	0.29956852621
1121.25660540534	753.53764265652	0.00000000000	0.30023077671
1123.92090131737	753.60112279643	0.00000000000	0.30086923990
1126.83688965301	753.65666158981	0.00000000000	0.30156641035
1129.41590131955	753.69439779981	0.00000000000	0.30218174825
1132.07890996979	753.72287456621	0.00000000000	0.30281600906
1134.66572579652	753.74099544605	0.00000000000	0.30343115315
1137.25567478456	753.75036058393	0.00000000000	0.30404620038
1139.86650752902	753.75154592801	0.00000000000	0.30466546873
1142.46134941884	753.74513279600	0.00000000000	0.30528032233
1145.07619336995	753.73163386369	0.00000000000	0.30589940113
1147.68455892091	753.71174225502	0.00000000000	0.30651654355
1150.36393822429	753.68526138598	0.00000000000	0.30715018604
1152.96034504244	753.65435985766	0.00000000000	0.30776402672
1155.64005528003	753.61768426150	0.00000000000	0.30839749282
1158.53340709042	753.57335923928	0.00000000000	0.30908151978
1161.21138367805	753.52863963557	0.00000000000	0.30971480963
1163.87232586008	753.48132974799	0.00000000000	0.31034436437
1166.73543370716	753.42793745635	0.00000000000	0.31102221134
1169.37745284941	753.37703316960	0.00000000000	0.31164826432
1172.08041418919	753.32397187248	0.00000000000	0.31228942640
1174.84039367172	753.26911581147	0.00000000000	0.31294486956
1177.64193627890	753.21278452077	0.00000000000	0.31361095560
1180.23772125647	753.16003817337	0.00000000000	0.31422880528
1182.81652437705	753.10714039057	0.00000000000	0.31484325437
1185.52190521224	753.05114575243	0.00000000000	0.31548853947
1188.15521620890	752.99618200550	0.00000000000	0.31611728905
1190.96409282132	752.93708808212	0.00000000000	0.31678865760
1193.72317782700	752.87860970038	0.00000000000	0.31744881578
1196.32087314119	752.82319336820	0.00000000000	0.31807097301
1199.19529448544	752.76150588974	0.00000000000	0.31876008843
1201.76682687027	752.70602408913	0.00000000000	0.31937718427
1204.85463864279	752.63907961537	0.00000000000	0.32011890006
1207.39961700794	752.58367310250	0.00000000000	0.32073080761
1210.04125933320	752.52597528140	0.00000000000	0.32136650350
1212.61123335824	752.46969126242	0.00000000000	0.32198547630
1215.14861422661	752.41400464278	0.00000000000	0.32259709485
1217.75092047730	752.35680419278	0.00000000000	0.32322486379
1220.32451777818	752.30017744449	0.00000000000	0.32384619447
1223.01044245342	752.24105228959	0.00000000000	0.32449514847
1225.57932460860	752.18451035250	0.00000000000	0.32511629409
1228.53055661909	752.11960216875	0.00000000000	0.32583044346
1231.39868276101	752.05661577161	0.00000000000	0.32652503348
1233.93262869679	752.00108091050	0.00000000000	0.32713913212
1236.48157985153	751.94535601067	0.00000000000	0.32775727091
1239.17480240268	751.88666276819	0.00000000000	0.32841082383
1242.25454933576	751.81982644542	0.00000000000	0.32915869395
1245.41802158844	751.75154038120	0.00000000000	0.32992745370
1248.14916819501	751.69293155918	0.00000000000	0.33059159147
1250.90182450160	751.63422627142	0.00000000000	0.33126135514
1253.49090812349	751.57937958041	0.00000000000	0.33189166801
1255.99862482331	751.52663065938	0.00000000000	0.33250248262
1258.54302337443	751.47351785449	0.00000000000	0.33312253249
1261.26549091804	751.41717851443	0.00000000000	0.33378629814
1263.77278817255	751.36577331356	0.00000000000	0.33439788494
1266.27429786642	751.31497790671	0.00000000000	0.33500831759
1269.01570800203	751.25991040201	0.00000000000	0.33567757394
1272.30590276463	751.19470140661	0.00000000000	0.33648117259
1275.17058000708	751.13876020655	0.00000000000	0.33718115053
1277.78018736452	751.08851650232	0.00000000000	0.33781903663
1280.61602145659	751.03473319371	0.00000000000	0.33851245795
1283.55814544742	750.97987845167	0.00000000000	0.33923211241
1286.18300827841	750.93179044453	0.00000000000	0.33987435713
1288.91547130162	750.88262351142	0.00000000000	0.34054310777
1291.64695785049	750.83442292812	0.00000000000	0.34121178630
1294.16351508552	750.79088866893	0.00000000000	0.34182798365
1296.80452117571	750.74613723856	0.00000000000	0.34247477818
1299.37175967257	750.70358756310	0.00000000000	0.34310361626
1301.86278240966	750.66322924185	0.00000000000	0.34371387643
1304.35310244640	750.62382617152	0.00000000000	0.34432404206
1307.01225278069	750.58282721876	0.00000000000	0.34497564598
1309.57685151768	750.54437131125	0.00000000000	0.34560413837
1312.06098404951	750.50816884316	0.00000000000	0.34621295292
1314.56276673781	750.47278034579	0.00000000000	0.34682612253
1317.16023224251	750.43720776012	0.00000000000	0.34746276163
1319.77623499587	750.40261876331	0.00000000000	0.34810394960
1322.35527052111	750.36976720752	0.00000000000	0.34873606878
1325.03356748812	750.33699845499	0.00000000000	0.34939249422
1327.58030638026	750.30714504850	0.00000000000	0.35001664135
1330.07241309437	750.27919456174	0.00000000000	0.35062735431
1332.60494341427	750.25210008642	0.00000000000	0.35124791546
1335.21997338132	750.22554000740	0.00000000000	0.35188861755
1337.73993514521	750.20133833623	0.00000000000	0.35250594302
1340.30165777545	750.17816762031	0.00000000000	0.35313340137
1342.81073134671	750.15690226423	0.00000000000	0.35374785656
1345.94321940286	750.13238245035	0.00000000000	0.35451481407
1348.55904874854	750.11366956027	0.00000000000	0.35515511506
1351.52151442177	750.09441159558	0.00000000000	0.35588008805
1354.10099560970	750.07927754576	0.00000000000	0.35651119232
1356.87656709290	750.06464918231	0.00000000000	0.35719013139
1359.42434423261	750.05269544608	0.00000000000	0.35781322840
1362.10455346004	750.04160448509	0.00000000000	0.35846859746
1364.70251526106	750.03226926892	0.00000000000	0.35910374968
1367.18498702615	750.02461720678	0.00000000000	0.35971057712
1369.73293058267	750.01801861369	0.00000000000	0.36033332509
1372.43638428985	750.01237015313	0.00000000000	0.36099399720
1374.92919691664	750.00836194942	0.00000000000	0.36160312323
1377.60968794685	750.00529962689	0.00000000000	0.36225804294
1380.97947036075	750.00322508969	0.00000000000	0.36308129197
1383.57717478333	750.00293027371	0.00000000000	0.36371586599
1386.13993853598	750.00371414534	0.00000000000	0.36434186721
1388.73724942079	750.00556265894	0.00000000000	0.36497627710
1391.22268776423	750.00829260655	0.00000000000	0.36558334032
1393.76919224370	750.01203160569	0.00000000000	0.36620530477
1396.33085425528	750.01672146414	0.00000000000	0.36683096445
1398.82140051750	750.02214202685	0.00000000000	0.36743925541
1401.64836812097	750.02928367385	0.00000000000	0.36812972350
1404.13804976968	750.03640946743	0.00000000000	0.36873782793
1406.88727370317	750.04514921132	0.00000000000	0.36940935191
1409.36265805569	750.05376734687	0.00000000000	0.37001401915
1411.86826365319	750.06318126686	0.00000000000	0.37062610595
1414.66699732294	750.07447947972	0.00000000000	0.37130985323
1417.60049790729	750.08716250108	0.00000000000	0.37202659548
1420.47816175496	750.10039233266	0.00000000000	0.37272977621
1422.95313808117	750.11235876209	0.00000000000	0.37333462947
1425.50909938413	750.12525360288	0.00000000000	0.37395935252
1427.98266193317	750.13822109563	0.00000000000	0.37456401843
1430.45547859632	750.15163429840	0.00000000000	0.37516859018
1433.04423713707	750.16612522333	0.00000000000	0.37580161017
1435.61409928799	750.18093080136	0.00000000000	0.37643012033
1438.10306772771	750.19563759594	0.00000000000	0.37703895896
1440.61193198113	750.21079608296	0.00000000000	0.37765278377
1443.08502509947	750.22603608574	0.00000000000	0.37825798107
1445.57134036912	750.24162473290	0.00000000000	0.37886654549
1448.05671525998	750.25744449863	0.00000000000	0.37947501856
1450.84512411222	750.27543705220	0.00000000000	0.38015785485
1453.71261147021	750.29416471634	0.00000000000	0.38086025828
1456.17350120535	750.31038300639	0.00000000000	0.38146323549
1458.79261496818	750.32775685193	0.00000000000	0.38210516374
1461.47732748035	750.34564939738	0.00000000000	0.38276337358
1464.00387469858	750.36253038081	0.00000000000	0.38338300255
1466.47361165791	750.37903969686	0.00000000000	0.38398889048
1468.93148008595	750.39544692888	0.00000000000	0.38459206184
1471.71088363161	750.41393520517	0.00000000000	0.38527438258
1474.23256989443	750.43061398437	0.00000000000	0.38589366748
1476.69731346652	750.44679615374	0.00000000000	0.38649918871
1479.28636099628	750.46363290097	0.00000000000	0.38713549076
1481.77717592180	750.47964199610	0.00000000000	0.38774789279
1484.52415285461	750.49704417661	0.00000000000	0.38842356044
1487.12934305137	750.51326504177	0.00000000000	0.38906463771
1490.52469657697	750.53393064386	0.00000000000	0.38990058622
1493.08690039474	750.54912415042	0.00000000000	0.39053174320
1495.70854096131	750.56427244647	0.00000000000	0.39117784744
1498.49936114946	750.57991431780	0.00000000000	0.39186599606
1500.99193731182	750.59342624750	0.00000000000	0.39248091865
1503.42809011458	750.60618186942	0.00000000000	0.39308221525
1506.02188948612	750.61923890136	0.00000000000	0.39372274987
1508.61397676370	750.63171116590	0.00000000000	0.39436320754
1511.50495699358	750.64489672861	0.00000000000	0.39507793484
1514.20822846005	750.65649045409	0.00000000000	0.39574666540
1516.90957087237	750.66732224992	0.00000000000	0.39641532475
1519.49416544929	750.67694137355	0.00000000000	0.39705547495
1522.29513567477	750.68649958909	0.00000000000	0.39774965722
1525.46165695600	750.69616342731	0.00000000000	0.39853500126
1527.98243921684	750.70297542960	0.00000000000	0.39916062171
1530.40721890604	750.70880295935	0.00000000000	0.39976276720
1533.00328250777	750.71426760932	0.00000000000	0.40040782147
1535.87597960380	750.71939824590	0.00000000000	0.40112205219
1538.29534191794	750.72298654882	0.00000000000	0.40172392183
1540.71307933629	750.72591587664	0.00000000000	0.40232569958
1543.15291733705	750.72821880938	0.00000000000	0.40293328737
1545.58161370867	750.72987182750	0.00000000000	0.40353840171
1548.14627144534	750.73093850288	0.00000000000	0.40417770901
1550.84883607495	750.73132368225	0.00000000000	0.40485173713
1553.54976595741	750.73096795424	0.00000000000	0.40552570008
1555.96429188116	750.73003716771	0.00000000000	0.40612847813
1558.56617319309	750.72840135972	0.00000000000	0.40677831741
1561.00650552564	750.72628405933	0.00000000000	0.40738807263
1563.52277304004	750.72352382312	0.00000000000	0.40801706070
1565.96042501668	750.72030437217	0.00000000000	0.40862664043
1568.35478175742	750.71663221304	0.00000000000	0.40922561871
1570.81678378299	750.71234244836	0.00000000000	0.40984174433
1573.41080097146	750.70727370462	0.00000000000	0.41049114533
1575.88588954564	750.70192649379	0.00000000000	0.41111099228
1578.52417797215	750.69569319916	0.00000000000	0.41177193636
1581.03184969340	750.68927317521	0.00000000000	0.41240036587
1583.47381918528	750.68257144850	0.00000000000	0.41301251624
1585.97936599322	750.67524801236	0.00000000000	0.41364078645
1588.48388209304	750.66748930860	0.00000000000	0.41426897420
1590.87070560491	750.65970077382	0.00000000000	0.41486779786
1593.43404113063	750.65092224220	0.00000000000	0.41551106676
1595.83759891877	750.64231503833	0.00000000000	0.41611438244
1598.49234396382	750.63240152872	0.00000000000	0.41678089987
1601.01152064992	750.62261488120	0.00000000000	0.41741351839
1603.90493721038	750.61093835177	0.00000000000	0.41814027020
1606.93959200909	750.59821492317	0.00000000000	0.41890265987
1609.31750290454	750.58792068955	0.00000000000	0.41950016343
1611.70189424109	750.57732625356	0.00000000000	0.42009938079
1614.42876647940	750.56489259479	0.00000000000	0.42078476152
1617.40374138286	750.55096304934	0.00000000000	0.42153260399
1619.84805965859	750.53925060263	0.00000000000	0.42214712136
1622.34243694719	750.52706499967	0.00000000000	0.42277427995
1625.14779710441	750.51309700173	0.00000000000	0.42347968544
1628.12099324786	750.49801194777	0.00000000000	0.42422734542
1630.63320772673	750.48505835260	0.00000000000	0.42485911496
1633.12574226089	750.47203441998	0.00000000000	0.42548595420
1635.52900291163	750.45932888535	0.00000000000	0.42609035174
1638.33279202231	750.44434014592	0.00000000000	0.42679547959
1640.80621841464	750.43098544448	0.00000000000	0.42741751574
1643.18013038718	750.41806578339	0.00000000000	0.42801450950
1645.98349114176	750.40269776812	0.00000000000	0.42871947112
1648.89848170156	750.38661182730	0.00000000000	0.42945245673
1651.27625141103	750.37342682416	0.00000000000	0.43005031055
1653.64662500859	750.36023977953	0.00000000000	0.43064625588
1656.19845087574	750.34600994282	0.00000000000	0.43128775772
1658.84405560607	750.33123738860	0.00000000000	0.43195275564
1661.21415820212	750.31800052153	0.00000000000	0.43254842680
1663.59146455113	750.30473426788	0.00000000000	0.43314582783
1666.36815051179	750.28927032579	0.00000000000	0.43384347792
1668.78086942137	750.27587566973	0.00000000000	0.43444957314
1671.50442559031	750.26081985275	0.00000000000	0.43513362352
1673.88831490269	750.24770498280	0.00000000000	0.43573224658
1676.26596257310	750.23468322057	0.00000000000	0.43632919554
1678.63639211013	750.22175904019	0.00000000000	0.43692422768
1681.06248629629	750.20859099194	0.00000000000	0.43753312643
1683.68533338461	750.19442243412	0.00000000000	0.43819128673
1686.26117775486	750.18057546642	0.00000000000	0.43883753381
1689.23736201204	750.16465928319	0.00000000000	0.43958407733
1691.66390151291	750.15174780004	0.00000000000	0.44019263634
1694.33758723729	750.13758866328	0.00000000000	0.44086306340
1696.72209544579	750.12502013325	0.00000000000	0.44146087963
1699.21461559610	750.11194152552	0.00000000000	0.44208567682
1701.60724787401	750.09944361981	0.00000000000	0.44268534209
1704.03403923726	750.08682350644	0.00000000000	0.44329347710
1706.63437309662	750.07336331323	0.00000000000	0.44394500002
1709.10874558002	750.06061464863	0.00000000000	0.44456486814
1711.49329975799	750.04838327426	0.00000000000	0.44516214963
1713.98617495798	750.03565308760	0.00000000000	0.44578647499
1716.74048497371	750.02165488215	0.00000000000	0.44647617222
1719.29543040123	750.00873234564	0.00000000000	0.44711585270
1721.66619314857	749.99679472950	0.00000000000	0.44770933975
1724.03966108721	749.98489456910	0.00000000000	0.44830342869
1726.41029350258	749.97305928368	0.00000000000	0.44889673418
1728.78362358227	749.96126088810	0.00000000000	0.44949064255
1731.22492113598	749.94917680647	0.00000000000	0.45010148540
1733.80267965833	749.93647429288	0.00000000000	0.45074639296
1736.21629733121	749.92463333105	0.00000000000	0.45135016315
1738.69073922197	749.91254649231	0.00000000000	0.45196907765
1741.20337710688	749.90032708205	0.00000000000	0.45259747407
1743.57342969175	749.88885058845	0.00000000000	0.45319014602
1746.49731546432	749.87475795047	0.00000000000	0.45392122908
1749.36432047976	749.86100932273	0.00000000000	0.45463800192
1751.80523595850	749.84935804065	0.00000000000	0.45524818257
1754.18872973765	749.83802843435	0.00000000000	0.45584395148
1756.60171241062	749.82660618589	0.00000000000	0.45644703504
1759.05835327990	749.81502602499	0.00000000000	0.45706097367
1761.43499752680	749.80386940473	0.00000000000	0.45765486760
1763.89142069769	749.79238591449	0.00000000000	0.45826864438
1766.30389151308	749.78115465800	0.00000000000	0.45887138817
1768.67262701765	749.77017174533	0.00000000000	0.45946315746
1771.04862017866	749.75919936382	0.00000000000	0.46005669415
1773.62596474624	749.74734677013	0.00000000000	0.46070047951
1776.49350472046	749.73421981469	0.00000000000	0.46141669272
1778.94916351985	749.72302829997	0.00000000000	0.46202998465
1781.50344789402	749.71143576498	0.00000000000	0.46266786335
1783.90320685038	749.70058918346	0.00000000000	0.46326711275
1786.52812869857	749.68877400174	0.00000000000	0.46392254576
1789.08204990399	749.67732722235	0.00000000000	0.46456020955
1791.57307580522	749.66620831797	0.00000000000	0.46518213279
1793.98365973310	749.65549132739	0.00000000000	0.46578393945
1796.35766931937	749.64497778674	0.00000000000	0.46637658504
1798.76781188274	749.63434534305	0.00000000000	0.46697822169
1801.20569679655	749.62363229741	0.00000000000	0.46758675527
1803.60372123829	749.61313506002	0.00000000000	0.46818531283
1805.97205814164	749.60280700176	0.00000000000	0.46877643620
1808.35130023824	749.59247029740	0.00000000000	0.46937025885
1810.77348791321	749.58198672716	0.00000000000	0.46997477834
1813.13818523974	749.57179029681	0.00000000000	0.47056492997
1815.78654849871	749.56041524112	0.00000000000	0.47122585415
1818.36127929482	749.54940112117	0.00000000000	0.47186838298
1820.75746498588	749.53918996872	0.00000000000	0.47246633980
1823.15335431750	749.52901750437	0.00000000000	0.47306420902
1825.51562530110	749.51902408164	0.00000000000	0.47365367724
1827.91091679430	749.50892743748	0.00000000000	0.47425137467
1830.31761472942	749.49881935511	0.00000000000	0.47485190915
1833.01679182644	749.48752613430	0.00000000000	0.47552541581
1835.38624116646	749.47764981209	0.00000000000	0.47611664155
1838.11185053611	749.46633166929	0.00000000000	0.47679673117
1840.48062076454	749.45653206094	0.00000000000	0.47738777994
1843.20578374373	749.44529988711	0.00000000000	0.47806775341
1845.69152543856	749.43509315373	0.00000000000	0.47868798778
1848.24026043764	749.42466562062	0.00000000000	0.47932394234
1850.67253118492	749.41474994556	0.00000000000	0.47993084084
1853.04604487076	749.40510676610	0.00000000000	0.48052308345
1855.41917679474	749.39549735523	0.00000000000	0.48111523735
1858.01361675241	749.38502828618	0.00000000000	0.48176262219
1860.63238722463	749.37449925162	0.00000000000	0.48241608983
1862.99021312357	749.36505185191	0.00000000000	0.48300445503
1865.43663072963	749.35528165808	0.00000000000	0.48361494041
1867.85142241414	749.34566956023	0.00000000000	0.48421754857
1870.82973204407	749.33385736308	0.00000000000	0.48496080446
1873.21851853020	749.32441716519	0.00000000000	0.48555696095
1875.76357466754	749.31439221265	0.00000000000	0.48619213805
1878.17671912656	749.30491775904	0.00000000000	0.48679441540
1880.53058379887	749.29570469415	0.00000000000	0.48738191956
1882.97419444857	749.28616994615	0.00000000000	0.48799184806
1885.49548426764	749.27636331902	0.00000000000	0.48862119323
1887.99512768871	749.26667180537	0.00000000000	0.48924516484
1890.97105349685	749.25517328486	0.00000000000	0.48998806895
1893.83045826149	749.24416498556	0.00000000000	0.49070192940
1896.18241940870	749.23513924990	0.00000000000	0.49128913924
1898.53675795645	749.22613024792	0.00000000000	0.49187697533
1900.92053476945	749.21703463227	0.00000000000	0.49247219643
1903.27101934033	749.20809137761	0.00000000000	0.49305914031
1905.81111339152	749.19845459822	0.00000000000	0.49369347348
1908.61118850636	749.18786461805	0.00000000000	0.49439278341
1911.27377161268	749.17782639591	0.00000000000	0.49505780801
1913.69533074495	749.16872335032	0.00000000000	0.49566267939
1916.25671697560	749.15912173991	0.00000000000	0.49630252765
1918.86643108780	749.14936717502	0.00000000000	0.49695450330
1921.47565843385	749.13964246535	0.00000000000	0.49760641461
1923.88008479104	749.13070550681	0.00000000000	0.49820720911
1926.29899446327	749.12173802808	0.00000000000	0.49881167488
1928.79100658308	749.11252363342	0.00000000000	0.49943446489
1931.13547595759	749.10387677958	0.00000000000	0.50002043573
1933.47841463093	749.09525655274	0.00000000000	0.50060607768
1935.91163283699	749.08632603522	0.00000000000	0.50121434428
1938.65017386220	749.07630113006	0.00000000000	0.50189900990
1941.13947683704	749.06721229760	0.00000000000	0.50252143225
1943.69521600499	749.05790396730	0.00000000000	0.50316053647
1946.37755219960	749.04815925735	0.00000000000	0.50383137691
1948.88649950464	749.03906694850	0.00000000000	0.50445892827
1951.24890977633	749.03052520721	0.00000000000	0.50504989466
1954.36113476694	749.01930072728	0.00000000000	0.50582853289
1957.26707320904	749.00884875268	0.00000000000	0.50655566908
1959.64964937275	749.00029930836	0.00000000000	0.50715192727
1962.27571075554	748.99089674398	0.00000000000	0.50780920491
1964.98107106866	748.98123237339	0.00000000000	0.50848642603
1967.37523194898	748.97269804743	0.00000000000	0.50908582876
1969.83744299441	748.96393874968	0.00000000000	0.50970235135
1972.68188537104	748.95384141852	0.00000000000	0.51041468906
1975.90688709876	748.94242069331	0.00000000000	0.51122247236
1978.83713644254	748.93206849185	0.00000000000	0.51195656099
1981.29650320435	748.92339756085	0.00000000000	0.51257278401
1983.62776214904	748.91519286280	0.00000000000	0.51315699428
1985.96122697915	748.90699428462	0.00000000000	0.51374184278
1988.29880397010	748.89879487579	0.00000000000	0.51432780911
1990.64235511488	748.89058788190	0.00000000000	0.51491536205
1993.18598658160	748.88169500396	0.00000000000	0.51555317986
1995.77798843502	748.87264844730	0.00000000000	0.51620323841
1998.15011108833	748.86438260063	0.00000000000	0.51679825317
2000.56684415845	748.85597402256	0.00000000000	0.51740455837
2002.90672996798	748.84784472819	0.00000000000	0.51799168249
2005.30543420487	748.83952291582	0.00000000000	0.51859366719
2007.66264485044	748.83135640210	0.00000000000	0.51918534055
2010.15553158727	748.82273172036	0.00000000000	0.51981118110
2012.53684241245	748.81450412211	0.00000000000	0.52040911931
2014.86625784063	748.80646596267	0.00000000000	0.52099413125
2017.22043959991	748.79835220937	0.00000000000	0.52158546951
2019.54832186462	748.79033854069	0.00000000000	0.52217030844
2021.90097239907	748.78224883174	0.00000000000	0.52276147932
2024.23400706622	748.77423541667	0.00000000000	0.52334783122
2026.56625902924	748.76623318003	0.00000000000	0.52393409745
2028.90626141704	748.75821256827	0.00000000000	0.52452242502
2031.56602293274	748.74910554321	0.00000000000	0.52519128648
2034.05135994520	748.74060458242	0.00000000000	0.52581642068
2036.37361307666	748.73266881246	0.00000000000	0.52640065496
2038.71031815995	748.72469052451	0.00000000000	0.52698864400
2041.02319373445	748.71680007459	0.00000000000	0.52757075576
2043.48384446427	748.70841221470	0.00000000000	0.52819019165
2045.98769753312	748.69988383584	0.00000000000	0.52882064424
2048.46819991031	748.69144132483	0.00000000000	0.52944535945
2050.92633287517	748.68308085267	0.00000000000	0.53006458201
2053.40514630384	748.67465591579	0.00000000000	0.53068915667
2056.03008528463	748.66574073863	0.00000000000	0.53135070588
2058.34464393852	748.65788516868	0.00000000000	0.53193416472
2060.75962554296	748.64969419352	0.00000000000	0.53254307134
2063.08778744671	748.64180291995	0.00000000000	0.53313021602
2065.50111281025	748.63362839079	0.00000000000	0.53373897143
2067.99745059610	748.62517844869	0.00000000000	0.53436880912
2070.29900819693	748.61739300765	0.00000000000	0.53494963132
2072.61521187323	748.60956302764	0.00000000000	0.53553427401
2074.96157894662	748.60163618212	0.00000000000	0.53612665761
2077.26160673503	748.59387085577	0.00000000000	0.53670746626
2079.70980055863	748.58561068069	0.00000000000	0.53732582530
2082.03123506855	748.57778330533	0.00000000000	0.53791229648
2084.33166436358	748.57003165130	0.00000000000	0.53849358461
2086.71953319484	748.56199049517	0.00000000000	0.53909709765
2089.04884562798	748.55415155554	0.00000000000	0.53968593872
2091.47246467463	748.54600049516	0.00000000000	0.54029875395
2093.81218332270	748.53813667278	0.00000000000	0.54089048428
2096.10548946228	748.53043365732	0.00000000000	0.54147059997
2098.42110631833	748.52266052188	0.00000000000	0.54205648329
2100.90613739903	748.51432406109	0.00000000000	0.54268536926
2103.19594803747	748.50664740534	0.00000000000	0.54326497775
2105.88560874370	748.49763622768	0.00000000000	0.54394595373
2108.17467261111	748.48997224751	0.00000000000	0.54452563768
2110.50855991466	748.48216298419	0.00000000000	0.54511679790
2112.79597243033	748.47451390388	0.00000000000	0.54569630892
2115.08158536233	748.46687545030	0.00000000000	0.54627548521
2117.37516348054	748.45921499306	0.00000000000	0.54685680166
2119.70580426590	748.45143546854	0.00000000000	0.54744763672
2121.98993311069	748.44381579900	0.00000000000	0.54802680281
2124.29643725483	748.43612609349	0.00000000000	0.54861176509
2126.72844783137	748.42802295516	0.00000000000	0.54922869110
2129.01009358105	748.42042545870	0.00000000000	0.54980759877
2131.32454254657	748.41272331226	0.00000000000	0.55039495259
2133.77576870072	748.40457100236	0.00000000000	0.55101715256
2136.14650600036	748.39669126897	0.00000000000	0.55161905422
2138.45847663853	748.38901147163	0.00000000000	0.55220616104
2140.82760085558	748.38114652997	0.00000000000	0.55280790989
2143.12751710203	748.37351588294	0.00000000000	0.55339220442
2145.40338553243	748.36596940886	0.00000000000	0.55397051005
2147.80764512740	748.35800193022	0.00000000000	0.55458157044
2150.09648434255	748.35042143594	0.00000000000	0.55516342009
2152.37284410176	748.34288660336	0.00000000000	0.55574221747
2154.66870860658	748.33529156789	0.00000000000	0.55632609553
2156.95512804768	748.32773211235	0.00000000000	0.55690769264
2159.23394879136	748.32020206810	0.00000000000	0.55748747706
2161.50707679978	748.31269508411	0.00000000000	0.55806593265
2163.77546499752	748.30520796863	0.00000000000	0.55864330106
2166.33694028182	748.29675852318	0.00000000000	0.55929541121
2168.65054012695	748.28913131499	0.00000000000	0.55988454650
2171.54816844242	748.27958485440	0.00000000000	0.56062257315
2173.98584563227	748.27155897454	0.00000000000	0.56124360022
2176.25882509386	748.26407964296	0.00000000000	0.56182279212
2178.55690895367	748.25652189937	0.00000000000	0.56240850220
2180.99224530898	748.24851735688	0.00000000000	0.56302932660
2183.28870387334	748.24097358785	0.00000000000	0.56361487309
2185.61035615735	748.23335128967	0.00000000000	0.56420696701
2187.96340241295	748.22563024457	0.00000000000	0.56480719415
2190.26963931049	748.21806700182	0.00000000000	0.56539560473
2192.60427735199	748.21041484313	0.00000000000	0.56599138636
2195.26431827258	748.20170128205	0.00000000000	0.56667036131
2197.63232973339	748.19394893243	0.00000000000	0.56727493290
2199.89714466152	748.18653846505	0.00000000000	0.56785327841
2202.32537912706	748.17859765847	0.00000000000	0.56847348607
2204.95461853935	748.17000460197	0.00000000000	0.56914518642
2207.22376793838	748.16259264029	0.00000000000	0.56972502128
2209.48530709745	748.15520941436	0.00000000000	0.57030302935
2211.98100806879	748.14706619663	0.00000000000	0.57094102141
2214.55304525419	748.13867879176	0.00000000000	0.57159867764
2216.97647715506	748.13078050943	0.00000000000	0.57221847543
2219.25023466689	748.12337400648	0.00000000000	0.57280011641
2221.62973747532	748.11562714920	0.00000000000	0.57340893487
2224.36513785311	748.10672676527	0.00000000000	0.57410897381
2226.78535728704	748.09885648625	0.00000000000	0.57472849546
2229.04029570671	748.09152753077	0.00000000000	0.57530582991
2231.28953052393	748.08422079518	0.00000000000	0.57588182034
2233.55844052575	748.07685385378	0.00000000000	0.57646296686
2235.81102678242	748.06954358406	0.00000000000	0.57704004915
2238.06283106471	748.06223949100	0.00000000000	0.57761704743
2240.30595795200	748.05496714603	0.00000000000	0.57819193785
2242.74359508252	748.04706824510	0.00000000000	0.57881681004
2245.38741357031	748.03850598999	0.00000000000	0.57949468943
2248.03040616403	748.02995132943	0.00000000000	0.58017251715
2250.40043153135	748.02228435285	0.00000000000	0.58078047519
2252.71498691127	748.01480060015	0.00000000000	0.58137432825
2254.95617124497	748.00755762401	0.00000000000	0.58194947316
2257.46223609590	747.99946272522	0.00000000000	0.58259272931
2259.75899388474	747.99204770516	0.00000000000	0.58318238680
2262.16761647244	747.98427540852	0.00000000000	0.58380089352
2264.47826370545	747.97682297620	0.00000000000	0.58439436601
2266.72040217653	747.96959495969	0.00000000000	0.58497035925
2269.12672943464	747.96184141547	0.00000000000	0.58558865958
2271.40567907656	747.95450188233	0.00000000000	0.58617435254
2273.64545702200	747.94729188287	0.00000000000	0.58675009396
2275.95225952422	747.93986961056	0.00000000000	0.58734318403
2278.35557645965	747.93214053886	0.00000000000	0.58796121771
2280.58407478113	747.92497707878	0.00000000000	0.58853441311
2283.10766104523	747.91686898839	0.00000000000	0.58918364540
2285.63045678116	747.90876758109	0.00000000000	0.58983281959
2287.90391178262	747.90147040667	0.00000000000	0.59041795697
2290.13814306410	747.89430237287	0.00000000000	0.59099311388
2292.42400469972	747.88697200496	0.00000000000	0.59158167977
2294.66357406509	747.87979331924	0.00000000000	0.59215844180
2296.93397343723	747.87251905881	0.00000000000	0.59274326024
2299.17200386277	747.86535169072	0.00000000000	0.59331985591
2301.52520682243	747.85781886984	0.00000000000	0.59392624715
2303.83972971748	747.85041324044	0.00000000000	0.59452279402
2306.15349097687	747.84301337338	0.00000000000	0.59511926649
2308.46649130486	747.83561924520	0.00000000000	0.59571566458
2310.71998140234	747.82841851865	0.00000000000	0.59629683526
2313.06940162558	747.82091456411	0.00000000000	0.59690286914
2315.41807349656	747.81341635235	0.00000000000	0.59750883544
2317.76598540442	747.80592389834	0.00000000000	0.59811473102
2319.98517528645	747.79884525600	0.00000000000	0.59868752413
2322.31197714712	747.79142651945	0.00000000000	0.59928821305
2324.58715160457	747.78417550159	0.00000000000	0.59987569271
2326.81590492053	747.77707539425	0.00000000000	0.60045129982
2329.03700861145	747.77000255991	0.00000000000	0.60102504349
2331.24938656640	747.76296037726	0.00000000000	0.60159664449
2333.57248560025	747.75556882109	0.00000000000	0.60219697148
2335.82992428132	747.74838916740	0.00000000000	0.60278044803
2338.04798473563	747.74133760457	0.00000000000	0.60335385912
2340.43115170460	747.73376427260	0.00000000000	0.60397007770
2343.15738683365	747.72510467508	0.00000000000	0.60467516170
2346.20290947058	747.71543584561	0.00000000000	0.60546302191
2348.87023961794	747.70697194996	0.00000000000	0.60615321832
2351.32117967416	747.69919817896	0.00000000000	0.60678756380
2353.58700374636	747.69201449649	0.00000000000	0.60737411901
2356.06166723261	747.68417191266	0.00000000000	0.60801486933
2358.64201060736	747.67599796267	0.00000000000	0.60868313024
2360.93809149685	747.66872751891	0.00000000000	0.60927789904
2363.18680532461	747.66160980514	0.00000000000	0.60986051355
2365.41178640652	747.65456986708	0.00000000000	0.61043709166
2367.61229609596	747.64760993974	0.00000000000	0.61100743830
2370.24473660237	747.63928722206	0.00000000000	0.61168988006
2373.16532814575	747.63005772687	0.00000000000	0.61244720603
2375.45680132483	747.62281943644	0.00000000000	0.61304153280
2377.87495541091	747.61518392040	0.00000000000	0.61366884457
2380.56105740358	747.60670584299	0.00000000000	0.61436582135
2382.86862435612	747.59942545127	0.00000000000	0.61496470758
2385.13997555304	747.59226194132	0.00000000000	0.61555431189
2387.33313778698	747.58534747853	0.00000000000	0.61612372996
2389.56099519979	747.57832607937	0.00000000000	0.61670226699
2392.18673825041	747.57005383416	0.00000000000	0.61738427169
2394.47216856415	747.56285647347	0.00000000000	0.61797801063
2396.81585981228	747.55547827321	0.00000000000	0.61858700742
2399.02117074645	747.54853813128	0.00000000000	0.61916015958
2401.36341720389	747.54116960409	0.00000000000	0.61976902055
2404.36163179949	747.53174125792	0.00000000000	0.62054857871
2406.66169307890	747.52451123520	0.00000000000	0.62114674872
2408.96102282770	747.51728598477	0.00000000000	0.62174484726
2411.25963339795	747.51006544680	0.00000000000	0.62234287738
2413.47983902646	747.50309350987	0.00000000000	0.62292062148
2415.67284094929	747.49620921084	0.00000000000	0.62349139520
2417.95082623056	747.48906044151	0.00000000000	0.62408440181
2420.76925876969	747.48021887317	0.00000000000	0.62481825907
2423.14963608969	747.47275426695	0.00000000000	0.62543819518
2425.34651001177	747.46586733130	0.00000000000	0.62601045305
2427.85140337312	747.45801737464	0.00000000000	0.62666307801
2430.12560215146	747.45089274383	0.00000000000	0.62725571948
2432.32908937951	747.44399176694	0.00000000000	0.62783004442
2434.70587949119	747.43655036128	0.00000000000	0.62844966146
2436.97790169324	747.42943921021	0.00000000000	0.62904208418
2439.47924856571	747.42161281158	0.00000000000	0.62969443609
2441.65584919820	747.41480462546	0.00000000000	0.63026220791
2443.84675664135	747.40795366659	0.00000000000	0.63083381861
2446.02494116319	747.40114444271	0.00000000000	0.63140221617
2448.83480840301	747.39236336135	0.00000000000	0.63213560793
2451.01143378581	747.38556340001	0.00000000000	0.63270384100
2453.50852719649	747.37776459468	0.00000000000	0.63335586615
2455.68365424791	747.37097334607	0.00000000000	0.63392393484
2457.85806297497	747.36418619043	0.00000000000	0.63449192136
2460.25080493035	747.35671965231	0.00000000000	0.63511706143
2462.85510694222	747.34859544036	0.00000000000	0.63579761976
2465.29626249257	747.34098250971	0.00000000000	0.63643568168
2467.46459687160	747.33422227275	0.00000000000	0.63700254569
2469.87904166318	747.32669679560	0.00000000000	0.63763387307
2472.06986366132	747.31987017936	0.00000000000	0.63820683994
2474.24408481907	747.31309702476	0.00000000000	0.63877557073
2476.42458913642	747.30630601450	0.00000000000	0.63934605061
2478.88754120446	747.29863739087	0.00000000000	0.63999055367
2481.16429826071	747.29155041481	0.00000000000	0.64058645326
2483.59989442411	747.28397102453	0.00000000000	0.64122405353
2486.06070842164	747.27631524767	0.00000000000	0.64186838916
2488.71410530856	747.26806265672	0.00000000000	0.64256330095
2490.93639891369	747.26115271826	0.00000000000	0.64314542904
2493.36910145132	747.25359043644	0.00000000000	0.64378279913
2495.57578098551	747.24673246366	0.00000000000	0.64436106446
2497.73752200913	747.24001569862	0.00000000000	0.64492765815
2499.94280046007	747.23316521837	0.00000000000	0.64550576967
2502.25391101381	747.22598765349	0.00000000000	0.64611174051
2504.56430348026	747.21881400983	0.00000000000	0.64671764122
2506.76743318316	747.21197496780	0.00000000000	0.64729552224
2509.24779579305	747.20427712489	0.00000000000	0.64794624990
2511.41725787996	747.19754570770	0.00000000000	0.64851552373
2513.63242487691	747.19067394298	0.00000000000	0.64909689797
2515.78839020630	747.18398723587	0.00000000000	0.64966283872
2517.94059954053	747.17731354441	0.00000000000	0.65022789588
2520.26824388258	747.17009737215	0.00000000000	0.65083912812
2522.49639489543	747.16319110862	0.00000000000	0.65142434570
2524.64543669019	747.15653138293	0.00000000000	0.65198888919
2526.84222271786	747.14972503896	0.00000000000	0.65256608010
2529.06830584156	747.14282928509	0.00000000000	0.65315107711
2531.22437774006	747.13615169536	0.00000000000	0.65371777979
2533.50483568474	747.12909023119	0.00000000000	0.65431728752
2535.68627978775	747.12233665786	0.00000000000	0.65489087271
2537.96535567079	747.11528215645	0.00000000000	0.65549024086
2540.17216987366	747.10845260801	0.00000000000	0.65607071396
2542.53999994258	747.10112613391	0.00000000000	0.65669365921
2544.95719269483	747.09364837330	0.00000000000	0.65732971822
2547.16187424982	747.08682928931	0.00000000000	0.65790996904
2549.48065048871	747.07965858496	0.00000000000	0.65852036362
2551.79873459410	747.07249130688	0.00000000000	0.65913069396
2554.00130691634	747.06568235172	0.00000000000	0.65971072032
2556.14952695498	747.05904250246	0.00000000000	0.66027653601
2558.31308580319	747.05235630730	0.00000000000	0.66084649400
2560.65156096731	747.04513073774	0.00000000000	0.66146264648
2562.96626033052	747.03797982054	0.00000000000	0.66207265235
2565.15110046518	747.03123114991	0.00000000000	0.66264854330
2567.29071621755	747.02462315729	0.00000000000	0.66321261502
2569.42964528735	747.01801824423	0.00000000000	0.66377660580
2571.56789077994	747.01141638381	0.00000000000	0.66434051632
2573.70135056397	747.00483022144	0.00000000000	0.66490326434
2575.87020964089	746.99813570590	0.00000000000	0.66547545164
2578.09843391778	746.99125890629	0.00000000000	0.66606340763
2580.38570542285	746.98420086176	0.00000000000	0.66666705700
2582.52557727861	746.97759855049	0.00000000000	0.66723190849
2585.01045360003	746.96993282592	0.00000000000	0.66788795444
2587.52205080533	746.96218579609	0.00000000000	0.66855119191
2589.72945439414	746.95537796711	0.00000000000	0.66913421448
2592.01328738493	746.94833530340	0.00000000000	0.66973753539
2594.14448934726	746.94176409845	0.00000000000	0.67030063814
2596.52100718943	746.93443738176	0.00000000000	0.67092867443
2598.76173627408	746.92753012568	0.00000000000	0.67152093870
2601.21492435550	746.91996884437	0.00000000000	0.67216948481
2603.34021096532	746.91341897086	0.00000000000	0.67273144978
2605.46482073067	746.90687185385	0.00000000000	0.67329333386
2607.62393277060	746.90021908592	0.00000000000	0.67386444298
2609.74718452792	746.89367745459	0.00000000000	0.67442616534
2611.90494963392	746.88703012466	0.00000000000	0.67499711867
2614.25148091201	746.87980197815	0.00000000000	0.67561813489
2616.39699284905	746.87319366855	0.00000000000	0.67618605522
2618.89951447294	746.86548647949	0.00000000000	0.67684860258
2621.08148742900	746.85876713001	0.00000000000	0.67742639475
2623.61044730561	746.85097994232	0.00000000000	0.67809619890
2625.76403347528	746.84434918198	0.00000000000	0.67866669307
2627.88066631636	746.83783269594	0.00000000000	0.67922749586
2630.32543665624	746.83030656357	0.00000000000	0.67987535936
2632.79655663880	746.82269993499	0.00000000000	0.68053033673
2635.18730817223	746.81534126632	0.00000000000	0.68116413771
2637.35008634652	746.80868475548	0.00000000000	0.68173760802
2639.73953144977	746.80133110677	0.00000000000	0.68237129741
2641.85605979188	746.79481778419	0.00000000000	0.68293271112
2644.04711369497	746.78807550674	0.00000000000	0.68351399461
2646.16230039116	746.78156704339	0.00000000000	0.68407524875
2648.28907495044	746.77502326043	0.00000000000	0.68463967480
2650.44785259284	746.76838133629	0.00000000000	0.68521269374
2652.57329583109	746.76184227791	0.00000000000	0.68577696245
2654.69808207572	746.75530552701	0.00000000000	0.68634115385
2657.08249053945	746.74797038707	0.00000000000	0.68697439790
2659.51891772074	746.74047554795	0.00000000000	0.68762158309
2661.65068905253	746.73391812905	0.00000000000	0.68818794748
2663.77272880739	746.72739085910	0.00000000000	0.68875182327
2666.18065072090	746.71998446992	0.00000000000	0.68939178166
2668.42074190510	746.71309450772	0.00000000000	0.68998724695
2670.68139571760	746.70614148070	0.00000000000	0.69058828726
2673.06126995849	746.69882194465	0.00000000000	0.69122114300
2675.29936946573	746.69193859235	0.00000000000	0.69181640867
2677.40190892359	746.68547226668	0.00000000000	0.69237571718
2679.50690011353	746.67899848777	0.00000000000	0.69293577260
2681.72299493636	746.67218309195	0.00000000000	0.69352549069
2684.26285980906	746.66437204234	0.00000000000	0.69420149528
2686.54122151481	746.65736525621	0.00000000000	0.69480801600
2688.68856076617	746.65076142812	0.00000000000	0.69537975878
2690.80246005892	746.64426043800	0.00000000000	0.69594269404
2693.17662596753	746.63695901267	0.00000000000	0.69657505238
2695.45242215743	746.62996006588	0.00000000000	0.69718132276
2697.58437366526	746.62340343848	0.00000000000	0.69774937311
2699.75887681536	746.61671587091	0.00000000000	0.69832886087
2701.88951808696	746.61016310575	0.00000000000	0.69889675739
2704.01951969804	746.60361219897	0.00000000000	0.69946457994
2706.36441544043	746.59640022989	0.00000000000	0.70008980118
2708.61409773235	746.58948093436	0.00000000000	0.70068974541
2710.72200084074	746.58299754047	0.00000000000	0.70125197758
2712.81275499541	746.57656671762	0.00000000000	0.70180972884
2715.03926725345	746.56971811461	0.00000000000	0.70240379832
2717.33204625703	746.56266543244	0.00000000000	0.70301565870
2719.43014805845	746.55621134730	0.00000000000	0.70357566435
2721.65476171864	746.54936782454	0.00000000000	0.70416953922
2723.96978213309	746.54224587228	0.00000000000	0.70478766000
2726.15404716351	746.53552586411	0.00000000000	0.70537097250
2728.35658247603	746.52874931905	0.00000000000	0.70595926629
2730.46769870497	746.52225371682	0.00000000000	0.70652323844
2732.71045653370	746.51535270280	0.00000000000	0.70712248102
2734.89217238542	746.50863913193	0.00000000000	0.70770551571
2736.97981805836	746.50221466113	0.00000000000	0.70826350545
2739.06682395688	746.49579177824	0.00000000000	0.70882141609
2741.26558432959	746.48902453416	0.00000000000	0.70940930093
2743.37282916474	746.48253852048	0.00000000000	0.70997281278
2745.45476674324	746.47612996936	0.00000000000	0.71052964890
2747.76305766763	746.46902414270	0.00000000000	0.71114713228
2749.85920937208	746.46257086993	0.00000000000	0.71170796412
2752.35206649858	746.45489565223	0.00000000000	0.71237505599
2754.84426366763	746.44722174862	0.00000000000	0.71304210181
2756.97139680018	746.44067135079	0.00000000000	0.71361154007
2759.11242998808	746.43407758161	0.00000000000	0.71418479533
2761.28651690145	746.42738141594	0.00000000000	0.71476699905
2763.77629980829	746.41971214230	0.00000000000	0.71543386547
2765.98825209857	746.41289796040	0.00000000000	0.71602642638
2768.12668506295	746.40630960938	0.00000000000	0.71659938959
2770.20133302253	746.39991714326	0.00000000000	0.71715535400
2772.71678736021	746.39216559293	0.00000000000	0.71782956653
2775.04249345867	746.38499790384	0.00000000000	0.71845303892
2777.15094740664	746.37849903775	0.00000000000	0.71901836830
2779.38050523574	746.37162611376	0.00000000000	0.71961626968
2781.45186045425	746.36524013473	0.00000000000	0.72017183878
2784.16534890049	746.35687335986	0.00000000000	0.72089977326
2786.46299404198	746.34978779445	0.00000000000	0.72151627148
2788.55711068702	746.34332905690	0.00000000000	0.72207825528
2790.76212225826	746.33652742816	0.00000000000	0.72267009790
2792.92726086573	746.32984790929	0.00000000000	0.72325133676
2795.01947775412	746.32339250685	0.00000000000	0.72381309218
2797.08941498753	746.31700500838	0.00000000000	0.72436895512
2799.35924013854	746.30999970899	0.00000000000	0.72497859849
2802.03897377159	746.30172797368	0.00000000000	0.72569847527
2804.11213329623	746.29532757427	0.00000000000	0.72625550578
2806.27350501646	746.28865387105	0.00000000000	0.72683633265
2808.59005278349	746.28149990850	0.00000000000	0.72745896759
2810.95782806187	746.27418652415	0.00000000000	0.72809548619
2813.17803111086	746.26732780500	0.00000000000	0.72869243904
2815.31920534685	746.26071215604	0.00000000000	0.72926823978
2818.11038080268	746.25208657371	0.00000000000	0.73001898001
2820.17895407547	746.24569285770	0.00000000000	0.73057546637
2822.39664806629	746.23883707643	0.00000000000	0.73117216725
2824.57198573105	746.23211105920	0.00000000000	0.73175757019
2826.63027387382	746.22574586186	0.00000000000	0.73231156393
2828.91633506917	746.21867501962	0.00000000000	0.73292696575
2831.38802622524	746.21102849830	0.00000000000	0.73359245982
2833.69784583362	746.20388129583	0.00000000000	0.73421448424
2835.75353354048	746.19751924537	0.00000000000	0.73476816436
2837.90610902263	746.19085611110	0.00000000000	0.73534803343
2839.97623775527	746.18444697969	0.00000000000	0.73590578250
2842.21099446734	746.17752681336	0.00000000000	0.73650798562
2844.27987085936	746.17111904993	0.00000000000	0.73706558011
2846.74749461422	746.16347466583	0.00000000000	0.73773075807
2848.83547865848	746.15700496676	0.00000000000	0.73829369703
2850.89518109235	746.15062163251	0.00000000000	0.73884909853
2853.36106388022	746.14297780452	0.00000000000	0.73951414136
2855.41948591832	746.13659561702	0.00000000000	0.74006938826
2857.47204804732	746.13023029367	0.00000000000	0.74062314076
2859.77481844802	746.12308746317	0.00000000000	0.74124449843
2861.83138216681	746.11670690393	0.00000000000	0.74179951359
2863.97667151534	746.11004962078	0.00000000000	0.74237856558
2866.03201028886	746.10367006737	0.00000000000	0.74293342637
2868.07830833173	746.09731719194	0.00000000000	0.74348593207
2870.12717902029	746.09095492990	0.00000000000	0.74403921788
2872.30961764164	746.08417634650	0.00000000000	0.74462866696
2874.45195530540	746.07752073203	0.00000000000	0.74520737956
2876.55966074873	746.07097116029	0.00000000000	0.74577682801
2878.88301165151	746.06374968032	0.00000000000	0.74640464300
2881.02353804458	746.05709476538	0.00000000000	0.74698315226
2883.24710892374	746.05017992373	0.00000000000	0.74758420403
2885.42597224551	746.04340237226	0.00000000000	0.74817326822
2887.46562777225	746.03705625957	0.00000000000	0.74872478427
2889.66486862942	746.03021188778	0.00000000000	0.74931954608
2892.23433936794	746.02221300219	0.00000000000	0.75001455676
2894.74594757733	746.01439181752	0.00000000000	0.75069404543
2897.20039370448	746.00674628756	0.00000000000	0.75135819271
2899.35514274948	746.00003236860	0.00000000000	0.75194134544
2901.40048549105	745.99365765151	0.00000000000	0.75249497560
2903.45255827401	745.98726028371	0.00000000000	0.75305051226
2905.49142395130	745.98090241075	0.00000000000	0.75360255759
2907.53497809368	745.97452822198	0.00000000000	0.75415595642
2909.82448010416	745.96738484351	0.00000000000	0.75477605836
2912.64835387496	745.95857119559	0.00000000000	0.75554103791
2914.77975162761	745.95191662971	0.00000000000	0.75611853382
2917.01793820062	745.94492657465	0.00000000000	0.75672506211
2919.72477536388	745.93647000796	0.00000000000	0.75745872484
2921.79237164175	745.93000838347	0.00000000000	0.75801922638
2923.82299008387	745.92366049681	0.00000000000	0.75856978709
2925.85621478518	745.91730263422	0.00000000000	0.75912113722
2928.11589365473	745.91023448596	0.00000000000	0.75973399211
2930.24311826909	745.90357854277	0.00000000000	0.76031101702
2932.30774813771	745.89711648427	0.00000000000	0.76087114919
2934.45303195116	745.89039991325	0.00000000000	0.76145325295
2936.48854470337	745.88402504685	0.00000000000	0.76200565629
2938.51816913973	745.87766669218	0.00000000000	0.76255654397
2940.54400458633	745.87131826974	0.00000000000	0.76310648516
2942.56925262280	745.86496973638	0.00000000000	0.76365634866
2944.63039229876	745.85850667300	0.00000000000	0.76421604078
2946.67969500382	745.85207868841	0.00000000000	0.76477260247
2949.01113796037	745.84476323018	0.00000000000	0.76540589107
2951.08357122991	745.83825822922	0.00000000000	0.76596891571
2953.20449733148	745.83159880852	0.00000000000	0.76654520290
2955.25141997752	745.82516961162	0.00000000000	0.76710146693
2957.28102983571	745.81879270298	0.00000000000	0.76765310818
2959.35116440505	745.81228630731	0.00000000000	0.76821584803
2961.78906455600	745.80462120880	0.00000000000	0.76887866916
2963.92636795594	745.79789869561	0.00000000000	0.76945986025
2965.94396348704	745.79155061008	0.00000000000	0.77000858241
2967.96097966403	745.78520278884	0.00000000000	0.77055722738
2969.98703101442	745.77882553644	0.00000000000	0.77110841077
2972.05367528788	745.77232008055	0.00000000000	0.77167072067
2974.25313116402	745.76539675833	0.00000000000	0.77226925933
2976.55113216401	745.75816424923	0.00000000000	0.77289471654
2978.64727874990	745.75156863868	0.00000000000	0.77346532440
2980.71158265695	745.74507535812	0.00000000000	0.77402734814
2983.08851885112	745.73760211627	0.00000000000	0.77467459172
2985.69198090755	745.72942193017	0.00000000000	0.77538364507
2987.78575179356	745.72284801899	0.00000000000	0.77595397967
2989.80107166435	745.71652511579	0.00000000000	0.77650302499
2991.91166743743	745.70990885626	0.00000000000	0.77707811136
2994.25853045018	745.70255942336	0.00000000000	0.77771767615
2996.26885863321	745.69627080073	0.00000000000	0.77826561350
2998.28718732410	745.68996417849	0.00000000000	0.77881580996
3000.36111037607	745.68349178181	0.00000000000	0.77938124324
3002.73317150448	745.67609960531	0.00000000000	0.78002806219
3005.21693560596	745.66837249629	0.00000000000	0.78070545639
3007.27420934101	745.66198317973	0.00000000000	0.78126662392
3009.72847696230	745.65437481023	0.00000000000	0.78193618638
3012.72504027290	745.64510723602	0.00000000000	0.78275385155
3015.01354158484	745.63804685771	0.00000000000	0.78337842479
3017.60931077134	745.63005787140	0.00000000000	0.78408697754
3020.00498781876	745.62270399309	0.00000000000	0.78474102577
3022.02461761026	745.61651956486	0.00000000000	0.78529249312
3024.47542929548	745.60903425174	0.00000000000	0.78596179989
3026.78755216176	745.60199296927	0.00000000000	0.78659333527
3028.78830657617	745.59591663029	0.00000000000	0.78713990449
3030.87102019950	745.58960849155	0.00000000000	0.78770894345
3032.97119931208	745.58326577230	0.00000000000	0.78828283683
3035.30818079830	745.57623031464	0.00000000000	0.78892153585
3037.42661694581	745.56987393061	0.00000000000	0.78950059456
3039.52512914372	745.56359784217	0.00000000000	0.79007428986
3041.53215294130	745.55761508125	0.00000000000	0.79062305072
3043.54607118602	745.55163172810	0.00000000000	0.79117377204
3045.58028689580	745.54560896147	0.00000000000	0.79173012038
3047.88726245091	745.53880479055	0.00000000000	0.79236116014
3050.00248032047	745.53259134479	0.00000000000	0.79293983398
3052.02362190862	745.52667737464	0.00000000000	0.79349284804
3054.41107240939	745.51972150061	0.00000000000	0.79414618670
3056.74291019262	745.51295984050	0.00000000000	0.79478440799
3058.96956793861	745.50653370186	0.00000000000	0.79539393490
3061.01305320856	745.50066313457	0.00000000000	0.79595340008
3063.04277036372	745.49485826429	0.00000000000	0.79650917154
3065.04359319514	745.48916211879	0.00000000000	0.79705710495
3067.31945624933	745.48271518447	0.00000000000	0.79768044804
3069.34752497724	745.47699974644	0.00000000000	0.79823600148
3071.35415699979	745.47137275130	0.00000000000	0.79878575631
3073.39440440038	745.46568068132	0.00000000000	0.79934479565
3075.39248389002	745.46013536785	0.00000000000	0.79989235383
3077.63991672846	745.45393316660	0.00000000000	0.80050833164
3080.13467393863	745.44709296999	0.00000000000	0.80119220303
3082.18770615183	745.44149982506	0.00000000000	0.80175507135
3084.25681979460	745.43589636103	0.00000000000	0.80232242528
3086.24344762295	745.43054851422	0.00000000000	0.80286723378
3088.24568936018	745.42519117209	0.00000000000	0.80341639574
3090.23124861750	745.41991129550	0.00000000000	0.80396105293
3092.26666191422	745.41453337983	0.00000000000	0.80451945858
3094.25982213597	745.40930156601	0.00000000000	0.80506634383
3096.26946199835	745.40406160847	0.00000000000	0.80561782231
3098.39333269102	745.39856277786	0.00000000000	0.80620072555
3100.85470711207	745.39224113636	0.00000000000	0.80687635775
3102.93724074611	745.38693601982	0.00000000000	0.80744808413
3105.00111773128	745.38171848708	0.00000000000	0.80801476411
3106.99851003404	745.37670760659	0.00000000000	0.80856326079
3109.07951070225	745.37152797328	0.00000000000	0.80913479145
3111.53847940392	745.36546238791	0.00000000000	0.80981022601
3113.85696331190	745.35979865195	0.00000000000	0.81044716887
3115.97664961589	745.35466832180	0.00000000000	0.81102957944
3118.00564700236	745.34980089755	0.00000000000	0.81158714546
3120.06585003956	745.34490269741	0.00000000000	0.81215336004
3122.14370236166	745.34000817732	0.00000000000	0.81272449990
3124.62840351952	745.33421639412	0.00000000000	0.81340756865
3126.61337870178	745.32963798785	0.00000000000	0.81395333452
3128.67148350258	745.32493708419	0.00000000000	0.81451927907
3130.93249438618	745.31982767390	0.00000000000	0.81514110351
3132.98956886392	745.31522979400	0.00000000000	0.81570691758
3134.96698770753	745.31085608895	0.00000000000	0.81625089018
3136.94060682972	745.30653645527	0.00000000000	0.81679388425
3138.91699522828	745.30225704892	0.00000000000	0.81733770692
3140.97208051243	745.29785697951	0.00000000000	0.81790325445
3142.96041449839	745.29364868874	0.00000000000	0.81845050083
3144.98269231305	745.28941845325	0.00000000000	0.81900715840
3146.95372214548	745.28534442257	0.00000000000	0.81954977604
3149.08744100921	745.28098931174	0.00000000000	0.82013725549
3151.50905747786	745.27611697868	0.00000000000	0.82080409526
3154.07370918989	745.27103959587	0.00000000000	0.82151043030
3156.18385979673	745.26692670403	0.00000000000	0.82209167330
3158.17806457246	745.26309415299	0.00000000000	0.82264104752
3160.59777016125	745.25851564017	0.00000000000	0.82330773033
3162.68556121413	745.25462917785	0.00000000000	0.82388304183
3164.81574893166	745.25072564721	0.00000000000	0.82447011098
3167.01714748510	745.24675802689	0.00000000000	0.82507688472
3168.99156811436	745.24325755324	0.00000000000	0.82562116467
3171.21747906469	745.23937779303	0.00000000000	0.82623484921
3173.21959891986	745.23594903753	0.00000000000	0.82678690435
3175.37039127456	745.23233067902	0.00000000000	0.82738002734
3177.37150145876	745.22902524203	0.00000000000	0.82793194084
3179.40068723621	745.22573420750	0.00000000000	0.82849166478
3181.73160722744	745.22203013963	0.00000000000	0.82913470129
3184.43410150613	745.21783897069	0.00000000000	0.82988035595
3186.39886375952	745.21486239961	0.00000000000	0.83042253508
3188.52368037287	745.21171087859	0.00000000000	0.83100895206
3190.56709081757	745.20874694237	0.00000000000	0.83157297124
3192.73801495563	745.20567057490	0.00000000000	0.83217226058
3194.79874843600	745.20282016803	0.00000000000	0.83274120189
3196.77403846279	745.20015238979	0.00000000000	0.83328661761
3198.75847981810	745.19753636263	0.00000000000	0.83383462333
3200.97786293476	745.19468746243	0.00000000000	0.83444758331
3203.36017663858	745.19172061419	0.00000000000	0.83510562994
3205.34308158983	745.18932389708	0.00000000000	0.83565342032
3207.40091525740	745.18690714491	0.00000000000	0.83622197645
3209.36557999853	745.18466744138	0.00000000000	0.83676485385
3211.31984316149	745.18250571047	0.00000000000	0.83730491780
3213.39598223307	745.18028203215	0.00000000000	0.83787872856
3215.51471963348	745.17809081286	0.00000000000	0.83846438294
3217.61089144921	745.17600125293	0.00000000000	0.83904386939
3219.80067869614	745.17390232915	0.00000000000	0.83964930955
3221.79128035056	745.17206942404	0.00000000000	0.84019974339
3224.16926763118	745.16997443327	0.00000000000	0.84085737689
3226.12993266076	745.16832525300	0.00000000000	0.84139966608
3228.09774506857	745.16674169837	0.00000000000	0.84194399228
3230.21324343114	745.16512000570	0.00000000000	0.84252923768
3232.26539971172	745.16362744269	0.00000000000	0.84309702595
3234.21416835106	745.16228413105	0.00000000000	0.84363626930
3236.24702777023	745.16096035162	0.00000000000	0.84419884379
3238.19593942047	745.15976612045	0.00000000000	0.84473824624
3240.14770019319	745.15864418002	0.00000000000	0.84527849567
3242.21733754986	745.15753604768	0.00000000000	0.84585143719
3244.28651492365	745.15651275373	0.00000000000	0.84642431681
3246.28488118174	745.15560540213	0.00000000000	0.84697765336
3248.23137418624	745.15479863493	0.00000000000	0.84751668488
3250.60395854848	745.15391888783	0.00000000000	0.84817378924
3252.89242164748	745.15317909105	0.00000000000	0.84880767630
3254.90415293964	745.15261769300	0.00000000000	0.84936497601
3256.95076020328	745.15213262499	0.00000000000	0.84993199975
3259.01672385460	745.15173166910	0.00000000000	0.85050445007
3261.01175496414	745.15142968992	0.00000000000	0.85105730664
3263.24414355483	745.15119179534	0.00000000000	0.85167600945
3265.61374919945	745.15105576143	0.00000000000	0.85233282299
3267.59376451138	745.15103481039	0.00000000000	0.85288171287
3269.53868168678	745.15109702540	0.00000000000	0.85342092960
3271.58207630534	745.15125140302	0.00000000000	0.85398750889
3273.73552470462	745.15151351538	0.00000000000	0.85458466984
3275.67566684517	745.15183765612	0.00000000000	0.85512273845
3277.61422267461	745.15224541588	0.00000000000	0.85566042230
3279.55231324900	745.15273745635	0.00000000000	0.85619803213
3281.49441008137	745.15331570522	0.00000000000	0.85673680830
3283.44158909806	745.15398164654	0.00000000000	0.85727704956
3285.43107541694	745.15475177137	0.00000000000	0.85782908584
3287.47093294449	745.15563617547	0.00000000000	0.85839515855
3289.43417043565	745.15657859012	0.00000000000	0.85894002560
3291.38719207196	745.15760547173	0.00000000000	0.85948211256
3293.66743169404	745.15891795978	0.00000000000	0.86011509267
3295.91997447753	745.16033547166	0.00000000000	0.86074045759
3297.88133342292	745.16166835146	0.00000000000	0.86128504139
3300.00510334359	745.16321581785	0.00000000000	0.86187478156
3301.94249756809	745.16472260582	0.00000000000	0.86241282390
3303.87495023496	745.16631653722	0.00000000000	0.86294954700
3305.95189166010	745.16813159935	0.00000000000	0.86352645967
3307.88454328078	745.16991603250	0.00000000000	0.86406334765
3310.16156037367	745.17213728772	0.00000000000	0.86469596742
3312.57909554005	745.17463732712	0.00000000000	0.86536770681
3314.53675723700	745.17676947797	0.00000000000	0.86591172517
3316.55185532369	745.17906548752	0.00000000000	0.86647176055
3318.64851090158	745.18156418951	0.00000000000	0.86705452241
3320.58171059075	745.18396789194	0.00000000000	0.86759190610
3322.54936455099	745.18651335534	0.00000000000	0.86813892045
3324.54566101158	745.18919845937	0.00000000000	0.86869395220
3326.66399586646	745.19216139169	0.00000000000	0.86928297443
3328.59537591597	745.19496545310	0.00000000000	0.86982006594
3330.52180583014	745.19786041255	0.00000000000	0.87035583182
3332.74031509404	745.20131638279	0.00000000000	0.87097289173
3334.90631262533	745.20481741177	0.00000000000	0.87157541067
3336.97685220527	745.20828205679	0.00000000000	0.87215143553
3338.90594553886	745.21161434745	0.00000000000	0.87268816228
3340.83459616980	745.21504704898	0.00000000000	0.87322481614
3342.75942290977	745.21857436370	0.00000000000	0.87376045598
3344.68380755628	745.22220270665	0.00000000000	0.87429602259
3346.60661972765	745.22593034040	0.00000000000	0.87483120116
3348.76985151948	745.23024693292	0.00000000000	0.87543335510
3350.95844475068	745.23474730729	0.00000000000	0.87604263210
3352.88102296066	745.23881184089	0.00000000000	0.87657790637
3355.23352786100	745.24392757268	0.00000000000	0.87723294525
3357.72936357664	745.24952725367	0.00000000000	0.87792797352
3359.66730246599	745.25399830998	0.00000000000	0.87846769794
3361.69153851436	745.25878402209	0.00000000000	0.87903150913
3363.61521746112	745.26344200005	0.00000000000	0.87956736182
3365.53846506676	745.26820666438	0.00000000000	0.88010314263
3367.47467789497	745.27311282171	0.00000000000	0.88064258395
3369.42033002344	745.27815401216	0.00000000000	0.88118470412
3371.34227613229	745.28324369979	0.00000000000	0.88172026714
3373.26039311045	745.28843272187	0.00000000000	0.88225481067
3375.18147467029	745.29373993688	0.00000000000	0.88279022784
3377.10212619247	745.29915673889	0.00000000000	0.88332557248
3379.02234834976	745.30468360958	0.00000000000	0.88386084464
3380.96545951875	745.31039019133	0.00000000000	0.88440254511
3382.98524274817	745.31644393180	0.00000000000	0.88496567113
3385.16735014976	745.32312466719	0.00000000000	0.88557411211
3387.32320668009	745.32986908687	0.00000000000	0.88617529262
3389.38318306504	745.33644805094	0.00000000000	0.88674979078
3391.53826400888	745.34347218840	0.00000000000	0.88735086929
3393.59743135770	745.35031953897	0.00000000000	0.88792525065
3395.91434465632	745.35818353634	0.00000000000	0.88857159057
3397.83060075312	745.36481596379	0.00000000000	0.88910621121
3399.88854981142	745.37206886986	0.00000000000	0.88968041379
3401.90461650646	745.37930542479	0.00000000000	0.89024298124
3403.84298298128	745.38638617595	0.00000000000	0.89078391427
3405.87838080126	745.39395190235	0.00000000000	0.89135197516
3407.98082073274	745.40190791236	0.00000000000	0.89193880015
3410.23931652175	745.41061501735	0.00000000000	0.89256924292
3412.29489257426	745.41868511424	0.00000000000	0.89314309604
3414.21335934670	745.42634247054	0.00000000000	0.89367871869
3416.38981329926	745.43517703284	0.00000000000	0.89428642341
3418.35100430646	745.44327273184	0.00000000000	0.89483407173
3420.45113901229	745.45208449741	0.00000000000	0.89542057025
3422.87797726160	745.46245154958	0.00000000000	0.89609837200
3424.88959833998	745.47119557226	0.00000000000	0.89666025921
3426.81334840800	745.47968606362	0.00000000000	0.89719764719
3428.96164178193	745.48931667070	0.00000000000	0.89779781174
3430.89451430276	745.49811662928	0.00000000000	0.89833784112
3432.79891279061	745.50691264784	0.00000000000	0.89886995803
3434.72100761203	745.51591746657	0.00000000000	0.89940706266
3436.63483569580	745.52501094016	0.00000000000	0.89994190013
3438.68540603918	745.53489582438	0.00000000000	0.90051499885
3440.59273035952	745.54422233797	0.00000000000	0.90104810660
3442.58203382294	745.55408602393	0.00000000000	0.90160417281
3444.50208962665	745.56373892165	0.00000000000	0.90214092562
3446.64717580922	745.57467783809	0.00000000000	0.90274063589
3448.54826051261	745.58450953047	0.00000000000	0.90327217374
3450.82763493672	745.59646818382	0.00000000000	0.90390953467
3452.87557665951	745.60737201390	0.00000000000	0.90448223252
3454.94577645282	745.61854839480	0.00000000000	0.90506120301
3457.30935551265	745.63149888864	0.00000000000	0.90572228168
3459.53193093696	745.64386273687	0.00000000000	0.90634397977
3461.43506990461	745.65459351119	0.00000000000	0.90687636914
3463.35140189116	745.66553340108	0.00000000000	0.90741248999
3465.26734284699	745.67660676508	0.00000000000	0.90794854226
3467.16583642343	745.68771368216	0.00000000000	0.90847975313
3469.06737828298	745.69897307713	0.00000000000	0.90901185682
3471.00420041396	745.71058046158	0.00000000000	0.90955387381
3472.92858534088	745.72225289220	0.00000000000	0.91009245100
3474.86462365479	745.73413697776	0.00000000000	0.91063433046
3476.97907474204	745.74727844122	0.00000000000	0.91122619266
3479.09316736303	745.76058772376	0.00000000000	0.91181800299
3481.00592876945	745.77277666349	0.00000000000	0.91235349512
3483.19736569579	745.78691399617	0.00000000000	0.91296705299
3485.11936783646	745.79946546645	0.00000000000	0.91350521698
3487.39279559432	745.81449644286	0.00000000000	0.91414183172
3489.32607698978	745.82743652976	0.00000000000	0.91468324052
3491.22318687611	745.84027628639	0.00000000000	0.91521455812
3493.49564491821	745.85584205332	0.00000000000	0.91585104834
3495.68505041597	745.87103113625	0.00000000000	0.91646432783
3497.63076140970	745.88468856361	0.00000000000	0.91700938763
3499.52626283366	745.89813801144	0.00000000000	0.91754042000
3501.54379559082	745.91261056744	0.00000000000	0.91810568098
3503.44424921936	745.92639214408	0.00000000000	0.91863817794
3505.33858074255	745.94027360687	0.00000000000	0.91916899660
3507.26839765017	745.95456378375	0.00000000000	0.91970979670
3509.19783842978	745.96900175893	0.00000000000	0.92025052952
3511.14093634534	745.98369467916	0.00000000000	0.92079512818
3513.03946555122	745.99819919983	0.00000000000	0.92132727248
3514.98182406514	746.01319115442	0.00000000000	0.92187173958
3516.87958777669	746.02798851148	0.00000000000	0.92240374296
3518.76774441756	746.04285824773	0.00000000000	0.92293308908
3520.66474887226	746.05794615159	0.00000000000	0.92346495161
3522.55561996005	746.07313392649	0.00000000000	0.92399513024
3524.46994898103	746.08866185473	0.00000000000	0.92453192238
3526.36005939279	746.10414366390	0.00000000000	0.92506195900
3528.33322670941	746.12046573292	0.00000000000	0.92561532452
3530.21909040880	746.13621887894	0.00000000000	0.92614424186
3532.19155869714	746.15285630777	0.00000000000	0.92669748588
3534.07666088053	746.16891106755	0.00000000000	0.92722626059
3536.06747998478	746.18603045362	0.00000000000	0.92778472651
3538.22317919874	746.20475868119	0.00000000000	0.92838948785
3540.10712811652	746.22128924026	0.00000000000	0.92891804877
3542.03027133929	746.23832132508	0.00000000000	0.92945764109
3544.00059797286	746.25593702084	0.00000000000	0.93001050863
3545.95301452801	746.27355865007	0.00000000000	0.93055838701
3547.83545643837	746.29070579511	0.00000000000	0.93108666355
3550.04334050609	746.31101461688	0.00000000000	0.93170631262
3552.17063873283	746.33078434871	0.00000000000	0.93230338825
3554.27206730362	746.35050922482	0.00000000000	0.93289324441
3556.30162847126	746.36974472620	0.00000000000	0.93346296681
3558.18565628391	746.38776437358	0.00000000000	0.93399187032
3560.06581383932	746.40590444702	0.00000000000	0.93451971991
3562.24455443236	746.42712272659	0.00000000000	0.93513143646
3564.64974277309	746.45079341538	0.00000000000	0.93580678213
3566.59856026063	746.47016361964	0.00000000000	0.93635402330
3568.51692848461	746.48939869307	0.00000000000	0.93689274760
3570.52235523443	746.50968498113	0.00000000000	0.93745595542
3572.67273044185	746.53164073221	0.00000000000	0.93805991083
3574.69928934097	746.55252547038	0.00000000000	0.93862912883
3576.77237228018	746.57408432126	0.00000000000	0.93921145213
3578.67669852688	746.59406228545	0.00000000000	0.93974640555
3581.13790233571	746.62013022168	0.00000000000	0.94043784127
3583.56968005140	746.64616205280	0.00000000000	0.94112106215
3585.46267867545	746.66661666729	0.00000000000	0.94165294573
3587.34726435316	746.68714647786	0.00000000000	0.94218249626
3589.57715779903	746.71165270699	0.00000000000	0.94280911441
3591.45167108420	746.73243408752	0.00000000000	0.94333590077
3593.65321440615	746.75705256153	0.00000000000	0.94395462919
3595.80020827313	746.78128191030	0.00000000000	0.94455806641
3597.68296442177	746.80270938451	0.00000000000	0.94508726856
3599.64386023283	746.82520568255	0.00000000000	0.94563846571
3602.24778352024	746.85536322654	0.00000000000	0.94637046396
3604.26971284324	746.87900485983	0.00000000000	0.94693889491
3606.14514856575	746.90111171438	0.00000000000	0.94746617867
3608.07084647674	746.92399399467	0.00000000000	0.94800764355
3610.26981157830	746.95035609536	0.00000000000	0.94862602365
3612.26814097200	746.97453377009	0.00000000000	0.94918807036
3614.15547803441	746.99756664259	0.00000000000	0.94971899037
3616.07901070713	747.02124400773	0.00000000000	0.95026019632
3618.00189449722	747.04512274311	0.00000000000	0.95080133760
3619.87334626088	747.06856837674	0.00000000000	0.95132813051
3621.82858683384	747.09328524100	0.00000000000	0.95187865484
3623.69850559596	747.11713995432	0.00000000000	0.95240530770
3625.57344804290	747.14127581953	0.00000000000	0.95293353714
3627.54546527805	747.16690086604	0.00000000000	0.95348930382
3629.49728754556	747.19251050791	0.00000000000	0.95403958299
3631.48800812191	747.21888912001	0.00000000000	0.95460105241
3633.34855448444	747.24378382410	0.00000000000	0.95512602437
3635.45658466302	747.27227725782	0.00000000000	0.95572109588
3637.93061703124	747.30611590427	0.00000000000	0.95641987385
3639.85897996684	747.33279596687	0.00000000000	0.95696483885
3642.18493261964	747.36534036824	0.00000000000	0.95762254583
3644.42356914717	747.39704655657	0.00000000000	0.95825597763
3646.40519343535	747.42543332146	0.00000000000	0.95881704426
3648.58490248549	747.45701276786	0.00000000000	0.95943460242
3650.90410238550	747.49103023325	0.00000000000	0.96009217164
3652.82341718450	747.51951417441	0.00000000000	0.96063675998
3654.94381684745	747.55133888434	0.00000000000	0.96123884340
3656.79325480623	747.57940803457	0.00000000000	0.96176437868
3658.63641809654	747.60767572629	0.00000000000	0.96228850677
3660.67513429984	747.63929017726	0.00000000000	0.96286869546
3662.54367201278	747.66859205498	0.00000000000	0.96340088578
3664.38287907318	747.69774418687	0.00000000000	0.96392513930
3666.23772660590	747.72746117236	0.00000000000	0.96445428342
3668.07221811276	747.75717030843	0.00000000000	0.96497806075
3670.01267062725	747.78894573814	0.00000000000	0.96553258289
3671.86191488872	747.81956833962	0.00000000000	0.96606152459
3673.71940132447	747.85066778068	0.00000000000	0.96659331348
3675.89961370371	747.88761324687	0.00000000000	0.96721814215
3677.89645385874	747.92187820420	0.00000000000	0.96779104774
3679.77365808734	747.95446902398	0.00000000000	0.96833019448
3681.70112361867	747.98832082125	0.00000000000	0.96888436279
3683.66826897145	748.02328201527	0.00000000000	0.96945056869
3685.52455247161	748.05666138062	0.00000000000	0.96998546364
3687.42594631396	748.09124939965	0.00000000000	0.97053397570
3689.43205162832	748.12818549598	0.00000000000	0.97111339104
3691.24509310036	748.16196487810	0.00000000000	0.97163767520
3693.06153794104	748.19619263002	0.00000000000	0.97216355892
3694.93555934499	748.23191544537	0.00000000000	0.97270677276
3697.22623360811	748.27615585842	0.00000000000	0.97337169501
3699.05266855002	748.31189143432	0.00000000000	0.97390261669
3701.11725088072	748.35278776742	0.00000000000	0.97450359317
3702.92015463614	748.38894264484	0.00000000000	0.97502913390
3705.08578037907	748.43292547787	0.00000000000	0.97566133638
3707.44360183536	748.48151148064	0.00000000000	0.97635082876
3709.90936116530	748.53311734401	0.00000000000	0.97707324130
3711.71707075203	748.57147727826	0.00000000000	0.97760376390
3713.86723141042	748.61769438474	0.00000000000	0.97823580914
3716.31980637971	748.67120888518	0.00000000000	0.97895813774
3718.68353207980	748.72360426086	0.00000000000	0.97965573584
3720.66448469242	748.76814628920	0.00000000000	0.98024148220
3722.53145217422	748.81066151476	0.00000000000	0.98079447673
3724.48127658414	748.85562804595	0.00000000000	0.98137302146
3726.29020883273	748.89786918937	0.00000000000	0.98191070151
3728.23280322230	748.94380199042	0.00000000000	0.98248913997
3730.48713426082	748.99785894033	0.00000000000	0.98316176877
3732.79156466608	749.05396878294	0.00000000000	0.98385089861
3734.87238876682	749.10538764090	0.00000000000	0.98447454147
3737.05653488067	749.16014323604	0.00000000000	0.98513059502
3739.10157286133	749.21215198398	0.00000000000	0.98574623600
3740.85719022454	749.25738131575	0.00000000000	0.98627583030
3742.74698378120	749.30667700524	0.00000000000	0.98684703862
3744.83148548553	749.36179681470	0.00000000000	0.98747849701
3746.55786748401	749.40804837957	0.00000000000	0.98800260272
3748.39265676863	749.45781126661	0.00000000000	0.98856076688
3750.14043445092	749.50580481067	0.00000000000	0.98909358155
3751.91290265350	749.55507396576	0.00000000000	0.98963506097
3753.71608934095	749.60582408715	0.00000000000	0.99018712268
3755.55487606233	749.65823776585	0.00000000000	0.99075135185
3757.38924633456	749.71120188896	0.00000000000	0.99131552662
3759.38455855897	749.76959271907	0.00000000000	0.99193070522
3761.13555788412	749.82151441756	0.00000000000	0.99247187667
3763.62162637631	749.89634569878	0.00000000000	0.99324239419
3765.37877689448	749.95003815732	0.00000000000	0.99378855833
3767.04986346427	750.00172777115	0.00000000000	0.99430919808
3768.75392159575	750.05507640951	0.00000000000	0.99484136397
3770.45366969791	750.10894292712	0.00000000000	0.99537346768
3772.33920296366	750.16947217131	0.00000000000	0.99596525950
3774.11033220863	750.22708347044	0.00000000000	0.99652263676
3776.21284725524	750.29643988182	0.00000000000	0.99718621682
3777.85971650513	750.35151045305	0.00000000000	0.99770747008
3779.56316656863	750.40917302586	0.00000000000	0.99824802720
3781.59605634540	750.47893454334	0.00000000000	0.99889501878
3783.40338601790	750.54183630399	0.00000000000	0.99947198765
3785.05273100123	750.59997558594	0.00000000000	1.00000000000
