-161.05240075734	719.29998779297	0.00000000000
-111.46055283880	718.02590079440	0.00000000000
-36.01240087505	720.25079154078	0.00000000000
42.26267672600	719.13270459400	0.00000000000
76.42492995896	719.87553253789	0.00000000000
81.48702086604	752.53648381847	0.00000000000
98.73878558273	745.77454251738	0.00000000000
161.69621996034	745.40545815297	0.00000000000
266.37482666610	741.96608616138	0.00000000000
374.43786073869	743.48980488361	0.00000000000
433.96980538907	749.30207080606	0.00000000000
448.87137259282	765.93783645323	0.00000000000
457.93738944380	788.94500310611	0.00000000000
473.28280308902	756.11569186851	0.00000000000
493.27475265731	746.47588605950	0.00000000000
510.08332303902	749.59400444258	0.00000000000
518.22697943268	746.50533665469	0.00000000000
526.83605692454	753.86830650099	0.00000000000
542.23167492396	754.29057159066	0.00000000000
568.31495677897	775.18859184180	0.00000000000
602.35626908615	755.70699814844	0.00000000000
628.11504212458	752.71583800200	0.00000000000
642.57624233904	750.63098993120	0.00000000000
652.69836545097	750.48609886124	0.00000000000
751.16338099707	751.12114952525	0.00000000000
942.28545847384	754.79244098445	0.00000000000
1205.06804684720	763.62410934172	0.00000000000
1400.48753169180	763.29050453801	0.00000000000
1527.78901716377	766.75120839691	0.00000000000
1589.58401644628	769.76647264075	0.00000000000
1636.31533805399	766.24982527577	0.00000000000
1663.60796165597	765.17925706254	0.00000000000
1671.73651687422	767.87257504487	0.00000000000
1678.73941803581	767.22233118997	0.00000000000
1693.45964944855	765.98343499910	0.00000000000
1728.30015204389	766.02411151258	0.00000000000
1780.26499926937	767.88732743148	0.00000000000
1862.89038511381	765.01978818567	0.00000000000
2087.19837112927	770.52651699013	0.00000000000
2448.87088594529	766.77896177259	0.00000000000
2827.09474195350	767.78779309216	0.00000000000
3130.65918772849	764.25982656525	0.00000000000
3357.49106219755	763.84342117916	0.00000000000
3533.08444089456	761.11475760927	0.00000000000
3677.60136689571	765.56229373546	0.00000000000
3750.43607321631	760.81112263823	0.00000000000
3785.05273100123	766.20001220703	0.00000000000
