1	0.000026679912802
2	0.000024127991408
3	0.000023477485427
4	0.000021856981079
5	0.000021434516824
6	0.000018869373709
7	0.000018286021315
8	0.000017887381740
9	0.000015072565742
10	0.000013969863285
11	0.000013210922548
12	0.000012453927174
13	0.000012323820233
14	0.000012016905838
15	0.000011748699503
16	0.000010047511149
17	0.000009904622029
18	0.000009308955224
19	0.000009112943449
20	0.000008660486720
21	0.000008349016560
22	0.000008051940440
23	0.000007874925993
25	0.000007802357743
26	0.000007584770812
28	0.000007518287602
30	0.000007492990629
32	0.000007473197148
33	0.000007392946096
35	0.000007365348261
37	0.000007333088049
39	0.000007317257175
41	0.000007293182122
43	0.000007281188891
