-161.05240075734	719.29998779297	0.00000000000	0.00000000000
-157.94638264697	719.22377799514	0.00000000000	0.00065222280
-154.80187023487	719.15376756328	0.00000000000	0.00131215889
-151.69430421725	719.09139596275	0.00000000000	0.00196400049
-148.53621452239	719.03470288985	0.00000000000	0.00262611867
-145.40712607713	718.98493838449	0.00000000000	0.00328186242
-142.29693214215	718.94155402691	0.00000000000	0.00393338137
-139.18531195738	718.90397735190	0.00000000000	0.00458495908
-136.07079396291	718.87196628353	0.00000000000	0.00523692769
-132.92075078358	718.84504920142	0.00000000000	0.00589613812
-129.77038658447	718.82337881831	0.00000000000	0.00655524497
-126.65817524912	718.80688969153	0.00000000000	0.00720622656
-123.54272895517	718.79504696064	0.00000000000	0.00785776673
-120.42337289348	718.78763233612	0.00000000000	0.00851003049
-117.31135640744	718.78443499156	0.00000000000	0.00916068991
-114.19246859309	718.78520933279	0.00000000000	0.00981274043
-111.06135881796	718.78976203286	0.00000000000	0.01046732465
-107.92216491471	718.79789119230	0.00000000000	0.01112360193
-104.79929795050	718.80928885068	0.00000000000	0.01177649334
-101.68991890453	718.82369039271	0.00000000000	0.01242661623
-98.55297368076	718.84107694431	0.00000000000	0.01308257918
-95.36826402673	718.86142665535	0.00000000000	0.01374863395
-92.26186964643	718.88366510505	0.00000000000	0.01439843516
-89.15589450852	718.90803305569	0.00000000000	0.01504829680
-86.04486426997	718.93435304562	0.00000000000	0.01569938878
-82.93927220353	718.96231111021	0.00000000000	0.01634953922
-79.83125433286	718.99175048346	0.00000000000	0.01700041843
-76.71935592571	719.02246350341	0.00000000000	0.01765235618
-73.62200646011	719.05403735634	0.00000000000	0.01830151463
-70.52575921845	719.08637745906	0.00000000000	0.01895073433
-67.41957556140	719.11937699415	0.00000000000	0.01960235567
-64.30842643819	719.15275988594	0.00000000000	0.02025536295
-61.21859433812	719.18601589515	0.00000000000	0.02090426166
-58.11916938020	719.21925064328	0.00000000000	0.02155556598
-55.03417794678	719.25198134151	0.00000000000	0.02220425093
-51.95177296558	719.28411120002	0.00000000000	0.02285282905
-48.86568041842	719.31547895461	0.00000000000	0.02350264569
-45.76975321214	719.34591287906	0.00000000000	0.02415502359
-42.66816232721	719.37513259488	0.00000000000	0.02480911322
-39.59487751936	719.40260233666	0.00000000000	0.02545777059
-36.52714402279	719.42832135937	0.00000000000	0.02610581503
-33.46027940998	719.45210539444	0.00000000000	0.02675425946
-30.38727523862	719.47377278197	0.00000000000	0.02740461308
-27.30210959940	719.49311188977	0.00000000000	0.02805818210
-24.22916965657	719.50973424035	0.00000000000	0.02870982674
-21.17655357748	719.52340367272	0.00000000000	0.02935784555
-18.12379983549	719.53400548439	0.00000000000	0.03000660181
-15.06240483425	719.54131875427	0.00000000000	0.03065793255
-12.01767509754	719.54505864376	0.00000000000	0.03130647762
-8.89206971460	719.54513956035	0.00000000000	0.03197304053
-5.85520287503	719.54194134847	0.00000000000	0.03262137326
-2.36614515067	719.53486852429	0.00000000000	0.03336697472
0.67679714430	719.52624735623	0.00000000000	0.03401778273
3.90510451543	719.51514091848	0.00000000000	0.03470868250
6.97355374513	719.50320833591	0.00000000000	0.03536570208
10.05325115607	719.49037220380	0.00000000000	0.03602536116
13.17793234878	719.47696469792	0.00000000000	0.03669479672
16.20045189026	719.46410189366	0.00000000000	0.03734238915
19.21554744903	719.45183640670	0.00000000000	0.03798834540
22.25050589306	719.44052120612	0.00000000000	0.03863842257
25.26945353606	719.43074902235	0.00000000000	0.03928484843
28.31451307477	719.42285246161	0.00000000000	0.03993655244
31.34530086842	719.41740530660	0.00000000000	0.04058480173
34.37232973312	719.41482027643	0.00000000000	0.04123176111
37.42282157282	719.41555681175	0.00000000000	0.04188315625
40.49759779242	719.42015372909	0.00000000000	0.04253906022
43.52607450292	719.42891078666	0.00000000000	0.04318433733
46.59589979652	719.44251873288	0.00000000000	0.04383757818
49.64367286119	719.46117967785	0.00000000000	0.04448519879
52.69009478025	719.48539212867	0.00000000000	0.04513152534
55.74116216790	719.51563673157	0.00000000000	0.04577774649
58.78998586924	719.55226862602	0.00000000000	0.04642232133
61.84719107815	719.59713424870	0.00000000000	0.04706747650
64.89012278185	719.75300777958	0.00000000000	0.04771338099
67.85109701913	720.29458771310	0.00000000000	0.04835918018
71.22767989659	721.88224852043	0.00000000000	0.04914044221
74.70761347882	725.63752954858	0.00000000000	0.05004504268
77.72341573919	732.79106728108	0.00000000000	0.05101339046
80.45772110694	743.16457871577	0.00000000000	0.05209120086
83.34432999629	749.24267491129	0.00000000000	0.05304687739
86.00466960640	750.29532185692	0.00000000000	0.05373543124
89.18377633054	749.67723714428	0.00000000000	0.05447296132
92.81019485966	748.60614858146	0.00000000000	0.05528605607
95.74524875617	747.89482832186	0.00000000000	0.05594014357
98.94053753711	747.26472785517	0.00000000000	0.05664887188
101.87116315768	746.80363955827	0.00000000000	0.05729624460
104.79161305909	746.44128669014	0.00000000000	0.05793923031
107.92520873742	746.14538556856	0.00000000000	0.05862717939
110.88781116497	745.94022844946	0.00000000000	0.05927610039
113.82754529985	745.79533117126	0.00000000000	0.05991894206
116.77247728729	745.69633232522	0.00000000000	0.06056219701
119.75370310608	745.63063382711	0.00000000000	0.06121299127
122.70356769229	745.58750392587	0.00000000000	0.06185689909
125.66411484229	745.55381793176	0.00000000000	0.06250344294
128.74650114586	745.51810706802	0.00000000000	0.06317722091
132.45902002870	745.47152701332	0.00000000000	0.06398964005
135.41754928906	745.43174682537	0.00000000000	0.06463774113
138.35742415690	745.38999542921	0.00000000000	0.06528233028
141.40738190071	745.34445377680	0.00000000000	0.06595163918
144.32869005337	745.29881611039	0.00000000000	0.06659325190
147.28530855200	745.25072732124	0.00000000000	0.06724313241
150.60454565557	745.19460060381	0.00000000000	0.06797330625
153.62544355220	745.14167910077	0.00000000000	0.06863836635
156.56400733160	745.08863562321	0.00000000000	0.06928574897
159.51015207477	745.03401908631	0.00000000000	0.06993522404
162.41598098615	744.97885078477	0.00000000000	0.07057620442
165.39577644812	744.92105242159	0.00000000000	0.07123388369
168.30446584532	744.86354769446	0.00000000000	0.07187622128
171.40989108524	744.80109470546	0.00000000000	0.07256236467
174.84865541996	744.73082112107	0.00000000000	0.07332256187
177.80648573329	744.66957167894	0.00000000000	0.07397675254
180.76267472862	744.60773636052	0.00000000000	0.07463084452
183.74660768419	744.54481144706	0.00000000000	0.07529131983
186.80143960173	744.47998713914	0.00000000000	0.07596771820
189.71927764629	744.41780652566	0.00000000000	0.07661397752
192.61095139526	744.35604299211	0.00000000000	0.07725460661
195.51094257073	744.29407289598	0.00000000000	0.07789722122
198.40992343828	744.23220702197	0.00000000000	0.07853973300
201.45930987955	744.16734326080	0.00000000000	0.07921568618
204.57237616820	744.10148200018	0.00000000000	0.07990584161
207.88655279806	744.03191687871	0.00000000000	0.08064064797
210.78947741293	743.97157962556	0.00000000000	0.08128430321
213.99748342466	743.90568955432	0.00000000000	0.08199560786
217.00572926364	743.84478467574	0.00000000000	0.08266259888
219.91606788141	743.78679469715	0.00000000000	0.08330783856
222.84763971173	743.72942445043	0.00000000000	0.08395771989
225.91472218914	743.67064725495	0.00000000000	0.08463754621
228.90510244260	743.61468927279	0.00000000000	0.08530025277
231.79429685623	743.56200514001	0.00000000000	0.08594040126
234.69630792984	743.51056434573	0.00000000000	0.08658323482
237.61725622570	743.46039416295	0.00000000000	0.08723008450
240.80203233654	743.40766015025	0.00000000000	0.08793512892
243.73556052605	743.36102358792	0.00000000000	0.08858431536
246.68260505419	743.31615941344	0.00000000000	0.08923624101
249.97426396972	743.26854307611	0.00000000000	0.08996407364
252.96946662796	743.22762999481	0.00000000000	0.09062603080
256.02232907418	743.18842315391	0.00000000000	0.09130038745
258.91044078171	743.15376103050	0.00000000000	0.09193801012
261.89249780899	743.12056216405	0.00000000000	0.09259600241
264.86043112043	743.09024599285	0.00000000000	0.09325048143
267.80263295131	743.06298645494	0.00000000000	0.09389887345
270.70315040754	743.03893768029	0.00000000000	0.09453767230
273.92799234130	743.01560444290	0.00000000000	0.09524746063
276.84375707999	742.99769417756	0.00000000000	0.09588886017
279.76914504590	742.98286279079	0.00000000000	0.09653206705
282.79482747581	742.97092967451	0.00000000000	0.09719703533
285.74350655469	742.96273204842	0.00000000000	0.09784483102
288.83073313154	742.95788619745	0.00000000000	0.09852283814
291.74975531147	742.95692030428	0.00000000000	0.09916372675
294.77745264795	742.95973601796	0.00000000000	0.09982832876
298.11619768163	742.96747517060	0.00000000000	0.10056107811
301.07900171490	742.97852648583	0.00000000000	0.10121124442
303.99061972259	742.99332267098	0.00000000000	0.10185014344
306.91773328104	743.01222957578	0.00000000000	0.10249244082
309.82827884194	743.03513680766	0.00000000000	0.10313113349
312.77595620483	743.06261252344	0.00000000000	0.10377803899
315.72273423037	743.09448485526	0.00000000000	0.10442484572
318.68154558360	743.13102451453	0.00000000000	0.10507442695
321.72340051167	743.17344221036	0.00000000000	0.10574241489
324.62860828944	743.21865500270	0.00000000000	0.10638059512
327.53953248533	743.26866883567	0.00000000000	0.10702026019
330.42859865584	743.32307504051	0.00000000000	0.10765538126
333.35508060428	743.38313582523	0.00000000000	0.10829902418
336.35140760168	743.44990606231	0.00000000000	0.10895837292
339.24189091850	743.51948749084	0.00000000000	0.10959479447
342.40507510079	743.60158157473	0.00000000000	0.11029170774
345.43154329982	743.68607576347	0.00000000000	0.11095897776
348.43620155245	743.77584390500	0.00000000000	0.11162193993
351.31642420428	743.86751521680	0.00000000000	0.11225794943
354.19379893978	743.96470517564	0.00000000000	0.11289385597
357.06818400357	744.06750714331	0.00000000000	0.11352966026
359.93537927221	744.17585688058	0.00000000000	0.11416446396
362.87420233784	744.29305340589	0.00000000000	0.11481577302
365.73218705662	744.41310926947	0.00000000000	0.11544982925
368.61462971342	744.54039148281	0.00000000000	0.11609000862
371.46531539210	744.67251699280	0.00000000000	0.11672385806
374.34013074532	744.81217698350	0.00000000000	0.11736383645
377.43826091297	744.97004685838	0.00000000000	0.11805442806
380.91117950146	745.15629142922	0.00000000000	0.11882972721
384.29147472111	745.34720297669	0.00000000000	0.11958559143
387.11938487816	745.51438164656	0.00000000000	0.12021892379
390.03489888810	745.69400884824	0.00000000000	0.12087285737
392.86526910565	745.87559024126	0.00000000000	0.12150868491
395.75522151490	746.06845874572	0.00000000000	0.12215894420
398.89024403832	746.28638593913	0.00000000000	0.12286558895
402.17928758543	746.52496510015	0.00000000000	0.12360839697
404.98188209962	746.73646595255	0.00000000000	0.12424255806
408.07277418280	746.97866726312	0.00000000000	0.12494329898
410.89438868040	747.21140879308	0.00000000000	0.12558435680
413.69718293217	747.47422733328	0.00000000000	0.12622303278
416.46298375041	747.79027797388	0.00000000000	0.12685587766
419.23866434008	748.19061538639	0.00000000000	0.12749435219
422.00573347377	748.70020887427	0.00000000000	0.12813501395
425.10564302858	749.43822122707	0.00000000000	0.12885874496
427.96373754878	750.31179005816	0.00000000000	0.12953272921
430.70113955135	751.35790621029	0.00000000000	0.13018534998
433.74770489614	752.80817993763	0.00000000000	0.13092118963
436.77228223867	754.59952811661	0.00000000000	0.13166323402
439.31046796318	756.41847827405	0.00000000000	0.13229616649
442.35780177704	759.04768995408	0.00000000000	0.13307028729
445.73545669944	762.79761108148	0.00000000000	0.13395055332
448.75784427266	767.41847828712	0.00000000000	0.13476425907
452.16278044618	774.13546326869	0.00000000000	0.13571610298
455.35978964295	779.40416941660	0.00000000000	0.13663563598
457.59958637874	780.86109921650	0.00000000000	0.13728741727
459.89286410529	780.35189592750	0.00000000000	0.13795574419
463.07190352528	777.22078467494	0.00000000000	0.13887517770
465.49261046281	773.71648773419	0.00000000000	0.13956338346
469.07469420591	768.10236571873	0.00000000000	0.14055306229
472.46685235644	763.43926349942	0.00000000000	0.14145277293
475.21167186553	760.26263730915	0.00000000000	0.14215749609
478.12085060972	757.40369679618	0.00000000000	0.14288614167
481.04252528398	755.00174787177	0.00000000000	0.14360251886
483.75847997796	753.15007940278	0.00000000000	0.14425726697
486.95728396822	751.39858788428	0.00000000000	0.14501749176
489.86116552111	750.17928434097	0.00000000000	0.14569977118
492.58054416893	749.33519456076	0.00000000000	0.14633377716
495.31328272775	748.76043287779	0.00000000000	0.14696768287
498.04055126880	748.44687610973	0.00000000000	0.14759857729
501.11074853797	748.39147811645	0.00000000000	0.14830850143
504.22534695448	748.61469098120	0.00000000000	0.14903039194
507.32261759253	748.86138727368	0.00000000000	0.14975221473
510.20152431444	748.80356896671	0.00000000000	0.15042879258
513.12294234996	748.33985800345	0.00000000000	0.15112121004
515.97792662338	748.00325941510	0.00000000000	0.15179762363
518.65911715287	748.34675984060	0.00000000000	0.15242633187
521.51880457747	749.65886490265	0.00000000000	0.15308829924
524.95689556962	751.75223989935	0.00000000000	0.15388740195
527.73037997012	753.10943851394	0.00000000000	0.15454919718
530.32293311960	753.81436826123	0.00000000000	0.15518621667
533.34707409302	754.30866112893	0.00000000000	0.15593901761
536.21803571037	754.90228148635	0.00000000000	0.15664808874
539.26533706054	755.85181566560	0.00000000000	0.15738793140
541.91628826223	756.88328426208	0.00000000000	0.15802222941
544.57727692633	758.05446431446	0.00000000000	0.15865150119
547.82270106322	759.59560376399	0.00000000000	0.15941050517
550.55921903129	760.93409046541	0.00000000000	0.16004450533
554.00399189881	762.59329958072	0.00000000000	0.16083643363
556.78784154010	763.85659087439	0.00000000000	0.16147257302
559.87493432900	765.11646142049	0.00000000000	0.16217518581
562.70098337393	766.08867149434	0.00000000000	0.16281677645
565.50438460799	766.83338819448	0.00000000000	0.16345262145
568.30615735574	767.31127392152	0.00000000000	0.16408836890
571.06716567317	767.48872192881	0.00000000000	0.16471580208
573.82354011913	767.39472228922	0.00000000000	0.16534313389
576.62361839668	767.05423344788	0.00000000000	0.16598126367
579.55841866845	766.46862270449	0.00000000000	0.16665088020
582.68439627841	765.63054267189	0.00000000000	0.16736483631
585.43132721275	764.74849819760	0.00000000000	0.16799269401
588.18211637904	763.76288404968	0.00000000000	0.16862174906
590.93162487450	762.70824156904	0.00000000000	0.16925070305
594.10512147719	761.44768842739	0.00000000000	0.16997672118
596.86983988618	760.34945401473	0.00000000000	0.17060914547
600.21336639321	759.07136152704	0.00000000000	0.17137368876
603.00195082174	758.08735134894	0.00000000000	0.17201095183
606.04651151188	757.12470332325	0.00000000000	0.17270660499
608.80831176365	756.34534570329	0.00000000000	0.17333863612
611.55190267431	755.65024089446	0.00000000000	0.17396855340
614.44898894076	754.99235908439	0.00000000000	0.17463717046
617.59553347572	754.35517456280	0.00000000000	0.17536896990
620.40145769160	753.84506261076	0.00000000000	0.17602798455
623.04520199748	753.40622326574	0.00000000000	0.17665583875
625.64341429136	753.00685015955	0.00000000000	0.17728078568
628.74120099229	752.56127757023	0.00000000000	0.17803819198
631.40198045228	752.19504397206	0.00000000000	0.17870147990
634.47578306242	751.77731315655	0.00000000000	0.17948530652
637.13265921427	751.41170696093	0.00000000000	0.18018015416
639.93509806929	751.05268536429	0.00000000000	0.18092427873
643.52529826882	750.72423097620	0.00000000000	0.18187418818
646.54986993587	750.59408069423	0.00000000000	0.18265781043
649.08363272612	750.55031291378	0.00000000000	0.18329989175
651.75889716661	750.53207099887	0.00000000000	0.18396258911
654.33793325228	750.52576749266	0.00000000000	0.18458803527
657.02967230657	750.52810445582	0.00000000000	0.18522983862
659.88812125787	750.53816099696	0.00000000000	0.18590218741
663.02691957081	750.55552636385	0.00000000000	0.18663298063
666.21231325866	750.57718732142	0.00000000000	0.18737011346
668.98931138141	750.59744552014	0.00000000000	0.18801154660
671.80012473207	750.61866433690	0.00000000000	0.18866042435
674.93906699970	750.64320059438	0.00000000000	0.18938462955
677.64059984057	750.66502307594	0.00000000000	0.19000756988
680.34305651312	750.68750164263	0.00000000000	0.19063040949
683.23702457929	750.71228798987	0.00000000000	0.19129704740
686.07154065664	750.73727726251	0.00000000000	0.19194965822
688.80609264127	750.76204890717	0.00000000000	0.19257895006
691.95299172530	750.79135724578	0.00000000000	0.19330277468
695.10123704945	750.82153045152	0.00000000000	0.19402653534
697.90454405448	750.84911042150	0.00000000000	0.19467069164
700.67818443922	750.87705505301	0.00000000000	0.19530775602
703.39496912177	750.90505611033	0.00000000000	0.19593150375
706.49325814016	750.93774449822	0.00000000000	0.19664253911
709.48934428762	750.97011514691	0.00000000000	0.19732982304
712.20821822070	751.00013379027	0.00000000000	0.19795327188
714.93342064645	751.03083259460	0.00000000000	0.19857794599
718.03538783855	751.06651455267	0.00000000000	0.19928871643
720.98645078266	751.10118635285	0.00000000000	0.19996465555
723.72969657110	751.13404715992	0.00000000000	0.20059278033
726.49582577638	751.16779362943	0.00000000000	0.20122594352
729.22354633008	751.20166936859	0.00000000000	0.20185012428
731.96802853919	751.23634894662	0.00000000000	0.20247795658
734.68646144891	751.27128499325	0.00000000000	0.20309965485
737.45412103014	751.30744899359	0.00000000000	0.20373243944
740.30202540794	751.34528491105	0.00000000000	0.20438339760
743.07030591235	751.38266547730	0.00000000000	0.20501599484
745.81627446192	751.42032815365	0.00000000000	0.20564334390
748.53341393139	751.45816408540	0.00000000000	0.20626396696
751.25069407069	751.49656449994	0.00000000000	0.20688449009
754.01974851349	751.53627204903	0.00000000000	0.20751670767
756.74980918464	751.57598592638	0.00000000000	0.20813990203
759.48739861905	751.61636996553	0.00000000000	0.20876470197
762.24466261820	751.65760855010	0.00000000000	0.20939388483
765.04235793867	751.70002744304	0.00000000000	0.21003219083
767.77250044750	751.74197793489	0.00000000000	0.21065499144
770.64190409541	751.78665670081	0.00000000000	0.21130946893
773.45573321522	751.83105248892	0.00000000000	0.21195118708
776.46193638503	751.87911695398	0.00000000000	0.21263669501
779.27562329343	751.92469285495	0.00000000000	0.21327823363
782.08918873146	751.97083345801	0.00000000000	0.21391968487
784.83517898662	752.01640925497	0.00000000000	0.21454567953
787.89251945616	752.06778053440	0.00000000000	0.21524260161
790.76124807067	752.11658087570	0.00000000000	0.21589648970
793.49735417980	752.16366174333	0.00000000000	0.21652011974
796.25289340660	752.21160359651	0.00000000000	0.21714815796
799.30951032356	752.26539849286	0.00000000000	0.21784480094
802.28959703996	752.31846549791	0.00000000000	0.21852399387
805.31960524203	752.37304438904	0.00000000000	0.21921456567
808.13050081999	752.42423486879	0.00000000000	0.21985520848
810.88393559838	752.47489712776	0.00000000000	0.22048277102
814.10423530880	752.53479656757	0.00000000000	0.22121677064
816.96956240244	752.58867648850	0.00000000000	0.22186989681
819.68376445011	752.64021827822	0.00000000000	0.22248861325
822.40159165509	752.69231730301	0.00000000000	0.22310819981
825.11109565417	752.74474074701	0.00000000000	0.22372593916
827.95428407983	752.80026758061	0.00000000000	0.22437421839
830.74424347516	752.85526669750	0.00000000000	0.22501042904
833.45500313504	752.90918760031	0.00000000000	0.22562865099
836.50525223358	752.97042767514	0.00000000000	0.22632439052
839.24131707318	753.02586728809	0.00000000000	0.22694855812
841.97655858543	753.08176734074	0.00000000000	0.22757263123
844.74752805386	753.13888151125	0.00000000000	0.22820495825
847.48101532186	753.19569792354	0.00000000000	0.22882883971
850.18661848726	753.25239678440	0.00000000000	0.22944646921
852.94119882193	753.31059184494	0.00000000000	0.23007540074
855.86132786177	753.37279936113	0.00000000000	0.23074227253
858.73595931304	753.43455259254	0.00000000000	0.23139890467
861.65402766380	753.49775869967	0.00000000000	0.23206562002
864.54832961863	753.56096455174	0.00000000000	0.23272707404
867.25780829105	753.62059620448	0.00000000000	0.23334644886
869.97374482861	753.68081605609	0.00000000000	0.23396746192
872.66727003721	753.74097790281	0.00000000000	0.23458351748
875.47575563660	753.80417063743	0.00000000000	0.23522605082
878.41048186385	753.87070649352	0.00000000000	0.23589767515
881.10110705254	753.93215718046	0.00000000000	0.23651363126
884.00977803598	753.99906850662	0.00000000000	0.23717972214
887.04140196495	754.06933706783	0.00000000000	0.23787421982
889.82565652230	754.13434498189	0.00000000000	0.23851228240
892.59215133490	754.19938450008	0.00000000000	0.23914650404
895.35722564601	754.26483291361	0.00000000000	0.23978063563
898.05987113885	754.32922887768	0.00000000000	0.24040068484
901.42486885806	754.40999115449	0.00000000000	0.24117302803
904.32322569119	754.48007059343	0.00000000000	0.24183857419
906.99976778714	754.54520936611	0.00000000000	0.24245344614
909.79097872597	754.61356892076	0.00000000000	0.24309493497
912.46778395479	754.67953707087	0.00000000000	0.24371040095
915.27452465261	754.74913694926	0.00000000000	0.24435603443
918.04320427308	754.81822174815	0.00000000000	0.24499321338
921.02978329471	754.89321862578	0.00000000000	0.24568088305
923.91640871617	754.96617167552	0.00000000000	0.24634588611
926.58452446890	755.03400783155	0.00000000000	0.24696086231
929.24744619267	755.10209843309	0.00000000000	0.24757494747
931.97575922739	755.17225966472	0.00000000000	0.24820443682
934.70221344143	755.24277419291	0.00000000000	0.24883383303
937.36049685098	755.31190983931	0.00000000000	0.24944782261
940.01691364875	755.38137412871	0.00000000000	0.25006171414
942.67144411324	755.45116177342	0.00000000000	0.25067550742
945.34450270514	755.52180224871	0.00000000000	0.25129392480
948.01568476042	755.59274768182	0.00000000000	0.25191224645
950.81837614747	755.66755371791	0.00000000000	0.25256137082
953.46537437096	755.73853751690	0.00000000000	0.25317477259
956.16312716609	755.81120301772	0.00000000000	0.25380027047
958.83605221046	755.88350664328	0.00000000000	0.25442034243
961.49037954210	755.95559725116	0.00000000000	0.25503642330
964.30460414064	756.03233276075	0.00000000000	0.25568996618
966.97206632120	756.10534067262	0.00000000000	0.25630975585
969.63775498646	756.17855400550	0.00000000000	0.25692945102
972.38724712341	756.25432183630	0.00000000000	0.25756895806
975.31083195400	756.33515362480	0.00000000000	0.25824932207
978.28382685130	756.41761649678	0.00000000000	0.25894156661
981.08703038498	756.49559901154	0.00000000000	0.25959462599
983.91016882041	756.57434580149	0.00000000000	0.26025266966
986.58799276596	756.64922016122	0.00000000000	0.26087715473
989.32668533060	756.72596497711	0.00000000000	0.26151614687
992.01478461221	756.80144453131	0.00000000000	0.26214363886
994.64781320294	756.87551152344	0.00000000000	0.26275856519
997.53244074590	756.95679324928	0.00000000000	0.26343257691
1000.32361251380	757.03556337680	0.00000000000	0.26408507368
1003.00501306830	757.11133451736	0.00000000000	0.26471220411
1005.86048187250	757.19211606421	0.00000000000	0.26538036077
1008.47925205443	757.26627108957	0.00000000000	0.26599341464
1011.24312789009	757.34459336609	0.00000000000	0.26664072832
1013.98562813623	757.42235505116	0.00000000000	0.26728332783
1016.67401607962	757.49861231570	0.00000000000	0.26791352780
1019.28221706500	757.57261053028	0.00000000000	0.26852519260
1021.88548146058	757.64647151141	0.00000000000	0.26913595436
1024.52843638200	757.72144887953	0.00000000000	0.26975628573
1027.34806815926	757.80141311399	0.00000000000	0.27041836841
1030.16614459286	757.88129188821	0.00000000000	0.27108037487
1032.98268168068	757.96107006207	0.00000000000	0.27174230515
1035.94728323665	758.04496338049	0.00000000000	0.27243933756
1038.96423364918	758.13023651872	0.00000000000	0.27314899505
1042.20645489774	758.22174063182	0.00000000000	0.27391199332
1044.97247272328	758.29967576620	0.00000000000	0.27456321008
1047.56195110724	758.37251478873	0.00000000000	0.27517309768
1050.54564421603	758.45627996191	0.00000000000	0.27587611035
1053.32906140483	758.53424958364	0.00000000000	0.27653219894
1055.92199570744	758.60671930820	0.00000000000	0.27714361501
1058.52715678334	758.67935851133	0.00000000000	0.27775813181
1061.12340570481	758.75156488084	0.00000000000	0.27837076074
1063.70554557721	758.82318387510	0.00000000000	0.27898027001
1066.48237996560	758.89997179368	0.00000000000	0.27963596684
1069.23622317547	758.97587248717	0.00000000000	0.28028646725
1071.82724834197	759.04704346994	0.00000000000	0.28089871605
1074.41106650852	759.11776990815	0.00000000000	0.28150946049
1077.03940590414	759.18944948011	0.00000000000	0.28213092926
1079.69522366510	759.26159306982	0.00000000000	0.28275909803
1082.61020181541	759.34043026416	0.00000000000	0.28344879602
1085.21179748902	759.41047155595	0.00000000000	0.28406454743
1087.86393032367	759.48154864765	0.00000000000	0.28469245248
1090.74948105928	759.55849305274	0.00000000000	0.28537583756
1093.51398006488	759.63181423560	0.00000000000	0.28603076286
1096.12154036886	759.70060438528	0.00000000000	0.28664869280
1098.69012925210	759.76800365408	0.00000000000	0.28725755956
1101.27547277588	759.83546634984	0.00000000000	0.28787056765
1103.99305285711	759.90595890044	0.00000000000	0.28851511077
1106.68975914540	759.97546939152	0.00000000000	0.28915488296
1109.40515709333	760.04500355322	0.00000000000	0.28979926738
1111.97247653449	760.11030974661	0.00000000000	0.29040867281
1114.53874937027	760.17515302899	0.00000000000	0.29101798356
1117.31603448381	760.24482215606	0.00000000000	0.29167756503
1119.95483402848	760.31051608491	0.00000000000	0.29230441801
1122.87957938373	760.38274134932	0.00000000000	0.29299937728
1126.08336221788	760.46112732623	0.00000000000	0.29376085121
1128.75289633696	760.52584205892	0.00000000000	0.29439551026
1131.33566345880	760.58792016265	0.00000000000	0.29500968094
1133.95426878541	760.65031103388	0.00000000000	0.29563251115
1136.60338723273	760.71285328128	0.00000000000	0.29626273658
1139.15355122716	760.77249960246	0.00000000000	0.29686954874
1141.81843787344	760.83422898680	0.00000000000	0.29750379032
1144.65820351601	760.89931857480	0.00000000000	0.29817979702
1147.34000609971	760.96011825464	0.00000000000	0.29881833363
1150.04074765963	761.02067547862	0.00000000000	0.29946150691
1152.78318013169	761.08146261897	0.00000000000	0.30011473607
1155.46238917322	761.14014785607	0.00000000000	0.30075302644
1158.80090916733	761.21228391356	0.00000000000	0.30154855184
1162.13852262788	761.28327578545	0.00000000000	0.30234403492
1164.83489176123	761.33978820079	0.00000000000	0.30298680707
1167.40582003962	761.39295792761	0.00000000000	0.30359977479
1170.28928032964	761.45174651216	0.00000000000	0.30428736826
1172.96349807278	761.50545585901	0.00000000000	0.30492516699
1175.54289652931	761.55650577984	0.00000000000	0.30554044082
1178.11072631989	761.60657749417	0.00000000000	0.30615303941
1180.68867115771	761.65608178626	0.00000000000	0.30676813280
1183.23810621098	761.70427266406	0.00000000000	0.30737650144
1186.25313027557	761.76026445066	0.00000000000	0.30809606876
1189.32384849433	761.81615679840	0.00000000000	0.30882903014
1191.87109578774	761.86163764855	0.00000000000	0.30943711686
1194.53978848345	761.90841334739	0.00000000000	0.31007426470
1197.07535460371	761.95201493576	0.00000000000	0.31067969145
1199.62832457859	761.99507570957	0.00000000000	0.31128933267
1202.33600224872	762.03981111641	0.00000000000	0.31193597899
1204.88003150874	762.08095312689	0.00000000000	0.31254359747
1207.56567470709	762.12344387027	0.00000000000	0.31318509441
1210.17776235761	762.16386007073	0.00000000000	0.31380907735
1212.72764014718	762.20246752656	0.00000000000	0.31441825400
1215.65409667977	762.24577168331	0.00000000000	0.31511746547
1218.40286766833	762.28549324339	0.00000000000	0.31577429180
1220.98342591932	762.32196573156	0.00000000000	0.31639098580
1223.51696011592	762.35702253214	0.00000000000	0.31699650275
1226.17846395844	762.39306952935	0.00000000000	0.31763267103
1228.70370482321	762.42655133114	0.00000000000	0.31823633354
1231.42676897980	762.46189283420	0.00000000000	0.31888735838
1233.95064728774	762.49396207165	0.00000000000	0.31949083103
1236.84564557916	762.52995783346	0.00000000000	0.32018312399
1239.63725216280	762.56389503225	0.00000000000	0.32085077919
1242.38044787267	762.59652937423	0.00000000000	0.32150694127
1245.30040841242	762.63051591738	0.00000000000	0.32220547980
1248.19279902099	762.66344650332	0.00000000000	0.32289752176
1251.00657740116	762.69480713973	0.00000000000	0.32357085152
1253.52793943031	762.72236487762	0.00000000000	0.32417428977
1256.36583909913	762.75279177142	0.00000000000	0.32485358091
1259.12839831477	762.78183480994	0.00000000000	0.32551493786
1261.76199274938	762.80901581217	0.00000000000	0.32614551409
1264.36047378726	762.83537145107	0.00000000000	0.32676777415
1266.97479319230	762.86144465281	0.00000000000	0.32739392028
1269.78368813231	762.88898712591	0.00000000000	0.32806677477
1272.61732450561	762.91630349471	0.00000000000	0.32874566969
1275.17101489630	762.94054005626	0.00000000000	0.32935759374
1278.13754470899	762.96826807193	0.00000000000	0.33006856489
1281.02143241752	762.99481192283	0.00000000000	0.33075985685
1283.54452159883	763.01772453786	0.00000000000	0.33136476716
1286.19012325448	763.04146033533	0.00000000000	0.33199915670
1288.70548959248	763.06377267314	0.00000000000	0.33260242023
1291.24331367739	763.08605182053	0.00000000000	0.33321117343
1293.75703781603	763.10790829354	0.00000000000	0.33381424995
1296.31670082109	763.12996788268	0.00000000000	0.33442845608
1298.88949156330	763.15196100529	0.00000000000	0.33504592412
1301.61627039841	763.17509645935	0.00000000000	0.33570047351
1304.16088029244	763.19654567232	0.00000000000	0.33631141138
1306.74645451797	763.21822185182	0.00000000000	0.33693230212
1309.34781573970	763.23993077797	0.00000000000	0.33755710542
1311.84847287645	763.26072467401	0.00000000000	0.33815783789
1314.43147051784	763.28214658427	0.00000000000	0.33877847276
1317.08727350717	763.30413375714	0.00000000000	0.33941673196
1319.62662542026	763.32514081698	0.00000000000	0.34002713080
1322.20696570761	763.34649147983	0.00000000000	0.34064751009
1325.10417535246	763.37049497505	0.00000000000	0.34134422862
1327.65329020976	763.39166393250	0.00000000000	0.34195737585
1330.15457721499	763.41250087677	0.00000000000	0.34255914645
1332.68933457159	763.43370199131	0.00000000000	0.34316910008
1335.19489513236	763.45476253175	0.00000000000	0.34377215880
1337.69339907093	763.47588538011	0.00000000000	0.34437365029
1340.19709315729	763.49719294191	0.00000000000	0.34497652439
1342.80468409475	763.51955511999	0.00000000000	0.34560455967
1345.34731128835	763.54154792653	0.00000000000	0.34621709125
1348.18293958855	763.56631846208	0.00000000000	0.34690037664
1350.71102101545	763.58864062372	0.00000000000	0.34750970585
1353.31473278691	763.61188696838	0.00000000000	0.34813741513
1356.02276726451	763.63636374121	0.00000000000	0.34879043972
1359.16250753904	763.66515590049	0.00000000000	0.34954778063
1361.64492055329	763.68825823866	0.00000000000	0.35014673099
1364.20987870779	763.71246406804	0.00000000000	0.35076575191
1367.34650678959	763.74255805364	0.00000000000	0.35152295405
1370.12232919842	763.76967161335	0.00000000000	0.35219325591
1372.75793353487	763.79585894215	0.00000000000	0.35282987458
1375.23765887661	763.82091247672	0.00000000000	0.35342900015
1377.74422049435	763.84666579234	0.00000000000	0.35403476782
1380.30283626879	763.87341867755	0.00000000000	0.35465328140
1383.07351991062	763.90294249255	0.00000000000	0.35532325083
1385.58792490820	763.93025533446	0.00000000000	0.35593142429
1388.06674461310	763.95768588890	0.00000000000	0.35653115426
1390.67488320915	763.98710908544	0.00000000000	0.35716234926
1393.14712059504	764.01555067042	0.00000000000	0.35776082453
1395.79445821270	764.04662380266	0.00000000000	0.35840187285
1398.36228224677	764.07739505430	0.00000000000	0.35902385186
1401.05240958013	764.11032238414	0.00000000000	0.35967565249
1403.84002984152	764.14521437621	0.00000000000	0.36035129030
1406.34559461207	764.17726828806	0.00000000000	0.36095875506
1408.81548037365	764.20952750310	0.00000000000	0.36155774649
1411.45610889621	764.24476533733	0.00000000000	0.36219834230
1414.16425775464	764.28173179845	0.00000000000	0.36285553079
1416.66525070125	764.31663674178	0.00000000000	0.36346264193
1419.52560874750	764.35748549758	0.00000000000	0.36415721817
1422.30514598943	764.39815642553	0.00000000000	0.36483240632
1425.03288569993	764.43903211986	0.00000000000	0.36549524213
1427.68843541839	764.47976729819	0.00000000000	0.36614075705
1430.14432720772	764.51828760258	0.00000000000	0.36673793493
1432.62699940521	764.55807619321	0.00000000000	0.36734181810
1435.48007876487	764.60488007850	0.00000000000	0.36803604118
1438.30491949225	764.65238600659	0.00000000000	0.36872365105
1440.76029579236	764.69464353207	0.00000000000	0.36932153813
1443.24910256437	764.73841317944	0.00000000000	0.36992776731
1446.15203056522	764.79068432811	0.00000000000	0.37063512809
1448.97180529053	764.84274362206	0.00000000000	0.37132249648
1451.59409780758	764.89232002628	0.00000000000	0.37196196607
1454.60566190515	764.95067044822	0.00000000000	0.37269665228
1457.07680186077	764.99970385012	0.00000000000	0.37329973247
1459.71725153311	765.05327072036	0.00000000000	0.37394436710
1462.86850745110	765.11882148103	0.00000000000	0.37471402919
1465.30765292464	765.17079594351	0.00000000000	0.37531000741
1468.06545836556	765.23089641056	0.00000000000	0.37598411378
1470.72323623917	765.29020150296	0.00000000000	0.37663406035
1473.31334420789	765.34934600488	0.00000000000	0.37726775475
1475.82783208103	765.40807659648	0.00000000000	0.37788324770
1478.37541000178	765.46893767063	0.00000000000	0.37850716152
1481.07458988391	765.53495462089	0.00000000000	0.37916857839
1483.53062420729	765.59643495875	0.00000000000	0.37977076921
1486.22599984957	765.66549674788	0.00000000000	0.38043205571
1488.87133326138	765.73493878293	0.00000000000	0.38108150680
1491.31191509209	765.80050584007	0.00000000000	0.38168109815
1494.13038533168	765.87806424439	0.00000000000	0.38237403982
1496.66383252437	765.94950567368	0.00000000000	0.38299739749
1499.21404167607	766.02311326373	0.00000000000	0.38362537075
1501.62450561034	766.09428720180	0.00000000000	0.38421940498
1504.11629366989	766.16953565171	0.00000000000	0.38483398295
1506.64019315548	766.24752841563	0.00000000000	0.38545702192
1509.06440973580	766.32416126040	0.00000000000	0.38605598581
1511.47824749150	766.40217887801	0.00000000000	0.38665292259
1513.93037344416	766.48322281821	0.00000000000	0.38725989629
1516.32834561087	766.56425858964	0.00000000000	0.38785403839
1518.75140254554	766.64797023184	0.00000000000	0.38845499062
1521.31894261525	766.73872239146	0.00000000000	0.38909245104
1523.70565516712	766.82501443125	0.00000000000	0.38968565874
1526.17264625470	766.91620672083	0.00000000000	0.39029949086
1528.55598640186	767.00626698376	0.00000000000	0.39089317572
1530.94083650542	767.09809417935	0.00000000000	0.39148786563
1533.35742620467	767.19237190124	0.00000000000	0.39209103154
1536.12741831402	767.30125894419	0.00000000000	0.39278299002
1538.51143229451	767.39507551644	0.00000000000	0.39337893544
1541.10228412358	767.49649117759	0.00000000000	0.39402690941
1543.94859713838	767.60647031306	0.00000000000	0.39473903916
1546.39891722685	767.69927772268	0.00000000000	0.39535221040
1549.75167561258	767.82236629926	0.00000000000	0.39619120958
1553.13313597919	767.94058897777	0.00000000000	0.39703717582
1555.67847915299	768.02475479075	0.00000000000	0.39767367710
1558.22496572237	768.10410834242	0.00000000000	0.39831010482
1560.91514422550	768.18197458263	0.00000000000	0.39898194215
1563.46527687610	768.24947526133	0.00000000000	0.39961822285
1565.88097745103	768.30718141266	0.00000000000	0.40022034693
1568.55348409885	768.36331686552	0.00000000000	0.40088568119
1571.13398569760	768.40921167277	0.00000000000	0.40152721099
1574.19915357409	768.45226701580	0.00000000000	0.40228794480
1576.67063686347	768.47727612510	0.00000000000	0.40290021052
1579.08296835085	768.49279623536	0.00000000000	0.40349676766
1581.61720229943	768.49912358900	0.00000000000	0.40412226317
1584.15650318007	768.49468584403	0.00000000000	0.40474768176
1586.64664550625	768.47935466054	0.00000000000	0.40535961912
1589.17766908096	768.45213488693	0.00000000000	0.40598012644
1591.82214292224	768.41068695723	0.00000000000	0.40662677597
1594.38513698344	768.35811623830	0.00000000000	0.40725188722
1596.83426592941	768.29726494139	0.00000000000	0.40784782387
1599.26931430874	768.22722078072	0.00000000000	0.40843905204
1601.77691992466	768.14589871258	0.00000000000	0.40904663878
1604.24016570896	768.05766856483	0.00000000000	0.40964230993
1606.69936604751	767.96204649701	0.00000000000	0.41023592252
1609.15596341896	767.85970432484	0.00000000000	0.41082790093
1611.75205115385	767.74490144971	0.00000000000	0.41145247853
1614.22203541285	767.63004788739	0.00000000000	0.41204582333
1616.76881834365	767.50660825118	0.00000000000	0.41265677854
1619.23808767540	767.38275261590	0.00000000000	0.41324839644
1622.17859207552	767.23083104155	0.00000000000	0.41395206007
1624.75104445747	767.09480007630	0.00000000000	0.41456696714
1627.21965848714	766.96223511982	0.00000000000	0.41515652787
1629.87803360938	766.81801443239	0.00000000000	0.41579090869
1632.66140011918	766.66623809636	0.00000000000	0.41645464844
1635.17802283310	766.52907821450	0.00000000000	0.41705444222
1637.77639344298	766.38827603699	0.00000000000	0.41767345859
1640.35630972966	766.25001667713	0.00000000000	0.41828788939
1642.82903331781	766.11961871148	0.00000000000	0.41887668191
1645.30533351038	765.99175942374	0.00000000000	0.41946628384
1647.83590705242	765.86458689207	0.00000000000	0.42006883126
1650.45378743988	765.73746609670	0.00000000000	0.42069226406
1652.93250980923	765.62194851681	0.00000000000	0.42128271613
1655.41646983999	765.51158280879	0.00000000000	0.42187463708
1657.99107971247	765.41869248350	0.00000000000	0.42248850788
1660.60171072968	765.42514885830	0.00000000000	0.42311163355
1663.18762299365	765.62575855760	0.00000000000	0.42372987402
1665.68380351249	766.06676988483	0.00000000000	0.42432864167
1668.10438558630	766.62730990574	0.00000000000	0.42491653028
1670.86382467919	767.21065176136	0.00000000000	0.42560553545
1673.55379580651	767.48027047877	0.00000000000	0.42630814174
1675.89547863354	767.45014741871	0.00000000000	0.42694121967
1678.06503888593	767.29204142435	0.00000000000	0.42753433789
1680.50937556821	767.07848303304	0.00000000000	0.42819687874
1683.75958125673	766.81452637360	0.00000000000	0.42906225718
1686.57599724291	766.61685487464	0.00000000000	0.42979971533
1688.85385396418	766.48333348222	0.00000000000	0.43038891810
1691.14646454326	766.37134508960	0.00000000000	0.43097622271
1693.75533820677	766.26858494415	0.00000000000	0.43163844990
1696.08979181589	766.19669425167	0.00000000000	0.43222625571
1698.81617051297	766.13414865570	0.00000000000	0.43290791816
1701.33944807044	766.09456613156	0.00000000000	0.43353493475
1703.76824009350	766.07115059710	0.00000000000	0.43413563177
1706.35666056661	766.06012366693	0.00000000000	0.43477341824
1708.81516748049	766.06122241298	0.00000000000	0.43537752814
1711.20920444083	766.07157761814	0.00000000000	0.43596479731
1713.90889545065	766.09244749805	0.00000000000	0.43662652424
1716.40539077998	766.11875492631	0.00000000000	0.43723857699
1719.12679817167	766.15328893851	0.00000000000	0.43790659645
1721.54300363402	766.18816388715	0.00000000000	0.43850065733
1724.08668635784	766.22870851410	0.00000000000	0.43912701238
1726.56729482042	766.27160527083	0.00000000000	0.43973874742
1729.19484132377	766.32018214606	0.00000000000	0.44038766718
1731.63454257436	766.36774015886	0.00000000000	0.44099103893
1734.18430451800	766.41951020320	0.00000000000	0.44162246670
1736.58951700132	766.46986034024	0.00000000000	0.44221885229
1738.94755904190	766.52025525910	0.00000000000	0.44280422494
1741.31089002591	766.57140274102	0.00000000000	0.44339156216
1744.01974401487	766.63031648791	0.00000000000	0.44406553621
1746.51114796164	766.68429064161	0.00000000000	0.44468609693
1749.52151052310	766.74856488593	0.00000000000	0.44543675315
1752.22070721677	766.80468811219	0.00000000000	0.44611054772
1754.56510968405	766.85180040969	0.00000000000	0.44669630138
1756.91189031464	766.89702951006	0.00000000000	0.44728310895
1759.85352269732	766.95039404771	0.00000000000	0.44801926388
1762.27458839772	766.99102863872	0.00000000000	0.44862561359
1764.61052689161	767.02698658032	0.00000000000	0.44921101253
1767.12495939643	767.06167519089	0.00000000000	0.44984151484
1769.66010019838	767.09195017716	0.00000000000	0.45047756430
1772.56331149508	767.12018267750	0.00000000000	0.45120634958
1775.14244773222	767.13891803029	0.00000000000	0.45185408861
1777.51086139140	767.15039328264	0.00000000000	0.45244912333
1779.99678951508	767.15607899696	0.00000000000	0.45307387181
1782.32308059294	767.15518379352	0.00000000000	0.45365865009
1784.64846822587	767.14847229176	0.00000000000	0.45424333982
1787.17555198678	767.13499687700	0.00000000000	0.45487890288
1789.49631069129	767.11732851569	0.00000000000	0.45546272335
1791.87199968286	767.09437122143	0.00000000000	0.45606051148
1794.41950949827	767.06470560988	0.00000000000	0.45670170446
1797.25586358722	767.02608828407	0.00000000000	0.45741580793
1799.57175270864	766.99062405407	0.00000000000	0.45799904153
1801.97373007411	766.95051052244	0.00000000000	0.45860411606
1804.28767880439	766.90902253151	0.00000000000	0.45918717212
1806.85424936351	766.86017218021	0.00000000000	0.45983406455
1809.35028225299	766.81024888935	0.00000000000	0.46046336447
1811.91482463915	766.75694510146	0.00000000000	0.46111013085
1814.57996193884	766.69990437197	0.00000000000	0.46178247788
1817.07284366615	766.64550550322	0.00000000000	0.46241156652
1819.68395816857	766.58793855340	0.00000000000	0.46307069902
1822.06183819642	766.53541528363	0.00000000000	0.46367114228
1824.37105107320	766.48469792175	0.00000000000	0.46425441896
1826.90535171630	766.42979094202	0.00000000000	0.46489474809
1829.22336833348	766.38064865339	0.00000000000	0.46548061365
1831.75554348256	766.32858166073	0.00000000000	0.46612080977
1834.07949692770	766.28267199541	0.00000000000	0.46670855127
1836.73503349109	766.23289097388	0.00000000000	0.46738037618
1839.92320244412	766.17763852913	0.00000000000	0.46818727184
1842.82485822007	766.13238242262	0.00000000000	0.46892196138
1845.55728042048	766.09458400000	0.00000000000	0.46961407115
1847.87516735167	766.06613934399	0.00000000000	0.47020138382
1850.35352447398	766.03931358167	0.00000000000	0.47082956014
1852.80927151392	766.01630438887	0.00000000000	0.47145221022
1855.11579937161	765.99785343977	0.00000000000	0.47203720922
1857.45062817625	765.98221831166	0.00000000000	0.47262956456
1859.82770075954	765.96936729687	0.00000000000	0.47323281940
1862.12017962310	765.95983093883	0.00000000000	0.47381477781
1864.81683753320	765.95210640090	0.00000000000	0.47449955229
1867.16049354918	765.94837420324	0.00000000000	0.47509487183
1869.56900635065	765.94734254793	0.00000000000	0.47570684198
1871.85461592190	765.94891659071	0.00000000000	0.47628774694
1874.26119705677	765.95318098730	0.00000000000	0.47689956669
1876.82248406362	765.96056484129	0.00000000000	0.47755090458
1879.11886982810	765.96959823494	0.00000000000	0.47813503983
1881.45668773719	765.98106002061	0.00000000000	0.47872986922
1883.99058910611	765.99597532326	0.00000000000	0.47937476355
1886.32651581482	766.01193911576	0.00000000000	0.47996942979
1888.72744483321	766.03047683093	0.00000000000	0.48058079909
1891.55196288655	766.05493588441	0.00000000000	0.48130022847
1893.97051588657	766.07805849597	0.00000000000	0.48191642208
1896.38818812274	766.10309077943	0.00000000000	0.48253254259
1898.84710112160	766.13042799175	0.00000000000	0.48315932534
1901.12044978098	766.15730845227	0.00000000000	0.48373894169
1903.85693436448	766.19160729069	0.00000000000	0.48443680791
1906.27114427955	766.22353378824	0.00000000000	0.48505263627
1908.66499352087	766.25664488556	0.00000000000	0.48566340664
1911.11970412695	766.29201229102	0.00000000000	0.48628984289
1913.38968350075	766.32591408453	0.00000000000	0.48686925779
1915.71513059365	766.36175825868	0.00000000000	0.48746294970
1917.99730110157	766.39795681118	0.00000000000	0.48804570763
1920.78390469962	766.44342039621	0.00000000000	0.48875742446
1923.10695569451	766.48229241529	0.00000000000	0.48935087076
1925.94826702427	766.53091626123	0.00000000000	0.49007686115
1929.35124242744	766.59052630211	0.00000000000	0.49094657423
1932.07905675050	766.63923501064	0.00000000000	0.49164389439
1934.59633836289	766.68479605099	0.00000000000	0.49228751876
1937.02169329945	766.72915266848	0.00000000000	0.49290774819
1939.32698675339	766.77164884607	0.00000000000	0.49349737132
1941.65918529174	766.81489365988	0.00000000000	0.49409396939
1944.04233666481	766.85926318132	0.00000000000	0.49470369621
1946.60615173319	766.90710260175	0.00000000000	0.49535974939
1948.98797992333	766.95155440881	0.00000000000	0.49596932762
1951.50072210691	766.99836165783	0.00000000000	0.49661250521
1954.33465680408	767.05092083519	0.00000000000	0.49733801019
1956.82215520683	767.09674379410	0.00000000000	0.49797492058
1959.10070210232	767.13837549742	0.00000000000	0.49855840555
1961.56377276670	767.18292181538	0.00000000000	0.49918922135
1964.39550001212	767.23342933023	0.00000000000	0.49991455059
1966.70669169515	767.27400570973	0.00000000000	0.50050662213
1968.97459931802	767.31323586961	0.00000000000	0.50108766982
1971.23548922094	767.35176972563	0.00000000000	0.50166698356
1973.71908572815	767.39344147085	0.00000000000	0.50230343622
1976.25081467450	767.43521616048	0.00000000000	0.50295230401
1978.53443510681	767.47229035134	0.00000000000	0.50353765330
1980.82902138246	767.50896649172	0.00000000000	0.50412588107
1983.20256738056	767.54630061753	0.00000000000	0.50473442240
1985.63756458563	767.58396675650	0.00000000000	0.50535879537
1988.24384844103	767.62357484135	0.00000000000	0.50602717551
1990.54915177713	767.65800287509	0.00000000000	0.50661844442
1993.60198739886	767.70272524268	0.00000000000	0.50740155124
1996.48360683087	767.74403679909	0.00000000000	0.50814085325
1999.01025163282	767.77954341603	0.00000000000	0.50878917656
2001.94759249801	767.81998673028	0.00000000000	0.50954299214
2004.28031266095	767.85147019424	0.00000000000	0.51014172753
2006.52495170496	767.88123768351	0.00000000000	0.51071792669
2008.78290722912	767.91066329576	0.00000000000	0.51129761529
2011.11385880318	767.94049804209	0.00000000000	0.51189611960
2013.44421083454	767.96977799835	0.00000000000	0.51249454692
2015.70855323662	767.99770784983	0.00000000000	0.51307609738
2017.95009646580	768.02485413363	0.00000000000	0.51365186482
2020.19102256895	768.05149645148	0.00000000000	0.51422754630
2022.45352828363	768.07789486360	0.00000000000	0.51480884551
2024.92511352651	768.10616179826	0.00000000000	0.51544394852
2027.20793545097	768.13174376005	0.00000000000	0.51603062645
2029.63233648249	768.15836284311	0.00000000000	0.51665377433
2031.92709003912	768.18304053377	0.00000000000	0.51724367944
2034.35029822790	768.20855661113	0.00000000000	0.51786669179
2036.58581925033	768.23160503275	0.00000000000	0.51844152798
2039.12810231768	768.25724718337	0.00000000000	0.51909533650
2041.36326176140	768.27929481026	0.00000000000	0.51967024254
2043.85424839644	768.30332214703	0.00000000000	0.52031104059
2046.23183943671	768.32572482875	0.00000000000	0.52092275764
2048.55297218083	768.34709896052	0.00000000000	0.52152003385
2051.33699916130	768.37209342433	0.00000000000	0.52223653397
2054.09226475997	768.39614556281	0.00000000000	0.52294575257
2056.35568521506	768.41539904607	0.00000000000	0.52352845818
2058.61846143916	768.43419509922	0.00000000000	0.52411107988
2060.88060519799	768.45253740938	0.00000000000	0.52469362111
2063.25377720042	768.47130150133	0.00000000000	0.52530484307
2066.00610674191	768.49245470835	0.00000000000	0.52601383380
2068.56695888123	768.51155395781	0.00000000000	0.52667361215
2071.02693181857	768.52937664923	0.00000000000	0.52730750187
2073.28569726842	768.54529281546	0.00000000000	0.52788963261
2075.74442729586	768.56213350487	0.00000000000	0.52852339524
2078.25151846596	768.57878955912	0.00000000000	0.52916972802
2080.64097434341	768.59418326901	0.00000000000	0.52978583310
2082.86465445885	768.60809081264	0.00000000000	0.53035928121
2085.08767520777	768.62159439305	0.00000000000	0.53093264379
2087.56746765366	768.63618975151	0.00000000000	0.53157233330
2090.04660952779	768.65029206136	0.00000000000	0.53221196129
2092.26756550008	768.66251379848	0.00000000000	0.53278506712
2094.49539572778	768.67438546184	0.00000000000	0.53336003349
2096.94844287266	768.68701154896	0.00000000000	0.53399322560
2099.77691200738	768.70099532189	0.00000000000	0.53472345556
2102.27764252601	768.71285095458	0.00000000000	0.53536919138
2104.58353323979	768.72336448286	0.00000000000	0.53596471513
2106.80312944477	768.73310866806	0.00000000000	0.53653804273
2109.51629457897	768.74452334943	0.00000000000	0.53723898167
2111.83766173387	768.75386024038	0.00000000000	0.53783880707
2114.38646568170	768.76366019457	0.00000000000	0.53849751428
2116.85837585317	768.77271712228	0.00000000000	0.53913646355
2119.51342936820	768.78195927390	0.00000000000	0.53982287858
2121.87063171472	768.78974710208	0.00000000000	0.54043239979
2124.08991900757	768.79672381097	0.00000000000	0.54100635434
2126.74301019277	768.80461621037	0.00000000000	0.54169262154
2128.97576224627	768.81088372167	0.00000000000	0.54227026420
2131.35120058794	768.81717974038	0.00000000000	0.54288492596
2133.63253976187	768.82286873725	0.00000000000	0.54347534059
2135.84355178623	768.82805121294	0.00000000000	0.54404765002
2138.08360989201	768.83297251630	0.00000000000	0.54462757431
2140.32297745450	768.83756421263	0.00000000000	0.54520741733
2142.67411383056	768.84203555121	0.00000000000	0.54581630627
2145.21436460180	768.84646832025	0.00000000000	0.54647429340
2147.70249214106	768.85041351458	0.00000000000	0.54711890288
2150.18991766226	768.85396964728	0.00000000000	0.54776345336
2152.39301703060	768.85679888086	0.00000000000	0.54833443139
2155.20638817559	768.85997923518	0.00000000000	0.54906371538
2157.45239608865	768.86217381703	0.00000000000	0.54964604173
2159.72592222226	768.86408743517	0.00000000000	0.55023560699
2162.13710033003	768.86578220431	0.00000000000	0.55086098295
2164.35907330231	768.86704230846	0.00000000000	0.55143739111
2167.22582567650	768.86824578159	0.00000000000	0.55218121351
2169.63482533235	768.86889371468	0.00000000000	0.55280639660
2171.85452133752	768.86920064212	0.00000000000	0.55338255859
2174.33495110908	768.86921840260	0.00000000000	0.55402652068
2176.56329744359	768.86894511797	0.00000000000	0.55460514788
2178.75820573525	768.86841150742	0.00000000000	0.55517519489
2180.95525968363	768.86761761302	0.00000000000	0.55574590157
2183.18146790698	768.86655121356	0.00000000000	0.55632428634
2185.40695685396	768.86522474024	0.00000000000	0.55690259036
2187.59896955610	768.86366676905	0.00000000000	0.55747229962
2189.91593398838	768.86175207152	0.00000000000	0.55807459707
2192.57774900801	768.85921709069	0.00000000000	0.55876668279
2195.26662487733	768.85629761903	0.00000000000	0.55946596161
2197.60126478566	768.85347467730	0.00000000000	0.56007324532
2199.80364979185	768.85056967873	0.00000000000	0.56064623730
2202.00529951136	768.84743399385	0.00000000000	0.56121914547
2204.35883547600	768.84382934095	0.00000000000	0.56183169651
2206.61772477905	768.84012754089	0.00000000000	0.56241973059
2208.94877785528	768.83606244465	0.00000000000	0.56302667060
2211.14742583788	768.83200343121	0.00000000000	0.56359924855
2213.49806465737	768.82742598356	0.00000000000	0.56421152969
2215.99127923718	768.82230641666	0.00000000000	0.56486108581
2218.98429675245	768.81580719076	0.00000000000	0.56564104352
2221.63731095435	768.80972984210	0.00000000000	0.56633257151
2223.81669952234	768.80451896978	0.00000000000	0.56690076740
2226.25628825786	768.79845619443	0.00000000000	0.56753693209
2228.93485984961	768.79152483823	0.00000000000	0.56823557597
2231.95200140335	768.78337987989	0.00000000000	0.56902273007
2234.41407408650	768.77647380984	0.00000000000	0.56966522947
2236.82607161771	768.76948654275	0.00000000000	0.57029480099
2239.47355576874	768.76156947772	0.00000000000	0.57098599835
2241.65101803726	768.75486747776	0.00000000000	0.57155460981
2244.08505066728	768.74717625941	0.00000000000	0.57219035602
2246.26572161777	768.74011010951	0.00000000000	0.57276004837
2248.52757367950	768.73260903920	0.00000000000	0.57335107118
2251.34007678120	768.72304282047	0.00000000000	0.57408615364
2253.51831849085	768.71545575864	0.00000000000	0.57465559747
2255.68813123709	768.70774676564	0.00000000000	0.57522295408
2257.87148590858	768.69984031359	0.00000000000	0.57579396927
2260.12944892003	768.69150938786	0.00000000000	0.57638462155
2262.31971257296	768.68328153740	0.00000000000	0.57695768626
2265.35392769068	768.67165051308	0.00000000000	0.57775176288
2268.24598242741	768.66031961299	0.00000000000	0.57850885120
2270.88334481960	768.64978448320	0.00000000000	0.57919945049
2273.25987131783	768.64013083754	0.00000000000	0.57982190115
2275.49637729631	768.63091077671	0.00000000000	0.58040781024
2277.84843379664	768.62107668683	0.00000000000	0.58102412944
2280.27065503222	768.61080577191	0.00000000000	0.58165898353
2282.48975995776	768.60127196071	0.00000000000	0.58224073525
2285.15018637976	768.58969037321	0.00000000000	0.58293835119
2287.69976917724	768.57844099083	0.00000000000	0.58360707562
2290.19525561829	768.56729268785	0.00000000000	0.58426177681
2292.90916085781	768.55501961731	0.00000000000	0.58497396790
2295.07322704752	768.54512574241	0.00000000000	0.58554200872
2297.31871434005	768.53476249738	0.00000000000	0.58613155360
2299.62022828471	768.52404158153	0.00000000000	0.58673594818
2302.08565843502	768.51244998718	0.00000000000	0.58738354640
2304.23874558592	768.50223976704	0.00000000000	0.58794923529
2306.53783178098	768.49125108001	0.00000000000	0.58855342187
2308.71214898553	768.48078017586	0.00000000000	0.58912495231
2310.86570763818	768.47033709993	0.00000000000	0.58969115366
2313.22859507672	768.45879997914	0.00000000000	0.59031253701
2315.76856506701	768.44631056564	0.00000000000	0.59098066054
2317.97526018838	768.43538998309	0.00000000000	0.59156126316
2320.18114137433	768.42441190356	0.00000000000	0.59214178694
2322.38621596429	768.41337965434	0.00000000000	0.59272223421
2324.53188768473	768.40259189953	0.00000000000	0.59328717552
2326.98857898751	768.39018055453	0.00000000000	0.59393416533
2329.20622686906	768.37892560444	0.00000000000	0.59451834754
2331.35709995872	768.36796638085	0.00000000000	0.59508507293
2333.55808301728	768.35671107503	0.00000000000	0.59566513802
2335.82655547555	768.34507096562	0.00000000000	0.59626313477
2338.11432999561	768.33329466112	0.00000000000	0.59686636941
2340.42244600039	768.32137961197	0.00000000000	0.59747512053
2342.56142185529	768.31031050569	0.00000000000	0.59803939965
2344.69957943867	768.29922261190	0.00000000000	0.59860359575
2347.07404655002	768.28688601506	0.00000000000	0.59923030318
2349.35770674753	768.27500187427	0.00000000000	0.59983319916
2351.99456657164	768.26126104349	0.00000000000	0.60052953215
2354.13696350444	768.25008595382	0.00000000000	0.60109544025
2356.46133982788	768.23795440262	0.00000000000	0.60170957166
2359.23608030275	768.22346779990	0.00000000000	0.60244290602
2361.78661785554	768.21015289074	0.00000000000	0.60311718910
2364.50301224746	768.19597940596	0.00000000000	0.60383553461
2366.64083156471	768.18483410610	0.00000000000	0.60440103364
2368.77781919872	768.17370471791	0.00000000000	0.60496645111
2370.99658968355	768.16216496992	0.00000000000	0.60555365422
2373.14712003763	768.15099850473	0.00000000000	0.60612294088
2375.40107263411	768.13931792022	0.00000000000	0.60671975757
2377.67434009143	768.12756462279	0.00000000000	0.60732184694
2379.94673827943	768.11584703827	0.00000000000	0.60792386565
2382.33268523377	768.10358163674	0.00000000000	0.60855613883
2384.45879866656	768.09268796585	0.00000000000	0.60911970579
2386.60414601644	768.08173340243	0.00000000000	0.60968851430
2389.03812629604	768.06935482673	0.00000000000	0.61033402463
2391.71602371225	768.05580224810	0.00000000000	0.61104443934
2394.20053712121	768.04329590390	0.00000000000	0.61170375451
2396.58114323066	768.03137828733	0.00000000000	0.61233567986
2398.75776776980	768.02054185260	0.00000000000	0.61291361713
2400.89765708842	768.00994754113	0.00000000000	0.61348194842
2403.45985344825	767.99734418692	0.00000000000	0.61416263357
2406.46891502427	767.98266347161	0.00000000000	0.61496230578
2408.84489825684	767.97116912415	0.00000000000	0.61559394202
2411.00326830988	767.96080626415	0.00000000000	0.61616788697
2413.30639617015	767.94983488264	0.00000000000	0.61678049338
2415.44069406088	767.93975088843	0.00000000000	0.61734834837
2417.62515311472	767.92951612560	0.00000000000	0.61792970477
2420.09974117373	767.91803170313	0.00000000000	0.61858846474
2422.65450231507	767.90630251319	0.00000000000	0.61926878096
2424.85268972104	767.89631806756	0.00000000000	0.61985431814
2427.04999946974	767.88644084452	0.00000000000	0.62043978321
2429.30352246179	767.87642182636	0.00000000000	0.62104039461
2431.45379890562	767.86696998508	0.00000000000	0.62161364833
2433.55683764858	767.85783116693	0.00000000000	0.62217446009
2435.89780561869	767.84778479218	0.00000000000	0.62279889653
2438.00778751623	767.83884720747	0.00000000000	0.62336187921
2440.10912337230	767.83006019586	0.00000000000	0.62392270640
2442.21251183684	767.82138159906	0.00000000000	0.62448423328
2445.14965142663	767.80946461835	0.00000000000	0.62526859607
2447.86134543539	767.79867388331	0.00000000000	0.62599301785
2450.17294714980	767.78963394438	0.00000000000	0.62661075541
2452.26849214337	767.78156368584	0.00000000000	0.62717091322
2454.49182608015	767.77312957815	0.00000000000	0.62776539356
2456.58659095153	767.76530273684	0.00000000000	0.62832565008
2458.68049780265	767.75759375471	0.00000000000	0.62888582514
2460.77647575454	767.74999070633	0.00000000000	0.62944670187
2463.08295598247	767.74175388921	0.00000000000	0.63006407821
2465.41227147497	767.73357193284	0.00000000000	0.63068774675
2467.67184402506	767.72576432325	0.00000000000	0.63129291372
2470.31847765971	767.71677915751	0.00000000000	0.63200195903
2473.13228120721	767.70741293602	0.00000000000	0.63275604208
2475.41113720337	767.69996618276	0.00000000000	0.63336695173
2477.81073864267	767.69225721210	0.00000000000	0.63401041280
2480.56555471380	767.68357205865	0.00000000000	0.63474935522
2482.77810398935	767.67672235704	0.00000000000	0.63534301846
2485.20096959923	767.66934823109	0.00000000000	0.63599329253
2487.70301979130	767.66187006641	0.00000000000	0.63666501494
2489.80820615689	767.65568428426	0.00000000000	0.63723034523
2492.17701132505	767.64883826011	0.00000000000	0.63786663497
2494.62278983226	767.64189495461	0.00000000000	0.63852378507
2496.77661708886	767.63588417513	0.00000000000	0.63910264584
2499.00342150750	767.62977030012	0.00000000000	0.63970127106
2501.14045266295	767.62399762652	0.00000000000	0.64027590662
2503.26303443070	767.61835444667	0.00000000000	0.64084679555
2505.34218509400	767.61291284383	0.00000000000	0.64140613666
2507.42541586239	767.60754475324	0.00000000000	0.64196670719
2509.59106361664	767.60205226047	0.00000000000	0.64254959419
2511.67270840248	767.59685602325	0.00000000000	0.64311000470
2514.08504675702	767.59093462621	0.00000000000	0.64375960520
2516.42009072998	767.58530375215	0.00000000000	0.64438855667
2518.51464470858	767.58033566782	0.00000000000	0.64495286873
2521.00465278466	767.57452967478	0.00000000000	0.64562389156
2523.14888790952	767.56961544475	0.00000000000	0.64620187880
2525.30895337979	767.56474344550	0.00000000000	0.64678426851
2527.61570603836	767.55962597796	0.00000000000	0.64740635669
2530.21254782206	767.55396832395	0.00000000000	0.64810685973
2532.54206796952	767.54898424440	0.00000000000	0.64873541637
2534.60776534663	767.54463522635	0.00000000000	0.64929291680
2536.88763385693	767.53991075764	0.00000000000	0.64990835881
2538.95962303199	767.53568434846	0.00000000000	0.65046781131
2541.44269425447	767.53070195006	0.00000000000	0.65113841705
2544.11853170103	767.52543107120	0.00000000000	0.65186127502
2546.22598365707	767.52134982106	0.00000000000	0.65243072682
2548.43556280107	767.51713543304	0.00000000000	0.65302790502
2550.49481643232	767.51326597285	0.00000000000	0.65358457485
2553.27941404693	767.50812054716	0.00000000000	0.65433750665
2555.95138232798	767.50327460926	0.00000000000	0.65506018045
2558.06865002065	767.49949635985	0.00000000000	0.65563296254
2560.15939737101	767.49581746433	0.00000000000	0.65619868681
2562.21871769710	767.49224309706	0.00000000000	0.65675602009
2564.27437986316	767.48872251796	0.00000000000	0.65731247420
2566.64333597925	767.48472249669	0.00000000000	0.65795387142
2568.88981541756	767.48098407392	0.00000000000	0.65856224213
2571.00281763424	767.47751492803	0.00000000000	0.65913458419
2573.11512709553	767.47409118248	0.00000000000	0.65970685260
2575.43079101678	767.47038702382	0.00000000000	0.66033434407
2577.69755629536	767.46680919932	0.00000000000	0.66094871604
2579.78188233778	767.46355984541	0.00000000000	0.66151375419
2581.83964423640	767.46038862255	0.00000000000	0.66207169708
2583.96372927377	767.45715207257	0.00000000000	0.66264773262
2586.25161400838	767.45370622450	0.00000000000	0.66326831326
2588.46976396174	767.45040365006	0.00000000000	0.66387010038
2590.78075400956	767.44700111683	0.00000000000	0.66449720179
2593.35751804443	767.44325109167	0.00000000000	0.66519657382
2595.43695135030	767.44025683938	0.00000000000	0.66576107827
2597.49662065160	767.43731778446	0.00000000000	0.66632031822
2599.53995323329	767.43442703673	0.00000000000	0.66687522093
2601.69328605729	767.43140619232	0.00000000000	0.66746010154
2604.21162378444	767.42790453617	0.00000000000	0.66814425971
2606.40313901721	767.42488294210	0.00000000000	0.66873974841
2608.45944149944	767.42206797346	0.00000000000	0.66929859604
2610.74017506741	767.41896701479	0.00000000000	0.66991854990
2613.17438026023	767.41568007769	0.00000000000	0.67058034955
2615.21396060398	767.41294248535	0.00000000000	0.67113496215
2617.26762960703	767.41019977421	0.00000000000	0.67169349868
2620.08754276067	767.40645386979	0.00000000000	0.67246058127
2622.73960222745	767.40294943280	0.00000000000	0.67318216125
2625.39097344592	767.39946092330	0.00000000000	0.67390370510
2627.69160400465	767.39644386037	0.00000000000	0.67452991972
2629.75050413941	767.39375005159	0.00000000000	0.67509043182
2632.67731615342	767.38992813539	0.00000000000	0.67588737560
2635.73884018416	767.38593589497	0.00000000000	0.67672118989
2638.01237048124	767.38297233620	0.00000000000	0.67734051613
2640.04509012686	767.38032184354	0.00000000000	0.67789433251
2642.09196156012	767.37765074548	0.00000000000	0.67845208848
2644.19876405241	767.37489779523	0.00000000000	0.67902626240
2647.01168927672	767.37121391970	0.00000000000	0.67979301492
2649.23534798556	767.36829303985	0.00000000000	0.68039925352
2651.65965647963	767.36509765948	0.00000000000	0.68106030451
2654.52599213911	767.36130200762	0.00000000000	0.68184203087
2656.74781429733	767.35834448261	0.00000000000	0.68244808822
2659.19735115437	767.35506607952	0.00000000000	0.68311636758
2662.38443486012	767.35076903134	0.00000000000	0.68398602980
2664.47081721279	767.34793451845	0.00000000000	0.68455544340
2666.71339047269	767.34486694374	0.00000000000	0.68516757232
2668.76207490113	767.34204423975	0.00000000000	0.68572685645
2670.84678609732	767.33915053148	0.00000000000	0.68629605223
2673.16128595852	767.33591091302	0.00000000000	0.68692807742
2675.20828050126	767.33302059951	0.00000000000	0.68748713201
2677.30671667230	767.33003171284	0.00000000000	0.68806031067
2679.35261964922	767.32709100438	0.00000000000	0.68861921234
2681.42074934634	767.32409023396	0.00000000000	0.68918425768
2683.51759307152	767.32101753179	0.00000000000	0.68975722103
2685.93392894908	767.31743698172	0.00000000000	0.69041757575
2688.27053037646	767.31393220586	0.00000000000	0.69105623065
2690.29009757244	767.31086784091	0.00000000000	0.69160830265
2692.32397675916	767.30774747122	0.00000000000	0.69216435276
2694.41817615357	767.30449721538	0.00000000000	0.69273696224
2696.49646491380	767.30123278932	0.00000000000	0.69330528899
2698.57424583917	767.29792904865	0.00000000000	0.69387354348
2700.65152196309	767.29458461091	0.00000000000	0.69444172574
2702.74372010341	767.29117277977	0.00000000000	0.69501405527
2704.91025504550	767.28759232311	0.00000000000	0.69560678868
2707.62622772768	767.28303330637	0.00000000000	0.69634993800
2710.28592619689	767.27848985971	0.00000000000	0.69707779304
2712.37600946022	767.27486274079	0.00000000000	0.69764983764
2714.38973561226	767.27131944860	0.00000000000	0.69820104191
2716.72027174454	767.26715735384	0.00000000000	0.69883903493
2718.74787942904	767.26348123016	0.00000000000	0.69939416077
2720.91101641402	767.25950138326	0.00000000000	0.69998645370
2722.98325076801	767.25563118079	0.00000000000	0.70055391501
2725.01818444620	767.25177441128	0.00000000000	0.70111121698
2727.07555284235	767.24781711087	0.00000000000	0.70167471785
2729.28085332357	767.24350893813	0.00000000000	0.70227879671
2731.30555459948	767.23949172844	0.00000000000	0.70283345975
2733.44548677081	767.23518003750	0.00000000000	0.70341974562
2736.12827810993	767.22967661851	0.00000000000	0.70415484018
2738.30936553636	767.22512012568	0.00000000000	0.70475253006
2740.58436738483	767.22028692295	0.00000000000	0.70537601573
2742.63843224846	767.21585094821	0.00000000000	0.70593900345
2744.86397559184	767.21096572192	0.00000000000	0.70654904551
2747.04336452207	767.20610062046	0.00000000000	0.70714649047
2749.05233895444	767.20154335583	0.00000000000	0.70769726577
2751.06086781688	767.19691617528	0.00000000000	0.70824796306
2753.06895140274	767.19221784251	0.00000000000	0.70879858168
2755.08855023645	767.18741847916	0.00000000000	0.70935240087
2757.24435340984	767.18221198557	0.00000000000	0.70994361720
2759.29493016915	767.17717823628	0.00000000000	0.71050601995
2762.16746143944	767.16999067235	0.00000000000	0.71129392749
2764.46343872710	767.16412929047	0.00000000000	0.71192375011
2766.75902671091	767.15816338633	0.00000000000	0.71255351656
2768.83741281234	767.15266935131	0.00000000000	0.71312373911
2770.93237295547	767.14704094538	0.00000000000	0.71369854920
2772.99439933882	767.14141082233	0.00000000000	0.71426436175
2775.39396303504	767.13474458356	0.00000000000	0.71492284070
2777.87519250941	767.12771971466	0.00000000000	0.71560378243
2780.14337322721	767.12117879591	0.00000000000	0.71622630112
2782.27420739173	767.11492849845	0.00000000000	0.71681116267
2784.64555773368	767.10785068272	0.00000000000	0.71746208293
2786.79629186576	767.10131847623	0.00000000000	0.71805248365
2789.27594831262	767.09365189621	0.00000000000	0.71873322113
2791.95042252706	767.08521779769	0.00000000000	0.71946749296
2794.00884416621	767.07860785401	0.00000000000	0.72003266389
2796.01382378843	767.07206889143	0.00000000000	0.72058319013
2798.41020083268	767.06412136240	0.00000000000	0.72124122210
2801.19497693433	767.05470229959	0.00000000000	0.72200595412
2804.06222850979	767.04479481899	0.00000000000	0.72279338664
2806.35205972359	767.03672744810	0.00000000000	0.72342227871
2808.44091785071	767.02924624640	0.00000000000	0.72399600159
2810.47018194842	767.02186570445	0.00000000000	0.72455338052
2812.51156066249	767.01432760984	0.00000000000	0.72511411013
2814.50536732546	767.00685401381	0.00000000000	0.72566179428
2816.76840812961	766.99823650710	0.00000000000	0.72628346019
2819.32794136669	766.98831514836	0.00000000000	0.72698660464
2821.64163231048	766.97918491476	0.00000000000	0.72762223937
2823.63296068039	766.97120219629	0.00000000000	0.72816933193
2825.62496530398	766.96310013587	0.00000000000	0.72871662780
2827.91201289293	766.95365258690	0.00000000000	0.72934500633
2829.91848407762	766.94523459384	0.00000000000	0.72989631243
2831.91758640213	766.93672584138	0.00000000000	0.73044560928
2833.92339566443	766.92806520844	0.00000000000	0.73099676380
2835.99094859969	766.91900733155	0.00000000000	0.73156489896
2838.20225724899	766.90917131999	0.00000000000	0.73217255191
2840.59373902980	766.89835938077	0.00000000000	0.73282973243
2842.58202128113	766.88923075022	0.00000000000	0.73337612624
2844.70370877272	766.87934838346	0.00000000000	0.73395919268
2846.98854328144	766.86854134226	0.00000000000	0.73458710679
2848.97995937240	766.85898134628	0.00000000000	0.73513439423
2851.06262015725	766.84884162114	0.00000000000	0.73570676704
2853.06556787997	766.83895202444	0.00000000000	0.73625724065
2855.22858476305	766.82811868541	0.00000000000	0.73685171449
2857.29323099795	766.81762801562	0.00000000000	0.73741915966
2859.50208429439	766.80624079294	0.00000000000	0.73802624532
2861.94636201475	766.79344050866	0.00000000000	0.73869804252
2863.93256558786	766.78288328878	0.00000000000	0.73924394496
2865.93374067099	766.77210387921	0.00000000000	0.73979396567
2868.01427571075	766.76074387304	0.00000000000	0.74036580122
2870.15376381165	766.74889771335	0.00000000000	0.74095384222
2872.27213974407	766.73700285923	0.00000000000	0.74153608186
2874.37049088098	766.72505653902	0.00000000000	0.74211281814
2876.35806425116	766.71358914742	0.00000000000	0.74265910663
2879.40946823641	766.69569376550	0.00000000000	0.74349778889
2882.24345792826	766.67875525697	0.00000000000	0.74427671025
2884.52491931909	766.66489404576	0.00000000000	0.74490376493
2886.80621510872	766.65083106205	0.00000000000	0.74553076902
2888.81371975442	766.63828666014	0.00000000000	0.74608251779
2891.31171350710	766.62245415915	0.00000000000	0.74676906639
2893.49389534347	766.60841903296	0.00000000000	0.74736880923
2895.90844823846	766.59266533814	0.00000000000	0.74803240623
2897.93852501545	766.57923647872	0.00000000000	0.74859032789
2900.07532306859	766.56491890442	0.00000000000	0.74917756988
2902.60081219119	766.54775319383	0.00000000000	0.74987161934
2904.83026238639	766.53237882690	0.00000000000	0.75048429851
2906.87378278648	766.51810674955	0.00000000000	0.75104587080
2909.20622993158	766.50161071145	0.00000000000	0.75168682924
2911.19517937784	766.48737390498	0.00000000000	0.75223338378
2913.66430555268	766.46948679490	0.00000000000	0.75291187579
2915.67993142726	766.45471352616	0.00000000000	0.75346573994
2917.67531245387	766.43994006762	0.00000000000	0.75401403220
2919.65398972056	766.42514724349	0.00000000000	0.75455772610
2921.63241763421	766.41021677632	0.00000000000	0.75510134326
2923.67418771485	766.39466508567	0.00000000000	0.75566235672
2926.14267297859	766.37567346470	0.00000000000	0.75634060698
2928.44735561115	766.35775927194	0.00000000000	0.75697383977
2930.44128764221	766.34212170297	0.00000000000	0.75752168313
2932.41846795126	766.32649140437	0.00000000000	0.75806491694
2934.59737729986	766.30912669248	0.00000000000	0.75866356847
2936.57509395585	766.29324171789	0.00000000000	0.75920693594
2938.87904479162	766.27459201164	0.00000000000	0.75983992683
2940.90459358021	766.25807092272	0.00000000000	0.76039642253
2943.15631517319	766.23957179935	0.00000000000	0.76101504964
2945.13196415527	766.22322842646	0.00000000000	0.76155782417
2947.35817547910	766.20469023174	0.00000000000	0.76216943017
2949.74227099813	766.18469836359	0.00000000000	0.76282440483
2951.71819079242	766.16802388863	0.00000000000	0.76336723771
2953.79024507187	766.15043891300	0.00000000000	0.76393647644
2955.96730283236	766.13185693129	0.00000000000	0.76453455714
2958.14416999646	766.11317188822	0.00000000000	0.76513258089
2960.66698016496	766.09139156303	0.00000000000	0.76582563596
2962.96923586622	766.07140223952	0.00000000000	0.76645809672
2964.94672102479	766.05415012507	0.00000000000	0.76700133543
2966.92079660510	766.03685464242	0.00000000000	0.76754363481
2968.94320315148	766.01906295932	0.00000000000	0.76809920867
2971.01343886720	766.00077742985	0.00000000000	0.76866791927
2973.31487498256	765.98036701723	0.00000000000	0.76930014000
2975.42362028197	765.96159271159	0.00000000000	0.76987942520
2977.64731408137	765.94172358185	0.00000000000	0.77049028571
2979.62813792547	765.92396605563	0.00000000000	0.77103442732
2981.71609133222	765.90519180206	0.00000000000	0.77160799695
2984.18126561073	765.88295580391	0.00000000000	0.77228518983
2986.28889717810	765.86388883401	0.00000000000	0.77286416389
2988.32356819561	765.84543637330	0.00000000000	0.77342309532
2990.29780486665	765.82749223390	0.00000000000	0.77396542538
2992.33197128716	765.80896548099	0.00000000000	0.77452421876
2994.38201910231	765.79025831017	0.00000000000	0.77508737551
2996.36066033916	765.77217168198	0.00000000000	0.77563091747
2998.46691066553	765.75288833917	0.00000000000	0.77620951550
3000.68846322622	765.73251933117	0.00000000000	0.77681978937
3003.01424255959	765.71116600957	0.00000000000	0.77745869720
3004.99176991731	765.69299041098	0.00000000000	0.77800193987
3007.00955479150	765.67442936901	0.00000000000	0.77855624386
3009.00303989682	765.65607951681	0.00000000000	0.77910387496
3011.12922225369	765.63649802033	0.00000000000	0.77968796237
3013.32482227905	765.61626990083	0.00000000000	0.78029112319
3015.73185632910	765.59408992876	0.00000000000	0.78095237232
3017.69925527872	765.57596151463	0.00000000000	0.78149285076
3019.66953953698	765.55780999735	0.00000000000	0.78203412555
3021.63636046798	765.53969670079	0.00000000000	0.78257445282
3023.80679957483	765.51971892348	0.00000000000	0.78317072314
3025.95373572142	765.49997216642	0.00000000000	0.78376054196
3028.07805761566	765.48045141303	0.00000000000	0.78434415354
3030.37460944651	765.45937229658	0.00000000000	0.78497508806
3032.59305936480	765.43903813503	0.00000000000	0.78558457230
3034.59435033596	765.42072153682	0.00000000000	0.78613440151
3036.56757266214	765.40269001596	0.00000000000	0.78667652501
3038.59595209846	765.38418665644	0.00000000000	0.78723380864
3040.67709230845	765.36523915258	0.00000000000	0.78780559481
3043.25120492452	765.34186046684	0.00000000000	0.78851283348
3045.76838986337	765.31906551282	0.00000000000	0.78920444246
3047.89050402073	765.29990386647	0.00000000000	0.78978751276
3049.86927380854	765.28208575652	0.00000000000	0.79033120557
3051.83512064728	765.26443395951	0.00000000000	0.79087135521
3054.10292208545	765.24413638859	0.00000000000	0.79149448167
3056.31894125944	765.22437410420	0.00000000000	0.79210339023
3058.80678076464	765.20227740337	0.00000000000	0.79278700108
3061.60571487749	765.17753786573	0.00000000000	0.79355611136
3063.79613029292	765.15827088023	0.00000000000	0.79415802136
3066.31175030856	765.13625063325	0.00000000000	0.79484930935
3068.38970784336	765.11815192772	0.00000000000	0.79542034021
3070.39936294229	765.10072938889	0.00000000000	0.79597261170
3072.54117866334	765.08225250077	0.00000000000	0.79656121368
3074.66022451956	765.06406838356	0.00000000000	0.79714357019
3077.06209042237	765.04357767724	0.00000000000	0.79780366618
3079.10167673629	765.02628175270	0.00000000000	0.79836421090
3081.06026604065	765.00976581574	0.00000000000	0.79890250622
3083.13630257877	764.99236227373	0.00000000000	0.79947309281
3085.21207541910	764.97506997126	0.00000000000	0.80004361983
3087.53013634065	764.95589223751	0.00000000000	0.80068075543
3089.49599379415	764.93974162040	0.00000000000	0.80122109856
3091.46892728340	764.92364042385	0.00000000000	0.80176339904
3093.43416012499	764.90771203892	0.00000000000	0.80230359544
3095.45504868491	764.89145001062	0.00000000000	0.80285910365
3097.88295122751	764.87207455901	0.00000000000	0.80352651143
3100.25468180276	764.85332274941	0.00000000000	0.80417849773
3102.39287096198	764.83657014225	0.00000000000	0.80476630074
3105.01902509259	764.81619810066	0.00000000000	0.80548827124
3107.05479762568	764.80056444348	0.00000000000	0.80604795411
3109.05901734726	764.78531175872	0.00000000000	0.80659897752
3111.21964417613	764.76902636151	0.00000000000	0.80719301932
3113.98662319837	764.74841535989	0.00000000000	0.80795379778
3116.00474823297	764.73356000489	0.00000000000	0.80850869858
3118.21394340616	764.71747392300	0.00000000000	0.80911615456
3120.16989018068	764.70338830104	0.00000000000	0.80965399223
3122.51167190758	764.68672148752	0.00000000000	0.81029794604
3124.46695351668	764.67297351397	0.00000000000	0.81083563603
3126.55777333187	764.65844514185	0.00000000000	0.81141061632
3128.92657035054	764.64220497687	0.00000000000	0.81206206402
3130.94250178603	764.62857148167	0.00000000000	0.81261648900
3133.62297598254	764.61071229623	0.00000000000	0.81335370764
3135.69203645774	764.59713209462	0.00000000000	0.81392279451
3137.64523855163	764.58447261179	0.00000000000	0.81446003982
3139.59482805755	764.57198845580	0.00000000000	0.81499631822
3141.54728729476	764.55963476741	0.00000000000	0.81553341548
3143.51218604983	764.54734944966	0.00000000000	0.81607396716
3145.96322212351	764.53222639238	0.00000000000	0.81674830701
3148.67017891019	764.51577732297	0.00000000000	0.81749312709
3150.75725704830	764.50327103754	0.00000000000	0.81806744199
3152.70757348947	764.49171892411	0.00000000000	0.81860416948
3154.75387283324	764.47973451853	0.00000000000	0.81916736246
3156.88420951422	764.46740217988	0.00000000000	0.81975374335
3158.82989229020	764.45626381315	0.00000000000	0.82028935304
3160.82534320301	764.44496104143	0.00000000000	0.82083872064
3162.82031346467	764.43377952618	0.00000000000	0.82138801715
3164.76345397742	764.42299914083	0.00000000000	0.82192310445
3166.75745594214	764.41204668575	0.00000000000	0.82247226361
3168.78248067257	764.40103443932	0.00000000000	0.82303003800
3170.75079998529	764.39043395409	0.00000000000	0.82357226520
3172.71859379594	764.37993481639	0.00000000000	0.82411442120
3174.66346655680	764.36965150009	0.00000000000	0.82465033709
3176.68642840939	764.35905047376	0.00000000000	0.82520785267
3178.70882838580	764.34854582678	0.00000000000	0.82576529997
3180.98563011360	764.33682705070	0.00000000000	0.82639297702
3182.97528976068	764.32667533513	0.00000000000	0.82694159004
3185.33339621541	764.31474640282	0.00000000000	0.82759191620
3187.47983139192	764.30398049882	0.00000000000	0.82818398450
3189.43337629652	764.29425471135	0.00000000000	0.82872294688
3191.39581741632	764.28455091372	0.00000000000	0.82926446296
3193.34810855986	764.27495993569	0.00000000000	0.82980327980
3195.36561504645	764.26511072538	0.00000000000	0.83036020493
3197.29932933278	764.25572655811	0.00000000000	0.83089410665
3199.29894083542	764.24607678533	0.00000000000	0.83144631588
3201.56965815105	764.23518108941	0.00000000000	0.83207353650
3203.50565058561	764.22594019861	0.00000000000	0.83260842243
3205.47487997922	764.21658312785	0.00000000000	0.83315261082
3207.69039919803	764.20610278974	0.00000000000	0.83376500809
3209.63716539063	764.19693118733	0.00000000000	0.83430325087
3211.87757386787	764.18641506071	0.00000000000	0.83492283683
3214.14397003076	764.17581440930	0.00000000000	0.83554978464
3216.30544473037	764.16573487576	0.00000000000	0.83614787622
3218.35259314883	764.15621167160	0.00000000000	0.83671448784
3220.41964302484	764.14661481463	0.00000000000	0.83728676392
3222.34436644853	764.13769239299	0.00000000000	0.83781978000
3224.60680414728	764.12721683813	0.00000000000	0.83844650108
3226.58151152144	764.11808063985	0.00000000000	0.83899368104
3228.89689625515	764.10737182556	0.00000000000	0.83963545898
3230.95981020667	764.09782964553	0.00000000000	0.84020744109
3232.89761284050	764.08886159014	0.00000000000	0.84074489479
3234.90057803353	764.07958372817	0.00000000000	0.84130058854
3237.02928746773	764.06971020738	0.00000000000	0.84189135786
3238.97403299794	764.06067443129	0.00000000000	0.84243124662
3240.90836651843	764.05166891117	0.00000000000	0.84296841257
3242.94542321463	764.04216198357	0.00000000000	0.84353428881
3245.28137658989	764.03122595640	0.00000000000	0.84418343244
3247.29702427677	764.02175588300	0.00000000000	0.84474377238
3249.23717563042	764.01260743120	0.00000000000	0.84528330888
3251.21623988516	764.00323853635	0.00000000000	0.84583385587
3253.15454210809	763.99402301940	0.00000000000	0.84637325163
3255.13173978344	763.98457870305	0.00000000000	0.84692366624
3257.35284035760	763.97391209933	0.00000000000	0.84754221746
3259.27864749833	763.96461079538	0.00000000000	0.84807874050
3261.19054133152	763.95532472122	0.00000000000	0.84861158116
3263.13546686298	763.94582171245	0.00000000000	0.84915382877
3265.05084554827	763.93640405601	0.00000000000	0.84968803982
3266.98231460175	763.92684462207	0.00000000000	0.85022694364
3268.95260965081	763.91702468983	0.00000000000	0.85077689564
3270.88205425439	763.90733802664	0.00000000000	0.85131565910
3272.88503597353	763.89720489311	0.00000000000	0.85187518343
3274.78661266320	763.88750850142	0.00000000000	0.85240659763
3276.69044478746	763.87772285722	0.00000000000	0.85293885673
3278.62723372091	763.86768459475	0.00000000000	0.85348055298
3280.60792201633	763.85732839658	0.00000000000	0.85403476350
3282.97987163517	763.84480097380	0.00000000000	0.85469877047
3285.01638290338	763.83393144877	0.00000000000	0.85526915564
3286.93712752748	763.82357966430	0.00000000000	0.85580735851
3289.36152852686	763.81036922153	0.00000000000	0.85648702821
3291.61756225097	763.79792599619	0.00000000000	0.85711984236
3293.53460429968	763.78723439690	0.00000000000	0.85765783537
3295.52498861239	763.77601503953	0.00000000000	0.85821667255
3297.77723397657	763.76316894553	0.00000000000	0.85884935781
3300.66688241292	763.74644428314	0.00000000000	0.85966161222
3302.60344483467	763.73507754423	0.00000000000	0.86020629103
3304.55381680189	763.72349706066	0.00000000000	0.86075512407
3306.45369975166	763.71208479943	0.00000000000	0.86129001340
3308.33945465689	763.70062558934	0.00000000000	0.86182118569
3310.22074374879	763.68905929139	0.00000000000	0.86235136174
3312.12658408999	763.67720189994	0.00000000000	0.86288872631
3314.28846325196	763.66357635380	0.00000000000	0.86349861520
3316.19172122016	763.65142275500	0.00000000000	0.86403584035
3318.76501970871	763.63474865351	0.00000000000	0.86476264182
3321.44762218358	763.61706164926	0.00000000000	0.86552086948
3323.55273624472	763.60295799638	0.00000000000	0.86611627426
3325.81347866048	763.58758613661	0.00000000000	0.86675609573
3327.94053955856	763.57290469700	0.00000000000	0.86735846572
3330.28083602125	763.55650049732	0.00000000000	0.86802165640
3332.92647562044	763.53763112513	0.00000000000	0.86877192961
3335.26303137857	763.52067197198	0.00000000000	0.86943504655
3337.79340302967	763.50198656508	0.00000000000	0.87015370122
3340.20985729300	763.48382446590	0.00000000000	0.87084052606
3342.07903301985	763.46955777028	0.00000000000	0.87137215444
3344.07768548480	763.45408811287	0.00000000000	0.87194095561
3346.01710515927	763.43886075546	0.00000000000	0.87249324626
3347.87340542477	763.42408286376	0.00000000000	0.87302219014
3349.72833226391	763.40911386178	0.00000000000	0.87355106172
3351.83777254491	763.39184104817	0.00000000000	0.87415289115
3353.94556575033	763.37431106555	0.00000000000	0.87475467156
3355.79600350389	763.35869462397	0.00000000000	0.87528332676
3357.67064861760	763.34266092113	0.00000000000	0.87581923168
3359.56848267818	763.32622039677	0.00000000000	0.87636210425
3361.93882241787	763.30540768539	0.00000000000	0.87704060893
3364.03874571792	763.28672562427	0.00000000000	0.87764214024
3366.86990988400	763.26120146811	0.00000000000	0.87845377213
3368.71438570339	763.24437973710	0.00000000000	0.87898292818
3371.21612080134	763.22134047499	0.00000000000	0.87970112208
3373.38667742136	763.20115992560	0.00000000000	0.88032468182
3375.45366657912	763.18179243313	0.00000000000	0.88091886272
3377.54394993820	763.16207231692	0.00000000000	0.88152010548
3379.40361532287	763.14442586719	0.00000000000	0.88205531862
3381.35490513111	763.12581821359	0.00000000000	0.88261720528
3383.59877800324	763.10431929418	0.00000000000	0.88326372207
3385.49393913072	763.08608975812	0.00000000000	0.88381007698
3387.46170790255	763.06710465550	0.00000000000	0.88437766034
3389.30566884705	763.04927187936	0.00000000000	0.88490980248
3391.16928716059	763.03121800458	0.00000000000	0.88544787871
3393.24926108878	763.01104409323	0.00000000000	0.88604872772
3395.51248846168	762.98908031289	0.00000000000	0.88670287298
3397.38563417455	762.97090527650	0.00000000000	0.88724455018
3399.41329303670	762.95124739575	0.00000000000	0.88783118819
3401.27107027923	762.93326271770	0.00000000000	0.88836892622
3403.29650430733	762.91369620470	0.00000000000	0.88895546010
3405.12391728607	762.89609050030	0.00000000000	0.88948488501
3407.12400508177	762.87688546966	0.00000000000	0.89006458647
3408.97759489358	762.85915820079	0.00000000000	0.89060205649
3410.83019934675	762.84151942701	0.00000000000	0.89113945685
3412.78349550168	762.82301914568	0.00000000000	0.89170629498
3414.61337893601	762.80578900080	0.00000000000	0.89223752846
3416.42518930339	762.78883573424	0.00000000000	0.89276371042
3418.59441053194	762.76869168713	0.00000000000	0.89339394084
3421.27938249845	762.74401405099	0.00000000000	0.89417438143
3423.11469778247	762.72732389301	0.00000000000	0.89470808007
3425.41606240452	762.70661817789	0.00000000000	0.89537755701
3428.07079664249	762.68306577913	0.00000000000	0.89615017152
3430.53462094714	762.66155208935	0.00000000000	0.89686754099
3432.72414282113	762.64273311941	0.00000000000	0.89750529106
3434.53241403311	762.62741664545	0.00000000000	0.89803216257
3436.49649383026	762.61102410043	0.00000000000	0.89860460049
3438.41810348722	762.59524352398	0.00000000000	0.89916482557
3440.79519635011	762.57609284819	0.00000000000	0.89985806068
3442.61314323994	762.56173642481	0.00000000000	0.90038838902
3444.53247722614	762.54686407157	0.00000000000	0.90094843710
3446.33295837741	762.53318898298	0.00000000000	0.90147393421
3448.15830080545	762.51960846900	0.00000000000	0.90200681106
3449.96610037994	762.50644979348	0.00000000000	0.90253468503
3451.76789183525	762.49363330269	0.00000000000	0.90306091778
3453.94950911582	762.47852804771	0.00000000000	0.90369822800
3456.23890249784	762.46318117584	0.00000000000	0.90436718600
3458.03547989429	762.45151276984	0.00000000000	0.90489225551
3459.83474375637	762.44016809237	0.00000000000	0.90541820412
3461.64630628771	762.42910080722	0.00000000000	0.90594783857
3463.49132082174	762.41820562970	0.00000000000	0.90648734237
3465.28462804867	762.40798993777	0.00000000000	0.90701180839
3467.48934577755	762.39595062042	0.00000000000	0.90765669912
3469.56205136320	762.38517040855	0.00000000000	0.90826307445
3471.40502562917	762.37603559948	0.00000000000	0.90880231639
3473.26240954634	762.36726967413	0.00000000000	0.90934584127
3475.09131364939	762.35908057197	0.00000000000	0.90988109310
3477.24040189111	762.35003286624	0.00000000000	0.91051012217
3479.15001152722	762.34252755050	0.00000000000	0.91106911600
3480.93956708562	762.33596121764	0.00000000000	0.91159301262
3482.84844705095	762.32946635662	0.00000000000	0.91215188582
3484.66398212297	762.32378735582	0.00000000000	0.91268346763
3486.47917473204	762.31860528895	0.00000000000	0.91321498149
3488.76161611964	762.31280846400	0.00000000000	0.91388335150
3490.90861782248	762.30810347470	0.00000000000	0.91451209316
3492.79675667124	762.30457832756	0.00000000000	0.91506504804
3494.81539362012	762.30145690174	0.00000000000	0.91565623541
3497.34327629591	762.29851199975	0.00000000000	0.91639657598
3499.23070635121	762.29702704874	0.00000000000	0.91694935032
3501.37683834195	762.29609578930	0.00000000000	0.91757788729
3503.98535258004	762.29607153960	0.00000000000	0.91834182657
3506.18497136114	762.29701587183	0.00000000000	0.91898599310
3508.09102613458	762.29856248201	0.00000000000	0.91954416560
3510.83199031200	762.30199586048	0.00000000000	0.92034678687
3512.63493333006	762.30504649067	0.00000000000	0.92087469562
3514.52148847329	762.30892388068	0.00000000000	0.92142704944
3516.33375989432	762.31331857714	0.00000000000	0.92195761416
3518.18567388396	762.31849782794	0.00000000000	0.92249973969
3520.00927129290	762.32428780927	0.00000000000	0.92303352694
3521.97955643935	762.33132431774	0.00000000000	0.92361019165
3524.12580325281	762.33992617724	0.00000000000	0.92423828008
3526.49047194382	762.35055311728	0.00000000000	0.92493018742
3528.29304252739	762.35947621877	0.00000000000	0.92545754665
3530.11669970623	762.36923810218	0.00000000000	0.92599100246
3531.94039469678	762.37974847175	0.00000000000	0.92652439204
3533.72560605825	762.39077105270	0.00000000000	0.92704644698
3535.54941533555	762.40279124270	0.00000000000	0.92757970417
3537.33913714737	762.41534194400	0.00000000000	0.92810290691
3539.15158773360	762.42882363329	0.00000000000	0.92863266133
3541.14657711717	762.44457186918	0.00000000000	0.92921565629
3543.29497792526	762.46260982415	0.00000000000	0.92984334383
3545.24441115339	762.47995783211	0.00000000000	0.93041276970
3547.05750374980	762.49694026518	0.00000000000	0.93094225467
3549.05359734464	762.51659282524	0.00000000000	0.93152504766
3550.84434354552	762.53508594324	0.00000000000	0.93204776158
3552.65802062430	762.55465641471	0.00000000000	0.93257704469
3554.97274849586	762.58087642196	0.00000000000	0.93325236051
3557.23288990044	762.60783954024	0.00000000000	0.93391153941
3559.03783142866	762.63034995104	0.00000000000	0.93443780200
3561.16330956374	762.65798401419	0.00000000000	0.93505733963
3564.02026708036	762.69707081632	0.00000000000	0.93588976684
3565.91138553527	762.72418417077	0.00000000000	0.93644056808
3567.84321325325	762.75291344763	0.00000000000	0.93700304698
3569.79732350350	762.78304605347	0.00000000000	0.93757182449
3571.61426589264	762.81202164569	0.00000000000	0.93810050311
3573.59210181565	762.84454245893	0.00000000000	0.93867580811
3575.74855295043	762.88106428410	0.00000000000	0.93930284601
3578.09849969533	762.92199896811	0.00000000000	0.93998588695
3579.89411712752	762.95398859035	0.00000000000	0.94050762461
3582.30114109976	762.99771376222	0.00000000000	0.94120677137
3584.30535974871	763.03475684536	0.00000000000	0.94178870983
3586.79717179782	763.08147368708	0.00000000000	0.94251196323
3589.56097755391	763.13395336231	0.00000000000	0.94331382992
3591.54320516344	763.17189662637	0.00000000000	0.94388872363
3593.44026993349	763.20835799691	0.00000000000	0.94443875407
3595.37833959252	763.24567795892	0.00000000000	0.94500050981
3597.22539850074	763.28123899018	0.00000000000	0.94553573385
3599.14321592120	763.31808047772	0.00000000000	0.94609130670
3600.95565540228	763.35275223432	0.00000000000	0.94661620930
3602.75161525899	763.38690414243	0.00000000000	0.94713620357
3604.58612924578	763.42151301900	0.00000000000	0.94766722293
3606.52618270543	763.45773523253	0.00000000000	0.94822864234
3608.32621700050	763.49092790895	0.00000000000	0.94874940687
3610.49184497414	763.53024059065	0.00000000000	0.94937576997
3612.85234189022	763.57219537303	0.00000000000	0.95005828575
3614.99193174379	763.60930113312	0.00000000000	0.95067674284
3616.80645334551	763.64000023536	0.00000000000	0.95120110154
3618.60776326002	763.66971014088	0.00000000000	0.95172152055
3620.44438003671	763.69915148845	0.00000000000	0.95225201687
3622.26934183581	763.72748952420	0.00000000000	0.95277902513
3624.12007549922	763.75522754642	0.00000000000	0.95331335369
3626.23506486722	763.78560599872	0.00000000000	0.95392382775
3628.37726115633	763.81484029242	0.00000000000	0.95454199625
3630.36640247936	763.84051108311	0.00000000000	0.95511585748
3632.56397955670	763.86711684931	0.00000000000	0.95574969708
3634.40209887948	763.88787614288	0.00000000000	0.95627973681
3636.28682210079	763.90767420798	0.00000000000	0.95682310106
3638.40388901395	763.92802885638	0.00000000000	0.95743331423
3640.23060382202	763.94391524662	0.00000000000	0.95795972430
3642.11589901608	763.95861001484	0.00000000000	0.95850290734
3644.02002892012	763.97162587839	0.00000000000	0.95905140712
3645.82366629272	763.98219650381	0.00000000000	0.95957085909
3648.27661668355	763.99371352539	0.00000000000	0.96027716138
3650.29240964723	764.00061153776	0.00000000000	0.96085745877
3652.09646266395	764.00474527741	0.00000000000	0.96137670404
3653.89715356159	764.00688568382	0.00000000000	0.96189489151
3655.80229328122	764.00692193507	0.00000000000	0.96244304012
3657.60312973992	764.00478504723	0.00000000000	0.96296108913
3659.45688523479	764.00031506813	0.00000000000	0.96349427240
3661.31073742711	763.99347486930	0.00000000000	0.96402739484
3663.30356137523	763.98340183059	0.00000000000	0.96460038522
3665.42416647955	763.96949618753	0.00000000000	0.96521000812
3667.22532192383	763.95503134744	0.00000000000	0.96572771133
3669.04357498006	763.93789026212	0.00000000000	0.96625025079
3670.89782607380	763.91771719708	0.00000000000	0.96678305641
3672.76781136515	763.89455150516	0.00000000000	0.96732030387
3674.99932116838	763.86310358994	0.00000000000	0.96796131569
3676.80063783746	763.83462412312	0.00000000000	0.96847867359
3678.70698273093	763.80140815851	0.00000000000	0.96902612218
3680.75028521161	763.76243402374	0.00000000000	0.96961282748
3682.67684405528	763.72281456824	0.00000000000	0.97016596085
3685.27546974444	763.66552634698	0.00000000000	0.97091200661
3687.76203228768	763.60722225660	0.00000000000	0.97162587053
3689.56261357154	763.56326439975	0.00000000000	0.97214281431
3691.40214472855	763.51714843928	0.00000000000	0.97267097330
3693.21913356310	763.47066556196	0.00000000000	0.97319270824
3695.28667497774	763.41698328421	0.00000000000	0.97378646576
3697.25503531404	763.36543611381	0.00000000000	0.97435183798
3699.06246191191	763.31801813688	0.00000000000	0.97487108638
3700.88729093782	763.27033354433	0.00000000000	0.97539544870
3702.72352625177	763.22281407997	0.00000000000	0.97592322073
3704.64527900990	763.17387635236	0.00000000000	0.97647573186
3706.81642193613	763.11995511004	0.00000000000	0.97710016313
3708.93198805229	763.06922651635	0.00000000000	0.97770885911
3711.29773048860	763.01514176867	0.00000000000	0.97838985858
3713.35794628635	762.97075972927	0.00000000000	0.97898321315
3715.20220584545	762.93351426511	0.00000000000	0.97951463094
3717.34002565662	762.89366406738	0.00000000000	0.98013096761
3719.12734508405	762.86339221808	0.00000000000	0.98064654502
3721.01986562813	762.83466853475	0.00000000000	0.98119277597
3723.04789418510	762.80803609022	0.00000000000	0.98177848907
3724.95774961168	762.78721517047	0.00000000000	0.98233044376
3726.95765899333	762.77019915958	0.00000000000	0.98290883160
3728.73908723520	762.75946315692	0.00000000000	0.98342440185
3730.62408874340	762.75294462520	0.00000000000	0.98397034427
3732.40239978938	762.75163746299	0.00000000000	0.98448577715
3734.21832609538	762.75543709580	0.00000000000	0.98501252095
3736.04648995962	762.76479076115	0.00000000000	0.98554324861
3738.13914844178	762.78268419342	0.00000000000	0.98615131817
3739.91957149369	762.80426552540	0.00000000000	0.98666914826
3742.00791117268	762.83742092364	0.00000000000	0.98727712990
3743.92117436992	762.87559186231	0.00000000000	0.98783472708
3746.28132333892	762.93348043211	0.00000000000	0.98852336763
3748.55430967724	763.00108849035	0.00000000000	0.98918745042
3750.31430204904	763.06181484499	0.00000000000	0.98970226795
3752.21769049846	763.13607298974	0.00000000000	0.99025965379
3754.23818092420	763.22505048021	0.00000000000	0.99085206403
3755.99003121199	763.31098749757	0.00000000000	0.99136633909
3758.03102579360	763.42180329312	0.00000000000	0.99196625830
3759.78815107948	763.52675832778	0.00000000000	0.99248341610
3761.55070704944	763.64122926349	0.00000000000	0.99300282114
3763.29269994534	763.76370428075	0.00000000000	0.99351682291
3765.40197938510	763.92485273382	0.00000000000	0.99414009743
3767.35286301454	764.08686146664	0.00000000000	0.99471747035
3769.08754060712	764.24172987113	0.00000000000	0.99523160645
3771.13361847908	764.43791198657	0.00000000000	0.99583897153
3772.96555224393	764.62636077585	0.00000000000	0.99638365077
3775.00463649224	764.85080268834	0.00000000000	0.99699092857
3777.01398553354	765.08758574838	0.00000000000	0.99759041847
3778.74997505197	765.30501984453	0.00000000000	0.99810922837
3780.46960491165	765.53249832478	0.00000000000	0.99862397111
3782.65486540969	765.83944451643	0.00000000000	0.99927930403
3785.05273100123	766.20001220703	0.00000000000	1.00000000000
