-0.00290949569	-0.01841596822	0.00000000000
-0.00291920666	-0.01843685904	0.00000000000
-0.00299676731	-0.01858570151	0.00000000000
-0.00334171160	-0.01902055281	0.00000000000
-0.00391313427	-0.01946335322	0.00000000000
-0.00406318986	-0.01973895333	0.00000000000
-0.00444467976	-0.02022871696	0.00000000000
-0.00497004385	-0.02069203661	0.00000000000
-0.00550608659	-0.02103229132	0.00000000000
-0.00586606322	-0.02116956051	0.00000000000
-0.00611907553	-0.02119346741	0.00000000000
-0.00663532265	-0.02118173997	0.00000000000
-0.00679046193	-0.02124923944	0.00000000000
-0.00783645462	-0.02103190248	0.00000000000
-0.00777558285	-0.02117105721	0.00000000000
-0.00911483355	-0.02025940590	0.00000000000
-0.00941884462	-0.02011754216	0.00000000000
-0.00982440586	-0.01978877113	0.00000000000
-0.01023197699	-0.01914820373	0.00000000000
-0.01077099748	-0.01882134813	0.00000000000
-0.01075833063	-0.01861680048	0.00000000000
-0.01155709189	-0.01766344579	0.00000000000
-0.01149512143	-0.01724626310	0.00000000000
-0.01210054109	-0.01604702840	0.00000000000
-0.01191788520	-0.01507396797	0.00000000000
-0.01200665285	-0.01452838688	0.00000000000
-0.01150270471	-0.01242998666	0.00000000000
-0.00964043790	-0.01043626578	0.00000000000
-0.00694772592	-0.00957821434	0.00000000000
-0.00489935730	-0.00920227269	0.00000000000
-0.00346292008	-0.00850665635	0.00000000000
-0.00248581016	-0.00775564347	0.00000000000
-0.00195044668	-0.00723150219	0.00000000000
-0.00181342557	-0.00715260834	0.00000000000
-0.00165937369	-0.00699235417	0.00000000000
-0.00150144148	-0.00687913607	0.00000000000
-0.00135575903	-0.00674664010	0.00000000000
-0.00122296838	-0.00664969475	0.00000000000
-0.00090846930	-0.00645483897	0.00000000000
-0.00075300138	-0.00621495047	0.00000000000
-0.00060437831	-0.00605829882	0.00000000000
-0.00085366368	-0.00587362604	0.00000000000
-0.00075932015	-0.00565019607	0.00000000000
-0.00104740594	-0.00554777989	0.00000000000
-0.00141389039	-0.00531512361	0.00000000000
-0.00296296236	-0.00484170034	0.00000000000
-0.00513146779	-0.00494749235	0.00000000000
-0.00774314704	-0.00354101863	0.00000000000
-0.00890534554	-0.00143195210	0.00000000000
-0.00901795543	-0.00082119473	0.00000000000
-0.00917799695	-0.00091053047	0.00000000000
-0.00914561059	0.00090380292	0.00000000000
-0.00903601593	0.00083097694	0.00000000000
-0.00883705665	0.00159191581	0.00000000000
-0.00805231302	0.00290318086	0.00000000000
-0.00560554102	0.00500526431	0.00000000000
-0.00352697781	0.00473626652	0.00000000000
-0.00166877708	0.00522489879	0.00000000000
-0.00123456784	0.00539257368	0.00000000000
-0.00119155598	0.00550373100	0.00000000000
-0.00066426729	0.00567609685	0.00000000000
-0.00092982031	0.00585295744	0.00000000000
-0.00058715167	0.00606408215	0.00000000000
-0.00076375301	0.00621363619	0.00000000000
-0.00090186576	0.00645312344	0.00000000000
-0.00119268723	0.00662701070	0.00000000000
-0.00130084422	0.00669688420	0.00000000000
-0.00205385907	0.00731981426	0.00000000000
-0.00321710130	0.00842300823	0.00000000000
-0.00475450656	0.00910701477	0.00000000000
-0.00699798104	0.00961300460	0.00000000000
-0.00944830860	0.01014046338	0.00000000000
-0.01119294044	0.01230551901	0.00000000000
-0.01166876038	0.01321458352	0.00000000000
-0.01186614249	0.01407899068	0.00000000000
-0.01194950856	0.01404096655	0.00000000000
-0.01202222291	0.01566267810	0.00000000000
-0.01199056753	0.01548810264	0.00000000000
-0.01171576589	0.01737217578	0.00000000000
-0.01147868101	0.01733062294	0.00000000000
-0.01141549074	0.01801955270	0.00000000000
-0.01077820198	0.01849762037	0.00000000000
-0.01074494263	0.01890334226	0.00000000000
-0.01028550883	0.01906511523	0.00000000000
-0.00969555856	0.01992729975	0.00000000000
-0.00953238857	0.02003360972	0.00000000000
-0.00867875925	0.02052208997	0.00000000000
-0.00793551533	0.02111934154	0.00000000000
-0.00748355631	0.02111088338	0.00000000000
-0.00661894549	0.02126367929	0.00000000000
-0.00613671062	0.02117447553	0.00000000000
-0.00572836465	0.02113390475	0.00000000000
-0.00541368404	0.02097332518	0.00000000000
-0.00489333095	0.02063430756	0.00000000000
-0.00428370823	0.02008102653	0.00000000000
-0.00404068176	0.01965012460	0.00000000000
-0.00371023729	0.01927238380	0.00000000000
-0.00335299297	0.01903643089	0.00000000000
-0.00323644575	0.01885034107	0.00000000000
-0.00316768377	0.01879351835	0.00000000000
-0.00313533791	0.01874480004	0.00000000000
-0.00306881594	0.01866608461	0.00000000000
-0.00296471115	0.01852092044	0.00000000000
-0.00292101951	0.01844048905	0.00000000000
-0.00291022951	0.01841713500	0.00000000000
-0.00290965338	0.01841599725	0.00000000000
