1	0.002340379358913
2	0.001425543744631
3	0.001349894264897
5	0.001324632752924
6	0.001147569042179
7	0.001105586930979
8	0.001064391715336
9	0.000613021468468
10	0.000597354824933
11	0.000556397907720
13	0.000538602356130
14	0.000519044085829
15	0.000494126329442
16	0.000470367428468
17	0.000399813872289
18	0.000359874870308
19	0.000293358353822
20	0.000268536504603
21	0.000249980054856
22	0.000218575139541
23	0.000210179642094
24	0.000203556279436
25	0.000192137265172
26	0.000185365070031
27	0.000183239991433
28	0.000179503934690
29	0.000171030989398
30	0.000167851991071
31	0.000163228364708
32	0.000156921502842
33	0.000153096099106
34	0.000142442339031
35	0.000136240687008
36	0.000123896635902
37	0.000122526344123
38	0.000120657711458
39	0.000113048001856
40	0.000106088539823
41	0.000087710350461
42	0.000074536268926
43	0.000072110014817
44	0.000065774037901
45	0.000061742095634
46	0.000058367631538
47	0.000055414935942
48	0.000053640683596
49	0.000052042164964
50	0.000049754731942
51	0.000048104080149
52	0.000047194197249
53	0.000046565417618
54	0.000045860766833
55	0.000043977337448
56	0.000043234879818
57	0.000042438408140
58	0.000041762362400
59	0.000038911376923
60	0.000038272870700
61	0.000037858927981
62	0.000023513139657
63	0.000022551143668
64	0.000018843971610
65	0.000018607789302
66	0.000015187967960
67	0.000014554739927
68	0.000014167019727
69	0.000013000327626
70	0.000012024669588
73	0.000010732131813
75	0.000009215531667
76	0.000008890191648
77	0.000008724669798
78	0.000008596187291
79	0.000007794468930
81	0.000007705390212
82	0.000006852346715
83	0.000005985315588
84	0.000005879849070
85	0.000005738856164
86	0.000005637065132
88	0.000005395873918
89	0.000005331779925
90	0.000005277662186
92	0.000005107876448
94	0.000004978972612
97	0.000004709800278
