  9.99755859380116e-02  -1.57918029166465e+02   0.00000000000000e+00   0.00000000000000e+00 
  1.17333445121638e+02  -1.61920895500170e+02   0.00000000000000e+00   1.39275766016713e-03 
  2.21166197854394e+02  -1.65096467325207e+02   0.00000000000000e+00   2.78551532033426e-03 
  3.12406265538142e+02  -1.67494751293963e+02   0.00000000000000e+00   4.17827298050139e-03 
  3.91861679926819e+02  -1.69165754058830e+02   0.00000000000000e+00   5.57103064066852e-03 
  4.60340472774361e+02  -1.70159482272197e+02   0.00000000000000e+00   6.96378830083565e-03 
  5.18650675834704e+02  -1.70525942586455e+02   0.00000000000000e+00   8.35654596100279e-03 
  5.67600320861784e+02  -1.70315141653991e+02   0.00000000000000e+00   9.74930362116992e-03 
  6.07997439609537e+02  -1.69577086127197e+02   0.00000000000000e+00   1.11420612813370e-02 
  6.40650063831901e+02  -1.68361782658463e+02   0.00000000000000e+00   1.25348189415042e-02 
  6.66366225282810e+02  -1.66719237900177e+02   0.00000000000000e+00   1.39275766016713e-02 
  6.85953955716202e+02  -1.64699458504731e+02   0.00000000000000e+00   1.53203342618384e-02 
  7.00221286886013e+02  -1.62352451124513e+02   0.00000000000000e+00   1.67130919220056e-02 
  7.09976250546179e+02  -1.59728222411914e+02   0.00000000000000e+00   1.81058495821727e-02 
  7.16026878450636e+02  -1.56876779019323e+02   0.00000000000000e+00   1.94986072423398e-02 
  7.19181202353321e+02  -1.53848127599130e+02   0.00000000000000e+00   2.08913649025070e-02 
  7.20247254008169e+02  -1.50692274803725e+02   0.00000000000000e+00   2.22841225626741e-02 
  7.20033065169117e+02  -1.47459227285498e+02   0.00000000000000e+00   2.36768802228412e-02 
  7.19346667590102e+02  -1.44198991696839e+02   0.00000000000000e+00   2.50696378830084e-02 
  7.18890054097915e+02  -1.40955007229872e+02   0.00000000000000e+00   2.64623955431755e-02 
  7.18763710058279e+02  -1.37733459056374e+02   0.00000000000000e+00   2.78551532033426e-02 
  7.18856286788619e+02  -1.34527412527579e+02   0.00000000000000e+00   2.92479108635097e-02 
  7.19056199099359e+02  -1.31329918346791e+02   0.00000000000000e+00   3.06406685236769e-02 
  7.19251861947841e+02  -1.28134027226109e+02   0.00000000000000e+00   3.20334261838440e-02 
  7.19355954606045e+02  -1.24934241829608e+02   0.00000000000000e+00   3.34261838440111e-02 
  7.19372957945251e+02  -1.21730558135948e+02   0.00000000000000e+00   3.48189415041783e-02 
  7.19329059738114e+02  -1.18524271042752e+02   0.00000000000000e+00   3.62116991643454e-02 
  7.19250447757292e+02  -1.15316675447644e+02   0.00000000000000e+00   3.76044568245125e-02 
  7.19163294599666e+02  -1.12109065457433e+02   0.00000000000000e+00   3.89972144846797e-02 
  7.19087263597780e+02  -1.08902395980470e+02   0.00000000000000e+00   4.03899721448468e-02 
  7.19025395257315e+02  -1.05696755707820e+02   0.00000000000000e+00   4.17827298050139e-02 
  7.18978114752463e+02  -1.02492097045344e+02   0.00000000000000e+00   4.31754874651811e-02 
  7.18945847257416e+02  -9.92883723989025e+01   0.00000000000000e+00   4.45682451253482e-02 
  7.18929017946366e+02  -9.60855341743558e+01   0.00000000000000e+00   4.59610027855153e-02 
  7.18928051993506e+02  -9.28835347775651e+01   0.00000000000000e+00   4.73537604456825e-02 
  7.18943374573028e+02  -8.96823266143911e+01   0.00000000000000e+00   4.87465181058496e-02 
  7.18975410859124e+02  -8.64818620906947e+01   0.00000000000000e+00   5.01392757660167e-02 
  7.19024586025987e+02  -8.32820936123366e+01   0.00000000000000e+00   5.15320334261838e-02 
  7.19091325247809e+02  -8.00829735851776e+01   0.00000000000000e+00   5.29247910863510e-02 
  7.19176053698783e+02  -7.68844544150785e+01   0.00000000000000e+00   5.43175487465181e-02 
  7.19279035286065e+02  -7.36864909778741e+01   0.00000000000000e+00   5.57103064066852e-02 
  7.19396588214786e+02  -7.04890985819671e+01   0.00000000000000e+00   5.71030640668524e-02 
  7.19520948911631e+02  -6.72923550524819e+01   0.00000000000000e+00   5.84958217270195e-02 
  7.19644165311160e+02  -6.40963411014975e+01   0.00000000000000e+00   5.98885793871866e-02 
  7.19758285347933e+02  -6.09011374410928e+01   0.00000000000000e+00   6.12813370473538e-02 
  7.19855356956509e+02  -5.77068247833467e+01   0.00000000000000e+00   6.26740947075209e-02 
  7.19927428071447e+02  -5.45134838403384e+01   0.00000000000000e+00   6.40668523676880e-02 
  7.19966546627308e+02  -5.13211953241468e+01   0.00000000000000e+00   6.54596100278552e-02 
  7.19964760558651e+02  -4.81300399468508e+01   0.00000000000000e+00   6.68523676880223e-02 
  7.19914117800035e+02  -4.49400984205295e+01   0.00000000000000e+00   6.82451253481894e-02 
  7.19810288696264e+02  -4.17512698470833e+01   0.00000000000000e+00   6.96378830083565e-02 
  7.19678211201261e+02  -3.85619859916505e+01   0.00000000000000e+00   7.10306406685237e-02 
  7.19556985582026e+02  -3.53699685892973e+01   0.00000000000000e+00   7.24233983286908e-02 
  7.19485804609792e+02  -3.21729347373738e+01   0.00000000000000e+00   7.38161559888579e-02 
  7.19503861055789e+02  -2.89686015332303e+01   0.00000000000000e+00   7.52089136490251e-02 
  7.19650347691251e+02  -2.57546860742168e+01   0.00000000000000e+00   7.66016713091922e-02 
  7.19964457275490e+02  -2.25289054636175e+01   0.00000000000000e+00   7.79944289693593e-02 
  7.20473837175964e+02  -1.92947242747009e+01   0.00000000000000e+00   7.93871866295265e-02 
  7.21161346140066e+02  -1.60779035304997e+01   0.00000000000000e+00   8.07799442896936e-02 
  7.21998983555445e+02  -1.29096102069121e+01   0.00000000000000e+00   8.21727019498607e-02 
  7.22958748809751e+02  -9.82101127983606e+00   0.00000000000000e+00   8.35654596100279e-02 
  7.24012641290634e+02  -6.84327372516974e+00   0.00000000000000e+00   8.49582172701950e-02 
  7.25132660385742e+02  -4.00756451881110e+00   0.00000000000000e+00   8.63509749303621e-02 
  7.26259722797596e+02  -1.32678108098923e+00   0.00000000000000e+00   8.77437325905292e-02 
  7.27208094453802e+02   1.26062104376684e+00   0.00000000000000e+00   8.91364902506964e-02 
  7.27759787797503e+02   3.83514403055399e+00   0.00000000000000e+00   9.05292479108635e-02 
  7.27696815264430e+02   6.47729005882502e+00   0.00000000000000e+00   9.19220055710306e-02 
  7.26806377552079e+02   9.26651933630439e+00   0.00000000000000e+00   9.33147632311978e-02 
  7.25136924796080e+02   1.22298246855002e+01   0.00000000000000e+00   9.47075208913649e-02 
  7.23115422798135e+02   1.53181806706443e+01   0.00000000000000e+00   9.61002785515320e-02 
  7.21198494334801e+02   1.84766057707228e+01   0.00000000000000e+00   9.74930362116992e-02 
  7.19839306011556e+02   2.16504477799993e+01   0.00000000000000e+00   9.88857938718663e-02 
  7.19253403404984e+02   2.48076958010711e+01   0.00000000000000e+00   1.00278551532033e-01 
  7.19269484327373e+02   2.79531990559893e+01   0.00000000000000e+00   1.01671309192201e-01 
  7.19680704594035e+02   3.10951933244512e+01   0.00000000000000e+00   1.03064066852368e-01 
  7.20280220020280e+02   3.42419143861545e+01   0.00000000000000e+00   1.04456824512535e-01 
  7.20861186421419e+02   3.74015980207965e+01   0.00000000000000e+00   1.05849582172702e-01 
  7.21216759612762e+02   4.05824800080750e+01   0.00000000000000e+00   1.07242339832869e-01 
  7.21152576788253e+02   4.37919547705061e+01   0.00000000000000e+00   1.08635097493036e-01 
  7.20681993547437e+02   4.70234146417851e+01   0.00000000000000e+00   1.10027855153203e-01 
  7.19989714883069e+02   5.02587014653351e+01   0.00000000000000e+00   1.11420612813370e-01 
  7.19265568783872e+02   5.34793117485738e+01   0.00000000000000e+00   1.12813370473538e-01 
  7.18699383238568e+02   5.66667419989183e+01   0.00000000000000e+00   1.14206128133705e-01 
  7.18480986235878e+02   5.98024887237863e+01   0.00000000000000e+00   1.15598885793872e-01 
  7.18787030262722e+02   6.28688014575598e+01   0.00000000000000e+00   1.16991643454039e-01 
  7.19662665170420e+02   6.58554455797133e+01   0.00000000000000e+00   1.18384401114206e-01 
  7.21077468741178e+02   6.87565056832651e+01   0.00000000000000e+00   1.19777158774373e-01 
  7.23000117035344e+02   7.15661178978567e+01   0.00000000000000e+00   1.21169916434540e-01 
  7.25399286113267e+02   7.42784183531297e+01   0.00000000000000e+00   1.22562674094708e-01 
  7.28238088591332e+02   7.68892038359757e+01   0.00000000000000e+00   1.23955431754875e-01 
  7.31409688477225e+02   7.94151504060754e+01   0.00000000000000e+00   1.25348189415042e-01 
  7.34759484385292e+02   8.18871918288162e+01   0.00000000000000e+00   1.26740947075209e-01 
  7.38131951504722e+02   8.43365375068870e+01   0.00000000000000e+00   1.28133704735376e-01 
  7.41371565024706e+02   8.67943968429763e+01   0.00000000000000e+00   1.29526462395543e-01 
  7.44322800134432e+02   8.92919792397730e+01   0.00000000000000e+00   1.30919220055710e-01 
  7.46830132023091e+02   9.18604940999657e+01   0.00000000000000e+00   1.32311977715877e-01 
  7.48738035879874e+02   9.45311508262432e+01   0.00000000000000e+00   1.33704735376045e-01 
  7.49891153792931e+02   9.73351263201470e+01   0.00000000000000e+00   1.35097493036212e-01 
  7.50222378348560e+02   1.00286411981447e+02   0.00000000000000e+00   1.36490250696379e-01 
  7.49897605816007e+02   1.03353625129425e+02   0.00000000000000e+00   1.37883008356546e-01 
  7.49120740810570e+02   1.06497981510426e+02   0.00000000000000e+00   1.39275766016713e-01 
  7.48095687947545e+02   1.09680696870798e+02   0.00000000000000e+00   1.40668523676880e-01 
  7.47026351842231e+02   1.12862986956888e+02   0.00000000000000e+00   1.42061281337047e-01 
  7.46116637109926e+02   1.16006067515044e+02   0.00000000000000e+00   1.43454038997214e-01 
  7.45570174533991e+02   1.19071209281537e+02   0.00000000000000e+00   1.44846796657382e-01 
  7.45504644286203e+02   1.22036943279072e+02   0.00000000000000e+00   1.46239554317549e-01 
  7.45830013499103e+02   1.24923512700713e+02   0.00000000000000e+00   1.47632311977716e-01 
  7.46425494395842e+02   1.27757336827580e+02   0.00000000000000e+00   1.49025069637883e-01 
  7.47170299199570e+02   1.30564834940789e+02   0.00000000000000e+00   1.50417827298050e-01 
  7.47943640133438e+02   1.33372426321459e+02   0.00000000000000e+00   1.51810584958217e-01 
  7.48624729420598e+02   1.36206530250708e+02   0.00000000000000e+00   1.53203342618384e-01 
  7.49105504107286e+02   1.39090928000485e+02   0.00000000000000e+00   1.54596100278552e-01 
  7.49375796287290e+02   1.42029106019696e+02   0.00000000000000e+00   1.55988857938719e-01 
  7.49470868317356e+02   1.45015132516270e+02   0.00000000000000e+00   1.57381615598886e-01 
  7.49426232324661e+02   1.48043023917720e+02   0.00000000000000e+00   1.58774373259053e-01 
  7.49277400436382e+02   1.51106796651558e+02   0.00000000000000e+00   1.60167130919220e-01 
  7.49059884779696e+02   1.54200467145295e+02   0.00000000000000e+00   1.61559888579387e-01 
  7.48809197481781e+02   1.57318051826442e+02   0.00000000000000e+00   1.62952646239554e-01 
  7.48560850669813e+02   1.60453567122512e+02   0.00000000000000e+00   1.64345403899721e-01 
  7.48350356470969e+02   1.63601029461015e+02   0.00000000000000e+00   1.65738161559889e-01 
  7.48213227012427e+02   1.66754455269463e+02   0.00000000000000e+00   1.67130919220056e-01 
  7.48184974421363e+02   1.69907860975369e+02   0.00000000000000e+00   1.68523676880223e-01 
  7.48301110824955e+02   1.73055263006242e+02   0.00000000000000e+00   1.69916434540390e-01 
  7.48597148350380e+02   1.76190677789596e+02   0.00000000000000e+00   1.71309192200557e-01 
  7.49087316976578e+02   1.79309240622481e+02   0.00000000000000e+00   1.72701949860724e-01 
  7.49700680517140e+02   1.82410564255405e+02   0.00000000000000e+00   1.74094707520891e-01 
  7.50345001847076e+02   1.85495381296281e+02   0.00000000000000e+00   1.75487465181058e-01 
  7.50928043841393e+02   1.88564424353026e+02   0.00000000000000e+00   1.76880222841226e-01 
  7.51357569375100e+02   1.91618426033552e+02   0.00000000000000e+00   1.78272980501393e-01 
  7.51541425134910e+02   1.94658121100035e+02   0.00000000000000e+00   1.79665738161560e-01 
  7.51431976292323e+02   1.97685388598061e+02   0.00000000000000e+00   1.81058495821727e-01 
  7.51099209598947e+02   2.00705130866206e+02   0.00000000000000e+00   1.82451253481894e-01 
  7.50632312982534e+02   2.03722743781575e+02   0.00000000000000e+00   1.83844011142061e-01 
  7.50120428997966e+02   2.06743620324751e+02   0.00000000000000e+00   1.85236768802228e-01 
  7.49630360405153e+02   2.09771727344247e+02   0.00000000000000e+00   1.86629526462396e-01 
  7.49170575539923e+02   2.12807307724547e+02   0.00000000000000e+00   1.88022284122563e-01 
  7.48740139989160e+02   2.15850004095665e+02   0.00000000000000e+00   1.89415041782730e-01 
  7.48338119339749e+02   2.18899459087615e+02   0.00000000000000e+00   1.90807799442897e-01 
  7.47963579178575e+02   2.21955315330412e+02   0.00000000000000e+00   1.92200557103064e-01 
  7.47615585092523e+02   2.25017215454068e+02   0.00000000000000e+00   1.93593314763231e-01 
  7.47293202668478e+02   2.28084802088598e+02   0.00000000000000e+00   1.94986072423398e-01 
  7.46995497493325e+02   2.31157717864016e+02   0.00000000000000e+00   1.96378830083565e-01 
  7.46721535153947e+02   2.34235605410336e+02   0.00000000000000e+00   1.97771587743733e-01 
  7.46470381237232e+02   2.37318107357572e+02   0.00000000000000e+00   1.99164345403900e-01 
  7.46241101330062e+02   2.40404866335738e+02   0.00000000000000e+00   2.00557103064067e-01 
  7.46032761019323e+02   2.43495524974846e+02   0.00000000000000e+00   2.01949860724234e-01 
  7.45844425891899e+02   2.46589725904913e+02   0.00000000000000e+00   2.03342618384401e-01 
  7.45675161534677e+02   2.49687111755951e+02   0.00000000000000e+00   2.04735376044568e-01 
  7.45524033534539e+02   2.52787325157974e+02   0.00000000000000e+00   2.06128133704735e-01 
  7.45390107478372e+02   2.55890008740997e+02   0.00000000000000e+00   2.07520891364903e-01 
  7.45272448953060e+02   2.58994805135033e+02   0.00000000000000e+00   2.08913649025070e-01 
  7.45170123545488e+02   2.62101356970096e+02   0.00000000000000e+00   2.10306406685237e-01 
  7.45082196842541e+02   2.65209306876200e+02   0.00000000000000e+00   2.11699164345404e-01 
  7.45007734431103e+02   2.68318297483360e+02   0.00000000000000e+00   2.13091922005571e-01 
  7.44945801898059e+02   2.71427971421588e+02   0.00000000000000e+00   2.14484679665738e-01 
  7.44895464830295e+02   2.74537971320899e+02   0.00000000000000e+00   2.15877437325905e-01 
  7.44855788814695e+02   2.77647939811307e+02   0.00000000000000e+00   2.17270194986072e-01 
  7.44825839438143e+02   2.80757519522826e+02   0.00000000000000e+00   2.18662952646240e-01 
  7.44804682287526e+02   2.83866353085470e+02   0.00000000000000e+00   2.20055710306407e-01 
  7.44791382949727e+02   2.86974083129252e+02   0.00000000000000e+00   2.21448467966574e-01 
  7.44785007011631e+02   2.90080352284187e+02   0.00000000000000e+00   2.22841225626741e-01 
  7.44784620060123e+02   2.93184803180288e+02   0.00000000000000e+00   2.24233983286908e-01 
  7.44789287682089e+02   2.96287078447570e+02   0.00000000000000e+00   2.25626740947075e-01 
  7.44798075464413e+02   2.99386820716047e+02   0.00000000000000e+00   2.27019498607242e-01 
  7.44810048993979e+02   3.02483672615731e+02   0.00000000000000e+00   2.28412256267409e-01 
  7.44824274194813e+02   3.05577276891183e+02   0.00000000000000e+00   2.29805013927577e-01 
  7.44840131136398e+02   3.08667383019409e+02   0.00000000000000e+00   2.31197771587744e-01 
  7.44857896275293e+02   3.11754045029287e+02   0.00000000000000e+00   2.32590529247911e-01 
  7.44878004906432e+02   3.14837370915804e+02   0.00000000000000e+00   2.33983286908078e-01 
  7.44900892324748e+02   3.17917468673948e+02   0.00000000000000e+00   2.35376044568245e-01 
  7.44926993825176e+02   3.20994446298709e+02   0.00000000000000e+00   2.36768802228412e-01 
  7.44956744702649e+02   3.24068411785073e+02   0.00000000000000e+00   2.38161559888579e-01 
  7.44990580252103e+02   3.27139473128029e+02   0.00000000000000e+00   2.39554317548747e-01 
  7.45028935768470e+02   3.30207738322566e+02   0.00000000000000e+00   2.40947075208914e-01 
  7.45072246546685e+02   3.33273315363671e+02   0.00000000000000e+00   2.42339832869081e-01 
  7.45120947881681e+02   3.36336312246332e+02   0.00000000000000e+00   2.43732590529248e-01 
  7.45175475068394e+02   3.39396836965537e+02   0.00000000000000e+00   2.45125348189415e-01 
  7.45236263401756e+02   3.42454997516275e+02   0.00000000000000e+00   2.46518105849582e-01 
  7.45303748176702e+02   3.45510901893533e+02   0.00000000000000e+00   2.47910863509749e-01 
  7.45378364688165e+02   3.48564658092301e+02   0.00000000000000e+00   2.49303621169916e-01 
  7.45460548231081e+02   3.51616374107565e+02   0.00000000000000e+00   2.50696378830084e-01 
  7.45550734100382e+02   3.54666157934314e+02   0.00000000000000e+00   2.52089136490251e-01 
  7.45649357591002e+02   3.57714117567536e+02   0.00000000000000e+00   2.53481894150418e-01 
  7.45756853997877e+02   3.60760361002220e+02   0.00000000000000e+00   2.54874651810585e-01 
  7.45873658615939e+02   3.63804996233352e+02   0.00000000000000e+00   2.56267409470752e-01 
  7.46000206740123e+02   3.66848131255923e+02   0.00000000000000e+00   2.57660167130919e-01 
  7.46136933665363e+02   3.69889874064918e+02   0.00000000000000e+00   2.59052924791086e-01 
  7.46284274686592e+02   3.72930332655328e+02   0.00000000000000e+00   2.60445682451253e-01 
  7.46442665098745e+02   3.75969615022139e+02   0.00000000000000e+00   2.61838440111421e-01 
  7.46612540196756e+02   3.79007829160340e+02   0.00000000000000e+00   2.63231197771588e-01 
  7.46794335275559e+02   3.82045083064919e+02   0.00000000000000e+00   2.64623955431755e-01 
  7.46988485630088e+02   3.85081484730864e+02   0.00000000000000e+00   2.66016713091922e-01 
  7.47195426555276e+02   3.88117142153163e+02   0.00000000000000e+00   2.67409470752089e-01 
  7.47415593346058e+02   3.91152163326805e+02   0.00000000000000e+00   2.68802228412256e-01 
  7.47649421297368e+02   3.94186656246777e+02   0.00000000000000e+00   2.70194986072423e-01 
  7.47897345704139e+02   3.97220728908067e+02   0.00000000000000e+00   2.71587743732591e-01 
  7.48159801861306e+02   4.00254489305664e+02   0.00000000000000e+00   2.72980501392758e-01 
  7.48437225063804e+02   4.03288045434556e+02   0.00000000000000e+00   2.74373259052925e-01 
  7.48730050884587e+02   4.06321505224336e+02   0.00000000000000e+00   2.75766016713092e-01 
  7.49043775786890e+02   4.09353786205227e+02   0.00000000000000e+00   2.77158774373259e-01 
  7.49401880523584e+02   4.12379575725439e+02   0.00000000000000e+00   2.78551532033426e-01 
  7.49831838897666e+02   4.15392621906265e+02   0.00000000000000e+00   2.79944289693593e-01 
  7.50361124712134e+02   4.18386672869003e+02   0.00000000000000e+00   2.81337047353760e-01 
  7.51017211769986e+02   4.21355476734947e+02   0.00000000000000e+00   2.82729805013928e-01 
  7.51827573874220e+02   4.24292781625392e+02   0.00000000000000e+00   2.84122562674095e-01 
  7.52819684827833e+02   4.27192335661634e+02   0.00000000000000e+00   2.85515320334262e-01 
  7.54021018433824e+02   4.30047886964969e+02   0.00000000000000e+00   2.86908077994429e-01 
  7.55459048495189e+02   4.32853183656691e+02   0.00000000000000e+00   2.88300835654596e-01 
  7.57161248814927e+02   4.35601973858097e+02   0.00000000000000e+00   2.89693593314763e-01 
  7.59155093196035e+02   4.38288005690481e+02   0.00000000000000e+00   2.91086350974930e-01 
  7.61468055441512e+02   4.40905027275140e+02   0.00000000000000e+00   2.92479108635098e-01 
  7.64127609354354e+02   4.43446786733367e+02   0.00000000000000e+00   2.93871866295265e-01 
  7.67161228737560e+02   4.45907032186460e+02   0.00000000000000e+00   2.95264623955432e-01 
  7.70596387394128e+02   4.48279511755713e+02   0.00000000000000e+00   2.96657381615599e-01 
  7.74460559127054e+02   4.50557973562422e+02   0.00000000000000e+00   2.98050139275766e-01 
  7.78781217739338e+02   4.52736165727881e+02   0.00000000000000e+00   2.99442896935933e-01 
  7.83570934002027e+02   4.54808848418906e+02   0.00000000000000e+00   3.00835654596100e-01 
  7.88533172096827e+02   4.56791772828798e+02   0.00000000000000e+00   3.02228412256267e-01 
  7.93079909634928e+02   4.58720484624786e+02   0.00000000000000e+00   3.03621169916435e-01 
  7.96611749005246e+02   4.60631301950651e+02   0.00000000000000e+00   3.05013927576602e-01 
  7.98529292596697e+02   4.62560542950172e+02   0.00000000000000e+00   3.06406685236769e-01 
  7.98234111258069e+02   4.64544483149552e+02   0.00000000000000e+00   3.07799442896936e-01 
  7.95460845086030e+02   4.66604741190569e+02   0.00000000000000e+00   3.09192200557103e-01 
  7.90762734529096e+02   4.68726912783369e+02   0.00000000000000e+00   3.10584958217270e-01 
  7.84816511397023e+02   4.70891159336910e+02   0.00000000000000e+00   3.11977715877437e-01 
  7.78298907499567e+02   4.73077642260152e+02   0.00000000000000e+00   3.13370473537604e-01 
  7.71886654646485e+02   4.75266522962052e+02   0.00000000000000e+00   3.14763231197772e-01 
  7.66256484647533e+02   4.77437962851569e+02   0.00000000000000e+00   3.16155988857939e-01 
  7.62085129312467e+02   4.79572123337662e+02   0.00000000000000e+00   3.17548746518106e-01 
  7.59709900689304e+02   4.81690595475563e+02   0.00000000000000e+00   3.18941504178273e-01 
  7.57952618978953e+02   4.83994671061516e+02   0.00000000000000e+00   3.20334261838440e-01 
  7.56190576900127e+02   4.86555076866046e+02   0.00000000000000e+00   3.21727019498607e-01 
  7.54474860779501e+02   4.89319139311691e+02   0.00000000000000e+00   3.23119777158774e-01 
  7.52868286726703e+02   4.92232036668798e+02   0.00000000000000e+00   3.24512534818941e-01 
  7.51433670851360e+02   4.95238947207716e+02   0.00000000000000e+00   3.25905292479109e-01 
  7.50233829263098e+02   4.98285049198792e+02   0.00000000000000e+00   3.27298050139276e-01 
  7.49331578071543e+02   5.01315520912374e+02   0.00000000000000e+00   3.28690807799443e-01 
  7.48787882307598e+02   5.04276839513131e+02   0.00000000000000e+00   3.30083565459610e-01 
  7.48611843030445e+02   5.07151874901153e+02   0.00000000000000e+00   3.31476323119777e-01 
  7.48754942741691e+02   5.09963927681150e+02   0.00000000000000e+00   3.32869080779944e-01 
  7.49165657951169e+02   5.12738407749890e+02   0.00000000000000e+00   3.34261838440111e-01 
  7.49792465168707e+02   5.15500725004139e+02   0.00000000000000e+00   3.35654596100279e-01 
  7.50583840904137e+02   5.18276289340663e+02   0.00000000000000e+00   3.37047353760446e-01 
  7.51488958928874e+02   5.21090109347593e+02   0.00000000000000e+00   3.38440111420613e-01 
  7.52489329861865e+02   5.23948582152952e+02   0.00000000000000e+00   3.39832869080780e-01 
  7.53611775695033e+02   5.26832025941541e+02   0.00000000000000e+00   3.41225626740947e-01 
  7.54886503516737e+02   5.29718810607220e+02   0.00000000000000e+00   3.42618384401114e-01 
  7.56343720415332e+02   5.32587306043847e+02   0.00000000000000e+00   3.44011142061281e-01 
  7.58013633479178e+02   5.35415882145279e+02   0.00000000000000e+00   3.45403899721448e-01 
  7.59926449796631e+02   5.38182908805376e+02   0.00000000000000e+00   3.46796657381616e-01 
  7.62112370974874e+02   5.40866758180223e+02   0.00000000000000e+00   3.48189415041783e-01 
  7.64579952910476e+02   5.43454736193424e+02   0.00000000000000e+00   3.49582172701950e-01 
  7.67266977778365e+02   5.45963358988872e+02   0.00000000000000e+00   3.50974930362117e-01 
  7.70096786078863e+02   5.48415103178368e+02   0.00000000000000e+00   3.52367688022284e-01 
  7.72992718312293e+02   5.50832445373714e+02   0.00000000000000e+00   3.53760445682451e-01 
  7.75878114978979e+02   5.53237862186712e+02   0.00000000000000e+00   3.55153203342618e-01 
  7.78676897163172e+02   5.55653796222610e+02   0.00000000000000e+00   3.56545961002786e-01 
  7.81356545637322e+02   5.58100138664142e+02   0.00000000000000e+00   3.57938718662953e-01 
  7.83957619703306e+02   5.60592500263840e+02   0.00000000000000e+00   3.59331476323120e-01 
  7.86527663098948e+02   5.63146082674724e+02   0.00000000000000e+00   3.60724233983287e-01 
  7.89114219562076e+02   5.65776087549813e+02   0.00000000000000e+00   3.62116991643454e-01 
  7.91700285988359e+02   5.68490727140335e+02   0.00000000000000e+00   3.63509749303621e-01 
  7.93526473808084e+02   5.71217397416723e+02   0.00000000000000e+00   3.64902506963788e-01 
  7.94025566073660e+02   5.73892380540854e+02   0.00000000000000e+00   3.66295264623955e-01 
  7.93392166572939e+02   5.76521239867130e+02   0.00000000000000e+00   3.67688022284123e-01 
  7.91860909088412e+02   5.79113187035693e+02   0.00000000000000e+00   3.69080779944290e-01 
  7.89666427402572e+02   5.81677433686684e+02   0.00000000000000e+00   3.70473537604457e-01 
  7.87043355297909e+02   5.84223191460243e+02   0.00000000000000e+00   3.71866295264624e-01 
  7.84226326556915e+02   5.86759671996514e+02   0.00000000000000e+00   3.73259052924791e-01 
  7.81449974962082e+02   5.89296086935638e+02   0.00000000000000e+00   3.74651810584958e-01 
  7.78931682175909e+02   5.91841006444748e+02   0.00000000000000e+00   3.76044568245125e-01 
  7.76704485449959e+02   5.94396146347062e+02   0.00000000000000e+00   3.77437325905292e-01 
  7.74689761232631e+02   5.96959070663509e+02   0.00000000000000e+00   3.78830083565460e-01 
  7.72807325956764e+02   5.99527285410097e+02   0.00000000000000e+00   3.80222841225627e-01 
  7.70976996055200e+02   6.02098296602833e+02   0.00000000000000e+00   3.81615598885794e-01 
  7.69118587960778e+02   6.04669610257724e+02   0.00000000000000e+00   3.83008356545961e-01 
  7.67151918106337e+02   6.07238732390780e+02   0.00000000000000e+00   3.84401114206128e-01 
  7.65023858255832e+02   6.09805683771870e+02   0.00000000000000e+00   3.85793871866295e-01 
  7.62814058125552e+02   6.12382826689336e+02   0.00000000000000e+00   3.87186629526462e-01 
  7.60642833450620e+02   6.14986303279101e+02   0.00000000000000e+00   3.88579387186630e-01 
  7.58630510467061e+02   6.17632256653136e+02   0.00000000000000e+00   3.89972144846797e-01 
  7.56897415410899e+02   6.20336829923408e+02   0.00000000000000e+00   3.91364902506964e-01 
  7.55552512734869e+02   6.23114392089718e+02   0.00000000000000e+00   3.92757660167131e-01 
  7.54585322707760e+02   6.25960661261003e+02   0.00000000000000e+00   3.94150417827298e-01 
  7.53913909525072e+02   6.28860197870871e+02   0.00000000000000e+00   3.95543175487465e-01 
  7.53455374698280e+02   6.31797412032383e+02   0.00000000000000e+00   3.96935933147632e-01 
  7.53126819738862e+02   6.34756713858604e+02   0.00000000000000e+00   3.98328690807799e-01 
  7.52847473470562e+02   6.37722913933256e+02   0.00000000000000e+00   3.99721448467967e-01 
  7.52578079836807e+02   6.40688638141855e+02   0.00000000000000e+00   4.01114206128134e-01 
  7.52317154723368e+02   6.43653623011310e+02   0.00000000000000e+00   4.02506963788301e-01 
  7.52064590596814e+02   6.46617864212540e+02   0.00000000000000e+00   4.03899721448468e-01 
  7.51820279923718e+02   6.49581357416461e+02   0.00000000000000e+00   4.05292479108635e-01 
  7.51584115170649e+02   6.52544098293991e+02   0.00000000000000e+00   4.06685236768802e-01 
  7.51355988804179e+02   6.55506082516046e+02   0.00000000000000e+00   4.08077994428969e-01 
  7.51135793290880e+02   6.58467305753543e+02   0.00000000000000e+00   4.09470752089136e-01 
  7.50923421097322e+02   6.61427763677400e+02   0.00000000000000e+00   4.10863509749304e-01 
  7.50718764690075e+02   6.64387451958532e+02   0.00000000000000e+00   4.12256267409471e-01 
  7.50521716535712e+02   6.67346366267858e+02   0.00000000000000e+00   4.13649025069638e-01 
  7.50332169100803e+02   6.70304502276295e+02   0.00000000000000e+00   4.15041782729805e-01 
  7.50150014851918e+02   6.73261855654758e+02   0.00000000000000e+00   4.16434540389972e-01 
  7.49975146255630e+02   6.76218422074166e+02   0.00000000000000e+00   4.17827298050139e-01 
  7.49807455778509e+02   6.79174197205435e+02   0.00000000000000e+00   4.19220055710306e-01 
  7.49646835887126e+02   6.82129176719483e+02   0.00000000000000e+00   4.20612813370474e-01 
  7.49493179048052e+02   6.85083356287225e+02   0.00000000000000e+00   4.22005571030641e-01 
  7.49346377727859e+02   6.88036731579581e+02   0.00000000000000e+00   4.23398328690808e-01 
  7.49206324393116e+02   6.90989298267465e+02   0.00000000000000e+00   4.24791086350975e-01 
  7.49072911510396e+02   6.93941052021795e+02   0.00000000000000e+00   4.26183844011142e-01 
  7.48946031546269e+02   6.96891988513489e+02   0.00000000000000e+00   4.27576601671309e-01 
  7.48825576967305e+02   6.99842103413463e+02   0.00000000000000e+00   4.28969359331476e-01 
  7.48711440240077e+02   7.02791392392634e+02   0.00000000000000e+00   4.30362116991643e-01 
  7.48603513831156e+02   7.05739851121919e+02   0.00000000000000e+00   4.31754874651811e-01 
  7.48501690207111e+02   7.08687475272235e+02   0.00000000000000e+00   4.33147632311978e-01 
  7.48405861834515e+02   7.11634260514500e+02   0.00000000000000e+00   4.34540389972145e-01 
  7.48315921179937e+02   7.14580202519630e+02   0.00000000000000e+00   4.35933147632312e-01 
  7.48231760709950e+02   7.17525296958542e+02   0.00000000000000e+00   4.37325905292479e-01 
  7.48153272891125e+02   7.20469539502153e+02   0.00000000000000e+00   4.38718662952646e-01 
  7.48080350190031e+02   7.23412925821380e+02   0.00000000000000e+00   4.40111420612813e-01 
  7.48012885073240e+02   7.26355451587141e+02   0.00000000000000e+00   4.41504178272980e-01 
  7.47950770007324e+02   7.29297112470351e+02   0.00000000000000e+00   4.42896935933148e-01 
  7.47893897458853e+02   7.32237904141929e+02   0.00000000000000e+00   4.44289693593315e-01 
  7.47842159894399e+02   7.35177822272791e+02   0.00000000000000e+00   4.45682451253482e-01 
  7.47795449780531e+02   7.38116862533854e+02   0.00000000000000e+00   4.47075208913649e-01 
  7.47753659583822e+02   7.41055020596035e+02   0.00000000000000e+00   4.48467966573816e-01 
  7.47716681770843e+02   7.43992292130251e+02   0.00000000000000e+00   4.49860724233983e-01 
  7.47684408808163e+02   7.46928672807419e+02   0.00000000000000e+00   4.51253481894150e-01 
  7.47656733162355e+02   7.49864158298457e+02   0.00000000000000e+00   4.52646239554318e-01 
  7.47633547299989e+02   7.52798744274280e+02   0.00000000000000e+00   4.54038997214485e-01 
  7.47614743687636e+02   7.55732426405807e+02   0.00000000000000e+00   4.55431754874652e-01 
  7.47600214791868e+02   7.58665200363954e+02   0.00000000000000e+00   4.56824512534819e-01 
  7.47589853079255e+02   7.61597061819637e+02   0.00000000000000e+00   4.58217270194986e-01 
  7.47583551016368e+02   7.64528006443775e+02   0.00000000000000e+00   4.59610027855153e-01 
  7.47581201069779e+02   7.67458029907284e+02   0.00000000000000e+00   4.61002785515320e-01 
  7.47582695706058e+02   7.70387127881081e+02   0.00000000000000e+00   4.62395543175487e-01 
  7.47587927391776e+02   7.73315296036083e+02   0.00000000000000e+00   4.63788300835655e-01 
  7.47596788593505e+02   7.76242530043207e+02   0.00000000000000e+00   4.65181058495822e-01 
  7.47609171777815e+02   7.79168825573370e+02   0.00000000000000e+00   4.66573816155989e-01 
  7.47624969411278e+02   7.82094178297489e+02   0.00000000000000e+00   4.67966573816156e-01 
  7.47644073960464e+02   7.85018583886481e+02   0.00000000000000e+00   4.69359331476323e-01 
  7.47666377891944e+02   7.87942038011263e+02   0.00000000000000e+00   4.70752089136490e-01 
  7.47691773672290e+02   7.90864536342752e+02   0.00000000000000e+00   4.72144846796657e-01 
  7.47720153768072e+02   7.93786074551865e+02   0.00000000000000e+00   4.73537604456825e-01 
  7.47751410645861e+02   7.96706648309519e+02   0.00000000000000e+00   4.74930362116992e-01 
  7.47785436772230e+02   7.99626253286631e+02   0.00000000000000e+00   4.76323119777159e-01 
  7.47822124613747e+02   8.02544885154117e+02   0.00000000000000e+00   4.77715877437326e-01 
  7.47861366636985e+02   8.05462539582896e+02   0.00000000000000e+00   4.79108635097493e-01 
  7.47903055308514e+02   8.08379212243884e+02   0.00000000000000e+00   4.80501392757660e-01 
  7.47947083094906e+02   8.11294898807998e+02   0.00000000000000e+00   4.81894150417827e-01 
  7.47993342462732e+02   8.14209594946155e+02   0.00000000000000e+00   4.83286908077994e-01 
  7.48041725878561e+02   8.17123296329272e+02   0.00000000000000e+00   4.84679665738162e-01 
  7.48092125808967e+02   8.20035998628265e+02   0.00000000000000e+00   4.86072423398329e-01 
  7.48144434720519e+02   8.22947697514053e+02   0.00000000000000e+00   4.87465181058496e-01 
  7.48198545079788e+02   8.25858388657551e+02   0.00000000000000e+00   4.88857938718663e-01 
  7.48254349353346e+02   8.28768067729677e+02   0.00000000000000e+00   4.90250696378830e-01 
  7.48311740007763e+02   8.31676730401349e+02   0.00000000000000e+00   4.91643454038997e-01 
  7.48370609509611e+02   8.34584372343482e+02   0.00000000000000e+00   4.93036211699164e-01 
  7.48430850325460e+02   8.37490989226994e+02   0.00000000000000e+00   4.94428969359332e-01 
  7.48492354921883e+02   8.40396576722802e+02   0.00000000000000e+00   4.95821727019499e-01 
  7.48555015765448e+02   8.43301130501822e+02   0.00000000000000e+00   4.97214484679666e-01 
  7.48618725322728e+02   8.46204646234973e+02   0.00000000000000e+00   4.98607242339833e-01 
  7.48683376060294e+02   8.49107119593171e+02   0.00000000000000e+00   5.00000000000000e-01 
  7.48748860444716e+02   8.52008546247332e+02   0.00000000000000e+00   5.01392757660167e-01 
  7.48815070942566e+02   8.54908921868374e+02   0.00000000000000e+00   5.02785515320334e-01 
  7.48881900020415e+02   8.57808242127214e+02   0.00000000000000e+00   5.04178272980501e-01 
  7.48949240144833e+02   8.60706502694769e+02   0.00000000000000e+00   5.05571030640669e-01 
  7.49016983782392e+02   8.63603699241956e+02   0.00000000000000e+00   5.06963788300836e-01 
  7.49085023399662e+02   8.66499827439691e+02   0.00000000000000e+00   5.08356545961003e-01 
  7.49153251463215e+02   8.69394882958892e+02   0.00000000000000e+00   5.09749303621170e-01 
  7.49221560439622e+02   8.72288861470477e+02   0.00000000000000e+00   5.11142061281337e-01 
  7.49289842795453e+02   8.75181758645360e+02   0.00000000000000e+00   5.12534818941504e-01 
  7.49357990997280e+02   8.78073570154461e+02   0.00000000000000e+00   5.13927576601671e-01 
  7.49425897511674e+02   8.80964291668695e+02   0.00000000000000e+00   5.15320334261838e-01 
  7.49493454805205e+02   8.83853918858981e+02   0.00000000000000e+00   5.16713091922006e-01 
  7.49560555344445e+02   8.86742447396233e+02   0.00000000000000e+00   5.18105849582173e-01 
  7.49627091595965e+02   8.89629872951371e+02   0.00000000000000e+00   5.19498607242340e-01 
  7.49692956026335e+02   8.92516191195311e+02   0.00000000000000e+00   5.20891364902507e-01 
  7.49758041102127e+02   8.95401397798969e+02   0.00000000000000e+00   5.22284122562674e-01 
  7.49822239289912e+02   8.98285488433263e+02   0.00000000000000e+00   5.23676880222841e-01 
  7.49885443056261e+02   9.01168458769110e+02   0.00000000000000e+00   5.25069637883008e-01 
  7.49947544867744e+02   9.04050304477426e+02   0.00000000000000e+00   5.26462395543176e-01 
  7.50008437190933e+02   9.06931021229129e+02   0.00000000000000e+00   5.27855153203343e-01 
  7.50068012492399e+02   9.09810604695136e+02   0.00000000000000e+00   5.29247910863510e-01 
  7.50126163238712e+02   9.12689050546364e+02   0.00000000000000e+00   5.30640668523677e-01 
  7.50182781896445e+02   9.15566354453729e+02   0.00000000000000e+00   5.32033426183844e-01 
  7.50237760932167e+02   9.18442512088149e+02   0.00000000000000e+00   5.33426183844011e-01 
  7.50290992812450e+02   9.21317519120541e+02   0.00000000000000e+00   5.34818941504178e-01 
  7.50342370003864e+02   9.24191371221821e+02   0.00000000000000e+00   5.36211699164345e-01 
  7.50391784972982e+02   9.27064064062907e+02   0.00000000000000e+00   5.37604456824513e-01 
  7.50439130186373e+02   9.29935593314715e+02   0.00000000000000e+00   5.38997214484680e-01 
  7.50484298110609e+02   9.32805954648164e+02   0.00000000000000e+00   5.40389972144847e-01 
  7.50527181212261e+02   9.35675143734169e+02   0.00000000000000e+00   5.41782729805014e-01 
  7.50567671957900e+02   9.38543156243647e+02   0.00000000000000e+00   5.43175487465181e-01 
  7.50605662814097e+02   9.41409987847516e+02   0.00000000000000e+00   5.44568245125348e-01 
  7.50641046248285e+02   9.44275634216769e+02   0.00000000000000e+00   5.45961002785515e-01 
  7.50673756974746e+02   9.47140094753147e+02   0.00000000000000e+00   5.47353760445682e-01 
  7.50703885042823e+02   9.50003382575771e+02   0.00000000000000e+00   5.48746518105850e-01 
  7.50731556194199e+02   9.52865513955689e+02   0.00000000000000e+00   5.50139275766017e-01 
  7.50756896170557e+02   9.55726505163953e+02   0.00000000000000e+00   5.51532033426184e-01 
  7.50780030713577e+02   9.58586372471613e+02   0.00000000000000e+00   5.52924791086351e-01 
  7.50801085564944e+02   9.61445132149719e+02   0.00000000000000e+00   5.54317548746518e-01 
  7.50820186466339e+02   9.64302800469322e+02   0.00000000000000e+00   5.55710306406685e-01 
  7.50837459159443e+02   9.67159393701472e+02   0.00000000000000e+00   5.57103064066852e-01 
  7.50853029385939e+02   9.70014928117219e+02   0.00000000000000e+00   5.58495821727020e-01 
  7.50867022887510e+02   9.72869419987613e+02   0.00000000000000e+00   5.59888579387187e-01 
  7.50879565405836e+02   9.75722885583705e+02   0.00000000000000e+00   5.61281337047354e-01 
  7.50890782682602e+02   9.78575341176546e+02   0.00000000000000e+00   5.62674094707521e-01 
  7.50900800459488e+02   9.81426803037185e+02   0.00000000000000e+00   5.64066852367688e-01 
  7.50909744478176e+02   9.84277287436672e+02   0.00000000000000e+00   5.65459610027855e-01 
  7.50917740480350e+02   9.87126810646059e+02   0.00000000000000e+00   5.66852367688022e-01 
  7.50924914207691e+02   9.89975388936395e+02   0.00000000000000e+00   5.68245125348189e-01 
  7.50931391401881e+02   9.92823038578730e+02   0.00000000000000e+00   5.69637883008356e-01 
  7.50937297804602e+02   9.95669775844116e+02   0.00000000000000e+00   5.71030640668524e-01 
  7.50942759157537e+02   9.98515617003602e+02   0.00000000000000e+00   5.72423398328691e-01 
  7.50947901202368e+02   1.00136057832824e+03   0.00000000000000e+00   5.73816155988858e-01 
  7.50952849680776e+02   1.00420467608908e+03   0.00000000000000e+00   5.75208913649025e-01 
  7.50957730334445e+02   1.00704792655716e+03   0.00000000000000e+00   5.76601671309192e-01 
  7.50962668905055e+02   1.00989034600355e+03   0.00000000000000e+00   5.77994428969359e-01 
  7.50967791134290e+02   1.01273195069930e+03   0.00000000000000e+00   5.79387186629526e-01 
  7.50973222763831e+02   1.01557275691544e+03   0.00000000000000e+00   5.80779944289694e-01 
  7.50979089535361e+02   1.01841278092304e+03   0.00000000000000e+00   5.82172701949861e-01 
  7.50985517190562e+02   1.02125203899314e+03   0.00000000000000e+00   5.83565459610028e-01 
  7.50992631471115e+02   1.02409054739679e+03   0.00000000000000e+00   5.84958217270195e-01 
  7.51000558118704e+02   1.02692832240504e+03   0.00000000000000e+00   5.86350974930362e-01 
  7.51009422875009e+02   1.02976538028895e+03   0.00000000000000e+00   5.87743732590529e-01 
  7.51019351481714e+02   1.03260173731957e+03   0.00000000000000e+00   5.89136490250696e-01 
  7.51030469680501e+02   1.03543740976793e+03   0.00000000000000e+00   5.90529247910863e-01 
  7.51042903213051e+02   1.03827241390511e+03   0.00000000000000e+00   5.91922005571031e-01 
  7.51056777821046e+02   1.04110676600213e+03   0.00000000000000e+00   5.93314763231198e-01 
  7.51072219246170e+02   1.04394048233007e+03   0.00000000000000e+00   5.94707520891365e-01 
  7.51089353230104e+02   1.04677357915995e+03   0.00000000000000e+00   5.96100278551532e-01 
  7.51108305514529e+02   1.04960607276285e+03   0.00000000000000e+00   5.97493036211699e-01 
  7.51129201841130e+02   1.05243797940980e+03   0.00000000000000e+00   5.98885793871866e-01 
  7.51152167951587e+02   1.05526931537186e+03   0.00000000000000e+00   6.00278551532033e-01 
  7.51177329587582e+02   1.05810009692007e+03   0.00000000000000e+00   6.01671309192201e-01 
  7.51204812490798e+02   1.06093034032549e+03   0.00000000000000e+00   6.03064066852368e-01 
  7.51234742402917e+02   1.06376006185917e+03   0.00000000000000e+00   6.04456824512535e-01 
  7.51267245065622e+02   1.06658927779215e+03   0.00000000000000e+00   6.05849582172702e-01 
  7.51302446220593e+02   1.06941800439550e+03   0.00000000000000e+00   6.07242339832869e-01 
  7.51340471609514e+02   1.07224625794025e+03   0.00000000000000e+00   6.08635097493036e-01 
  7.51381446974067e+02   1.07507405469746e+03   0.00000000000000e+00   6.10027855153203e-01 
  7.51425498055933e+02   1.07790141093818e+03   0.00000000000000e+00   6.11420612813370e-01 
  7.51472750596795e+02   1.08072834293345e+03   0.00000000000000e+00   6.12813370473538e-01 
  7.51523330338335e+02   1.08355486695434e+03   0.00000000000000e+00   6.14206128133705e-01 
  7.51577363022235e+02   1.08638099927189e+03   0.00000000000000e+00   6.15598885793872e-01 
  7.51634974390177e+02   1.08920675615715e+03   0.00000000000000e+00   6.16991643454039e-01 
  7.51696290183844e+02   1.09203215388117e+03   0.00000000000000e+00   6.18384401114206e-01 
  7.51761436144918e+02   1.09485720871500e+03   0.00000000000000e+00   6.19777158774373e-01 
  7.51830538015080e+02   1.09768193692969e+03   0.00000000000000e+00   6.21169916434540e-01 
  7.51903721536013e+02   1.10050635479629e+03   0.00000000000000e+00   6.22562674094708e-01 
  7.51981112449399e+02   1.10333047858585e+03   0.00000000000000e+00   6.23955431754875e-01 
  7.52062836496920e+02   1.10615432456943e+03   0.00000000000000e+00   6.25348189415042e-01 
  7.52149019420259e+02   1.10897790901807e+03   0.00000000000000e+00   6.26740947075209e-01 
  7.52239786961097e+02   1.11180124820282e+03   0.00000000000000e+00   6.28133704735376e-01 
  7.52335264861116e+02   1.11462435839473e+03   0.00000000000000e+00   6.29526462395543e-01 
  7.52435578862000e+02   1.11744725586486e+03   0.00000000000000e+00   6.30919220055710e-01 
  7.52540854705429e+02   1.12026995688425e+03   0.00000000000000e+00   6.32311977715877e-01 
  7.52651218133086e+02   1.12309247772395e+03   0.00000000000000e+00   6.33704735376045e-01 
  7.52766794886654e+02   1.12591483465502e+03   0.00000000000000e+00   6.35097493036212e-01 
  7.52887710707814e+02   1.12873704394850e+03   0.00000000000000e+00   6.36490250696379e-01 
  7.53014091338249e+02   1.13155912187545e+03   0.00000000000000e+00   6.37883008356546e-01 
  7.53146062519640e+02   1.13438108470692e+03   0.00000000000000e+00   6.39275766016713e-01 
  7.53283749993670e+02   1.13720294871394e+03   0.00000000000000e+00   6.40668523676880e-01 
  7.53427279502021e+02   1.14002473016759e+03   0.00000000000000e+00   6.42061281337047e-01 
  7.53576776786375e+02   1.14284644533890e+03   0.00000000000000e+00   6.43454038997215e-01 
  7.53732367588414e+02   1.14566811049892e+03   0.00000000000000e+00   6.44846796657382e-01 
  7.53893721671749e+02   1.14848983314855e+03   0.00000000000000e+00   6.46239554317549e-01 
  7.54055226593185e+02   1.15131277762635e+03   0.00000000000000e+00   6.47632311977716e-01 
  7.54207870816261e+02   1.15413878834463e+03   0.00000000000000e+00   6.49025069637883e-01 
  7.54342586546216e+02   1.15696972097157e+03   0.00000000000000e+00   6.50417827298050e-01 
  7.54450305988290e+02   1.15980743117533e+03   0.00000000000000e+00   6.51810584958217e-01 
  7.54521961347720e+02   1.16265377462408e+03   0.00000000000000e+00   6.53203342618384e-01 
  7.54548484829745e+02   1.16551060698601e+03   0.00000000000000e+00   6.54596100278552e-01 
  7.54520825517664e+02   1.16837978005712e+03   0.00000000000000e+00   6.55988857938719e-01 
  7.54435040012192e+02   1.17126197386703e+03   0.00000000000000e+00   6.57381615598886e-01 
  7.54299442906344e+02   1.17415505621737e+03   0.00000000000000e+00   6.58774373259053e-01 
  7.54124149843048e+02   1.17705648171300e+03   0.00000000000000e+00   6.60167130919220e-01 
  7.53919276465230e+02   1.17996370495876e+03   0.00000000000000e+00   6.61559888579387e-01 
  7.53694938415818e+02   1.18287418055951e+03   0.00000000000000e+00   6.62952646239554e-01 
  7.53461251337740e+02   1.18578536312010e+03   0.00000000000000e+00   6.64345403899721e-01 
  7.53228330873924e+02   1.18869470724537e+03   0.00000000000000e+00   6.65738161559889e-01 
  7.53006292667296e+02   1.19159966754019e+03   0.00000000000000e+00   6.67130919220056e-01 
  7.52805252360785e+02   1.19449769860939e+03   0.00000000000000e+00   6.68523676880223e-01 
  7.52635325597317e+02   1.19738625505784e+03   0.00000000000000e+00   6.69916434540390e-01 
  7.52506628019821e+02   1.20026279149038e+03   0.00000000000000e+00   6.71309192200557e-01 
  7.52429275271224e+02   1.20312476251187e+03   0.00000000000000e+00   6.72701949860724e-01 
  7.52410932770085e+02   1.20597013630186e+03   0.00000000000000e+00   6.74094707520891e-01 
  7.52443183213150e+02   1.20880025202883e+03   0.00000000000000e+00   6.75487465181059e-01 
  7.52511123842036e+02   1.21161780823296e+03   0.00000000000000e+00   6.76880222841226e-01 
  7.52599833957370e+02   1.21442550721495e+03   0.00000000000000e+00   6.78272980501393e-01 
  7.52694392859779e+02   1.21722605127547e+03   0.00000000000000e+00   6.79665738161560e-01 
  7.52779879849891e+02   1.22002214271521e+03   0.00000000000000e+00   6.81058495821727e-01 
  7.52841374228333e+02   1.22281648383485e+03   0.00000000000000e+00   6.82451253481894e-01 
  7.52863955295732e+02   1.22561177693507e+03   0.00000000000000e+00   6.83844011142061e-01 
  7.52832702352717e+02   1.22841072431656e+03   0.00000000000000e+00   6.85236768802228e-01 
  7.52733142577888e+02   1.23121586194198e+03   0.00000000000000e+00   6.86629526462396e-01 
  7.52566798476115e+02   1.23402378524776e+03   0.00000000000000e+00   6.88022284122563e-01 
  7.52355187118067e+02   1.23682366386099e+03   0.00000000000000e+00   6.89415041782730e-01 
  7.52121085808130e+02   1.23960419936884e+03   0.00000000000000e+00   6.90807799442897e-01 
  7.51886649339331e+02   1.24235472780001e+03   0.00000000000000e+00   6.92200557103064e-01 
  7.51663674564786e+02   1.24507514162877e+03   0.00000000000000e+00   6.93593314763231e-01 
  7.51455415029069e+02   1.24777404036691e+03   0.00000000000000e+00   6.94986072423398e-01 
  7.51264868917349e+02   1.25046028377947e+03   0.00000000000000e+00   6.96378830083565e-01 
  7.51095034414795e+02   1.25314273163152e+03   0.00000000000000e+00   6.97771587743733e-01 
  7.50948909706576e+02   1.25583024368811e+03   0.00000000000000e+00   6.99164345403900e-01 
  7.50829327693311e+02   1.25853141546082e+03   0.00000000000000e+00   7.00557103064067e-01 
  7.50735691089897e+02   1.26124935835215e+03   0.00000000000000e+00   7.01949860724234e-01 
  7.50664166868694e+02   1.26398201052720e+03   0.00000000000000e+00   7.03342618384401e-01 
  7.50610795647669e+02   1.26672710813833e+03   0.00000000000000e+00   7.04735376044568e-01 
  7.50571618044793e+02   1.26948238733788e+03   0.00000000000000e+00   7.06128133704735e-01 
  7.50542674678034e+02   1.27224558427821e+03   0.00000000000000e+00   7.07520891364902e-01 
  7.50520006165361e+02   1.27501443511168e+03   0.00000000000000e+00   7.08913649025070e-01 
  7.50499882318346e+02   1.27778680187721e+03   0.00000000000000e+00   7.10306406685237e-01 
  7.50480902088359e+02   1.28056182591403e+03   0.00000000000000e+00   7.11699164345404e-01 
  7.50463021855384e+02   1.28333939414083e+03   0.00000000000000e+00   7.13091922005571e-01 
  7.50446214909819e+02   1.28611940276450e+03   0.00000000000000e+00   7.14484679665738e-01 
  7.50430454542062e+02   1.28890174799194e+03   0.00000000000000e+00   7.15877437325905e-01 
  7.50415714042511e+02   1.29168632603002e+03   0.00000000000000e+00   7.17270194986072e-01 
  7.50401966701563e+02   1.29447303308564e+03   0.00000000000000e+00   7.18662952646240e-01 
  7.50389185809618e+02   1.29726176536568e+03   0.00000000000000e+00   7.20055710306407e-01 
  7.50377344657071e+02   1.30005241907704e+03   0.00000000000000e+00   7.21448467966574e-01 
  7.50366416534322e+02   1.30284489042659e+03   0.00000000000000e+00   7.22841225626741e-01 
  7.50356374731768e+02   1.30563907562123e+03   0.00000000000000e+00   7.24233983286908e-01 
  7.50347192539806e+02   1.30843487086785e+03   0.00000000000000e+00   7.25626740947075e-01 
  7.50338843248835e+02   1.31123217237332e+03   0.00000000000000e+00   7.27019498607242e-01 
  7.50331300149253e+02   1.31403087634455e+03   0.00000000000000e+00   7.28412256267409e-01 
  7.50324536531457e+02   1.31683087898842e+03   0.00000000000000e+00   7.29805013927577e-01 
  7.50318525685844e+02   1.31963207651181e+03   0.00000000000000e+00   7.31197771587744e-01 
  7.50313240902814e+02   1.32243436512162e+03   0.00000000000000e+00   7.32590529247911e-01 
  7.50308655472763e+02   1.32523764102473e+03   0.00000000000000e+00   7.33983286908078e-01 
  7.50304742686091e+02   1.32804180042803e+03   0.00000000000000e+00   7.35376044568245e-01 
  7.50301475833193e+02   1.33084673953841e+03   0.00000000000000e+00   7.36768802228412e-01 
  7.50298828204468e+02   1.33365235456275e+03   0.00000000000000e+00   7.38161559888579e-01 
  7.50296773090315e+02   1.33645854170794e+03   0.00000000000000e+00   7.39554317548747e-01 
  7.50295283781130e+02   1.33926519718088e+03   0.00000000000000e+00   7.40947075208914e-01 
  7.50294333567312e+02   1.34207221718844e+03   0.00000000000000e+00   7.42339832869081e-01 
  7.50293895739258e+02   1.34487949793753e+03   0.00000000000000e+00   7.43732590529248e-01 
  7.50293943587367e+02   1.34768693563501e+03   0.00000000000000e+00   7.45125348189415e-01 
  7.50294450402035e+02   1.35049442648779e+03   0.00000000000000e+00   7.46518105849582e-01 
  7.50295389473662e+02   1.35330186670275e+03   0.00000000000000e+00   7.47910863509749e-01 
  7.50296734092644e+02   1.35610915248677e+03   0.00000000000000e+00   7.49303621169916e-01 
  7.50298457549380e+02   1.35891618004675e+03   0.00000000000000e+00   7.50696378830084e-01 
  7.50300533134267e+02   1.36172284558958e+03   0.00000000000000e+00   7.52089136490251e-01 
  7.50302934137703e+02   1.36452904532213e+03   0.00000000000000e+00   7.53481894150418e-01 
  7.50305633850087e+02   1.36733467545131e+03   0.00000000000000e+00   7.54874651810585e-01 
  7.50308605561815e+02   1.37013963218399e+03   0.00000000000000e+00   7.56267409470752e-01 
  7.50311822563286e+02   1.37294381172707e+03   0.00000000000000e+00   7.57660167130919e-01 
  7.50315258144897e+02   1.37574711028743e+03   0.00000000000000e+00   7.59052924791086e-01 
  7.50318885597046e+02   1.37854942407196e+03   0.00000000000000e+00   7.60445682451253e-01 
  7.50322678210132e+02   1.38135064928755e+03   0.00000000000000e+00   7.61838440111421e-01 
  7.50326609274551e+02   1.38415068214108e+03   0.00000000000000e+00   7.63231197771588e-01 
  7.50330652080702e+02   1.38694941883945e+03   0.00000000000000e+00   7.64623955431755e-01 
  7.50334779918983e+02   1.38974675558954e+03   0.00000000000000e+00   7.66016713091922e-01 
  7.50338966079791e+02   1.39254258859823e+03   0.00000000000000e+00   7.67409470752089e-01 
  7.50343183853524e+02   1.39533681407243e+03   0.00000000000000e+00   7.68802228412256e-01 
  7.50347406530580e+02   1.39812932821901e+03   0.00000000000000e+00   7.70194986072423e-01 
  7.50351607408807e+02   1.40092002728175e+03   0.00000000000000e+00   7.71587743732591e-01 
  7.50355765754264e+02   1.40370883705103e+03   0.00000000000000e+00   7.72980501392758e-01 
  7.50359877541268e+02   1.40649576603424e+03   0.00000000000000e+00   7.74373259052925e-01 
  7.50363941645766e+02   1.40928083710377e+03   0.00000000000000e+00   7.75766016713092e-01 
  7.50367956943707e+02   1.41206407313201e+03   0.00000000000000e+00   7.77158774373259e-01 
  7.50371922311038e+02   1.41484549699135e+03   0.00000000000000e+00   7.78551532033426e-01 
  7.50375836623707e+02   1.41762513155418e+03   0.00000000000000e+00   7.79944289693593e-01 
  7.50379698757663e+02   1.42040299969289e+03   0.00000000000000e+00   7.81337047353760e-01 
  7.50383507588854e+02   1.42317912427988e+03   0.00000000000000e+00   7.82729805013928e-01 
  7.50387261993228e+02   1.42595352818754e+03   0.00000000000000e+00   7.84122562674095e-01 
  7.50390960846733e+02   1.42872623428826e+03   0.00000000000000e+00   7.85515320334262e-01 
  7.50394603025317e+02   1.43149726545442e+03   0.00000000000000e+00   7.86908077994429e-01 
  7.50398187404929e+02   1.43426664455843e+03   0.00000000000000e+00   7.88300835654596e-01 
  7.50401712861516e+02   1.43703439447267e+03   0.00000000000000e+00   7.89693593314763e-01 
  7.50405178271026e+02   1.43980053806954e+03   0.00000000000000e+00   7.91086350974930e-01 
  7.50408582509409e+02   1.44256509822142e+03   0.00000000000000e+00   7.92479108635098e-01 
  7.50411924452610e+02   1.44532809780071e+03   0.00000000000000e+00   7.93871866295265e-01 
  7.50415202976580e+02   1.44808955967981e+03   0.00000000000000e+00   7.95264623955432e-01 
  7.50418416957266e+02   1.45084950673109e+03   0.00000000000000e+00   7.96657381615599e-01 
  7.50421565270616e+02   1.45360796182695e+03   0.00000000000000e+00   7.98050139275766e-01 
  7.50424646792578e+02   1.45636494783979e+03   0.00000000000000e+00   7.99442896935933e-01 
  7.50427660399101e+02   1.45912048764199e+03   0.00000000000000e+00   8.00835654596100e-01 
  7.50430604966132e+02   1.46187460410596e+03   0.00000000000000e+00   8.02228412256267e-01 
  7.50433479369619e+02   1.46462732010407e+03   0.00000000000000e+00   8.03621169916435e-01 
  7.50436282485511e+02   1.46737865850872e+03   0.00000000000000e+00   8.05013927576602e-01 
  7.50439013189756e+02   1.47012864219230e+03   0.00000000000000e+00   8.06406685236769e-01 
  7.50441670358303e+02   1.47287729402721e+03   0.00000000000000e+00   8.07799442896936e-01 
  7.50444252867097e+02   1.47562463688583e+03   0.00000000000000e+00   8.09192200557103e-01 
  7.50446759592090e+02   1.47837069364056e+03   0.00000000000000e+00   8.10584958217270e-01 
  7.50449189409227e+02   1.48111548716378e+03   0.00000000000000e+00   8.11977715877437e-01 
  7.50451541194458e+02   1.48385904032790e+03   0.00000000000000e+00   8.13370473537604e-01 
  7.50453813823730e+02   1.48660137600530e+03   0.00000000000000e+00   8.14763231197772e-01 
  7.50456006172992e+02   1.48934251706837e+03   0.00000000000000e+00   8.16155988857939e-01 
  7.50458117118192e+02   1.49208248638950e+03   0.00000000000000e+00   8.17548746518106e-01 
  7.50460145535278e+02   1.49482130684109e+03   0.00000000000000e+00   8.18941504178273e-01 
  7.50462090300197e+02   1.49755900129553e+03   0.00000000000000e+00   8.20334261838440e-01 
  7.50463950288899e+02   1.50029559262521e+03   0.00000000000000e+00   8.21727019498607e-01 
  7.50465724377331e+02   1.50303110370252e+03   0.00000000000000e+00   8.23119777158774e-01 
  7.50467411441441e+02   1.50576555739985e+03   0.00000000000000e+00   8.24512534818941e-01 
  7.50469010357178e+02   1.50849897658959e+03   0.00000000000000e+00   8.25905292479109e-01 
  7.50470520000489e+02   1.51123138414414e+03   0.00000000000000e+00   8.27298050139276e-01 
  7.50471939247323e+02   1.51396280293588e+03   0.00000000000000e+00   8.28690807799443e-01 
  7.50473266973628e+02   1.51669325583722e+03   0.00000000000000e+00   8.30083565459610e-01 
  7.50474502055352e+02   1.51942276572053e+03   0.00000000000000e+00   8.31476323119777e-01 
  7.50475643368442e+02   1.52215135545822e+03   0.00000000000000e+00   8.32869080779944e-01 
  7.50476689788848e+02   1.52487904792267e+03   0.00000000000000e+00   8.34261838440111e-01 
  7.50477640192517e+02   1.52760586598627e+03   0.00000000000000e+00   8.35654596100279e-01 
  7.50478493455398e+02   1.53033183252142e+03   0.00000000000000e+00   8.37047353760446e-01 
  7.50479248453438e+02   1.53305697040050e+03   0.00000000000000e+00   8.38440111420613e-01 
  7.50479904062586e+02   1.53578130249592e+03   0.00000000000000e+00   8.39832869080780e-01 
  7.50480459158789e+02   1.53850485168006e+03   0.00000000000000e+00   8.41225626740947e-01 
  7.50480912617996e+02   1.54122764082531e+03   0.00000000000000e+00   8.42618384401114e-01 
  7.50481263316155e+02   1.54394969280406e+03   0.00000000000000e+00   8.44011142061281e-01 
  7.50481510129214e+02   1.54667103048871e+03   0.00000000000000e+00   8.45403899721448e-01 
  7.50481651933122e+02   1.54939167675164e+03   0.00000000000000e+00   8.46796657381616e-01 
  7.50481687603826e+02   1.55211165446526e+03   0.00000000000000e+00   8.48189415041783e-01 
  7.50481616017274e+02   1.55483098650194e+03   0.00000000000000e+00   8.49582172701950e-01 
  7.50481436049414e+02   1.55754969573409e+03   0.00000000000000e+00   8.50974930362117e-01 
  7.50481146576196e+02   1.56026780503409e+03   0.00000000000000e+00   8.52367688022284e-01 
  7.50480746473566e+02   1.56298533727433e+03   0.00000000000000e+00   8.53760445682451e-01 
  7.50480234617473e+02   1.56570231532721e+03   0.00000000000000e+00   8.55153203342618e-01 
  7.50479609883865e+02   1.56841876206512e+03   0.00000000000000e+00   8.56545961002786e-01 
  7.50478871148690e+02   1.57113470036044e+03   0.00000000000000e+00   8.57938718662953e-01 
  7.50478017287897e+02   1.57385015308558e+03   0.00000000000000e+00   8.59331476323120e-01 
  7.50477047177433e+02   1.57656514311292e+03   0.00000000000000e+00   8.60724233983287e-01 
  7.50475959693246e+02   1.57927969331486e+03   0.00000000000000e+00   8.62116991643454e-01 
  7.50474753711285e+02   1.58199382656378e+03   0.00000000000000e+00   8.63509749303621e-01 
  7.50473428107498e+02   1.58470756573207e+03   0.00000000000000e+00   8.64902506963788e-01 
  7.50471981757832e+02   1.58742093369214e+03   0.00000000000000e+00   8.66295264623955e-01 
  7.50470413538237e+02   1.59013395331637e+03   0.00000000000000e+00   8.67688022284123e-01 
  7.50468722324659e+02   1.59284664747715e+03   0.00000000000000e+00   8.69080779944290e-01 
  7.50466906993048e+02   1.59555903904687e+03   0.00000000000000e+00   8.70473537604457e-01 
  7.50464966419351e+02   1.59827115089792e+03   0.00000000000000e+00   8.71866295264624e-01 
  7.50462899479516e+02   1.60098300590271e+03   0.00000000000000e+00   8.73259052924791e-01 
  7.50460705049492e+02   1.60369462693361e+03   0.00000000000000e+00   8.74651810584958e-01 
  7.50458382005227e+02   1.60640603686302e+03   0.00000000000000e+00   8.76044568245125e-01 
  7.50455929222668e+02   1.60911725856333e+03   0.00000000000000e+00   8.77437325905292e-01 
  7.50453345577764e+02   1.61182831490694e+03   0.00000000000000e+00   8.78830083565460e-01 
  7.50450629946463e+02   1.61453922876622e+03   0.00000000000000e+00   8.80222841225627e-01 
  7.50447781204713e+02   1.61725002301359e+03   0.00000000000000e+00   8.81615598885794e-01 
  7.50444798228463e+02   1.61996072052142e+03   0.00000000000000e+00   8.83008356545961e-01 
  7.50441679893660e+02   1.62267134416211e+03   0.00000000000000e+00   8.84401114206128e-01 
  7.50438425076252e+02   1.62538191680805e+03   0.00000000000000e+00   8.85793871866295e-01 
  7.50435032652188e+02   1.62809246133163e+03   0.00000000000000e+00   8.87186629526462e-01 
  7.50431501497416e+02   1.63080300060525e+03   0.00000000000000e+00   8.88579387186630e-01 
  7.50427830487883e+02   1.63351355750129e+03   0.00000000000000e+00   8.89972144846797e-01 
  7.50424018499539e+02   1.63622415489215e+03   0.00000000000000e+00   8.91364902506964e-01 
  7.50420064408330e+02   1.63893481565022e+03   0.00000000000000e+00   8.92757660167131e-01 
  7.50415967090206e+02   1.64164556264789e+03   0.00000000000000e+00   8.94150417827298e-01 
  7.50411725421114e+02   1.64435641875754e+03   0.00000000000000e+00   8.95543175487465e-01 
  7.50407338277002e+02   1.64706740685158e+03   0.00000000000000e+00   8.96935933147632e-01 
  7.50402804533819e+02   1.64977854980240e+03   0.00000000000000e+00   8.98328690807799e-01 
  7.50398123067512e+02   1.65248987048238e+03   0.00000000000000e+00   8.99721448467967e-01 
  7.50393292754030e+02   1.65520139176392e+03   0.00000000000000e+00   9.01114206128134e-01 
  7.50388312469321e+02   1.65791313651941e+03   0.00000000000000e+00   9.02506963788301e-01 
  7.50383181089333e+02   1.66062512762123e+03   0.00000000000000e+00   9.03899721448468e-01 
  7.50377897490014e+02   1.66333738794179e+03   0.00000000000000e+00   9.05292479108635e-01 
  7.50372460547313e+02   1.66604994035348e+03   0.00000000000000e+00   9.06685236768802e-01 
  7.50366869137176e+02   1.66876280772868e+03   0.00000000000000e+00   9.08077994428969e-01 
  7.50361122135554e+02   1.67147601293979e+03   0.00000000000000e+00   9.09470752089137e-01 
  7.50355218418392e+02   1.67418957885919e+03   0.00000000000000e+00   9.10863509749304e-01 
  7.50349156861640e+02   1.67690352835929e+03   0.00000000000000e+00   9.12256267409471e-01 
  7.50342936341247e+02   1.67961788431246e+03   0.00000000000000e+00   9.13649025069638e-01 
  7.50336555733159e+02   1.68233266959111e+03   0.00000000000000e+00   9.15041782729805e-01 
  7.50330013913325e+02   1.68504790706762e+03   0.00000000000000e+00   9.16434540389972e-01 
  7.50323309757693e+02   1.68776361961439e+03   0.00000000000000e+00   9.17827298050139e-01 
  7.50316442142211e+02   1.69047983010381e+03   0.00000000000000e+00   9.19220055710306e-01 
  7.50309409942828e+02   1.69319656140827e+03   0.00000000000000e+00   9.20612813370474e-01 
  7.50302212035492e+02   1.69591383640016e+03   0.00000000000000e+00   9.22005571030641e-01 
  7.50294847296150e+02   1.69863167795187e+03   0.00000000000000e+00   9.23398328690808e-01 
  7.50287314600751e+02   1.70135010893579e+03   0.00000000000000e+00   9.24791086350975e-01 
  7.50279612825242e+02   1.70406915222432e+03   0.00000000000000e+00   9.26183844011142e-01 
  7.50271740845573e+02   1.70678883068985e+03   0.00000000000000e+00   9.27576601671309e-01 
  7.50263697537690e+02   1.70950916720476e+03   0.00000000000000e+00   9.28969359331476e-01 
  7.50255481777543e+02   1.71223018464146e+03   0.00000000000000e+00   9.30362116991644e-01 
  7.50247092441079e+02   1.71495190587232e+03   0.00000000000000e+00   9.31754874651811e-01 
  7.50238528404247e+02   1.71767435376976e+03   0.00000000000000e+00   9.33147632311978e-01 
  7.50229788542994e+02   1.72039755120614e+03   0.00000000000000e+00   9.34540389972145e-01 
  7.50220871733268e+02   1.72312152105387e+03   0.00000000000000e+00   9.35933147632312e-01 
  7.50211776851019e+02   1.72584628618534e+03   0.00000000000000e+00   9.37325905292479e-01 
  7.50202502772194e+02   1.72857186947294e+03   0.00000000000000e+00   9.38718662952646e-01 
  7.50193048372740e+02   1.73129829378906e+03   0.00000000000000e+00   9.40111420612813e-01 
  7.50183412528607e+02   1.73402558200609e+03   0.00000000000000e+00   9.41504178272980e-01 
  7.50173594115741e+02   1.73675375699643e+03   0.00000000000000e+00   9.42896935933148e-01 
  7.50163592010093e+02   1.73948284163246e+03   0.00000000000000e+00   9.44289693593315e-01 
  7.50153405087608e+02   1.74221285878658e+03   0.00000000000000e+00   9.45682451253482e-01 
  7.50143032224237e+02   1.74494383133118e+03   0.00000000000000e+00   9.47075208913649e-01 
  7.50132472295925e+02   1.74767578213864e+03   0.00000000000000e+00   9.48467966573816e-01 
  7.50121724178623e+02   1.75040873408137e+03   0.00000000000000e+00   9.49860724233983e-01 
  7.50110786748278e+02   1.75314271003176e+03   0.00000000000000e+00   9.51253481894150e-01 
  7.50099658880838e+02   1.75587773286219e+03   0.00000000000000e+00   9.52646239554318e-01 
  7.50088339452251e+02   1.75861382544505e+03   0.00000000000000e+00   9.54038997214485e-01 
  7.50076827338465e+02   1.76135101065274e+03   0.00000000000000e+00   9.55431754874652e-01 
  7.50065121415429e+02   1.76408931135766e+03   0.00000000000000e+00   9.56824512534819e-01 
  7.50053220559090e+02   1.76682875043218e+03   0.00000000000000e+00   9.58217270194986e-01 
  7.50041123645397e+02   1.76956935074871e+03   0.00000000000000e+00   9.59610027855153e-01 
  7.50028829550298e+02   1.77231113517963e+03   0.00000000000000e+00   9.61002785515320e-01 
  7.50016337149740e+02   1.77505412659733e+03   0.00000000000000e+00   9.62395543175487e-01 
  7.50003645319673e+02   1.77779834787422e+03   0.00000000000000e+00   9.63788300835655e-01 
  7.49990752936043e+02   1.78054382188267e+03   0.00000000000000e+00   9.65181058495822e-01 
  7.49977658874800e+02   1.78329057149509e+03   0.00000000000000e+00   9.66573816155989e-01 
  7.49964362011892e+02   1.78603861958385e+03   0.00000000000000e+00   9.67966573816156e-01 
  7.49950861223265e+02   1.78878798902136e+03   0.00000000000000e+00   9.69359331476323e-01 
  7.49937155384870e+02   1.79153870268000e+03   0.00000000000000e+00   9.70752089136490e-01 
  7.49923243372653e+02   1.79429078343217e+03   0.00000000000000e+00   9.72144846796657e-01 
  7.49909124062562e+02   1.79704425415026e+03   0.00000000000000e+00   9.73537604456824e-01 
  7.49894796330547e+02   1.79979913770666e+03   0.00000000000000e+00   9.74930362116992e-01 
  7.49880259052555e+02   1.80255545697376e+03   0.00000000000000e+00   9.76323119777159e-01 
  7.49865511104534e+02   1.80531323482396e+03   0.00000000000000e+00   9.77715877437326e-01 
  7.49850551362432e+02   1.80807249412963e+03   0.00000000000000e+00   9.79108635097493e-01 
  7.49835378702198e+02   1.81083325776319e+03   0.00000000000000e+00   9.80501392757660e-01 
  7.49819991999779e+02   1.81359554859701e+03   0.00000000000000e+00   9.81894150417827e-01 
  7.49804390131123e+02   1.81635938950349e+03   0.00000000000000e+00   9.83286908077994e-01 
  7.49788571972180e+02   1.81912480335502e+03   0.00000000000000e+00   9.84679665738162e-01 
  7.49772536398896e+02   1.82189181302399e+03   0.00000000000000e+00   9.86072423398329e-01 
  7.49756282287221e+02   1.82466044138280e+03   0.00000000000000e+00   9.87465181058496e-01 
  7.49739808513101e+02   1.82743071130383e+03   0.00000000000000e+00   9.88857938718663e-01 
  7.49723113952486e+02   1.83020264565948e+03   0.00000000000000e+00   9.90250696378830e-01 
  7.49706197481323e+02   1.83297626732214e+03   0.00000000000000e+00   9.91643454038997e-01 
  7.49689057975560e+02   1.83575159916420e+03   0.00000000000000e+00   9.93036211699164e-01 
  7.49671694311146e+02   1.83852866405805e+03   0.00000000000000e+00   9.94428969359331e-01 
  7.49654105364029e+02   1.84130748487608e+03   0.00000000000000e+00   9.95821727019499e-01 
  7.49636290010156e+02   1.84408808449069e+03   0.00000000000000e+00   9.97214484679666e-01 
  7.49618247125477e+02   1.84687048577426e+03   0.00000000000000e+00   9.98607242339833e-01 
  7.49599975585938e+02   1.84965471159919e+03   0.00000000000000e+00   1.00000000000000e+00 
