-161.05240075734	719.09997558594	0.00000000000
-113.58321218071	720.61941316500	0.00000000000
-62.24231470242	715.97168088080	0.00000000000
-5.86964080689	723.60914512420	0.00000000000
4.78810016979	730.28932750597	0.00000000000
22.51381682907	715.10558929097	0.00000000000
40.13761922294	723.40510122717	0.00000000000
56.24941342882	718.13585234192	0.00000000000
75.27081436218	720.14516620734	0.00000000000
84.36776650166	755.53974527398	0.00000000000
100.45272625615	747.74634352042	0.00000000000
113.05659885713	746.13742097526	0.00000000000
125.03454679038	746.73231405248	0.00000000000
141.71829018744	750.06801422116	0.00000000000
165.76733422687	746.40963093714	0.00000000000
196.97542647635	754.79155998601	0.00000000000
226.03777311015	745.83793119541	0.00000000000
301.05281921320	744.50410494156	0.00000000000
368.60039588047	743.37401461604	0.00000000000
439.05375738846	753.77825033811	0.00000000000
450.89149287359	792.43455153598	0.00000000000
465.52176621988	800.00405376445	0.00000000000
477.37331649691	749.29005549508	0.00000000000
498.04767281055	750.58938510931	0.00000000000
519.06651709794	748.44449880564	0.00000000000
537.37089214156	760.90230318140	0.00000000000
554.15818107877	779.03907454303	0.00000000000
569.52269770281	801.04348408790	0.00000000000
581.28169603870	786.41846827237	0.00000000000
593.02864236193	775.95455401652	0.00000000000
603.99906815927	765.35315697145	0.00000000000
618.07629904411	757.94868846822	0.00000000000
629.28763149887	752.38903145951	0.00000000000
696.73154808662	747.85245811572	0.00000000000
814.34465981490	746.61627502528	0.00000000000
973.40216303281	752.78296336979	0.00000000000
1081.27665611465	749.68661159395	0.00000000000
1146.55859920129	754.72688291370	0.00000000000
1185.56063368437	753.54063284453	0.00000000000
1271.51684756410	749.95929683149	0.00000000000
1537.65629954518	751.01636394189	0.00000000000
2189.32305976115	747.90355828915	0.00000000000
2985.86767098668	745.74473623433	0.00000000000
3568.49858855772	744.37031741395	0.00000000000
3785.05273100123	750.59997558594	0.00000000000
