0.00000000000 -1.0
0.00000000000 -1.0
0.00000000000 -1.0
0.00000000000 -1.0
61.65789268373 -1.0
92.48683902559 -1.0
107.90131219652 -1.0
123.31578536746 -1.0
138.73025853839 -1.0
154.14473170932 -1.0
169.55920488025 -1.0
184.97367805118 -1.0
200.38815122212 -1.0
215.80262439305 -1.0
231.21709756398 -1.0
246.63157073491 -1.0
308.28946341864 -1.0
323.70393658957 -1.0
339.11840976050 -1.0
369.94735610237 -1.0
493.26314146982 -1.0
508.67761464075 -1.0
524.09208781169 -1.0
539.50656098262 -1.0
554.92103415355 -1.0
570.33550732448 -1.0
585.74998049541 -1.0
601.16445366635 -1.0
616.57892683728 -1.0
647.40787317914 -1.0
662.82234635007 -1.0
678.23681952100 -1.0
693.65129269194 -1.0
709.06576586287 -1.0
724.48023903380 -1.0
739.89471220473 -1.0
986.52628293964 -1.0
1109.84206830710 -1.0
1140.67101464896 -1.0
1156.08548781989 -1.0
1171.49996099083 -1.0
1233.15785367455 -1.0
1294.81574635828 -1.0
1325.64469270015 -1.0
1356.47363904201 -1.0
1479.78942440947 -1.0
1541.44731709319 -1.0
1603.10520977692 -1.0
1664.76310246065 -1.0
1680.17757563158 -1.0
1695.59204880251 -1.0
1711.00652197344 -1.0
1726.42099514438 -1.0
1973.05256587929 -1.0
2219.68413661420 -1.0
2466.31570734911 -1.0
2959.57884881893 -1.0
3946.10513175857 -1.0
3946.10513175857 -1.0
3946.10513175857 -1.0
3946.10513175857 -1.0
