0.00000000000	0.00000000000	0.00000000000
0.00736601081	0.01723816641	0.00000000000
0.02498977711	-0.02865699248	0.00000000000
0.04160914738	0.00070677176	0.00000000000
0.06153985124	-0.05453876172	0.00000000000
0.07517541298	-0.02885788822	0.00000000000
0.09875152731	-0.11267120289	0.00000000000
0.11265688703	-0.06065606507	0.00000000000
0.14296975824	0.05723011747	0.00000000000
0.16322522315	0.02280431226	0.00000000000
0.18441294133	0.11179971036	0.00000000000
0.20138688237	0.07917828081	0.00000000000
0.22718602500	0.21160148026	0.00000000000
0.24955683206	0.11200401258	0.00000000000
0.30233487865	-0.13913329881	0.00000000000
0.30977728111	-0.01340561135	0.00000000000
0.35262071947	-0.29642837011	0.00000000000
0.34299374428	-0.04198628642	0.00000000000
0.41064551909	-0.52000038614	0.00000000000
0.36028864529	0.15556525605	0.00000000000
0.52463946139	-0.00046994610	0.00000000000
0.48179931653	0.21883315082	0.00000000000
0.57157141065	0.17385314207	0.00000000000
0.52733640631	0.38325034457	0.00000000000
0.62587065755	0.33458006501	0.00000000000
0.55940028732	0.63388829314	0.00000000000
0.79968875544	0.42982434935	0.00000000000
0.77499985350	-0.31092705321	0.00000000000
0.85929637609	-0.10373558054	0.00000000000
0.84328840432	-0.62752532610	0.00000000000
0.93924417988	-0.17326737362	0.00000000000
0.84078165563	-1.47698589147	0.00000000000
1.18994467867	1.00199261182	0.00000000000
1.17527587422	-0.28881553823	0.00000000000
1.25622360811	0.73459525849	0.00000000000
1.26278277100	0.19806710271	0.00000000000
1.33165392767	1.11942405607	0.00000000000
1.33540200731	0.53583473938	0.00000000000
1.42611575771	1.80576773165	0.00000000000
1.39158152491	0.04602611319	0.00000000000
1.45302359678	-0.21954535494	0.00000000000
1.50051698352	-0.47003361385	0.00000000000
1.53753811158	-0.67371068252	0.00000000000
1.58091338814	-0.92330177813	0.00000000000
1.64350773433	-1.30310030863	0.00000000000
1.75789009397	-2.05560819214	0.00000000000
1.94928900020	-3.50117361344	0.00000000000
2.09701488380	-4.85489667878	0.00000000000
2.18518500000	-5.73611100000	0.00000000000
