 -2.90949568545124e-03  -1.84159682226139e-02   0.00000000000000e+00   0.00000000000000e+00 
 -2.91423377477598e-03  -1.84255397174373e-02   0.00000000000000e+00   2.18340611353712e-03 
 -2.92063330730597e-03  -1.84381252864729e-02   0.00000000000000e+00   4.36681222707424e-03 
 -2.92896905013330e-03  -1.84537624500304e-02   0.00000000000000e+00   6.55021834061135e-03 
 -2.93951577035009e-03  -1.84724887284192e-02   0.00000000000000e+00   8.73362445414847e-03 
 -2.95254692617908e-03  -1.84943408163193e-02   0.00000000000000e+00   1.09170305676856e-02 
 -2.96817656640767e-03  -1.85192548535575e-02   0.00000000000000e+00   1.31004366812227e-02 
 -2.98624646658302e-03  -1.85469928187770e-02   0.00000000000000e+00   1.52838427947598e-02 
 -3.00681583763660e-03  -1.85774377280454e-02   0.00000000000000e+00   1.74672489082969e-02 
 -3.03004764403099e-03  -1.86105314379433e-02   0.00000000000000e+00   1.96506550218341e-02 
 -3.05610516419469e-03  -1.86462159831072e-02   0.00000000000000e+00   2.18340611353712e-02 
 -3.08515167655622e-03  -1.86844333981733e-02   0.00000000000000e+00   2.40174672489083e-02 
 -3.11735045954409e-03  -1.87251257177781e-02   0.00000000000000e+00   2.62008733624454e-02 
 -3.15286479158681e-03  -1.87682349765579e-02   0.00000000000000e+00   2.83842794759825e-02 
 -3.19185795111288e-03  -1.88137032091492e-02   0.00000000000000e+00   3.05676855895196e-02 
 -3.23449321655081e-03  -1.88614724501882e-02   0.00000000000000e+00   3.27510917030568e-02 
 -3.28093386632913e-03  -1.89114847343114e-02   0.00000000000000e+00   3.49344978165939e-02 
 -3.33134317887632e-03  -1.89636820961552e-02   0.00000000000000e+00   3.71179039301310e-02 
 -3.38588443262091e-03  -1.90180065703558e-02   0.00000000000000e+00   3.93013100436681e-02 
 -3.44472090599141e-03  -1.90744001915498e-02   0.00000000000000e+00   4.14847161572052e-02 
 -3.50801587741632e-03  -1.91328049943735e-02   0.00000000000000e+00   4.36681222707424e-02 
 -3.57590961240841e-03  -1.91931532321668e-02   0.00000000000000e+00   4.58515283842795e-02 
 -3.64759572168582e-03  -1.92549747967764e-02   0.00000000000000e+00   4.80349344978166e-02 
 -3.72100710279615e-03  -1.93172637327294e-02   0.00000000000000e+00   5.02183406113537e-02 
 -3.79398920806705e-03  -1.93789769172674e-02   0.00000000000000e+00   5.24017467248908e-02 
 -3.86438748982617e-03  -1.94390712276318e-02   0.00000000000000e+00   5.45851528384279e-02 
 -3.92585038196104e-03  -1.95001885304796e-02   0.00000000000000e+00   5.67685589519651e-02 
 -3.97095282966921e-03  -1.95729459877829e-02   0.00000000000000e+00   5.89519650655022e-02 
 -4.01895844003831e-03  -1.96488126542008e-02   0.00000000000000e+00   6.11353711790393e-02 
 -4.07093135227845e-03  -1.97270555231491e-02   0.00000000000000e+00   6.33187772925764e-02 
 -4.12706921326403e-03  -1.98073816059595e-02   0.00000000000000e+00   6.55021834061135e-02 
 -4.18756966986948e-03  -1.98894979139638e-02   0.00000000000000e+00   6.76855895196506e-02 
 -4.25263036896922e-03  -1.99731114584938e-02   0.00000000000000e+00   6.98689956331878e-02 
 -4.32244895743767e-03  -2.00579292508812e-02   0.00000000000000e+00   7.20524017467249e-02 
 -4.39722308214924e-03  -2.01436583024579e-02   0.00000000000000e+00   7.42358078602620e-02 
 -4.47715038997836e-03  -2.02300056245556e-02   0.00000000000000e+00   7.64192139737991e-02 
 -4.56242852779945e-03  -2.03166782285061e-02   0.00000000000000e+00   7.86026200873362e-02 
 -4.65325514248692e-03  -2.04033831256412e-02   0.00000000000000e+00   8.07860262008734e-02 
 -4.74982788091520e-03  -2.04898273272927e-02   0.00000000000000e+00   8.29694323144105e-02 
 -4.85234438995870e-03  -2.05757178447924e-02   0.00000000000000e+00   8.51528384279476e-02 
 -4.96100231649184e-03  -2.06607616894719e-02   0.00000000000000e+00   8.73362445414847e-02 
 -5.07599930738904e-03  -2.07446658726633e-02   0.00000000000000e+00   8.95196506550218e-02 
 -5.19753300952472e-03  -2.08271374056981e-02   0.00000000000000e+00   9.17030567685589e-02 
 -5.32580106977330e-03  -2.09078832999082e-02   0.00000000000000e+00   9.38864628820961e-02 
 -5.46100113500920e-03  -2.09866105666254e-02   0.00000000000000e+00   9.60698689956332e-02 
 -5.60333085210684e-03  -2.10630262171814e-02   0.00000000000000e+00   9.82532751091703e-02 
 -5.75069879849916e-03  -2.11290059658737e-02   0.00000000000000e+00   1.00436681222707e-01 
 -5.90392351077743e-03  -2.11597886397070e-02   0.00000000000000e+00   1.02620087336245e-01 
 -6.08779454766259e-03  -2.11797951519705e-02   0.00000000000000e+00   1.04803493449782e-01 
 -6.29774025880452e-03  -2.11931544207549e-02   0.00000000000000e+00   1.06986899563319e-01 
 -6.52466353776518e-03  -2.11997814348119e-02   0.00000000000000e+00   1.09170305676856e-01 
 -6.75946727810652e-03  -2.11995911828928e-02   0.00000000000000e+00   1.11353711790393e-01 
 -6.99305662189324e-03  -2.11924977353336e-02   0.00000000000000e+00   1.13537117903930e-01 
 -7.21958169096809e-03  -2.11770897294279e-02   0.00000000000000e+00   1.15720524017467e-01 
 -7.44292020362414e-03  -2.11479825025904e-02   0.00000000000000e+00   1.17903930131004e-01 
 -7.66876499173961e-03  -2.10990499973161e-02   0.00000000000000e+00   1.20087336244541e-01 
 -7.90280888719273e-03  -2.10241661561003e-02   0.00000000000000e+00   1.22270742358079e-01 
 -8.15074472186171e-03  -2.09172049214382e-02   0.00000000000000e+00   1.24454148471616e-01 
 -8.41637959468979e-03  -2.07739635082965e-02   0.00000000000000e+00   1.26637554585153e-01 
 -8.68973371253251e-03  -2.06043004812281e-02   0.00000000000000e+00   1.28820960698690e-01 
 -8.95471393443767e-03  -2.04243101590675e-02   0.00000000000000e+00   1.31004366812227e-01 
 -9.19980818663368e-03  -2.02458312329522e-02   0.00000000000000e+00   1.33187772925764e-01 
 -9.42587081235211e-03  -2.00692077412435e-02   0.00000000000000e+00   1.35371179039301e-01 
 -9.63580878530646e-03  -1.98928757909547e-02   0.00000000000000e+00   1.37554585152838e-01 
 -9.83252907921022e-03  -1.97152714890989e-02   0.00000000000000e+00   1.39737991266376e-01 
 -1.00189386677769e-02  -1.95348309426891e-02   0.00000000000000e+00   1.41921397379913e-01 
 -1.01979445247200e-02  -1.93499902587385e-02   0.00000000000000e+00   1.44104803493450e-01 
 -1.03724533046267e-02  -1.91591856705287e-02   0.00000000000000e+00   1.46288209606987e-01 
 -1.05443955907226e-02  -1.89612396126034e-02   0.00000000000000e+00   1.48471615720524e-01 
 -1.07125707826128e-02  -1.87562134320635e-02   0.00000000000000e+00   1.50655021834061e-01 
 -1.08751516773842e-02  -1.85444164032547e-02   0.00000000000000e+00   1.52838427947598e-01 
 -1.10303110721237e-02  -1.83261578005227e-02   0.00000000000000e+00   1.55021834061135e-01 
 -1.11762217639182e-02  -1.81017468982133e-02   0.00000000000000e+00   1.57205240174672e-01 
 -1.13110953195937e-02  -1.78714312546568e-02   0.00000000000000e+00   1.59388646288210e-01 
 -1.14344730637672e-02  -1.76333416393092e-02   0.00000000000000e+00   1.61572052401747e-01 
 -1.15475275681270e-02  -1.73830121038828e-02   0.00000000000000e+00   1.63755458515284e-01 
 -1.16515312623667e-02  -1.71158177400774e-02   0.00000000000000e+00   1.65938864628821e-01 
 -1.17476999130900e-02  -1.68272333832648e-02   0.00000000000000e+00   1.68122270742358e-01 
 -1.18349126322492e-02  -1.65168470669463e-02   0.00000000000000e+00   1.70305676855895e-01 
 -1.19089333306665e-02  -1.61897304931024e-02   0.00000000000000e+00   1.72489082969432e-01 
 -1.19653094989677e-02  -1.58513363267912e-02   0.00000000000000e+00   1.74672489082969e-01 
 -1.19995886277788e-02  -1.55071172330705e-02   0.00000000000000e+00   1.76855895196507e-01 
 -1.20073182077257e-02  -1.51625258769984e-02   0.00000000000000e+00   1.79039301310044e-01 
 -1.19865674160651e-02  -1.48254770313637e-02   0.00000000000000e+00   1.81222707423581e-01 
 -1.19494798954859e-02  -1.45176274025190e-02   0.00000000000000e+00   1.83406113537118e-01 
 -1.19126469152049e-02  -1.42643988080967e-02   0.00000000000000e+00   1.85589519650655e-01 
 -1.18769436740421e-02  -1.40549206998632e-02   0.00000000000000e+00   1.87772925764192e-01 
 -1.18244329274450e-02  -1.38354865392241e-02   0.00000000000000e+00   1.89956331877729e-01 
 -1.17494426356017e-02  -1.35889670969964e-02   0.00000000000000e+00   1.92139737991266e-01 
 -1.16561534781490e-02  -1.33269972293998e-02   0.00000000000000e+00   1.94323144104803e-01 
 -1.15489692352989e-02  -1.30618631137471e-02   0.00000000000000e+00   1.96506550218341e-01 
 -1.14322936872635e-02  -1.28058509273514e-02   0.00000000000000e+00   1.98689956331878e-01 
 -1.13103930258997e-02  -1.25707043463313e-02   0.00000000000000e+00   2.00873362445415e-01 
 -1.11853259456299e-02  -1.23594630398829e-02   0.00000000000000e+00   2.03056768558952e-01 
 -1.10573723515885e-02  -1.21681530363106e-02   0.00000000000000e+00   2.05240174672489e-01 
 -1.09267615573017e-02  -1.19926008847703e-02   0.00000000000000e+00   2.07423580786026e-01 
 -1.07937228762956e-02  -1.18286331344180e-02   0.00000000000000e+00   2.09606986899563e-01 
 -1.06584045970867e-02  -1.16725523949556e-02   0.00000000000000e+00   2.11790393013100e-01 
 -1.05204183443038e-02  -1.15238144321924e-02   0.00000000000000e+00   2.13973799126638e-01 
 -1.03791575468394e-02  -1.13831570158771e-02   0.00000000000000e+00   2.16157205240175e-01 
 -1.02340635184141e-02  -1.12511565527413e-02   0.00000000000000e+00   2.18340611353712e-01 
 -1.00850472415015e-02  -1.11267914257338e-02   0.00000000000000e+00   2.20524017467249e-01 
 -9.93228320360274e-03  -1.10081434554941e-02   0.00000000000000e+00   2.22707423580786e-01 
 -9.77596769438531e-03  -1.08934421026794e-02   0.00000000000000e+00   2.24890829694323e-01 
 -9.61650247090610e-03  -1.07826308641537e-02   0.00000000000000e+00   2.27074235807860e-01 
 -9.45441545015163e-03  -1.06767056796424e-02   0.00000000000000e+00   2.29257641921397e-01 
 -9.29023575703820e-03  -1.05766519569112e-02   0.00000000000000e+00   2.31441048034934e-01 
 -9.12447470379536e-03  -1.04827191998747e-02   0.00000000000000e+00   2.33624454148472e-01 
 -8.95762364159855e-03  -1.03943322520881e-02   0.00000000000000e+00   2.35807860262009e-01 
 -8.79017286515427e-03  -1.03108723107134e-02   0.00000000000000e+00   2.37991266375546e-01 
 -8.62260842807608e-03  -1.02317241336920e-02   0.00000000000000e+00   2.40174672489083e-01 
 -8.45519612810004e-03  -1.01564574036109e-02   0.00000000000000e+00   2.42358078602620e-01 
 -8.28787870614555e-03  -1.00849130383490e-02   0.00000000000000e+00   2.44541484716157e-01 
 -8.12057315151410e-03  -1.00169535765877e-02   0.00000000000000e+00   2.46724890829694e-01 
 -7.95319645350720e-03  -9.95244155700836e-03   0.00000000000000e+00   2.48908296943231e-01 
 -7.78566560142636e-03  -9.89123951829238e-03   0.00000000000000e+00   2.51091703056769e-01 
 -7.61789758457305e-03  -9.83320999912111e-03   0.00000000000000e+00   2.53275109170306e-01 
 -7.44980939224879e-03  -9.77821553817594e-03   0.00000000000000e+00   2.55458515283843e-01 
 -7.28131801375508e-03  -9.72611867413825e-03   0.00000000000000e+00   2.57641921397380e-01 
 -7.11234043839341e-03  -9.67678194568941e-03   0.00000000000000e+00   2.59825327510917e-01 
 -6.94279365546528e-03  -9.63006789151078e-03   0.00000000000000e+00   2.62008733624454e-01 
 -6.77259465427219e-03  -9.58583905028376e-03   0.00000000000000e+00   2.64192139737991e-01 
 -6.60166042411564e-03  -9.54395796068970e-03   0.00000000000000e+00   2.66375545851528e-01 
 -6.42991041590272e-03  -9.50428542862989e-03   0.00000000000000e+00   2.68558951965065e-01 
 -6.25751868383175e-03  -9.46650303896262e-03   0.00000000000000e+00   2.70742358078603e-01 
 -6.08513205250367e-03  -9.42995958271536e-03   0.00000000000000e+00   2.72925764192140e-01 
 -5.91344875312870e-03  -9.39396766463504e-03   0.00000000000000e+00   2.75109170305677e-01 
 -5.74316701691707e-03  -9.35783988946856e-03   0.00000000000000e+00   2.77292576419214e-01 
 -5.57498507507899e-03  -9.32088886196284e-03   0.00000000000000e+00   2.79475982532751e-01 
 -5.40960115882469e-03  -9.28242718686477e-03   0.00000000000000e+00   2.81659388646288e-01 
 -5.24771349936440e-03  -9.24176746892129e-03   0.00000000000000e+00   2.83842794759825e-01 
 -5.09002032790833e-03  -9.19822231287928e-03   0.00000000000000e+00   2.86026200873362e-01 
 -4.93721987566670e-03  -9.15110432348567e-03   0.00000000000000e+00   2.88209606986900e-01 
 -4.78961953774397e-03  -9.09976545395083e-03   0.00000000000000e+00   2.90393013100437e-01 
 -4.64504925191363e-03  -9.04380708208487e-03   0.00000000000000e+00   2.92576419213974e-01 
 -4.50037120676680e-03  -8.98292801641831e-03   0.00000000000000e+00   2.94759825327511e-01 
 -4.35244548390937e-03  -8.91682731545473e-03   0.00000000000000e+00   2.96943231441048e-01 
 -4.19950620827588e-03  -8.84551450183568e-03   0.00000000000000e+00   2.99126637554585e-01 
 -4.04457874563570e-03  -8.77008167574930e-03   0.00000000000000e+00   3.01310043668122e-01 
 -3.89173214220819e-03  -8.69185675625822e-03   0.00000000000000e+00   3.03493449781659e-01 
 -3.74503544421271e-03  -8.61216766242502e-03   0.00000000000000e+00   3.05676855895196e-01 
 -3.60765222027427e-03  -8.53203272012209e-03   0.00000000000000e+00   3.07860262008734e-01 
 -3.47733936065306e-03  -8.45062164978539e-03   0.00000000000000e+00   3.10043668122271e-01 
 -3.34985552242899e-03  -8.36642095297396e-03   0.00000000000000e+00   3.12227074235808e-01 
 -3.22095616043940e-03  -8.27791603636332e-03   0.00000000000000e+00   3.14410480349345e-01 
 -3.08639682564130e-03  -8.18359233713467e-03   0.00000000000000e+00   3.16593886462882e-01 
 -2.94423644943489e-03  -8.08266632124767e-03   0.00000000000000e+00   3.18777292576419e-01 
 -2.80080729591101e-03  -7.97698017995543e-03   0.00000000000000e+00   3.20960698689956e-01 
 -2.66350064374745e-03  -7.86889062224829e-03   0.00000000000000e+00   3.23144104803493e-01 
 -2.53391218413180e-03  -7.76021106369433e-03   0.00000000000000e+00   3.25327510917031e-01 
 -2.41107893344038e-03  -7.65251506304004e-03   0.00000000000000e+00   3.27510917030568e-01 
 -2.29402664990870e-03  -7.54737512366459e-03   0.00000000000000e+00   3.29694323144105e-01 
 -2.18178109177229e-03  -7.44636374894711e-03   0.00000000000000e+00   3.31877729257642e-01 
 -2.07336801726665e-03  -7.35105344226676e-03   0.00000000000000e+00   3.34061135371179e-01 
 -1.96713550867053e-03  -7.26170732978007e-03   0.00000000000000e+00   3.36244541484716e-01 
 -1.85834883653526e-03  -7.17263205738616e-03   0.00000000000000e+00   3.38427947598253e-01 
 -1.74139711563939e-03  -7.07644139933820e-03   0.00000000000000e+00   3.40611353711790e-01 
 -1.61110488242343e-03  -6.96617377230737e-03   0.00000000000000e+00   3.42794759825327e-01 
 -1.48563740082658e-03  -6.85763484794594e-03   0.00000000000000e+00   3.44978165938865e-01 
 -1.39401022442473e-03  -6.78066293241250e-03   0.00000000000000e+00   3.47161572052402e-01 
 -1.30060010821874e-03  -6.71030205151396e-03   0.00000000000000e+00   3.49344978165939e-01 
 -1.19718069601576e-03  -6.63674680596042e-03   0.00000000000000e+00   3.51528384279476e-01 
 -1.08885036452525e-03  -6.55887351701221e-03   0.00000000000000e+00   3.53711790393013e-01 
 -9.80712209267521e-04  -6.47556158046759e-03   0.00000000000000e+00   3.55895196506550e-01 
 -8.77869325762886e-04  -6.38569039212487e-03   0.00000000000000e+00   3.58078602620087e-01 
 -7.85424809531661e-04  -6.28813934778232e-03   0.00000000000000e+00   3.60262008733624e-01 
 -7.09797321839899e-04  -6.18157573729377e-03   0.00000000000000e+00   3.62445414847162e-01 
 -6.69957790237634e-04  -6.06264307457939e-03   0.00000000000000e+00   3.64628820960699e-01 
 -6.88305090295787e-04  -5.92835842459539e-03   0.00000000000000e+00   3.66812227074236e-01 
 -7.62987508720975e-04  -5.78602404866830e-03   0.00000000000000e+00   3.68995633187773e-01 
 -8.81915224195601e-04  -5.64727619774386e-03   0.00000000000000e+00   3.71179039301310e-01 
 -1.03296277797564e-03  -5.52376616705239e-03   0.00000000000000e+00   3.73362445414847e-01 
 -1.20486951897432e-03  -5.42396362596027e-03   0.00000000000000e+00   3.75545851528384e-01 
 -1.38958250311625e-03  -5.34453709532910e-03   0.00000000000000e+00   3.77729257641921e-01 
 -1.57979234261452e-03  -5.27941955373093e-03   0.00000000000000e+00   3.79912663755459e-01 
 -1.76818964968222e-03  -5.22254397973778e-03   0.00000000000000e+00   3.82096069868996e-01 
 -1.94747262968570e-03  -5.16784935983395e-03   0.00000000000000e+00   3.84279475982533e-01 
 -2.11614965476719e-03  -5.11387184470041e-03   0.00000000000000e+00   3.86462882096070e-01 
 -2.28649800053314e-03  -5.07006620873780e-03   0.00000000000000e+00   3.88646288209607e-01 
 -2.45885425780937e-03  -5.03658854171317e-03   0.00000000000000e+00   3.90829694323144e-01 
 -2.62796798234256e-03  -5.00923087303828e-03   0.00000000000000e+00   3.93013100436681e-01 
 -2.78984636018126e-03  -4.98445457250178e-03   0.00000000000000e+00   3.95196506550218e-01 
 -2.94545936887376e-03  -4.96137270811900e-03   0.00000000000000e+00   3.97379912663755e-01 
 -3.09699068650705e-03  -4.93974684735685e-03   0.00000000000000e+00   3.99563318777293e-01 
 -3.24653043280509e-03  -4.91933464853130e-03   0.00000000000000e+00   4.01746724890830e-01 
 -3.39498614616051e-03  -4.89984435813870e-03   0.00000000000000e+00   4.03930131004367e-01 
 -3.54245475263152e-03  -4.88095035284391e-03   0.00000000000000e+00   4.06113537117904e-01 
 -3.68901735608161e-03  -4.86232634821270e-03   0.00000000000000e+00   4.08296943231441e-01 
 -3.83475506037426e-03  -4.84364605981081e-03   0.00000000000000e+00   4.10480349344978e-01 
 -3.97974896937296e-03  -4.82458320320403e-03   0.00000000000000e+00   4.12663755458515e-01 
 -4.12408018694119e-03  -4.80481149395812e-03   0.00000000000000e+00   4.14847161572052e-01 
 -4.26782981694245e-03  -4.78400464763885e-03   0.00000000000000e+00   4.17030567685589e-01 
 -4.41107896324023e-03  -4.76183637981198e-03   0.00000000000000e+00   4.19213973799127e-01 
 -4.55390872969801e-03  -4.73798040604327e-03   0.00000000000000e+00   4.21397379912664e-01 
 -4.69640022017928e-03  -4.71211044189850e-03   0.00000000000000e+00   4.23580786026201e-01 
 -4.83865353073492e-03  -4.68388967367085e-03   0.00000000000000e+00   4.25764192139738e-01 
 -4.98118295659466e-03  -4.65275165554381e-03   0.00000000000000e+00   4.27947598253275e-01 
 -5.12490480152653e-03  -4.61790706808482e-03   0.00000000000000e+00   4.30131004366812e-01 
 -5.27075192267574e-03  -4.57855741466560e-03   0.00000000000000e+00   4.32314410480349e-01 
 -5.41965717718749e-03  -4.53390419865791e-03   0.00000000000000e+00   4.34497816593886e-01 
 -5.57255342220700e-03  -4.48314892343347e-03   0.00000000000000e+00   4.36681222707424e-01 
 -5.73005884568099e-03  -4.42562428110417e-03   0.00000000000000e+00   4.38864628820961e-01 
 -5.88706185849967e-03  -4.36305317335538e-03   0.00000000000000e+00   4.41048034934498e-01 
 -6.03997914006701e-03  -4.29653818661520e-03   0.00000000000000e+00   4.43231441048035e-01 
 -6.18989194919135e-03  -4.22524828411132e-03   0.00000000000000e+00   4.45414847161572e-01 
 -6.33796758697596e-03  -4.14831675234365e-03   0.00000000000000e+00   4.47598253275109e-01 
 -6.48537335452417e-03  -4.06487687781210e-03   0.00000000000000e+00   4.49781659388646e-01 
 -6.63325519072232e-03  -3.97407792377554e-03   0.00000000000000e+00   4.51965065502183e-01 
 -6.78174423532386e-03  -3.87582811971850e-03   0.00000000000000e+00   4.54148471615720e-01 
 -6.92953554170750e-03  -3.77110974122992e-03   0.00000000000000e+00   4.56331877729258e-01 
 -7.07522215715966e-03  -3.66098173828372e-03   0.00000000000000e+00   4.58515283842795e-01 
 -7.21816131113494e-03  -3.54597464020440e-03   0.00000000000000e+00   4.60698689956332e-01 
 -7.35916318306416e-03  -3.42561428293056e-03   0.00000000000000e+00   4.62882096069869e-01 
 -7.49920061284758e-03  -3.29931402509569e-03   0.00000000000000e+00   4.65065502183406e-01 
 -7.63924644038551e-03  -3.16648722533324e-03   0.00000000000000e+00   4.67248908296943e-01 
 -7.78006020622348e-03  -3.02652473140698e-03   0.00000000000000e+00   4.69432314410480e-01 
 -7.92094981069005e-03  -2.87866419003686e-03   0.00000000000000e+00   4.71615720524017e-01 
 -8.06061833176171e-03  -2.72207941710196e-03   0.00000000000000e+00   4.73799126637555e-01 
 -8.19776684927077e-03  -2.55594401760423e-03   0.00000000000000e+00   4.75982532751092e-01 
 -8.33109733286759e-03  -2.37944098065509e-03   0.00000000000000e+00   4.78165938864629e-01 
 -8.45936753247164e-03  -2.19234155961752e-03   0.00000000000000e+00   4.80349344978166e-01 
 -8.58142306112060e-03  -1.99534362101612e-03   0.00000000000000e+00   4.82532751091703e-01 
 -8.69611725644497e-03  -1.78922649569752e-03   0.00000000000000e+00   4.84716157205240e-01 
 -8.80230345607524e-03  -1.57476951450837e-03   0.00000000000000e+00   4.86899563318777e-01 
 -8.89883168656668e-03  -1.35274256014963e-03   0.00000000000000e+00   4.89082969432314e-01 
 -8.98387659272241e-03  -1.12198831502143e-03   0.00000000000000e+00   4.91266375545852e-01 
 -9.05411879552017e-03  -8.77086267920352e-04   0.00000000000000e+00   4.93449781659389e-01 
 -9.10603874014702e-03  -6.12044706477381e-04   0.00000000000000e+00   4.95633187772926e-01 
 -9.13617079678383e-03  -3.21091901438854e-04   0.00000000000000e+00   4.97816593886463e-01 
 -9.14323011487972e-03  -7.35245498075731e-06   0.00000000000000e+00   5.00000000000000e-01 
 -9.12881459788165e-03   3.14289044110581e-04   0.00000000000000e+00   5.02183406113537e-01 
 -9.09471990551209e-03   6.28141274613820e-04   0.00000000000000e+00   5.04366812227074e-01 
 -9.04274169749352e-03   9.18512915307563e-04   0.00000000000000e+00   5.06550218340611e-01 
 -8.97465759558517e-03   1.17158720532205e-03   0.00000000000000e+00   5.08733624454148e-01 
 -8.89206998297041e-03   1.39175871296236e-03   0.00000000000000e+00   5.10917030567686e-01 
 -8.79648264999298e-03   1.59366807619793e-03   0.00000000000000e+00   5.13100436681223e-01 
 -8.68939828647370e-03   1.79207030217482e-03   0.00000000000000e+00   5.15283842794760e-01 
 -8.57233247272166e-03   1.99757276648177e-03   0.00000000000000e+00   5.17467248908297e-01 
 -8.44685146444413e-03   2.20447757548104e-03   0.00000000000000e+00   5.19650655021834e-01 
 -8.31453396835710e-03   2.40308061050530e-03   0.00000000000000e+00   5.21834061135371e-01 
 -8.17703070676514e-03   2.58490866527290e-03   0.00000000000000e+00   5.24017467248908e-01 
 -8.03650004518623e-03   2.75016532599981e-03   0.00000000000000e+00   5.26200873362445e-01 
 -7.89531859566277e-03   2.90278451500414e-03   0.00000000000000e+00   5.28384279475983e-01 
 -7.75562803277120e-03   3.04650963080005e-03   0.00000000000000e+00   5.30567685589520e-01 
 -7.61741215808127e-03   3.18320814550072e-03   0.00000000000000e+00   5.32751091703057e-01 
 -7.47949724870031e-03   3.31374124832303e-03   0.00000000000000e+00   5.34934497816594e-01 
 -7.34074181248908e-03   3.43888843455673e-03   0.00000000000000e+00   5.37117903930131e-01 
 -7.20037002407274e-03   3.55881999934566e-03   0.00000000000000e+00   5.39301310043668e-01 
 -7.05778978485381e-03   3.67340014936609e-03   0.00000000000000e+00   5.41484716157205e-01 
 -6.91241038389528e-03   3.78249077945450e-03   0.00000000000000e+00   5.43668122270742e-01 
 -6.76366342626054e-03   3.88595001432814e-03   0.00000000000000e+00   5.45851528384279e-01 
 -6.61197292643181e-03   3.98346831865190e-03   0.00000000000000e+00   5.48034934497817e-01 
 -6.45912936195351e-03   4.07450530350918e-03   0.00000000000000e+00   5.50218340611354e-01 
 -6.30691671719089e-03   4.15855366980850e-03   0.00000000000000e+00   5.52401746724891e-01 
 -6.15594783438829e-03   4.23565735648017e-03   0.00000000000000e+00   5.54585152838428e-01 
 -6.00610816012025e-03   4.30620267605967e-03   0.00000000000000e+00   5.56768558951965e-01 
 -5.85727222311723e-03   4.37058107993853e-03   0.00000000000000e+00   5.58951965065502e-01 
 -5.70931455210964e-03   4.42918401950832e-03   0.00000000000000e+00   5.61135371179039e-01 
 -5.56210967582793e-03   4.48240294616057e-03   0.00000000000000e+00   5.63318777292576e-01 
 -5.41553212300252e-03   4.53062931128683e-03   0.00000000000000e+00   5.65502183406113e-01 
 -5.26945642236386e-03   4.57425456627865e-03   0.00000000000000e+00   5.67685589519651e-01 
 -5.12375710264237e-03   4.61367016252756e-03   0.00000000000000e+00   5.69868995633188e-01 
 -4.97830869256848e-03   4.64926755142513e-03   0.00000000000000e+00   5.72052401746725e-01 
 -4.83298572087264e-03   4.68143818436289e-03   0.00000000000000e+00   5.74235807860262e-01 
 -4.68766271628527e-03   4.71057351273239e-03   0.00000000000000e+00   5.76419213973799e-01 
 -4.54221420753681e-03   4.73706498792517e-03   0.00000000000000e+00   5.78602620087336e-01 
 -4.39651472335768e-03   4.76130406133279e-03   0.00000000000000e+00   5.80786026200873e-01 
 -4.25043879247834e-03   4.78368218434678e-03   0.00000000000000e+00   5.82969432314410e-01 
 -4.10386094362920e-03   4.80459080835869e-03   0.00000000000000e+00   5.85152838427948e-01 
 -3.95665570554070e-03   4.82442138476008e-03   0.00000000000000e+00   5.87336244541485e-01 
 -3.80869760694328e-03   4.84356536494248e-03   0.00000000000000e+00   5.89519650655022e-01 
 -3.65986117656736e-03   4.86241420029744e-03   0.00000000000000e+00   5.91703056768559e-01 
 -3.51002094314339e-03   4.88135934221650e-03   0.00000000000000e+00   5.93886462882096e-01 
 -3.35905143086007e-03   4.90079223691767e-03   0.00000000000000e+00   5.96069868995633e-01 
 -3.20676792432913e-03   4.92103684966049e-03   0.00000000000000e+00   5.98253275109170e-01 
 -3.05277821835785e-03   4.94218079001846e-03   0.00000000000000e+00   6.00436681222707e-01 
 -2.89664327829691e-03   4.96427085569417e-03   0.00000000000000e+00   6.02620087336245e-01 
 -2.73785549990482e-03   4.98787764528380e-03   0.00000000000000e+00   6.04803493449782e-01 
 -2.57580980783106e-03   5.01431633602875e-03   0.00000000000000e+00   6.06986899563319e-01 
 -2.40989369364466e-03   5.04495888623110e-03   0.00000000000000e+00   6.09170305676856e-01 
 -2.23949464891465e-03   5.08117725419288e-03   0.00000000000000e+00   6.11353711790393e-01 
 -2.06404898584288e-03   5.12431465406742e-03   0.00000000000000e+00   6.13537117903930e-01 
 -1.88400129263524e-03   5.17512065683341e-03   0.00000000000000e+00   6.15720524017467e-01 
 -1.70074460010539e-03   5.23378641843404e-03   0.00000000000000e+00   6.17903930131004e-01 
 -1.51570877897945e-03   5.30048140455852e-03   0.00000000000000e+00   6.20087336244541e-01 
 -1.33032369998356e-03   5.37537508089609e-03   0.00000000000000e+00   6.22270742358079e-01 
 -1.14776298117789e-03   5.45972674427379e-03   0.00000000000000e+00   6.24454148471616e-01 
 -9.78726533054003e-04   5.55949957704380e-03   0.00000000000000e+00   6.26637554585153e-01 
 -8.35944387024954e-04   5.68192557439061e-03   0.00000000000000e+00   6.28820960698690e-01 
 -7.31419710254546e-04   5.82958580290571e-03   0.00000000000000e+00   6.31004366812227e-01 
 -6.73872203619199e-04   5.98405247395258e-03   0.00000000000000e+00   6.33187772925764e-01 
 -6.71094890373723e-04   6.12096856609898e-03   0.00000000000000e+00   6.35371179039301e-01 
 -7.27482812902515e-04   6.22156875137502e-03   0.00000000000000e+00   6.37554585152838e-01 
 -8.18421790967591e-04   6.31419923941037e-03   0.00000000000000e+00   6.39737991266376e-01 
 -9.22328849568514e-04   6.41442708267225e-03   0.00000000000000e+00   6.41921397379913e-01 
 -1.03043279161443e-03   6.51147504582252e-03   0.00000000000000e+00   6.44104803493450e-01 
 -1.13429135520611e-03   6.59420689452702e-03   0.00000000000000e+00   6.46288209606987e-01 
 -1.23127118057847e-03   6.66100685393334e-03   0.00000000000000e+00   6.48471615720524e-01 
 -1.32815323322090e-03   6.72568869165080e-03   0.00000000000000e+00   6.50655021834061e-01 
 -1.43242499219867e-03   6.80318299690322e-03   0.00000000000000e+00   6.52838427947598e-01 
 -1.54604280582668e-03   6.89787153569907e-03   0.00000000000000e+00   6.55021834061135e-01 
 -1.66401589733013e-03   7.00088670466233e-03   0.00000000000000e+00   6.57205240174672e-01 
 -1.78091239232977e-03   7.10251965097628e-03   0.00000000000000e+00   6.59388646288210e-01 
 -1.89218737075496e-03   7.19468073859394e-03   0.00000000000000e+00   6.61572052401747e-01 
 -2.00137509579680e-03   7.28401178527900e-03   0.00000000000000e+00   6.63755458515284e-01 
 -2.11284573166623e-03   7.37811762300090e-03   0.00000000000000e+00   6.65938864628821e-01 
 -2.22677821047409e-03   7.47628788681870e-03   0.00000000000000e+00   6.68122270742358e-01 
 -2.34310804076627e-03   7.57732966589858e-03   0.00000000000000e+00   6.70305676855895e-01 
 -2.46177073108867e-03   7.68005004940675e-03   0.00000000000000e+00   6.72489082969432e-01 
 -2.58270178998718e-03   7.78325612650942e-03   0.00000000000000e+00   6.74672489082969e-01 
 -2.70583672600772e-03   7.88575498637278e-03   0.00000000000000e+00   6.76855895196506e-01 
 -2.83111104769617e-03   7.98635371816303e-03   0.00000000000000e+00   6.79039301310044e-01 
 -2.95846227359003e-03   8.08388413619595e-03   0.00000000000000e+00   6.81222707423581e-01 
 -3.08788673012978e-03   8.17790145791726e-03   0.00000000000000e+00   6.83406113537118e-01 
 -3.21944752552012e-03   8.26878239133378e-03   0.00000000000000e+00   6.85589519650655e-01 
 -3.35320356323662e-03   8.35692542133911e-03   0.00000000000000e+00   6.87772925764192e-01 
 -3.48911702293471e-03   8.44244860490964e-03   0.00000000000000e+00   6.89956331877729e-01 
 -3.62708478963937e-03   8.52528069263167e-03   0.00000000000000e+00   6.92139737991266e-01 
 -3.76700252249201e-03   8.60534688093108e-03   0.00000000000000e+00   6.94323144104803e-01 
 -3.90876588063408e-03   8.68257236623379e-03   0.00000000000000e+00   6.96506550218341e-01 
 -4.05227052320699e-03   8.75688234496567e-03   0.00000000000000e+00   6.98689956331878e-01 
 -4.19741210935216e-03   8.82820201355264e-03   0.00000000000000e+00   7.00873362445415e-01 
 -4.34408629821102e-03   8.89645656842058e-03   0.00000000000000e+00   7.03056768558952e-01 
 -4.49218046273625e-03   8.96151935124480e-03   0.00000000000000e+00   7.05240174672489e-01 
 -4.64154778677789e-03   9.02304974919835e-03   0.00000000000000e+00   7.07423580786026e-01 
 -4.79203263764926e-03   9.08065197580012e-03   0.00000000000000e+00   7.09606986899563e-01 
 -4.94347938265425e-03   9.13393024450987e-03   0.00000000000000e+00   7.11790393013100e-01 
 -5.09573238909673e-03   9.18248876878734e-03   0.00000000000000e+00   7.13973799126637e-01 
 -5.24863602428060e-03   9.22593176209229e-03   0.00000000000000e+00   7.16157205240175e-01 
 -5.40219256188518e-03   9.26408787049018e-03   0.00000000000000e+00   7.18340611353712e-01 
 -5.55755993572810e-03   9.29842828180816e-03   0.00000000000000e+00   7.20524017467249e-01 
 -5.71640963530233e-03   9.33115410144672e-03   0.00000000000000e+00   7.22707423580786e-01 
 -5.88041547941688e-03   9.36446974546724e-03   0.00000000000000e+00   7.24890829694323e-01 
 -6.05113559535406e-03   9.40050002382785e-03   0.00000000000000e+00   7.27074235807860e-01 
 -6.22800734150008e-03   9.43991046807092e-03   0.00000000000000e+00   7.29257641921397e-01 
 -6.40860998895031e-03   9.48208807972875e-03   0.00000000000000e+00   7.31441048034934e-01 
 -6.59045994172396e-03   9.52637660217033e-03   0.00000000000000e+00   7.33624454148472e-01 
 -6.77107360384028e-03   9.57211977876464e-03   0.00000000000000e+00   7.35807860262009e-01 
 -6.94796737931850e-03   9.61866135288067e-03   0.00000000000000e+00   7.37991266375546e-01 
 -7.11890327204920e-03   9.66543292573514e-03   0.00000000000000e+00   7.40174672489083e-01 
 -7.28442871712348e-03   9.71286252410841e-03   0.00000000000000e+00   7.42358078602620e-01 
 -7.44685566504384e-03   9.76200939060954e-03   0.00000000000000e+00   7.44541484716157e-01 
 -7.60852404705447e-03   9.81394277733060e-03   0.00000000000000e+00   7.46724890829694e-01 
 -7.77177379439956e-03   9.86973193636364e-03   0.00000000000000e+00   7.48908296943231e-01 
 -7.93894483832330e-03   9.93044611980076e-03   0.00000000000000e+00   7.51091703056769e-01 
 -8.11237711006987e-03   9.99715457973399e-03   0.00000000000000e+00   7.53275109170306e-01 
 -8.29441054088348e-03   1.00709265682554e-02   0.00000000000000e+00   7.55458515283843e-01 
 -8.48705880988843e-03   1.01527056649860e-02   0.00000000000000e+00   7.57641921397380e-01 
 -8.67805924596047e-03   1.02379361926704e-02   0.00000000000000e+00   7.59825327510917e-01 
 -8.83939212072858e-03   1.03160097695604e-02   0.00000000000000e+00   7.62008733624454e-01 
 -8.97693799966014e-03   1.03895350401760e-02   0.00000000000000e+00   7.64192139737991e-01 
 -9.11587923664218e-03   1.04686424717160e-02   0.00000000000000e+00   7.66375545851528e-01 
 -9.27381669278063e-03   1.05605725341610e-02   0.00000000000000e+00   7.68558951965066e-01 
 -9.44553181163368e-03   1.06638622382467e-02   0.00000000000000e+00   7.70742358078603e-01 
 -9.62164270948832e-03   1.07754606773508e-02   0.00000000000000e+00   7.72925764192140e-01 
 -9.79276750263159e-03   1.08923169448511e-02   0.00000000000000e+00   7.75109170305677e-01 
 -9.94969527697013e-03   1.10114148689364e-02   0.00000000000000e+00   7.77292576419214e-01 
 -1.00929051206483e-02   1.11317069509700e-02   0.00000000000000e+00   7.79475982532751e-01 
 -1.02344563193098e-02   1.12550843888142e-02   0.00000000000000e+00   7.81659388646288e-01 
 -1.03762811086334e-02   1.13835126742261e-02   0.00000000000000e+00   7.83842794759825e-01 
 -1.05177304828073e-02   1.15189174642309e-02   0.00000000000000e+00   7.86026200873362e-01 
 -1.06581554360199e-02   1.16632244158539e-02   0.00000000000000e+00   7.88209606986900e-01 
 -1.07969069624593e-02   1.18183591861201e-02   0.00000000000000e+00   7.90393013100437e-01 
 -1.09333360563140e-02   1.19862474320548e-02   0.00000000000000e+00   7.92576419213974e-01 
 -1.10667937117722e-02   1.21688148106833e-02   0.00000000000000e+00   7.94759825327511e-01 
 -1.11966309230222e-02   1.23679869790307e-02   0.00000000000000e+00   7.96943231441048e-01 
 -1.13221986842524e-02   1.25856895941221e-02   0.00000000000000e+00   7.99126637554585e-01 
 -1.14427958092699e-02   1.28235808127382e-02   0.00000000000000e+00   8.01310043668122e-01 
 -1.15565686030512e-02   1.30774105098787e-02   0.00000000000000e+00   8.03493449781659e-01 
 -1.16605367230537e-02   1.33371528555504e-02   0.00000000000000e+00   8.05676855895196e-01 
 -1.17516728194514e-02   1.35925410391539e-02   0.00000000000000e+00   8.07860262008734e-01 
 -1.18269495424181e-02   1.38333082500899e-02   0.00000000000000e+00   8.10043668122271e-01 
 -1.18835627654173e-02   1.40502639982222e-02   0.00000000000000e+00   8.12227074235808e-01 
 -1.19252337993779e-02   1.42656816334793e-02   0.00000000000000e+00   8.14410480349345e-01 
 -1.19619807733936e-02   1.45328152458509e-02   0.00000000000000e+00   8.16593886462882e-01 
 -1.19917821355711e-02   1.48538054804905e-02   0.00000000000000e+00   8.18777292576419e-01 
 -1.20048176457774e-02   1.51975191465198e-02   0.00000000000000e+00   8.20960698689956e-01 
 -1.19944130326928e-02   1.55402392911742e-02   0.00000000000000e+00   8.23144104803493e-01 
 -1.19616840296449e-02   1.58771621370608e-02   0.00000000000000e+00   8.25327510917030e-01 
 -1.19088827736363e-02   1.62062429554617e-02   0.00000000000000e+00   8.27510917030568e-01 
 -1.18382614016699e-02   1.65254370176589e-02   0.00000000000000e+00   8.29694323144105e-01 
 -1.17520720507482e-02   1.68326995949344e-02   0.00000000000000e+00   8.31877729257642e-01 
 -1.16525668578741e-02   1.71259859585700e-02   0.00000000000000e+00   8.34061135371179e-01 
 -1.15419979600501e-02   1.74032513798477e-02   0.00000000000000e+00   8.36244541484716e-01 
 -1.14224583944882e-02   1.76626930481739e-02   0.00000000000000e+00   8.38427947598253e-01 
 -1.12941116053658e-02   1.79054421827581e-02   0.00000000000000e+00   8.40611353711790e-01 
 -1.11560002004402e-02   1.81345638174014e-02   0.00000000000000e+00   8.42794759825327e-01 
 -1.10091049661051e-02   1.83529351746199e-02   0.00000000000000e+00   8.44978165938865e-01 
 -1.08557034985700e-02   1.85632859519631e-02   0.00000000000000e+00   8.47161572052402e-01 
 -1.06980964624462e-02   1.87683432227206e-02   0.00000000000000e+00   8.49344978165939e-01 
 -1.05379500284018e-02   1.89704227555727e-02   0.00000000000000e+00   8.51528384279476e-01 
 -1.03734767764481e-02   1.91696015622003e-02   0.00000000000000e+00   8.53711790393013e-01 
 -1.02017199366498e-02   1.93651986344034e-02   0.00000000000000e+00   8.55895196506550e-01 
 -1.00197218071266e-02   1.95565323598575e-02   0.00000000000000e+00   8.58078602620087e-01 
 -9.82452468599836e-03   1.97429211262386e-02   0.00000000000000e+00   8.60262008733624e-01 
 -9.61403197948144e-03   1.99238103934808e-02   0.00000000000000e+00   8.62445414847162e-01 
 -9.38988782921755e-03   2.00991976354893e-02   0.00000000000000e+00   8.64628820960699e-01 
 -9.15475189962762e-03   2.02692301851401e-02   0.00000000000000e+00   8.66812227074236e-01 
 -8.91128387459403e-03   2.04340553781811e-02   0.00000000000000e+00   8.68995633187773e-01 
 -8.66214343799911e-03   2.05938205503602e-02   0.00000000000000e+00   8.71179039301310e-01 
 -8.40999027372523e-03   2.07486730374255e-02   0.00000000000000e+00   8.73362445414847e-01 
 -8.15748700048443e-03   2.08986700345620e-02   0.00000000000000e+00   8.75545851528384e-01 
 -7.90763810119792e-03   2.10333686959451e-02   0.00000000000000e+00   8.77729257641921e-01 
 -7.66393273208912e-03   2.11236608082558e-02   0.00000000000000e+00   8.79912663755459e-01 
 -7.42685357762960e-03   2.11651910002337e-02   0.00000000000000e+00   8.82096069868996e-01 
 -7.19422451035355e-03   2.11769399061441e-02   0.00000000000000e+00   8.84279475982533e-01 
 -6.96378214391725e-03   2.11786540187287e-02   0.00000000000000e+00   8.86462882096070e-01 
 -6.73425255179683e-03   2.11861576170447e-02   0.00000000000000e+00   8.88646288209607e-01 
 -6.50896281219446e-03   2.11970366208596e-02   0.00000000000000e+00   8.90829694323144e-01 
 -6.29257634665120e-03   2.12035796917548e-02   0.00000000000000e+00   8.93013100436681e-01 
 -6.08975672205525e-03   2.11980749151564e-02   0.00000000000000e+00   8.95196506550218e-01 
 -5.90516750529486e-03   2.11728103764904e-02   0.00000000000000e+00   8.97379912663755e-01 
 -5.74216328279019e-03   2.11220904461808e-02   0.00000000000000e+00   8.99563318777293e-01 
 -5.59478011327652e-03   2.10545734226446e-02   0.00000000000000e+00   9.01746724890830e-01 
 -5.45526033901905e-03   2.09818358910472e-02   0.00000000000000e+00   9.03930131004367e-01 
 -5.32230194109371e-03   2.09059574345692e-02   0.00000000000000e+00   9.06113537117904e-01 
 -5.19575974841488e-03   2.08273155750326e-02   0.00000000000000e+00   9.08296943231441e-01 
 -5.07548858989696e-03   2.07462878342589e-02   0.00000000000000e+00   9.10480349344978e-01 
 -4.96134329445437e-03   2.06632517340700e-02   0.00000000000000e+00   9.12663755458515e-01 
 -4.85317869100149e-03   2.05785847962875e-02   0.00000000000000e+00   9.14847161572052e-01 
 -4.75084960845272e-03   2.04926645427332e-02   0.00000000000000e+00   9.17030567685589e-01 
 -4.65421087572246e-03   2.04058684952287e-02   0.00000000000000e+00   9.19213973799127e-01 
 -4.56311732172512e-03   2.03185741755960e-02   0.00000000000000e+00   9.21397379912664e-01 
 -4.47742377537508e-03   2.02311591056566e-02   0.00000000000000e+00   9.23580786026201e-01 
 -4.39698506558674e-03   2.01440008072322e-02   0.00000000000000e+00   9.25764192139738e-01 
 -4.32165602127451e-03   2.00574768021447e-02   0.00000000000000e+00   9.27947598253275e-01 
 -4.25129147135279e-03   1.99719646122158e-02   0.00000000000000e+00   9.30131004366812e-01 
 -4.18574624473596e-03   1.98878417592671e-02   0.00000000000000e+00   9.32314410480349e-01 
 -4.12487517033843e-03   1.98054857651204e-02   0.00000000000000e+00   9.34497816593886e-01 
 -4.06853307707460e-03   1.97252741515974e-02   0.00000000000000e+00   9.36681222707423e-01 
 -4.01657479385887e-03   1.96475844405199e-02   0.00000000000000e+00   9.38864628820961e-01 
 -3.96885514960563e-03   1.95727941537095e-02   0.00000000000000e+00   9.41048034934498e-01 
 -3.92466373718237e-03   1.95015897593723e-02   0.00000000000000e+00   9.43231441048035e-01 
 -3.86931474662229e-03   1.94409525068751e-02   0.00000000000000e+00   9.45414847161572e-01 
 -3.79838060608344e-03   1.93821405452145e-02   0.00000000000000e+00   9.47598253275109e-01 
 -3.72034766191309e-03   1.93181450107742e-02   0.00000000000000e+00   9.49781659388646e-01 
 -3.64284051011191e-03   1.92534169660150e-02   0.00000000000000e+00   9.51965065502183e-01 
 -3.57135202821783e-03   1.91914159128830e-02   0.00000000000000e+00   9.54148471615720e-01 
 -3.50546141503076e-03   1.91319693144059e-02   0.00000000000000e+00   9.56331877729258e-01 
 -3.44387364057078e-03   1.90743747253464e-02   0.00000000000000e+00   9.58515283842795e-01 
 -3.38618844418725e-03   1.90185195691696e-02   0.00000000000000e+00   9.60698689956332e-01 
 -3.33232434856669e-03   1.89645014244132e-02   0.00000000000000e+00   9.62882096069869e-01 
 -3.28220026639565e-03   1.89124181267190e-02   0.00000000000000e+00   9.65065502183406e-01 
 -3.23573511036068e-03   1.88623675117289e-02   0.00000000000000e+00   9.67248908296943e-01 
 -3.19284779314835e-03   1.88144474150847e-02   0.00000000000000e+00   9.69432314410480e-01 
 -3.15345722744521e-03   1.87687556724281e-02   0.00000000000000e+00   9.71615720524017e-01 
 -3.11748232593780e-03   1.87253901194011e-02   0.00000000000000e+00   9.73799126637555e-01 
 -3.08484200131269e-03   1.86844485916453e-02   0.00000000000000e+00   9.75982532751092e-01 
 -3.05545516625644e-03   1.86460289248026e-02   0.00000000000000e+00   9.78165938864629e-01 
 -3.02924073345558e-03   1.86102289545149e-02   0.00000000000000e+00   9.80349344978166e-01 
 -3.00610186153492e-03   1.85771398823864e-02   0.00000000000000e+00   9.82532751091703e-01 
 -2.98584341040653e-03   1.85468115164211e-02   0.00000000000000e+00   9.84716157205240e-01 
 -2.96823239606125e-03   1.85192777285426e-02   0.00000000000000e+00   9.86899563318777e-01 
 -2.95303575501724e-03   1.84945723572088e-02   0.00000000000000e+00   9.89082969432314e-01 
 -2.94003132004942e-03   1.84727328474290e-02   0.00000000000000e+00   9.91266375545852e-01 
 -2.92920829885630e-03   1.84538666071917e-02   0.00000000000000e+00   9.93449781659389e-01 
 -2.92068812768701e-03   1.84381200137856e-02   0.00000000000000e+00   9.95633187772926e-01 
 -2.91427292362074e-03   1.84255074068783e-02   0.00000000000000e+00   9.97816593886463e-01 
 -2.90965338373799e-03   1.84159972496970e-02   0.00000000000000e+00   1.00000000000000e+00 
