 -2.90949568545124e-03  -1.84159682226139e-02   0.00000000000000e+00   0.00000000000000e+00 
 -2.91388781302557e-03  -1.84245411464430e-02   0.00000000000000e+00   2.18340611353712e-03 
 -2.92015349423734e-03  -1.84367317744675e-02   0.00000000000000e+00   4.36681222707424e-03 
 -2.92844486527113e-03  -1.84524055145224e-02   0.00000000000000e+00   6.55021834061135e-03 
 -2.93891406231153e-03  -1.84714277744425e-02   0.00000000000000e+00   8.73362445414847e-03 
 -2.95171322154313e-03  -1.84936639620628e-02   0.00000000000000e+00   1.09170305676856e-02 
 -2.96699447915050e-03  -1.85189794852179e-02   0.00000000000000e+00   1.31004366812227e-02 
 -2.98490997131823e-03  -1.85472397517429e-02   0.00000000000000e+00   1.52838427947598e-02 
 -3.00561183423091e-03  -1.85783101694726e-02   0.00000000000000e+00   1.74672489082969e-02 
 -3.02925220407312e-03  -1.86120561462420e-02   0.00000000000000e+00   1.96506550218341e-02 
 -3.05598321702944e-03  -1.86483430898857e-02   0.00000000000000e+00   2.18340611353712e-02 
 -3.08595700928446e-03  -1.86870364082388e-02   0.00000000000000e+00   2.40174672489083e-02 
 -3.11932571702276e-03  -1.87280015091361e-02   0.00000000000000e+00   2.62008733624454e-02 
 -3.15624147642893e-03  -1.87711038004125e-02   0.00000000000000e+00   2.83842794759825e-02 
 -3.19685642368755e-03  -1.88162086899029e-02   0.00000000000000e+00   3.05676855895196e-02 
 -3.24129565964967e-03  -1.88631908235142e-02   0.00000000000000e+00   3.27510917030568e-02 
 -3.28939262449438e-03  -1.89120245086691e-02   0.00000000000000e+00   3.49344978165939e-02 
 -3.34080280456370e-03  -1.89627448602658e-02   0.00000000000000e+00   3.71179039301310e-02 
 -3.39517914719386e-03  -1.90153878607898e-02   0.00000000000000e+00   3.93013100436681e-02 
 -3.45217459972109e-03  -1.90699894927268e-02   0.00000000000000e+00   4.14847161572052e-02 
 -3.51144210948162e-03  -1.91265857385624e-02   0.00000000000000e+00   4.36681222707424e-02 
 -3.57263462381168e-03  -1.91852125807823e-02   0.00000000000000e+00   4.58515283842795e-02 
 -3.63540509004751e-03  -1.92459060018720e-02   0.00000000000000e+00   4.80349344978166e-02 
 -3.69940645552533e-03  -1.93087019843172e-02   0.00000000000000e+00   5.02183406113537e-02 
 -3.76429166758137e-03  -1.93736365106035e-02   0.00000000000000e+00   5.24017467248908e-02 
 -3.82971367355187e-03  -1.94407455632166e-02   0.00000000000000e+00   5.45851528384279e-02 
 -3.89532542077306e-03  -1.95100651246420e-02   0.00000000000000e+00   5.67685589519651e-02 
 -3.96077985658117e-03  -1.95816311773654e-02   0.00000000000000e+00   5.89519650655022e-02 
 -4.02572992831242e-03  -1.96554797038725e-02   0.00000000000000e+00   6.11353711790393e-02 
 -4.08983929397520e-03  -1.97316440721580e-02   0.00000000000000e+00   6.33187772925764e-02 
 -4.15325676535665e-03  -1.98100392234654e-02   0.00000000000000e+00   6.55021834061135e-02 
 -4.21680433982254e-03  -1.98904157734478e-02   0.00000000000000e+00   6.76855895196506e-02 
 -4.28135360118369e-03  -1.99725122336340e-02   0.00000000000000e+00   6.98689956331878e-02 
 -4.34777613325096e-03  -2.00560671155530e-02   0.00000000000000e+00   7.20524017467249e-02 
 -4.41694351983517e-03  -2.01408189307336e-02   0.00000000000000e+00   7.42358078602620e-02 
 -4.48972734474718e-03  -2.02265061907047e-02   0.00000000000000e+00   7.64192139737991e-02 
 -4.56699919179781e-03  -2.03128674069952e-02   0.00000000000000e+00   7.86026200873362e-02 
 -4.64963064479792e-03  -2.03996410911340e-02   0.00000000000000e+00   8.07860262008734e-02 
 -4.73849328755833e-03  -2.04865657546500e-02   0.00000000000000e+00   8.29694323144105e-02 
 -4.83445870388990e-03  -2.05733799090720e-02   0.00000000000000e+00   8.51528384279476e-02 
 -4.93839847760345e-03  -2.06598220659289e-02   0.00000000000000e+00   8.73362445414847e-02 
 -5.05118419250984e-03  -2.07456307367496e-02   0.00000000000000e+00   8.95196506550218e-02 
 -5.17368743241990e-03  -2.08305444330631e-02   0.00000000000000e+00   9.17030567685589e-02 
 -5.30677968637595e-03  -2.09143014061246e-02   0.00000000000000e+00   9.38864628820961e-02 
 -5.45086722478113e-03  -2.09953622248617e-02   0.00000000000000e+00   9.60698689956332e-02 
 -5.60481244416378e-03  -2.10679473435543e-02   0.00000000000000e+00   9.82532751091703e-02 
 -5.76715789731479e-03  -2.11253987936144e-02   0.00000000000000e+00   1.00436681222707e-01 
 -5.93654182660297e-03  -2.11613730084368e-02   0.00000000000000e+00   1.02620087336245e-01 
 -6.11397363008255e-03  -2.11773171972166e-02   0.00000000000000e+00   1.04803493449782e-01 
 -6.30293251577450e-03  -2.11827934878943e-02   0.00000000000000e+00   1.06986899563319e-01 
 -6.50701312241254e-03  -2.11877432727538e-02   0.00000000000000e+00   1.09170305676856e-01 
 -6.72859221370539e-03  -2.11992073028686e-02   0.00000000000000e+00   1.11353711790393e-01 
 -6.96358366127474e-03  -2.12088335092435e-02   0.00000000000000e+00   1.13537117903930e-01 
 -7.20576574851832e-03  -2.12031834428498e-02   0.00000000000000e+00   1.15720524017467e-01 
 -7.44896535788153e-03  -2.11689342597613e-02   0.00000000000000e+00   1.17903930131004e-01 
 -7.69012173982289e-03  -2.11001669186198e-02   0.00000000000000e+00   1.20087336244541e-01 
 -7.93106594417307e-03  -2.10025991500033e-02   0.00000000000000e+00   1.22270742358079e-01 
 -8.17405782546020e-03  -2.08829687390936e-02   0.00000000000000e+00   1.24454148471616e-01 
 -8.42097670234047e-03  -2.07476346958882e-02   0.00000000000000e+00   1.26637554585153e-01 
 -8.67038982199199e-03  -2.05996592834128e-02   0.00000000000000e+00   1.28820960698690e-01 
 -8.91915906712969e-03  -2.04404072907200e-02   0.00000000000000e+00   1.31004366812227e-01 
 -9.16413222654730e-03  -2.02712294781519e-02   0.00000000000000e+00   1.33187772925764e-01 
 -9.40215708903859e-03  -2.00934766060506e-02   0.00000000000000e+00   1.35371179039301e-01 
 -9.63008144339729e-03  -1.99084994347583e-02   0.00000000000000e+00   1.37554585152838e-01 
 -9.84475307841717e-03  -1.97176487246170e-02   0.00000000000000e+00   1.39737991266376e-01 
 -1.00432428881798e-02  -1.95223367122850e-02   0.00000000000000e+00   1.41921397379913e-01 
 -1.02260441348769e-02  -1.93249186626459e-02   0.00000000000000e+00   1.44104803493450e-01 
 -1.03963282874488e-02  -1.91284878162998e-02   0.00000000000000e+00   1.46288209606987e-01 
 -1.05573382762418e-02  -1.89361570977963e-02   0.00000000000000e+00   1.48471615720524e-01 
 -1.07119753496038e-02  -1.87489872325786e-02   0.00000000000000e+00   1.50655021834061e-01 
 -1.08618365971977e-02  -1.85602059513727e-02   0.00000000000000e+00   1.52838427947598e-01 
 -1.10082080015290e-02  -1.83611724233964e-02   0.00000000000000e+00   1.55021834061135e-01 
 -1.11523176044370e-02  -1.81434076854326e-02   0.00000000000000e+00   1.57205240174672e-01 
 -1.12935699215488e-02  -1.79035271193529e-02   0.00000000000000e+00   1.59388646288210e-01 
 -1.14292226232270e-02  -1.76441437014460e-02   0.00000000000000e+00   1.61572052401747e-01 
 -1.15564102348030e-02  -1.73682144355662e-02   0.00000000000000e+00   1.63755458515284e-01 
 -1.16722672816084e-02  -1.70786963255678e-02   0.00000000000000e+00   1.65938864628821e-01 
 -1.17739282889747e-02  -1.67785463753049e-02   0.00000000000000e+00   1.68122270742358e-01 
 -1.18585277822334e-02  -1.64707215886319e-02   0.00000000000000e+00   1.70305676855895e-01 
 -1.19232165546214e-02  -1.61581759347501e-02   0.00000000000000e+00   1.72489082969432e-01 
 -1.19666183254175e-02  -1.58435886198075e-02   0.00000000000000e+00   1.74672489082969e-01 
 -1.19899834892377e-02  -1.55291488638190e-02   0.00000000000000e+00   1.76855895196507e-01 
 -1.19948339518134e-02  -1.52169952384840e-02   0.00000000000000e+00   1.79039301310044e-01 
 -1.19826916188758e-02  -1.49092663155018e-02   0.00000000000000e+00   1.81222707423581e-01 
 -1.19550783961562e-02  -1.46081006665718e-02   0.00000000000000e+00   1.83406113537118e-01 
 -1.19135161893857e-02  -1.43156368633932e-02   0.00000000000000e+00   1.85589519650655e-01 
 -1.18595266133666e-02  -1.40340126608263e-02   0.00000000000000e+00   1.87772925764192e-01 
 -1.17944203593652e-02  -1.37647736052513e-02   0.00000000000000e+00   1.89956331877729e-01 
 -1.17189253878308e-02  -1.35078291139662e-02   0.00000000000000e+00   1.92139737991266e-01 
 -1.16336698705604e-02  -1.32628084283952e-02   0.00000000000000e+00   1.94323144104803e-01 
 -1.15392819793510e-02  -1.30293407899624e-02   0.00000000000000e+00   1.96506550218341e-01 
 -1.14363898859997e-02  -1.28070554400919e-02   0.00000000000000e+00   1.98689956331878e-01 
 -1.13256217623034e-02  -1.25955816202079e-02   0.00000000000000e+00   2.00873362445415e-01 
 -1.12076057800594e-02  -1.23945485717346e-02   0.00000000000000e+00   2.03056768558952e-01 
 -1.10829701110645e-02  -1.22035855360959e-02   0.00000000000000e+00   2.05240174672489e-01 
 -1.09523429271159e-02  -1.20223217547162e-02   0.00000000000000e+00   2.07423580786026e-01 
 -1.08163524000106e-02  -1.18503864690195e-02   0.00000000000000e+00   2.09606986899563e-01 
 -1.06756267015456e-02  -1.16874089204300e-02   0.00000000000000e+00   2.11790393013100e-01 
 -1.05307940035181e-02  -1.15330183503718e-02   0.00000000000000e+00   2.13973799126638e-01 
 -1.03824824777249e-02  -1.13868440002690e-02   0.00000000000000e+00   2.16157205240175e-01 
 -1.02313202959632e-02  -1.12485151115458e-02   0.00000000000000e+00   2.18340611353712e-01 
 -1.00778912547342e-02  -1.11176671629057e-02   0.00000000000000e+00   2.20524017467249e-01 
 -9.92246403948319e-03  -1.09939799242653e-02   0.00000000000000e+00   2.22707423580786e-01 
 -9.76517097806687e-03  -1.08771523316189e-02   0.00000000000000e+00   2.24890829694323e-01 
 -9.60614385299241e-03  -1.07668833976140e-02   0.00000000000000e+00   2.27074235807860e-01 
 -9.44551444676697e-03  -1.06628721348979e-02   0.00000000000000e+00   2.29257641921397e-01 
 -9.28341454189772e-03  -1.05648175561179e-02   0.00000000000000e+00   2.31441048034934e-01 
 -9.11997592089183e-03  -1.04724186739215e-02   0.00000000000000e+00   2.33624454148472e-01 
 -8.95533036625647e-03  -1.03853745009560e-02   0.00000000000000e+00   2.35807860262009e-01 
 -8.78960966049878e-03  -1.03033840498687e-02   0.00000000000000e+00   2.37991266375546e-01 
 -8.62294558612595e-03  -1.02261463333069e-02   0.00000000000000e+00   2.40174672489083e-01 
 -8.45546992564513e-03  -1.01533603639182e-02   0.00000000000000e+00   2.42358078602620e-01 
 -8.28731446156349e-03  -1.00847251543497e-02   0.00000000000000e+00   2.44541484716157e-01 
 -8.11861097638819e-03  -1.00199397172490e-02   0.00000000000000e+00   2.46724890829694e-01 
 -7.94949125262640e-03  -9.95870306526322e-03   0.00000000000000e+00   2.48908296943231e-01 
 -7.78008636984810e-03  -9.90071426881227e-03   0.00000000000000e+00   2.51091703056769e-01 
 -7.61051124006793e-03  -9.84567372708101e-03   0.00000000000000e+00   2.53275109170306e-01 
 -7.44086460774522e-03  -9.79328316801950e-03   0.00000000000000e+00   2.55458515283843e-01 
 -7.27124451440209e-03  -9.74324437735019e-03   0.00000000000000e+00   2.57641921397380e-01 
 -7.10174900156068e-03  -9.69525914079552e-03   0.00000000000000e+00   2.59825327510917e-01 
 -6.93247611074312e-03  -9.64902924407795e-03   0.00000000000000e+00   2.62008733624454e-01 
 -6.76352388347154e-03  -9.60425647291993e-03   0.00000000000000e+00   2.64192139737991e-01 
 -6.59499036126808e-03  -9.56064261304390e-03   0.00000000000000e+00   2.66375545851528e-01 
 -6.42697358565488e-03  -9.51788945017232e-03   0.00000000000000e+00   2.68558951965065e-01 
 -6.25957159815404e-03  -9.47569877002764e-03   0.00000000000000e+00   2.70742358078603e-01 
 -6.09288244028772e-03  -9.43377235833231e-03   0.00000000000000e+00   2.72925764192140e-01 
 -5.92700415357805e-03  -9.39181200080877e-03   0.00000000000000e+00   2.75109170305677e-01 
 -5.76203477954715e-03  -9.34951948317948e-03   0.00000000000000e+00   2.77292576419214e-01 
 -5.59807235971716e-03  -9.30659659116688e-03   0.00000000000000e+00   2.79475982532751e-01 
 -5.43521493561021e-03  -9.26274511049344e-03   0.00000000000000e+00   2.81659388646288e-01 
 -5.27356054874844e-03  -9.21766682688159e-03   0.00000000000000e+00   2.83842794759825e-01 
 -5.11320724065397e-03  -9.17106352605379e-03   0.00000000000000e+00   2.86026200873362e-01 
 -4.95425305284894e-03  -9.12263699373249e-03   0.00000000000000e+00   2.88209606986900e-01 
 -4.79679602685548e-03  -9.07208901564013e-03   0.00000000000000e+00   2.90393013100437e-01 
 -4.64093420419572e-03  -9.01912137749917e-03   0.00000000000000e+00   2.92576419213974e-01 
 -4.48676562639180e-03  -8.96343586503206e-03   0.00000000000000e+00   2.94759825327511e-01 
 -4.33438833496585e-03  -8.90473426396125e-03   0.00000000000000e+00   2.96943231441048e-01 
 -4.18390037143999e-03  -8.84271836000919e-03   0.00000000000000e+00   2.99126637554585e-01 
 -4.03539977733637e-03  -8.77708993889832e-03   0.00000000000000e+00   3.01310043668122e-01 
 -3.88898459417711e-03  -8.70755078635111e-03   0.00000000000000e+00   3.03493449781659e-01 
 -3.74475286348434e-03  -8.63380268808999e-03   0.00000000000000e+00   3.05676855895196e-01 
 -3.60280262678021e-03  -8.55554742983742e-03   0.00000000000000e+00   3.07860262008734e-01 
 -3.46323192558683e-03  -8.47248679731584e-03   0.00000000000000e+00   3.10043668122271e-01 
 -3.32613880142635e-03  -8.38432257624772e-03   0.00000000000000e+00   3.12227074235808e-01 
 -3.19159577655277e-03  -8.29088380646735e-03   0.00000000000000e+00   3.14410480349345e-01 
 -3.05952634962224e-03  -8.19274264730186e-03   0.00000000000000e+00   3.16593886462882e-01 
 -2.92980007914691e-03  -8.09074023542850e-03   0.00000000000000e+00   3.18777292576419e-01 
 -2.80228644923875e-03  -7.98571807852778e-03   0.00000000000000e+00   3.20960698689956e-01 
 -2.67685494400969e-03  -7.87851768428019e-03   0.00000000000000e+00   3.23144104803493e-01 
 -2.55337504757171e-03  -7.76998056036622e-03   0.00000000000000e+00   3.25327510917031e-01 
 -2.43171624403676e-03  -7.66094821446638e-03   0.00000000000000e+00   3.27510917030568e-01 
 -2.31174801751678e-03  -7.55226215426115e-03   0.00000000000000e+00   3.29694323144105e-01 
 -2.19333985212373e-03  -7.44476388743104e-03   0.00000000000000e+00   3.31877729257642e-01 
 -2.07636123196957e-03  -7.33929492165655e-03   0.00000000000000e+00   3.34061135371179e-01 
 -1.96068164116625e-03  -7.23669676461816e-03   0.00000000000000e+00   3.36244541484716e-01 
 -1.84617056382573e-03  -7.13781092399638e-03   0.00000000000000e+00   3.38427947598253e-01 
 -1.73269748405995e-03  -7.04347890747170e-03   0.00000000000000e+00   3.40611353711790e-01 
 -1.62013188598088e-03  -6.95454222272462e-03   0.00000000000000e+00   3.42794759825327e-01 
 -1.50836730783880e-03  -6.87173862912323e-03   0.00000000000000e+00   3.44978165938865e-01 
 -1.39771663499515e-03  -6.79399719289115e-03   0.00000000000000e+00   3.47161572052402e-01 
 -1.28884894543591e-03  -6.71871067979603e-03   0.00000000000000e+00   3.49344978165939e-01 
 -1.18244463480059e-03  -6.64322304124181e-03   0.00000000000000e+00   3.51528384279476e-01 
 -1.07918409872873e-03  -6.56487822863242e-03   0.00000000000000e+00   3.53711790393013e-01 
 -9.79747732859859e-04  -6.48102019337180e-03   0.00000000000000e+00   3.55895196506550e-01 
 -8.84815932833502e-04  -6.38899288686389e-03   0.00000000000000e+00   3.58078602620087e-01 
 -7.95266384489990e-04  -6.28620120210356e-03   0.00000000000000e+00   3.60262008733624e-01 
 -7.19370621308872e-04  -6.17233394094942e-03   0.00000000000000e+00   3.62445414847162e-01 
 -6.74848464651944e-04  -6.04999841663521e-03   0.00000000000000e+00   3.64628820960699e-01 
 -6.80035672834709e-04  -5.92199220109851e-03   0.00000000000000e+00   3.66812227074236e-01 
 -7.49714108386198e-04  -5.79137509971683e-03   0.00000000000000e+00   3.68995633187773e-01 
 -8.74648543752677e-04  -5.66297908129851e-03   0.00000000000000e+00   3.71179039301310e-01 
 -1.03566011439315e-03  -5.54236983175824e-03   0.00000000000000e+00   3.73362445414847e-01 
 -1.21358521775257e-03  -5.43509553887610e-03   0.00000000000000e+00   3.75545851528384e-01 
 -1.39495145724125e-03  -5.34430343929948e-03   0.00000000000000e+00   3.77729257641921e-01 
 -1.57733960488000e-03  -5.26847776540973e-03   0.00000000000000e+00   3.79912663755459e-01 
 -1.75960037121081e-03  -5.20556700016194e-03   0.00000000000000e+00   3.82096069868996e-01 
 -1.94058446677567e-03  -5.15351962651116e-03   0.00000000000000e+00   3.84279475982533e-01 
 -2.11914260211660e-03  -5.11028412741248e-03   0.00000000000000e+00   3.86462882096070e-01 
 -2.29412548777558e-03  -5.07380898582094e-03   0.00000000000000e+00   3.88646288209607e-01 
 -2.46438409402723e-03  -5.04204291996052e-03   0.00000000000000e+00   3.90829694323144e-01 
 -2.62918079797720e-03  -5.01330730526474e-03   0.00000000000000e+00   3.93013100436681e-01 
 -2.78902300979655e-03  -4.98705128295270e-03   0.00000000000000e+00   3.95196506550218e-01 
 -2.94465275515901e-03  -4.96293651176128e-03   0.00000000000000e+00   3.97379912663755e-01 
 -3.09681205973828e-03  -4.94062465042737e-03   0.00000000000000e+00   3.99563318777293e-01 
 -3.24624294920811e-03  -4.91977735768788e-03   0.00000000000000e+00   4.01746724890830e-01 
 -3.39368744924221e-03  -4.90005629227968e-03   0.00000000000000e+00   4.03930131004367e-01 
 -3.53988758551430e-03  -4.88112311293969e-03   0.00000000000000e+00   4.06113537117904e-01 
 -3.68549612403953e-03  -4.86263037450094e-03   0.00000000000000e+00   4.08296943231441e-01 
 -3.83073497776701e-03  -4.84418668758980e-03   0.00000000000000e+00   4.10480349344978e-01 
 -3.97569622981947e-03  -4.82538742103591e-03   0.00000000000000e+00   4.12663755458515e-01 
 -4.12047193687235e-03  -4.80582794097144e-03   0.00000000000000e+00   4.14847161572052e-01 
 -4.26515415560110e-03  -4.78510361352858e-03   0.00000000000000e+00   4.17030567685589e-01 
 -4.40983494268115e-03  -4.76280980483951e-03   0.00000000000000e+00   4.19213973799127e-01 
 -4.55460635478793e-03  -4.73854188103641e-03   0.00000000000000e+00   4.21397379912664e-01 
 -4.69956044859689e-03  -4.71189520825146e-03   0.00000000000000e+00   4.23580786026201e-01 
 -4.84478928078346e-03  -4.68246515261684e-03   0.00000000000000e+00   4.25764192139738e-01 
 -4.99038490802308e-03  -4.64984708026472e-03   0.00000000000000e+00   4.27947598253275e-01 
 -5.13643938699118e-03  -4.61363635732730e-03   0.00000000000000e+00   4.30131004366812e-01 
 -5.28304477436321e-03  -4.57342834993675e-03   0.00000000000000e+00   4.32314410480349e-01 
 -5.43029312681460e-03  -4.52881842422525e-03   0.00000000000000e+00   4.34497816593886e-01 
 -5.57827650102079e-03  -4.47940194632499e-03   0.00000000000000e+00   4.36681222707424e-01 
 -5.72707461943699e-03  -4.42478462475934e-03   0.00000000000000e+00   4.38864628820961e-01 
 -5.87659975514443e-03  -4.36471257635474e-03   0.00000000000000e+00   4.41048034934498e-01 
 -6.02664350321356e-03  -4.29903310789320e-03   0.00000000000000e+00   4.43231441048035e-01 
 -6.17699479452325e-03  -4.22759576011322e-03   0.00000000000000e+00   4.45414847161572e-01 
 -6.32744255995238e-03  -4.15025007375331e-03   0.00000000000000e+00   4.47598253275109e-01 
 -6.47777573037982e-03  -4.06684558955197e-03   0.00000000000000e+00   4.49781659388646e-01 
 -6.62778323668442e-03  -3.97723184824772e-03   0.00000000000000e+00   4.51965065502183e-01 
 -6.77725400974507e-03  -3.88125839057906e-03   0.00000000000000e+00   4.54148471615720e-01 
 -6.92597698044065e-03  -3.77877475728449e-03   0.00000000000000e+00   4.56331877729258e-01 
 -7.07374107965001e-03  -3.66963048910253e-03   0.00000000000000e+00   4.58515283842795e-01 
 -7.22033523825203e-03  -3.55367512677167e-03   0.00000000000000e+00   4.60698689956332e-01 
 -7.36554838712557e-03  -3.43075821103044e-03   0.00000000000000e+00   4.62882096069869e-01 
 -7.50916945714952e-03  -3.30072928261732e-03   0.00000000000000e+00   4.65065502183406e-01 
 -7.65098737920274e-03  -3.16343788227084e-03   0.00000000000000e+00   4.67248908296943e-01 
 -7.79079085489019e-03  -3.01873523230155e-03   0.00000000000000e+00   4.69432314410480e-01 
 -7.92835251646646e-03  -2.86659041304217e-03   0.00000000000000e+00   4.71615720524017e-01 
 -8.06341865903269e-03  -2.70716567037043e-03   0.00000000000000e+00   4.73799126637555e-01 
 -8.19573313638130e-03  -2.54064115554333e-03   0.00000000000000e+00   4.75982532751092e-01 
 -8.32503980230475e-03  -2.36719701981784e-03   0.00000000000000e+00   4.78165938864629e-01 
 -8.45108251059548e-03  -2.18701341445093e-03   0.00000000000000e+00   4.80349344978166e-01 
 -8.57360511504593e-03  -2.00027049069960e-03   0.00000000000000e+00   4.82532751091703e-01 
 -8.69234813992152e-03  -1.80714308103727e-03   0.00000000000000e+00   4.84716157205240e-01 
 -8.80571622333623e-03  -1.60567199432603e-03   0.00000000000000e+00   4.86899563318777e-01 
 -8.90874060653005e-03  -1.38850917558521e-03   0.00000000000000e+00   4.89082969432314e-01 
 -8.99592825009937e-03  -1.14746905290111e-03   0.00000000000000e+00   4.91266375545852e-01 
 -9.06200806303182e-03  -8.75095001857127e-04   0.00000000000000e+00   4.93449781659389e-01 
 -9.10533567419331e-03  -5.75841673280123e-04   0.00000000000000e+00   4.95633187772926e-01 
 -9.12722368302202e-03  -2.63875328365173e-04   0.00000000000000e+00   4.97816593886463e-01 
 -9.12907093478920e-03   4.63545135720105e-05   0.00000000000000e+00   5.00000000000000e-01 
 -9.11225331545022e-03   3.42919851704613e-04   0.00000000000000e+00   5.02183406113537e-01 
 -9.07805487369684e-03   6.23978759161486e-04   0.00000000000000e+00   5.04366812227074e-01 
 -9.02773669890493e-03   8.90210827560339e-04   0.00000000000000e+00   5.06550218340611e-01 
 -8.96255988045035e-03   1.14229564851894e-03   0.00000000000000e+00   5.08733624454148e-01 
 -8.88378550770898e-03   1.38091281365500e-03   0.00000000000000e+00   5.10917030567686e-01 
 -8.79267467005666e-03   1.60674191458626e-03   0.00000000000000e+00   5.13100436681223e-01 
 -8.69048845686926e-03   1.82046254293049e-03   0.00000000000000e+00   5.15283842794760e-01 
 -8.57848795752266e-03   2.02275429030539e-03   0.00000000000000e+00   5.17467248908297e-01 
 -8.45793426139269e-03   2.21429674832873e-03   0.00000000000000e+00   5.19650655021834e-01 
 -8.33008845785525e-03   2.39576950861822e-03   0.00000000000000e+00   5.21834061135371e-01 
 -8.19621163628618e-03   2.56785216279163e-03   0.00000000000000e+00   5.24017467248908e-01 
 -8.05756488606136e-03   2.73122430246666e-03   0.00000000000000e+00   5.26200873362445e-01 
 -7.91540929655663e-03   2.88656551926108e-03   0.00000000000000e+00   5.28384279475983e-01 
 -7.77100595714788e-03   3.03455540479261e-03   0.00000000000000e+00   5.30567685589520e-01 
 -7.62555173945701e-03   3.17583844212645e-03   0.00000000000000e+00   5.32751091703057e-01 
 -7.47955072567766e-03   3.31068035872602e-03   0.00000000000000e+00   5.34934497816594e-01 
 -7.33308429947424e-03   3.43911578811869e-03   0.00000000000000e+00   5.37117903930131e-01 
 -7.18622781354255e-03   3.56117606663499e-03   0.00000000000000e+00   5.39301310043668e-01 
 -7.03905662057838e-03   3.67689253060539e-03   0.00000000000000e+00   5.41484716157205e-01 
 -6.89164607327752e-03   3.78629651636041e-03   0.00000000000000e+00   5.43668122270742e-01 
 -6.74407152433577e-03   3.88941936023054e-03   0.00000000000000e+00   5.45851528384279e-01 
 -6.59640832644890e-03   3.98629239854628e-03   0.00000000000000e+00   5.48034934497817e-01 
 -6.44873183231272e-03   4.07694696763812e-03   0.00000000000000e+00   5.50218340611354e-01 
 -6.30111739462302e-03   4.16141440383657e-03   0.00000000000000e+00   5.52401746724891e-01 
 -6.15364036607558e-03   4.23972604347213e-03   0.00000000000000e+00   5.54585152838428e-01 
 -6.00637609936620e-03   4.31191322287529e-03   0.00000000000000e+00   5.56768558951965e-01 
 -5.85939994719068e-03   4.37800727837655e-03   0.00000000000000e+00   5.58951965065502e-01 
 -5.71278726224479e-03   4.43803954630641e-03   0.00000000000000e+00   5.61135371179039e-01 
 -5.56661159774720e-03   4.49204550977862e-03   0.00000000000000e+00   5.63318777292576e-01 
 -5.42086499726723e-03   4.54024848582936e-03   0.00000000000000e+00   5.65502183406113e-01 
 -5.27542640390410e-03   4.58313242450085e-03   0.00000000000000e+00   5.67685589519651e-01 
 -5.13016642984440e-03   4.62120047390590e-03   0.00000000000000e+00   5.69868995633188e-01 
 -4.98495568727468e-03   4.65495578215729e-03   0.00000000000000e+00   5.72052401746725e-01 
 -4.83966478838154e-03   4.68490149736782e-03   0.00000000000000e+00   5.74235807860262e-01 
 -4.69416434535153e-03   4.71154076765030e-03   0.00000000000000e+00   5.76419213973799e-01 
 -4.54832497037126e-03   4.73537674111750e-03   0.00000000000000e+00   5.78602620087336e-01 
 -4.40201727562727e-03   4.75691256588224e-03   0.00000000000000e+00   5.80786026200873e-01 
 -4.25511187330616e-03   4.77665139005730e-03   0.00000000000000e+00   5.82969432314410e-01 
 -4.10747937559449e-03   4.79509636175548e-03   0.00000000000000e+00   5.85152838427948e-01 
 -3.95899039467884e-03   4.81275062908957e-03   0.00000000000000e+00   5.87336244541485e-01 
 -3.80951554274580e-03   4.83011734017238e-03   0.00000000000000e+00   5.89519650655022e-01 
 -3.65892543198192e-03   4.84769964311669e-03   0.00000000000000e+00   5.91703056768559e-01 
 -3.50709067457380e-03   4.86600068603531e-03   0.00000000000000e+00   5.93886462882096e-01 
 -3.35388188270799e-03   4.88552361704103e-03   0.00000000000000e+00   5.96069868995633e-01 
 -3.19916966857110e-03   4.90677158424663e-03   0.00000000000000e+00   5.98253275109170e-01 
 -3.04282464434967e-03   4.93024773576493e-03   0.00000000000000e+00   6.00436681222707e-01 
 -2.88471742223029e-03   4.95645521970871e-03   0.00000000000000e+00   6.02620087336245e-01 
 -2.72471861439954e-03   4.98589718419077e-03   0.00000000000000e+00   6.04803493449782e-01 
 -2.56269883304399e-03   5.01907677732391e-03   0.00000000000000e+00   6.06986899563319e-01 
 -2.39852869035023e-03   5.05649714722091e-03   0.00000000000000e+00   6.09170305676856e-01 
 -2.23207879850481e-03   5.09866144199459e-03   0.00000000000000e+00   6.11353711790393e-01 
 -2.06321976969432e-03   5.14607280975772e-03   0.00000000000000e+00   6.13537117903930e-01 
 -1.89182221610533e-03   5.19923439862312e-03   0.00000000000000e+00   6.15720524017467e-01 
 -1.71775674992443e-03   5.25864935670356e-03   0.00000000000000e+00   6.17903930131004e-01 
 -1.54089398333817e-03   5.32482083211186e-03   0.00000000000000e+00   6.20087336244541e-01 
 -1.36110452853315e-03   5.39825197296080e-03   0.00000000000000e+00   6.22270742358079e-01 
 -1.17825899769593e-03   5.47944592736318e-03   0.00000000000000e+00   6.24454148471616e-01 
 -9.94093073842125e-04   5.56931534879228e-03   0.00000000000000e+00   6.26637554585153e-01 
 -8.26575463869530e-04   5.67233710404410e-03   0.00000000000000e+00   6.28820960698690e-01 
 -7.02033155057863e-04   5.79482325060426e-03   0.00000000000000e+00   6.31004366812227e-01 
 -6.46807639692150e-04   5.94305314495179e-03   0.00000000000000e+00   6.33187772925764e-01 
 -6.70161602464169e-04   6.10832536983499e-03   0.00000000000000e+00   6.35371179039301e-01 
 -7.40352443887758e-04   6.24652545244612e-03   0.00000000000000e+00   6.37554585152838e-01 
 -8.30124750455938e-04   6.34141252933846e-03   0.00000000000000e+00   6.39737991266376e-01 
 -9.27030163395945e-04   6.42081432347557e-03   0.00000000000000e+00   6.41921397379913e-01 
 -1.02595664094674e-03   6.49898138825460e-03   0.00000000000000e+00   6.44104803493450e-01 
 -1.12672797949061e-03   6.57701297377467e-03   0.00000000000000e+00   6.46288209606987e-01 
 -1.22929967848870e-03   6.65565741361688e-03   0.00000000000000e+00   6.48471615720524e-01 
 -1.33362723740214e-03   6.73566304136231e-03   0.00000000000000e+00   6.50655021834061e-01 
 -1.43966615569204e-03   6.81777819059207e-03   0.00000000000000e+00   6.52838427947598e-01 
 -1.54737193281956e-03   6.90275119488723e-03   0.00000000000000e+00   6.55021834061135e-01 
 -1.65670076889428e-03   6.99131196180871e-03   0.00000000000000e+00   6.57205240174672e-01 
 -1.76763091504732e-03   7.08361048962321e-03   0.00000000000000e+00   6.59388646288210e-01 
 -1.88016658317236e-03   7.17911404688735e-03   0.00000000000000e+00   6.61572052401747e-01 
 -1.99431347429646e-03   7.27725074014985e-03   0.00000000000000e+00   6.63755458515284e-01 
 -2.11007728944666e-03   7.37744867595943e-03   0.00000000000000e+00   6.65938864628821e-01 
 -2.22746372965002e-03   7.47913596086480e-03   0.00000000000000e+00   6.68122270742358e-01 
 -2.34647849593359e-03   7.58174070141468e-03   0.00000000000000e+00   6.70305676855895e-01 
 -2.46712728932443e-03   7.68469100415778e-03   0.00000000000000e+00   6.72489082969432e-01 
 -2.58941581084958e-03   7.78741497564282e-03   0.00000000000000e+00   6.74672489082969e-01 
 -2.71334976153609e-03   7.88934072241851e-03   0.00000000000000e+00   6.76855895196506e-01 
 -2.83893484241103e-03   7.98989635103358e-03   0.00000000000000e+00   6.79039301310044e-01 
 -2.96617675450143e-03   8.08850996803672e-03   0.00000000000000e+00   6.81222707423581e-01 
 -3.09508119883437e-03   8.18460967997667e-03   0.00000000000000e+00   6.83406113537118e-01 
 -3.22565387643687e-03   8.27762359340213e-03   0.00000000000000e+00   6.85589519650655e-01 
 -3.35790050191067e-03   8.36698005220275e-03   0.00000000000000e+00   6.87772925764192e-01 
 -3.49183663149033e-03   8.45227947243103e-03   0.00000000000000e+00   6.89956331877729e-01 
 -3.62750501146646e-03   8.53359766399098e-03   0.00000000000000e+00   6.92139737991266e-01 
 -3.76495304424007e-03   8.61109184472019e-03   0.00000000000000e+00   6.94323144104803e-01 
 -3.90422813221222e-03   8.68491923245625e-03   0.00000000000000e+00   6.96506550218341e-01 
 -4.04537767778393e-03   8.75523704503678e-03   0.00000000000000e+00   6.98689956331878e-01 
 -4.18844908335623e-03   8.82220250029937e-03   0.00000000000000e+00   7.00873362445415e-01 
 -4.33348975133016e-03   8.88597281608162e-03   0.00000000000000e+00   7.03056768558952e-01 
 -4.48054708410675e-03   8.94670521022114e-03   0.00000000000000e+00   7.05240174672489e-01 
 -4.62966848408705e-03   9.00455690055552e-03   0.00000000000000e+00   7.07423580786026e-01 
 -4.78090135367206e-03   9.05968510492237e-03   0.00000000000000e+00   7.09606986899563e-01 
 -4.93429309526285e-03   9.11224704115929e-03   0.00000000000000e+00   7.11790393013100e-01 
 -5.08989111126043e-03   9.16239992710387e-03   0.00000000000000e+00   7.13973799126637e-01 
 -5.24774280406585e-03   9.21030098059372e-03   0.00000000000000e+00   7.16157205240175e-01 
 -5.40789557608012e-03   9.25610741946644e-03   0.00000000000000e+00   7.18340611353712e-01 
 -5.57037138213042e-03   9.29999849207310e-03   0.00000000000000e+00   7.20524017467249e-01 
 -5.73501147262875e-03   9.34230988647372e-03   0.00000000000000e+00   7.22707423580786e-01 
 -5.90157890200568e-03   9.38344498667572e-03   0.00000000000000e+00   7.24890829694323e-01 
 -6.06983641195420e-03   9.42380744743018e-03   0.00000000000000e+00   7.27074235807860e-01 
 -6.23954674416724e-03   9.46380092348820e-03   0.00000000000000e+00   7.29257641921397e-01 
 -6.41047264033781e-03   9.50382906960087e-03   0.00000000000000e+00   7.31441048034934e-01 
 -6.58237684215884e-03   9.54429554051928e-03   0.00000000000000e+00   7.33624454148472e-01 
 -6.75502209132335e-03   9.58560399099453e-03   0.00000000000000e+00   7.35807860262009e-01 
 -6.92817112952426e-03   9.62815807577770e-03   0.00000000000000e+00   7.37991266375546e-01 
 -7.10158669845457e-03   9.67236144961989e-03   0.00000000000000e+00   7.40174672489083e-01 
 -7.27503153980724e-03   9.71861776727218e-03   0.00000000000000e+00   7.42358078602620e-01 
 -7.44826839527525e-03   9.76733068348568e-03   0.00000000000000e+00   7.44541484716157e-01 
 -7.62106000655156e-03   9.81890385301147e-03   0.00000000000000e+00   7.46724890829694e-01 
 -7.79316911532914e-03   9.87374093060065e-03   0.00000000000000e+00   7.48908296943231e-01 
 -7.96436258229032e-03   9.93224122067607e-03   0.00000000000000e+00   7.51091703056769e-01 
 -8.13450200487227e-03   9.99470397011129e-03   0.00000000000000e+00   7.53275109170306e-01 
 -8.30354371726709e-03   1.00613283682306e-02   0.00000000000000e+00   7.55458515283843e-01 
 -8.47144817265619e-03   1.01323092540299e-02   0.00000000000000e+00   7.57641921397380e-01 
 -8.63817582422101e-03   1.02078414665053e-02   0.00000000000000e+00   7.59825327510917e-01 
 -8.80368712514294e-03   1.02881198446529e-02   0.00000000000000e+00   7.62008733624454e-01 
 -8.96794252860344e-03   1.03733392274686e-02   0.00000000000000e+00   7.64192139737991e-01 
 -9.13090248778389e-03   1.04636944539484e-02   0.00000000000000e+00   7.66375545851528e-01 
 -9.29252745586575e-03   1.05593803630884e-02   0.00000000000000e+00   7.68558951965066e-01 
 -9.45277788603043e-03   1.06605917938846e-02   0.00000000000000e+00   7.70742358078603e-01 
 -9.61161423145934e-03   1.07675235853330e-02   0.00000000000000e+00   7.72925764192140e-01 
 -9.76899694533392e-03   1.08803705764296e-02   0.00000000000000e+00   7.75109170305677e-01 
 -9.92488648083558e-03   1.09993276061705e-02   0.00000000000000e+00   7.77292576419214e-01 
 -1.00792432911457e-02   1.11245895135516e-02   0.00000000000000e+00   7.79475982532751e-01 
 -1.02320271041013e-02   1.12563514812089e-02   0.00000000000000e+00   7.81659388646288e-01 
 -1.03830162845500e-02   1.13948946144653e-02   0.00000000000000e+00   7.83842794759825e-01 
 -1.05315700825420e-02   1.15406985788336e-02   0.00000000000000e+00   7.86026200873362e-01 
 -1.06769887265773e-02   1.16942710019278e-02   0.00000000000000e+00   7.88209606986900e-01 
 -1.08185724451556e-02   1.18561195113615e-02   0.00000000000000e+00   7.90393013100437e-01 
 -1.09556214667768e-02   1.20267517347486e-02   0.00000000000000e+00   7.92576419213974e-01 
 -1.10874360199409e-02   1.22066752997030e-02   0.00000000000000e+00   7.94759825327511e-01 
 -1.12133163331475e-02   1.23963978338384e-02   0.00000000000000e+00   7.96943231441048e-01 
 -1.13325626348965e-02   1.25964269647687e-02   0.00000000000000e+00   7.99126637554585e-01 
 -1.14444751536878e-02   1.28072703201076e-02   0.00000000000000e+00   8.01310043668122e-01 
 -1.15483541180213e-02   1.30294355274691e-02   0.00000000000000e+00   8.03493449781659e-01 
 -1.16434997563967e-02   1.32634302144668e-02   0.00000000000000e+00   8.05676855895196e-01 
 -1.17292122973139e-02   1.35097620087147e-02   0.00000000000000e+00   8.07860262008734e-01 
 -1.18047919692727e-02   1.37689385378266e-02   0.00000000000000e+00   8.10043668122271e-01 
 -1.18695390007730e-02   1.40414674294162e-02   0.00000000000000e+00   8.12227074235808e-01 
 -1.19226715847567e-02   1.43274940276475e-02   0.00000000000000e+00   8.14410480349345e-01 
 -1.19629288552071e-02   1.46250480680838e-02   0.00000000000000e+00   8.16593886462882e-01 
 -1.19888765473337e-02   1.49313935268096e-02   0.00000000000000e+00   8.18777292576419e-01 
 -1.19990801571750e-02   1.52437933236898e-02   0.00000000000000e+00   8.20960698689956e-01 
 -1.19921051807695e-02   1.55595103785889e-02   0.00000000000000e+00   8.23144104803493e-01 
 -1.19665171141559e-02   1.58758076113717e-02   0.00000000000000e+00   8.25327510917030e-01 
 -1.19208814533727e-02   1.61899479419029e-02   0.00000000000000e+00   8.27510917030568e-01 
 -1.18540344742643e-02   1.64992602672957e-02   0.00000000000000e+00   8.29694323144105e-01 
 -1.17674320531206e-02   1.68017117672318e-02   0.00000000000000e+00   8.31877729257642e-01 
 -1.16639990249796e-02   1.70956275426794e-02   0.00000000000000e+00   8.34061135371179e-01 
 -1.15466764489673e-02   1.73793366477108e-02   0.00000000000000e+00   8.36244541484716e-01 
 -1.14184053842098e-02   1.76511681363981e-02   0.00000000000000e+00   8.38427947598253e-01 
 -1.12821268898330e-02   1.79094510628136e-02   0.00000000000000e+00   8.40611353711790e-01 
 -1.11407820249629e-02   1.81525144810293e-02   0.00000000000000e+00   8.42794759825327e-01 
 -1.09971649319933e-02   1.83788386406434e-02   0.00000000000000e+00   8.44978165938865e-01 
 -1.08515084847957e-02   1.85895396539952e-02   0.00000000000000e+00   8.47161572052402e-01 
 -1.07018700207171e-02   1.87879725301340e-02   0.00000000000000e+00   8.49344978165939e-01 
 -1.05462377516732e-02   1.89775634167451e-02   0.00000000000000e+00   8.51528384279476e-01 
 -1.03825998895798e-02   1.91617384615135e-02   0.00000000000000e+00   8.53711790393013e-01 
 -1.02089446463528e-02   1.93439238121244e-02   0.00000000000000e+00   8.55895196506550e-01 
 -1.00232602339080e-02   1.95275456162629e-02   0.00000000000000e+00   8.58078602620087e-01 
 -9.82358397476024e-03   1.97159388286251e-02   0.00000000000000e+00   8.60262008733624e-01 
 -9.60979371003886e-03   1.99090207629696e-02   0.00000000000000e+00   8.62445414847162e-01 
 -9.38411920243954e-03   2.01023414729992e-02   0.00000000000000e+00   8.64628820960699e-01 
 -9.14894353718824e-03   2.02911663093160e-02   0.00000000000000e+00   8.66812227074236e-01 
 -8.90664979951095e-03   2.04707606225222e-02   0.00000000000000e+00   8.68995633187773e-01 
 -8.65962107463364e-03   2.06363897632200e-02   0.00000000000000e+00   8.71179039301310e-01 
 -8.41024044778229e-03   2.07833190820114e-02   0.00000000000000e+00   8.73362445414847e-01 
 -8.16088611047112e-03   2.09068369845688e-02   0.00000000000000e+00   8.75545851528384e-01 
 -7.91334411509266e-03   2.10050215400513e-02   0.00000000000000e+00   8.77729257641921e-01 
 -7.66825049177816e-03   2.10813687591003e-02   0.00000000000000e+00   8.79912663755459e-01 
 -7.42610914044170e-03   2.11399971392511e-02   0.00000000000000e+00   8.82096069868996e-01 
 -7.18750646100574e-03   2.11847576692251e-02   0.00000000000000e+00   8.84279475982533e-01 
 -6.95397001260062e-03   2.12164496000766e-02   0.00000000000000e+00   8.86462882096070e-01 
 -6.72762615933432e-03   2.12339305393094e-02   0.00000000000000e+00   8.88646288209607e-01 
 -6.51061056940963e-03   2.12360273497254e-02   0.00000000000000e+00   8.90829694323144e-01 
 -6.30457496008963e-03   2.12222239339059e-02   0.00000000000000e+00   8.93013100436681e-01 
 -6.10970647664532e-03   2.11939925820550e-02   0.00000000000000e+00   8.95196506550218e-01 
 -5.92591627867025e-03   2.11531802784909e-02   0.00000000000000e+00   8.97379912663755e-01 
 -5.75311552575792e-03   2.11016340075319e-02   0.00000000000000e+00   8.99563318777293e-01 
 -5.59121537750187e-03   2.10412007534962e-02   0.00000000000000e+00   9.01746724890830e-01 
 -5.44012699349562e-03   2.09737275007022e-02   0.00000000000000e+00   9.03930131004367e-01 
 -5.29976153333269e-03   2.09010612334680e-02   0.00000000000000e+00   9.06113537117904e-01 
 -5.16993203809826e-03   2.08248533073997e-02   0.00000000000000e+00   9.08296943231441e-01 
 -5.04997793447171e-03   2.07458107855558e-02   0.00000000000000e+00   9.10480349344978e-01 
 -4.93909593394503e-03   2.06643561854098e-02   0.00000000000000e+00   9.12663755458515e-01 
 -4.83648271893806e-03   2.05809119664716e-02   0.00000000000000e+00   9.14847161572052e-01 
 -4.74133497187063e-03   2.04959005882507e-02   0.00000000000000e+00   9.17030567685589e-01 
 -4.65284937516259e-03   2.04097445102569e-02   0.00000000000000e+00   9.19213973799127e-01 
 -4.57022261123377e-03   2.03228661919999e-02   0.00000000000000e+00   9.21397379912664e-01 
 -4.49265136250400e-03   2.02356880929893e-02   0.00000000000000e+00   9.23580786026201e-01 
 -4.41933231139312e-03   2.01486326727349e-02   0.00000000000000e+00   9.25764192139738e-01 
 -4.34946214032097e-03   2.00621223907463e-02   0.00000000000000e+00   9.27947598253275e-01 
 -4.28223753170739e-03   1.99765797065332e-02   0.00000000000000e+00   9.30131004366812e-01 
 -4.21685516797221e-03   1.98924270796053e-02   0.00000000000000e+00   9.32314410480349e-01 
 -4.15251173153526e-03   1.98100869694722e-02   0.00000000000000e+00   9.34497816593886e-01 
 -4.08840390481640e-03   1.97299818356437e-02   0.00000000000000e+00   9.36681222707423e-01 
 -4.02377432197875e-03   1.96525134295459e-02   0.00000000000000e+00   9.38864628820961e-01 
 -3.95848945805275e-03   1.95778023696620e-02   0.00000000000000e+00   9.41048034934498e-01 
 -3.89286537992539e-03   1.95057666665852e-02   0.00000000000000e+00   9.43231441048035e-01 
 -3.82722808006025e-03   1.94363198579629e-02   0.00000000000000e+00   9.45414847161572e-01 
 -3.76190355092090e-03   1.93693754814422e-02   0.00000000000000e+00   9.47598253275109e-01 
 -3.69721778497091e-03   1.93048470746705e-02   0.00000000000000e+00   9.49781659388646e-01 
 -3.63349677467384e-03   1.92426481752950e-02   0.00000000000000e+00   9.51965065502183e-01 
 -3.57106651249326e-03   1.91826923209629e-02   0.00000000000000e+00   9.54148471615720e-01 
 -3.51025299089275e-03   1.91248930493215e-02   0.00000000000000e+00   9.56331877729258e-01 
 -3.45138220233587e-03   1.90691638980181e-02   0.00000000000000e+00   9.58515283842795e-01 
 -3.39478013928619e-03   1.90154184046999e-02   0.00000000000000e+00   9.60698689956332e-01 
 -3.34077279420727e-03   1.89635701070141e-02   0.00000000000000e+00   9.62882096069869e-01 
 -3.28968615956270e-03   1.89135325426081e-02   0.00000000000000e+00   9.65065502183406e-01 
 -3.24184622781603e-03   1.88652192491290e-02   0.00000000000000e+00   9.67248908296943e-01 
 -3.19757664034730e-03   1.88185450898904e-02   0.00000000000000e+00   9.69432314410480e-01 
 -3.15703625579347e-03   1.87735178415019e-02   0.00000000000000e+00   9.71615720524017e-01 
 -3.12011385912320e-03   1.87302975625069e-02   0.00000000000000e+00   9.73799126637555e-01 
 -3.08667320096765e-03   1.86890584271428e-02   0.00000000000000e+00   9.75982532751092e-01 
 -3.05657803195797e-03   1.86499746096470e-02   0.00000000000000e+00   9.78165938864629e-01 
 -3.02969210272533e-03   1.86132202842571e-02   0.00000000000000e+00   9.80349344978166e-01 
 -3.00587916390086e-03   1.85789696252106e-02   0.00000000000000e+00   9.82532751091703e-01 
 -2.98500296611573e-03   1.85473968067449e-02   0.00000000000000e+00   9.84716157205240e-01 
 -2.96692726000108e-03   1.85186760030975e-02   0.00000000000000e+00   9.86899563318777e-01 
 -2.95151579618807e-03   1.84929813885059e-02   0.00000000000000e+00   9.89082969432314e-01 
 -2.93863232530786e-03   1.84704871372076e-02   0.00000000000000e+00   9.91266375545852e-01 
 -2.92814059799159e-03   1.84513674234401e-02   0.00000000000000e+00   9.93449781659389e-01 
 -2.91990436487042e-03   1.84357964214408e-02   0.00000000000000e+00   9.95633187772926e-01 
 -2.91378737657550e-03   1.84239483054473e-02   0.00000000000000e+00   9.97816593886463e-01 
 -2.90965338373799e-03   1.84159972496970e-02   0.00000000000000e+00   1.00000000000000e+00 
