 -2.90949568545124e-03  -1.84159682226139e-02   0.00000000000000e+00   0.00000000000000e+00 
 -2.91424425878281e-03  -1.84255483233470e-02   0.00000000000000e+00   2.18340611353712e-03 
 -2.92063450983256e-03  -1.84381265149906e-02   0.00000000000000e+00   4.36681222707424e-03 
 -2.92895532528729e-03  -1.84537513312661e-02   0.00000000000000e+00   6.55021834061135e-03 
 -2.93949559183379e-03  -1.84724713058949e-02   0.00000000000000e+00   8.73362445414847e-03 
 -2.95254273735196e-03  -1.84943340377192e-02   0.00000000000000e+00   1.09170305676856e-02 
 -2.96820651913981e-03  -1.85192732650231e-02   0.00000000000000e+00   1.31004366812227e-02 
 -2.98629374622587e-03  -1.85470260668697e-02   0.00000000000000e+00   1.52838427947598e-02 
 -3.00685701433450e-03  -1.85774702341957e-02   0.00000000000000e+00   1.74672489082969e-02 
 -3.03006596932959e-03  -1.86105516838126e-02   0.00000000000000e+00   1.96506550218341e-02 
 -3.05609061127748e-03  -1.86462165386858e-02   0.00000000000000e+00   2.18340611353712e-02 
 -3.08510094024449e-03  -1.86844109217808e-02   0.00000000000000e+00   2.40174672489083e-02 
 -3.11726695629698e-03  -1.87250809560631e-02   0.00000000000000e+00   2.62008733624454e-02 
 -3.15275865950128e-03  -1.87681727644982e-02   0.00000000000000e+00   2.83842794759825e-02 
 -3.19174604992374e-03  -1.88136324700516e-02   0.00000000000000e+00   3.05676855895196e-02 
 -3.23439912763068e-03  -1.88614061956887e-02   0.00000000000000e+00   3.27510917030568e-02 
 -3.28088789268846e-03  -1.89114400643750e-02   0.00000000000000e+00   3.49344978165939e-02 
 -3.33138234516341e-03  -1.89636801990761e-02   0.00000000000000e+00   3.71179039301310e-02 
 -3.38605248512187e-03  -1.90180727227573e-02   0.00000000000000e+00   3.93013100436681e-02 
 -3.44506831263018e-03  -1.90745637583841e-02   0.00000000000000e+00   4.14847161572052e-02 
 -3.50859945278295e-03  -1.91330992624655e-02   0.00000000000000e+00   4.36681222707424e-02 
 -3.57645071817893e-03  -1.91934632448135e-02   0.00000000000000e+00   4.58515283842795e-02 
 -3.64738048492002e-03  -1.92549751836353e-02   0.00000000000000e+00   4.80349344978166e-02 
 -3.71996067479590e-03  -1.93168717867825e-02   0.00000000000000e+00   5.02183406113537e-02 
 -3.79276320959629e-03  -1.93783897621068e-02   0.00000000000000e+00   5.24017467248908e-02 
 -3.86436001111087e-03  -1.94387658174597e-02   0.00000000000000e+00   5.45851528384279e-02 
 -3.92768354670178e-03  -1.95005321983036e-02   0.00000000000000e+00   5.67685589519651e-02 
 -3.97150186178385e-03  -1.95731899137785e-02   0.00000000000000e+00   5.89519650655022e-02 
 -4.01852690603225e-03  -1.96489460046482e-02   0.00000000000000e+00   6.11353711790393e-02 
 -4.06993768983894e-03  -1.97271055399917e-02   0.00000000000000e+00   6.33187772925764e-02 
 -4.12586520439935e-03  -1.98073724409524e-02   0.00000000000000e+00   6.55021834061135e-02 
 -4.18644044090889e-03  -1.98894506286734e-02   0.00000000000000e+00   6.76855895196506e-02 
 -4.25179439056299e-03  -1.99730440242981e-02   0.00000000000000e+00   6.98689956331878e-02 
 -4.32205804455708e-03  -2.00578565489696e-02   0.00000000000000e+00   7.20524017467249e-02 
 -4.39736239408658e-03  -2.01435921238312e-02   0.00000000000000e+00   7.42358078602620e-02 
 -4.47783843034691e-03  -2.02299546700261e-02   0.00000000000000e+00   7.64192139737991e-02 
 -4.56361714453349e-03  -2.03166481086977e-02   0.00000000000000e+00   7.86026200873362e-02 
 -4.65482952784176e-03  -2.04033763609890e-02   0.00000000000000e+00   8.07860262008734e-02 
 -4.75160657146713e-03  -2.04898433480434e-02   0.00000000000000e+00   8.29694323144105e-02 
 -4.85407926660502e-03  -2.05757529910041e-02   0.00000000000000e+00   8.51528384279476e-02 
 -4.96237860445087e-03  -2.06608092110144e-02   0.00000000000000e+00   8.73362445414847e-02 
 -5.07663557620009e-03  -2.07447159292175e-02   0.00000000000000e+00   8.95196506550218e-02 
 -5.19698117304811e-03  -2.08271770667566e-02   0.00000000000000e+00   9.17030567685589e-02 
 -5.32354638619036e-03  -2.09078965447750e-02   0.00000000000000e+00   9.38864628820961e-02 
 -5.45646220682225e-03  -2.09865782844159e-02   0.00000000000000e+00   9.60698689956332e-02 
 -5.59585962613921e-03  -2.10629262068226e-02   0.00000000000000e+00   9.82532751091703e-02 
 -5.74703451972184e-03  -2.11297838589670e-02   0.00000000000000e+00   1.00436681222707e-01 
 -5.92819928853881e-03  -2.11606606078115e-02   0.00000000000000e+00   1.02620087336245e-01 
 -6.11943475527110e-03  -2.11732068483600e-02   0.00000000000000e+00   1.04803493449782e-01 
 -6.29607042483575e-03  -2.11929049048450e-02   0.00000000000000e+00   1.06986899563319e-01 
 -6.48222897014441e-03  -2.12121723072870e-02   0.00000000000000e+00   1.09170305676856e-01 
 -6.72022205315198e-03  -2.12080740630882e-02   0.00000000000000e+00   1.11353711790393e-01 
 -6.99278555262419e-03  -2.11843889753751e-02   0.00000000000000e+00   1.13537117903930e-01 
 -7.26571039698095e-03  -2.11525279926165e-02   0.00000000000000e+00   1.15720524017467e-01 
 -7.50478717040771e-03  -2.11239021672815e-02   0.00000000000000e+00   1.17903930131004e-01 
 -7.69187214398964e-03  -2.11013848994630e-02   0.00000000000000e+00   1.20087336244541e-01 
 -7.86665804226849e-03  -2.10571140510006e-02   0.00000000000000e+00   1.22270742358079e-01 
 -8.08184791074862e-03  -2.09563135186871e-02   0.00000000000000e+00   1.24454148471616e-01 
 -8.37913770444448e-03  -2.07729287511301e-02   0.00000000000000e+00   1.26637554585153e-01 
 -8.71974879685970e-03  -2.05446698432847e-02   0.00000000000000e+00   1.28820960698690e-01 
 -9.02921871643231e-03  -2.03375137209795e-02   0.00000000000000e+00   1.31004366812227e-01 
 -9.25981566886005e-03  -2.01918182138370e-02   0.00000000000000e+00   1.33187772925764e-01 
 -9.43596645727251e-03  -2.00788551417116e-02   0.00000000000000e+00   1.35371179039301e-01 
 -9.59407507565282e-03  -1.99584291347707e-02   0.00000000000000e+00   1.37554585152838e-01 
 -9.77053471896096e-03  -1.97903592474401e-02   0.00000000000000e+00   1.39737991266376e-01 
 -9.98606441854806e-03  -1.95554005190220e-02   0.00000000000000e+00   1.41921397379913e-01 
 -1.02143683870730e-02  -1.92971056957759e-02   0.00000000000000e+00   1.44104803493450e-01 
 -1.04203768471355e-02  -1.90707451182035e-02   0.00000000000000e+00   1.46288209606987e-01 
 -1.05815735596370e-02  -1.89092338868420e-02   0.00000000000000e+00   1.48471615720524e-01 
 -1.07157133507464e-02  -1.87737727133423e-02   0.00000000000000e+00   1.50655021834061e-01 
 -1.08486099642702e-02  -1.86112110536923e-02   0.00000000000000e+00   1.52838427947598e-01 
 -1.10023362070879e-02  -1.83767228397975e-02   0.00000000000000e+00   1.55021834061135e-01 
 -1.11675059861858e-02  -1.80954855507167e-02   0.00000000000000e+00   1.57205240174672e-01 
 -1.13193875818316e-02  -1.78266360742821e-02   0.00000000000000e+00   1.59388646288210e-01 
 -1.14467552055087e-02  -1.75928000515547e-02   0.00000000000000e+00   1.61572052401747e-01 
 -1.15550948024133e-02  -1.73714941641530e-02   0.00000000000000e+00   1.63755458515284e-01 
 -1.16509153389788e-02  -1.71374737151159e-02   0.00000000000000e+00   1.65938864628821e-01 
 -1.17406062896626e-02  -1.68659050549432e-02   0.00000000000000e+00   1.68122270742358e-01 
 -1.18256295564508e-02  -1.65489051798629e-02   0.00000000000000e+00   1.70305676855895e-01 
 -1.19008776583354e-02  -1.62011894922000e-02   0.00000000000000e+00   1.72489082969432e-01 
 -1.19607867241438e-02  -1.58390433575916e-02   0.00000000000000e+00   1.74672489082969e-01 
 -1.19997928827032e-02  -1.54787521416751e-02   0.00000000000000e+00   1.76855895196507e-01 
 -1.20123322628409e-02  -1.51366012100874e-02   0.00000000000000e+00   1.79039301310044e-01 
 -1.19951587388826e-02  -1.48262150800241e-02   0.00000000000000e+00   1.81222707423581e-01 
 -1.19579623797235e-02  -1.45463670897286e-02   0.00000000000000e+00   1.83406113537118e-01 
 -1.19146699360014e-02  -1.42906354104160e-02   0.00000000000000e+00   1.85589519650655e-01 
 -1.18701595842719e-02  -1.40509670670033e-02   0.00000000000000e+00   1.87772925764192e-01 
 -1.18179112325173e-02  -1.38172617491340e-02   0.00000000000000e+00   1.89956331877729e-01 
 -1.17506783646514e-02  -1.35792886675450e-02   0.00000000000000e+00   1.92139737991266e-01 
 -1.16619486376054e-02  -1.33279921287626e-02   0.00000000000000e+00   1.94323144104803e-01 
 -1.15537474287406e-02  -1.30679816641144e-02   0.00000000000000e+00   1.96506550218341e-01 
 -1.14336097275690e-02  -1.28126853284708e-02   0.00000000000000e+00   1.98689956331878e-01 
 -1.13089002351897e-02  -1.25751435197334e-02   0.00000000000000e+00   2.00873362445415e-01 
 -1.11827772048188e-02  -1.23598172561378e-02   0.00000000000000e+00   2.03056768558952e-01 
 -1.10550093571106e-02  -1.21642543389852e-02   0.00000000000000e+00   2.05240174672489e-01 
 -1.09252690090001e-02  -1.19858059466460e-02   0.00000000000000e+00   2.07423580786026e-01 
 -1.07932284774222e-02  -1.18218232574905e-02   0.00000000000000e+00   2.09606986899563e-01 
 -1.06585600793117e-02  -1.16696574498892e-02   0.00000000000000e+00   2.11790393013100e-01 
 -1.05209361316035e-02  -1.15266597022125e-02   0.00000000000000e+00   2.13973799126638e-01 
 -1.03800289512325e-02  -1.13901811928308e-02   0.00000000000000e+00   2.16157205240175e-01 
 -1.02354993132576e-02  -1.12578138853893e-02   0.00000000000000e+00   2.18340611353712e-01 
 -1.00868962609439e-02  -1.11294806792096e-02   0.00000000000000e+00   2.20524017467249e-01 
 -9.93370615105849e-03  -1.10064122320435e-02   0.00000000000000e+00   2.22707423580786e-01 
 -9.77554780665259e-03  -1.08897606990633e-02   0.00000000000000e+00   2.24890829694323e-01 
 -9.61348866008353e-03  -1.07796668398680e-02   0.00000000000000e+00   2.27074235807860e-01 
 -9.44948561063878e-03  -1.06756504026412e-02   0.00000000000000e+00   2.29257641921397e-01 
 -9.28546512931692e-03  -1.05772247448151e-02   0.00000000000000e+00   2.31441048034934e-01 
 -9.12211825560491e-03  -1.04839782286894e-02   0.00000000000000e+00   2.33624454148472e-01 
 -8.95875159351868e-03  -1.03955832676806e-02   0.00000000000000e+00   2.35807860262009e-01 
 -8.79459847373896e-03  -1.03117167237376e-02   0.00000000000000e+00   2.37991266375546e-01 
 -8.62890160514944e-03  -1.02320568998467e-02   0.00000000000000e+00   2.40174672489083e-01 
 -8.46139074191322e-03  -1.01563569374789e-02   0.00000000000000e+00   2.42358078602620e-01 
 -8.29251000413607e-03  -1.00844797462667e-02   0.00000000000000e+00   2.44541484716157e-01 
 -8.12276045571150e-03  -1.00162969857205e-02   0.00000000000000e+00   2.46724890829694e-01 
 -7.95264316053302e-03  -9.95168031535067e-03   0.00000000000000e+00   2.48908296943231e-01 
 -7.78265918249416e-03  -9.89050139466763e-03   0.00000000000000e+00   2.51091703056769e-01 
 -7.61330787475661e-03  -9.83263174939316e-03   0.00000000000000e+00   2.53275109170306e-01 
 -7.44482632363159e-03  -9.77792239453937e-03   0.00000000000000e+00   2.55458515283843e-01 
 -7.27690943424261e-03  -9.72618194356855e-03   0.00000000000000e+00   2.57641921397380e-01 
 -7.10918497968858e-03  -9.67721375984953e-03   0.00000000000000e+00   2.59825327510917e-01 
 -6.94128073306840e-03  -9.63082120675118e-03   0.00000000000000e+00   2.62008733624454e-01 
 -6.77282446748098e-03  -9.58680764764236e-03   0.00000000000000e+00   2.64192139737991e-01 
 -6.60344395602521e-03  -9.54497644589191e-03   0.00000000000000e+00   2.66375545851528e-01 
 -6.43277072185348e-03  -9.50512973375695e-03   0.00000000000000e+00   2.68558951965065e-01 
 -6.26082415527288e-03  -9.46694230989272e-03   0.00000000000000e+00   2.70742358078603e-01 
 -6.08834387337943e-03  -9.42985252841405e-03   0.00000000000000e+00   2.72925764192140e-01 
 -5.91614780700653e-03  -9.39327303367885e-03   0.00000000000000e+00   2.75109170305677e-01 
 -5.74505388698755e-03  -9.35661647004506e-03   0.00000000000000e+00   2.77292576419214e-01 
 -5.57588004415586e-03  -9.31929548187058e-03   0.00000000000000e+00   2.79475982532751e-01 
 -5.40944420934484e-03  -9.28072271351336e-03   0.00000000000000e+00   2.81659388646288e-01 
 -5.24656431338789e-03  -9.24031080933130e-03   0.00000000000000e+00   2.83842794759825e-01 
 -5.08805828711836e-03  -9.19747241368234e-03   0.00000000000000e+00   2.86026200873362e-01 
 -4.93474406136964e-03  -9.15162017092440e-03   0.00000000000000e+00   2.88209606986900e-01 
 -4.78743956697512e-03  -9.10216672541540e-03   0.00000000000000e+00   2.90393013100437e-01 
 -4.64696273476817e-03  -9.04852472151328e-03   0.00000000000000e+00   2.92576419213974e-01 
 -4.51344403030542e-03  -8.98993683318515e-03   0.00000000000000e+00   2.94759825327511e-01 
 -4.36725619397481e-03  -8.92076095292589e-03   0.00000000000000e+00   2.96943231441048e-01 
 -4.18703908942765e-03  -8.83683468368712e-03   0.00000000000000e+00   2.99126637554585e-01 
 -4.01835253147289e-03  -8.75662532080212e-03   0.00000000000000e+00   3.01310043668122e-01 
 -3.87763256721710e-03  -8.68535749732962e-03   0.00000000000000e+00   3.03493449781659e-01 
 -3.74979657578367e-03  -8.61518070957075e-03   0.00000000000000e+00   3.05676855895196e-01 
 -3.62093179894320e-03  -8.53899942883680e-03   0.00000000000000e+00   3.07860262008734e-01 
 -3.48805181792144e-03  -8.45586101673239e-03   0.00000000000000e+00   3.10043668122271e-01 
 -3.35220843714977e-03  -8.36708316173910e-03   0.00000000000000e+00   3.12227074235808e-01 
 -3.21445993246164e-03  -8.27398719062132e-03   0.00000000000000e+00   3.14410480349345e-01 
 -3.07586458301400e-03  -8.17789440738408e-03   0.00000000000000e+00   3.16593886462882e-01 
 -2.93756031146035e-03  -8.07958071802347e-03   0.00000000000000e+00   3.18777292576419e-01 
 -2.80097110572203e-03  -7.97786305593525e-03   0.00000000000000e+00   3.20960698689956e-01 
 -2.66750705897846e-03  -7.87150645259137e-03   0.00000000000000e+00   3.23144104803493e-01 
 -2.53801093763170e-03  -7.76209275380436e-03   0.00000000000000e+00   3.25327510917031e-01 
 -2.41307504085546e-03  -7.65244739146208e-03   0.00000000000000e+00   3.27510917030568e-01 
 -2.29329056577046e-03  -7.54540126921735e-03   0.00000000000000e+00   3.29694323144105e-01 
 -2.17924870949739e-03  -7.44378529072297e-03   0.00000000000000e+00   3.31877729257642e-01 
 -2.07154066915698e-03  -7.35043035963174e-03   0.00000000000000e+00   3.34061135371179e-01 
 -1.96891877199307e-03  -7.26552427926832e-03   0.00000000000000e+00   3.36244541484716e-01 
 -1.86177015305867e-03  -7.17723114072878e-03   0.00000000000000e+00   3.38427947598253e-01 
 -1.73945004904757e-03  -7.07220040153466e-03   0.00000000000000e+00   3.40611353711790e-01 
 -1.60897047560176e-03  -6.96182977612747e-03   0.00000000000000e+00   3.42794759825327e-01 
 -1.49036868801213e-03  -6.86423910719008e-03   0.00000000000000e+00   3.44978165938865e-01 
 -1.39361114310374e-03  -6.78062886640442e-03   0.00000000000000e+00   3.47161572052402e-01 
 -1.29744944987591e-03  -6.70681703440346e-03   0.00000000000000e+00   3.49344978165939e-01 
 -1.19627380327013e-03  -6.63657296394820e-03   0.00000000000000e+00   3.51528384279476e-01 
 -1.09161231259145e-03  -6.56326150021732e-03   0.00000000000000e+00   3.53711790393013e-01 
 -9.84995614960537e-04  -6.48024734513751e-03   0.00000000000000e+00   3.55895196506550e-01 
 -8.79240576971258e-04  -6.38314834397573e-03   0.00000000000000e+00   3.58078602620087e-01 
 -7.83253115589745e-04  -6.27824879272231e-03   0.00000000000000e+00   3.60262008733624e-01 
 -7.07739214911360e-04  -6.17498624217069e-03   0.00000000000000e+00   3.62445414847162e-01 
 -6.65415665589477e-04  -6.07752455831950e-03   0.00000000000000e+00   3.64628820960699e-01 
 -6.87646293948246e-04  -5.93701574318006e-03   0.00000000000000e+00   3.66812227074236e-01 
 -7.70972884249934e-04  -5.76776668819987e-03   0.00000000000000e+00   3.68995633187773e-01 
 -8.90145280185571e-04  -5.62904782394122e-03   0.00000000000000e+00   3.71179039301310e-01 
 -1.03226536811352e-03  -5.53394692500778e-03   0.00000000000000e+00   3.73362445414847e-01 
 -1.19846226844895e-03  -5.44447036461565e-03   0.00000000000000e+00   3.75545851528384e-01 
 -1.38182608007121e-03  -5.35712110519613e-03   0.00000000000000e+00   3.77729257641921e-01 
 -1.57331936120912e-03  -5.27738311719525e-03   0.00000000000000e+00   3.79912663755459e-01 
 -1.76428607121224e-03  -5.21016013987091e-03   0.00000000000000e+00   3.82096069868996e-01 
 -1.94882509877889e-03  -5.15616777797375e-03   0.00000000000000e+00   3.84279475982533e-01 
 -2.12454900951359e-03  -5.11305679806938e-03   0.00000000000000e+00   3.86462882096070e-01 
 -2.29497927906103e-03  -5.07568124498647e-03   0.00000000000000e+00   3.88646288209607e-01 
 -2.46159427301543e-03  -5.04215510537032e-03   0.00000000000000e+00   3.90829694323144e-01 
 -2.62467747399765e-03  -5.01205235500638e-03   0.00000000000000e+00   3.93013100436681e-01 
 -2.78451008422194e-03  -4.98494975603573e-03   0.00000000000000e+00   3.95196506550218e-01 
 -2.94137330590255e-03  -4.96042407059943e-03   0.00000000000000e+00   3.97379912663755e-01 
 -3.09554834125373e-03  -4.93805206083855e-03   0.00000000000000e+00   3.99563318777293e-01 
 -3.24731639248974e-03  -4.91741048889417e-03   0.00000000000000e+00   4.01746724890830e-01 
 -3.39695866182483e-03  -4.89807611690735e-03   0.00000000000000e+00   4.03930131004367e-01 
 -3.54475635147325e-03  -4.87962570701917e-03   0.00000000000000e+00   4.06113537117904e-01 
 -3.69099066364925e-03  -4.86163602137069e-03   0.00000000000000e+00   4.08296943231441e-01 
 -3.83594280056709e-03  -4.84368382210298e-03   0.00000000000000e+00   4.10480349344978e-01 
 -3.97989396444102e-03  -4.82534587135712e-03   0.00000000000000e+00   4.12663755458515e-01 
 -4.12312535748529e-03  -4.80619893127417e-03   0.00000000000000e+00   4.14847161572052e-01 
 -4.26591818191415e-03  -4.78581976399520e-03   0.00000000000000e+00   4.17030567685589e-01 
 -4.40855363994187e-03  -4.76378513166129e-03   0.00000000000000e+00   4.19213973799127e-01 
 -4.55131293378268e-03  -4.73967179641350e-03   0.00000000000000e+00   4.21397379912664e-01 
 -4.69447726565084e-03  -4.71305652039290e-03   0.00000000000000e+00   4.23580786026201e-01 
 -4.83832783776061e-03  -4.68351606574057e-03   0.00000000000000e+00   4.25764192139738e-01 
 -4.98314585232624e-03  -4.65062719459757e-03   0.00000000000000e+00   4.27947598253275e-01 
 -5.12921251156198e-03  -4.61396666910497e-03   0.00000000000000e+00   4.30131004366812e-01 
 -5.27657118513932e-03  -4.57349110314287e-03   0.00000000000000e+00   4.32314410480349e-01 
 -5.42430397872705e-03  -4.53069238326204e-03   0.00000000000000e+00   4.34497816593886e-01 
 -5.57143174774994e-03  -4.48713912501097e-03   0.00000000000000e+00   4.36681222707424e-01 
 -5.72571685052142e-03  -4.42937061225393e-03   0.00000000000000e+00   4.38864628820961e-01 
 -5.88508612859062e-03  -4.35972529084449e-03   0.00000000000000e+00   4.41048034934498e-01 
 -6.04036198377646e-03  -4.29177447509428e-03   0.00000000000000e+00   4.43231441048035e-01 
 -6.19200251428306e-03  -4.22256990403391e-03   0.00000000000000e+00   4.45414847161572e-01 
 -6.34065169441133e-03  -4.14884531877867e-03   0.00000000000000e+00   4.47598253275109e-01 
 -6.48695349846217e-03  -4.06733446044387e-03   0.00000000000000e+00   4.49781659388646e-01 
 -6.63158267982658e-03  -3.97487420648674e-03   0.00000000000000e+00   4.51965065502183e-01 
 -6.77667613386601e-03  -3.87320086361302e-03   0.00000000000000e+00   4.54148471615720e-01 
 -6.92548237260718e-03  -3.76961585862089e-03   0.00000000000000e+00   4.56331877729258e-01 
 -7.07466073949072e-03  -3.66229657957410e-03   0.00000000000000e+00   4.58515283842795e-01 
 -7.22025419457353e-03  -3.54745983563110e-03   0.00000000000000e+00   4.60698689956332e-01 
 -7.36266553379971e-03  -3.42549951222006e-03   0.00000000000000e+00   4.62882096069869e-01 
 -7.50278692313812e-03  -3.29727895284065e-03   0.00000000000000e+00   4.65065502183406e-01 
 -7.64151052855762e-03  -3.16366150099250e-03   0.00000000000000e+00   4.67248908296943e-01 
 -7.77965080502094e-03  -3.02519143809259e-03   0.00000000000000e+00   4.69432314410480e-01 
 -7.91749333377732e-03  -2.88024162149733e-03   0.00000000000000e+00   4.71615720524017e-01 
 -8.05510334213460e-03  -2.72628019003011e-03   0.00000000000000e+00   4.73799126637555e-01 
 -8.19254532942000e-03  -2.56077229360681e-03   0.00000000000000e+00   4.75982532751092e-01 
 -8.32984828531320e-03  -2.38122996334651e-03   0.00000000000000e+00   4.78165938864629e-01 
 -8.46481519645682e-03  -2.18810408523755e-03   0.00000000000000e+00   4.80349344978166e-01 
 -8.59174272779130e-03  -1.98647472610794e-03   0.00000000000000e+00   4.82532751091703e-01 
 -8.70462253595697e-03  -1.78182583722150e-03   0.00000000000000e+00   4.84716157205240e-01 
 -8.80106500782910e-03  -1.57619901538677e-03   0.00000000000000e+00   4.86899563318777e-01 
 -8.88920033858687e-03  -1.36161636343874e-03   0.00000000000000e+00   4.89082969432314e-01 
 -8.97408201529157e-03  -1.13049378710475e-03   0.00000000000000e+00   4.91266375545852e-01 
 -9.04973232732439e-03  -8.80137555201087e-04   0.00000000000000e+00   4.93449781659389e-01 
 -9.10869555636638e-03  -6.08509168596948e-04   0.00000000000000e+00   4.95633187772926e-01 
 -9.14362321239492e-03  -3.13731011560944e-04   0.00000000000000e+00   4.97816593886463e-01 
 -9.15150322212232e-03  -4.31749720051616e-07   0.00000000000000e+00   5.00000000000000e-01 
 -9.13505578551784e-03   3.18159352022227e-04   0.00000000000000e+00   5.02183406113537e-01 
 -9.09739433520620e-03   6.28223029587502e-04   0.00000000000000e+00   5.04366812227074e-01 
 -9.04163230381215e-03   9.15940018897327e-04   0.00000000000000e+00   5.06550218340611e-01 
 -8.97080651352913e-03   1.16912467689309e-03   0.00000000000000e+00   5.08733624454148e-01 
 -8.88720951721781e-03   1.39146196724970e-03   0.00000000000000e+00   5.10917030567686e-01 
 -8.79271512645097e-03   1.59556598454988e-03   0.00000000000000e+00   5.13100436681223e-01 
 -8.68919247850434e-03   1.79415049264798e-03   0.00000000000000e+00   5.15283842794760e-01 
 -8.57761300968777e-03   1.99680334885428e-03   0.00000000000000e+00   5.17467248908297e-01 
 -8.45541909261979e-03   2.20082377127036e-03   0.00000000000000e+00   5.19650655021834e-01 
 -8.31918600455888e-03   2.40049164398413e-03   0.00000000000000e+00   5.21834061135371e-01 
 -8.16838373409029e-03   2.58945267998391e-03   0.00000000000000e+00   5.24017467248908e-01 
 -8.02185865197689e-03   2.75755151276367e-03   0.00000000000000e+00   5.26200873362445e-01 
 -7.88742022956746e-03   2.90559889153927e-03   0.00000000000000e+00   5.28384279475983e-01 
 -7.75568352620474e-03   3.04516694820649e-03   0.00000000000000e+00   5.30567685589520e-01 
 -7.62259437512203e-03   3.18033330663460e-03   0.00000000000000e+00   5.32751091703057e-01 
 -7.48730235380284e-03   3.31093144717925e-03   0.00000000000000e+00   5.34934497816594e-01 
 -7.34898760384041e-03   3.43675436055085e-03   0.00000000000000e+00   5.37117903930131e-01 
 -7.20683244110163e-03   3.55759484303751e-03   0.00000000000000e+00   5.39301310043668e-01 
 -7.06054423479980e-03   3.67319874095701e-03   0.00000000000000e+00   5.41484716157205e-01 
 -6.91103498447135e-03   3.78320418327174e-03   0.00000000000000e+00   5.43668122270742e-01 
 -6.75938495138520e-03   3.88723425307605e-03   0.00000000000000e+00   5.45851528384279e-01 
 -6.60667439681023e-03   3.98491203346434e-03   0.00000000000000e+00   5.48034934497817e-01 
 -6.45398358201537e-03   4.07586060753096e-03   0.00000000000000e+00   5.50218340611354e-01 
 -6.30232826748695e-03   4.15974360494252e-03   0.00000000000000e+00   5.52401746724891e-01 
 -6.15201175944980e-03   4.23667251936073e-03   0.00000000000000e+00   5.54585152838428e-01 
 -6.00289485921370e-03   4.30703701250643e-03   0.00000000000000e+00   5.56768558951965e-01 
 -5.85483172631163e-03   4.37123092126348e-03   0.00000000000000e+00   5.58951965065502e-01 
 -5.70767652027655e-03   4.42964808251573e-03   0.00000000000000e+00   5.61135371179039e-01 
 -5.56128340064142e-03   4.48268233314705e-03   0.00000000000000e+00   5.63318777292576e-01 
 -5.41550652693924e-03   4.53072751004129e-03   0.00000000000000e+00   5.65502183406113e-01 
 -5.27020005870296e-03   4.57417745008232e-03   0.00000000000000e+00   5.67685589519651e-01 
 -5.12521815546557e-03   4.61342599015399e-03   0.00000000000000e+00   5.69868995633188e-01 
 -4.98041497676001e-03   4.64886696714017e-03   0.00000000000000e+00   5.72052401746725e-01 
 -4.83564468211929e-03   4.68089421792470e-03   0.00000000000000e+00   5.74235807860262e-01 
 -4.69076143107634e-03   4.70990157939147e-03   0.00000000000000e+00   5.76419213973799e-01 
 -4.54561938316417e-03   4.73628288842431e-03   0.00000000000000e+00   5.78602620087336e-01 
 -4.40007269791573e-03   4.76043198190710e-03   0.00000000000000e+00   5.80786026200873e-01 
 -4.25397553486399e-03   4.78274269672369e-03   0.00000000000000e+00   5.82969432314410e-01 
 -4.10718205354194e-03   4.80360886975795e-03   0.00000000000000e+00   5.85152838427948e-01 
 -3.95954641348252e-03   4.82342433789373e-03   0.00000000000000e+00   5.87336244541485e-01 
 -3.81092277421873e-03   4.84258293801488e-03   0.00000000000000e+00   5.89519650655022e-01 
 -3.66116529528352e-03   4.86147850700528e-03   0.00000000000000e+00   5.91703056768559e-01 
 -3.51012813620989e-03   4.88050488174878e-03   0.00000000000000e+00   5.93886462882096e-01 
 -3.35766545653077e-03   4.90005589912924e-03   0.00000000000000e+00   5.96069868995633e-01 
 -3.20363141577917e-03   4.92052539603052e-03   0.00000000000000e+00   5.98253275109170e-01 
 -3.04788017348803e-03   4.94230720933648e-03   0.00000000000000e+00   6.00436681222707e-01 
 -2.89026588919036e-03   4.96579517593098e-03   0.00000000000000e+00   6.02620087336245e-01 
 -2.73064272241908e-03   4.99138313269789e-03   0.00000000000000e+00   6.04803493449782e-01 
 -2.56886483270721e-03   5.01946491652104e-03   0.00000000000000e+00   6.06986899563319e-01 
 -2.40478637958770e-03   5.05043436428432e-03   0.00000000000000e+00   6.09170305676856e-01 
 -2.23826152259351e-03   5.08468531287158e-03   0.00000000000000e+00   6.11353711790393e-01 
 -2.06906784384866e-03   5.12271884399201e-03   0.00000000000000e+00   6.13537117903930e-01 
 -1.89540139817014e-03   5.16725093043188e-03   0.00000000000000e+00   6.15720524017467e-01 
 -1.71397056450318e-03   5.22308099936942e-03   0.00000000000000e+00   6.17903930131004e-01 
 -1.52195521089703e-03   5.29470103898463e-03   0.00000000000000e+00   6.20087336244541e-01 
 -1.32544338614808e-03   5.38006647979702e-03   0.00000000000000e+00   6.22270742358079e-01 
 -1.13792434477715e-03   5.47170196804499e-03   0.00000000000000e+00   6.24454148471616e-01 
 -9.72990672106946e-04   5.56259128723179e-03   0.00000000000000e+00   6.26637554585153e-01 
 -8.39147237175308e-04   5.67188939337422e-03   0.00000000000000e+00   6.28820960698690e-01 
 -7.38753827362350e-04   5.83461720120022e-03   0.00000000000000e+00   6.31004366812227e-01 
 -6.76797239504347e-04   6.00116356375130e-03   0.00000000000000e+00   6.33187772925764e-01 
 -6.61652425403049e-04   6.10542340040731e-03   0.00000000000000e+00   6.35371179039301e-01 
 -7.33124244094587e-04   6.21382165629649e-03   0.00000000000000e+00   6.37554585152838e-01 
 -8.29273600321192e-04   6.32581513470296e-03   0.00000000000000e+00   6.39737991266376e-01 
 -9.13938514469487e-04   6.41472059614265e-03   0.00000000000000e+00   6.41921397379913e-01 
 -1.02016162758129e-03   6.50733494181314e-03   0.00000000000000e+00   6.44104803493450e-01 
 -1.13529668126108e-03   6.59159240143811e-03   0.00000000000000e+00   6.46288209606987e-01 
 -1.23188406948108e-03   6.65344338891577e-03   0.00000000000000e+00   6.48471615720524e-01 
 -1.33400160660629e-03   6.73013408054693e-03   0.00000000000000e+00   6.50655021834061e-01 
 -1.44087460109810e-03   6.81646456232950e-03   0.00000000000000e+00   6.52838427947598e-01 
 -1.54950996973387e-03   6.90542785186354e-03   0.00000000000000e+00   6.55021834061135e-01 
 -1.65964855014521e-03   6.99651590462048e-03   0.00000000000000e+00   6.57205240174672e-01 
 -1.77120476629253e-03   7.08963331668058e-03   0.00000000000000e+00   6.59388646288210e-01 
 -1.88409304213617e-03   7.18468468412412e-03   0.00000000000000e+00   6.61572052401747e-01 
 -1.99822780163653e-03   7.28157460303139e-03   0.00000000000000e+00   6.63755458515284e-01 
 -2.11352346875397e-03   7.38020766948265e-03   0.00000000000000e+00   6.65938864628821e-01 
 -2.22989719889100e-03   7.48048106364776e-03   0.00000000000000e+00   6.68122270742358e-01 
 -2.34737042005146e-03   7.58200886386252e-03   0.00000000000000e+00   6.70305676855895e-01 
 -2.46609891805962e-03   7.68404036476250e-03   0.00000000000000e+00   6.72489082969432e-01 
 -2.58624734869571e-03   7.78580077890634e-03   0.00000000000000e+00   6.74672489082969e-01 
 -2.70798036773997e-03   7.88651531885268e-03   0.00000000000000e+00   6.76855895196506e-01 
 -2.83146263097263e-03   7.98540919716017e-03   0.00000000000000e+00   6.79039301310044e-01 
 -2.95686461544754e-03   8.08172444899691e-03   0.00000000000000e+00   6.81222707423581e-01 
 -3.08452711579476e-03   8.17519530183491e-03   0.00000000000000e+00   6.83406113537118e-01 
 -3.21498433786345e-03   8.26611491262161e-03   0.00000000000000e+00   6.85589519650655e-01 
 -3.34873530760775e-03   8.35478136033315e-03   0.00000000000000e+00   6.87772925764192e-01 
 -3.48571432429096e-03   8.44117950281406e-03   0.00000000000000e+00   6.89956331877729e-01 
 -3.62547446132580e-03   8.52508275404722e-03   0.00000000000000e+00   6.92139737991266e-01 
 -3.76756163474471e-03   8.60626055823189e-03   0.00000000000000e+00   6.94323144104803e-01 
 -3.91152176058017e-03   8.68448235956735e-03   0.00000000000000e+00   6.96506550218341e-01 
 -4.05690075486462e-03   8.75951760225289e-03   0.00000000000000e+00   6.98689956331878e-01 
 -4.20324453363054e-03   8.83113573048780e-03   0.00000000000000e+00   7.00873362445415e-01 
 -4.35009901291039e-03   8.89910618847134e-03   0.00000000000000e+00   7.03056768558952e-01 
 -4.49701010873662e-03   8.96319842040281e-03   0.00000000000000e+00   7.05240174672489e-01 
 -4.64357361599564e-03   9.02319255473245e-03   0.00000000000000e+00   7.07423580786026e-01 
 -4.79018863386636e-03   9.07904079091830e-03   0.00000000000000e+00   7.09606986899563e-01 
 -4.93790314328800e-03   9.13083432149919e-03   0.00000000000000e+00   7.11790393013100e-01 
 -5.08778367763812e-03   9.17866831302082e-03   0.00000000000000e+00   7.13973799126637e-01 
 -5.24089677029435e-03   9.22263793202889e-03   0.00000000000000e+00   7.16157205240175e-01 
 -5.39817005876111e-03   9.26291988269792e-03   0.00000000000000e+00   7.18340611353712e-01 
 -5.55951465145409e-03   9.30028761386931e-03   0.00000000000000e+00   7.20524017467249e-01 
 -5.72438992858145e-03   9.33577975754704e-03   0.00000000000000e+00   7.22707423580786e-01 
 -5.89225322146401e-03   9.37043614851687e-03   0.00000000000000e+00   7.24890829694323e-01 
 -6.06256186142257e-03   9.40529662156456e-03   0.00000000000000e+00   7.27074235807860e-01 
 -6.23477317977790e-03   9.44140101147583e-03   0.00000000000000e+00   7.29257641921397e-01 
 -6.40834450785082e-03   9.47978915303646e-03   0.00000000000000e+00   7.31441048034934e-01 
 -6.58273182502685e-03   9.52141763659840e-03   0.00000000000000e+00   7.33624454148472e-01 
 -6.75737422564564e-03   9.56620336804574e-03   0.00000000000000e+00   7.35807860262009e-01 
 -6.93169932850265e-03   9.61335665494672e-03   0.00000000000000e+00   7.37991266375546e-01 
 -7.10516925160219e-03   9.66213497884922e-03   0.00000000000000e+00   7.40174672489083e-01 
 -7.27763986606319e-03   9.71248390609699e-03   0.00000000000000e+00   7.42358078602620e-01 
 -7.44921647779187e-03   9.76478489110249e-03   0.00000000000000e+00   7.44541484716157e-01 
 -7.62000834809794e-03   9.81942630035807e-03   0.00000000000000e+00   7.46724890829694e-01 
 -7.79012473829107e-03   9.87679650035608e-03   0.00000000000000e+00   7.48908296943231e-01 
 -7.95967490968098e-03   9.93728385758888e-03   0.00000000000000e+00   7.51091703056769e-01 
 -8.12876812357733e-03   1.00012767385488e-02   0.00000000000000e+00   7.53275109170306e-01 
 -8.29751364128982e-03   1.00691635097282e-02   0.00000000000000e+00   7.55458515283843e-01 
 -8.46602072412815e-03   1.01413325376194e-02   0.00000000000000e+00   7.57641921397380e-01 
 -8.63439863340200e-03   1.02181721887148e-02   0.00000000000000e+00   7.59825327510917e-01 
 -8.80275663042105e-03   1.03000708295068e-02   0.00000000000000e+00   7.62008733624454e-01 
 -8.97120397649502e-03   1.03874168264876e-02   0.00000000000000e+00   7.64192139737991e-01 
 -9.13984937547402e-03   1.04805980899402e-02   0.00000000000000e+00   7.66375545851528e-01 
 -9.30814291708975e-03   1.05794635386948e-02   0.00000000000000e+00   7.68558951965066e-01 
 -9.47360242172773e-03   1.06822807761602e-02   0.00000000000000e+00   7.70742358078603e-01 
 -9.63339317362102e-03   1.07870288999756e-02   0.00000000000000e+00   7.72925764192140e-01 
 -9.78468045700269e-03   1.08916870077805e-02   0.00000000000000e+00   7.75109170305677e-01 
 -9.92491716446165e-03   1.09944758011993e-02   0.00000000000000e+00   7.77292576419214e-01 
 -1.00678566067446e-02   1.11073090714025e-02   0.00000000000000e+00   7.79475982532751e-01 
 -1.02367781240257e-02   1.12502211069630e-02   0.00000000000000e+00   7.81659388646288e-01 
 -1.04020109336060e-02   1.13991922159266e-02   0.00000000000000e+00   7.83842794759825e-01 
 -1.05415237133545e-02   1.15364811707397e-02   0.00000000000000e+00   7.86026200873362e-01 
 -1.06660961386379e-02   1.16715251219810e-02   0.00000000000000e+00   7.88209606986900e-01 
 -1.07894903771082e-02   1.18162359447558e-02   0.00000000000000e+00   7.90393013100437e-01 
 -1.09204247912663e-02   1.19793922255795e-02   0.00000000000000e+00   7.92576419213974e-01 
 -1.10559931534132e-02   1.21625511784620e-02   0.00000000000000e+00   7.94759825327511e-01 
 -1.11916571678541e-02   1.23662561519134e-02   0.00000000000000e+00   7.96943231441048e-01 
 -1.13232060997047e-02   1.25900179836627e-02   0.00000000000000e+00   7.99126637554585e-01 
 -1.14477481898377e-02   1.28291899423884e-02   0.00000000000000e+00   8.01310043668122e-01 
 -1.15627236207233e-02   1.30780789772237e-02   0.00000000000000e+00   8.03493449781659e-01 
 -1.16655725748357e-02   1.33309920372907e-02   0.00000000000000e+00   8.05676855895196e-01 
 -1.17537352346487e-02   1.35822360717111e-02   0.00000000000000e+00   8.07860262008734e-01 
 -1.18246517826364e-02   1.38261180296071e-02   0.00000000000000e+00   8.10043668122271e-01 
 -1.18760993198587e-02   1.40575197663389e-02   0.00000000000000e+00   8.12227074235808e-01 
 -1.19157040145113e-02   1.42881292452560e-02   0.00000000000000e+00   8.14410480349345e-01 
 -1.19601577210768e-02   1.45467639698786e-02   0.00000000000000e+00   8.16593886462882e-01 
 -1.20030690573076e-02   1.48414550940560e-02   0.00000000000000e+00   8.18777292576419e-01 
 -1.20232035078615e-02   1.51665299054648e-02   0.00000000000000e+00   8.20960698689956e-01 
 -1.20072488643057e-02   1.55141037773398e-02   0.00000000000000e+00   8.23144104803493e-01 
 -1.19613331327985e-02   1.58715226786272e-02   0.00000000000000e+00   8.25327510917030e-01 
 -1.18944202525057e-02   1.62254368189250e-02   0.00000000000000e+00   8.27510917030568e-01 
 -1.18154741625928e-02   1.65624964078309e-02   0.00000000000000e+00   8.29694323144105e-01 
 -1.17334588022253e-02   1.68693516549425e-02   0.00000000000000e+00   8.31877729257642e-01 
 -1.16551722050349e-02   1.71353714033138e-02   0.00000000000000e+00   8.34061135371179e-01 
 -1.15622989906891e-02   1.73814467236879e-02   0.00000000000000e+00   8.36244541484716e-01 
 -1.14243568743866e-02   1.76449493812654e-02   0.00000000000000e+00   8.38427947598253e-01 
 -1.12591612622416e-02   1.79172894010206e-02   0.00000000000000e+00   8.40611353711790e-01 
 -1.11133785100677e-02   1.81617080509909e-02   0.00000000000000e+00   8.42794759825327e-01 
 -1.09925947449669e-02   1.83726165273610e-02   0.00000000000000e+00   8.44978165938865e-01 
 -1.08748488299015e-02   1.85654029158442e-02   0.00000000000000e+00   8.47161572052402e-01 
 -1.07376896011928e-02   1.87558284511781e-02   0.00000000000000e+00   8.49344978165939e-01 
 -1.05635462575750e-02   1.89567964946929e-02   0.00000000000000e+00   8.51528384279476e-01 
 -1.03614121190027e-02   1.91656548220495e-02   0.00000000000000e+00   8.53711790393013e-01 
 -1.01492748411331e-02   1.93744842490724e-02   0.00000000000000e+00   8.55895196506550e-01 
 -9.94512924789936e-03   1.95753613939417e-02   0.00000000000000e+00   8.58078602620087e-01 
 -9.76697016323457e-03   1.97603628748374e-02   0.00000000000000e+00   8.60262008733624e-01 
 -9.61979626274718e-03   1.99256986946129e-02   0.00000000000000e+00   8.62445414847162e-01 
 -9.45216392114335e-03   2.00855309638801e-02   0.00000000000000e+00   8.64628820960699e-01 
 -9.21843827012737e-03   2.02533781996293e-02   0.00000000000000e+00   8.66812227074236e-01 
 -8.93654295273295e-03   2.04261646166553e-02   0.00000000000000e+00   8.68995633187773e-01 
 -8.63630035200073e-03   2.05977078200741e-02   0.00000000000000e+00   8.71179039301310e-01 
 -8.34753285097140e-03   2.07618254150012e-02   0.00000000000000e+00   8.73362445414847e-01 
 -8.09982753014817e-03   2.09122921202544e-02   0.00000000000000e+00   8.75545851528384e-01 
 -7.89536220815620e-03   2.10378870358727e-02   0.00000000000000e+00   8.77729257641921e-01 
 -7.68563599812772e-03   2.11189896863912e-02   0.00000000000000e+00   8.79912663755459e-01 
 -7.45180307621279e-03   2.11563565953919e-02   0.00000000000000e+00   8.82096069868996e-01 
 -7.20576449575501e-03   2.11692687452031e-02   0.00000000000000e+00   8.84279475982533e-01 
 -6.96043038410150e-03   2.11776150676902e-02   0.00000000000000e+00   8.86462882096070e-01 
 -6.72630043607144e-03   2.11953395991071e-02   0.00000000000000e+00   8.88646288209607e-01 
 -6.50266686123205e-03   2.12087457773817e-02   0.00000000000000e+00   8.90829694323144e-01 
 -6.28766782191649e-03   2.12025437767356e-02   0.00000000000000e+00   8.93013100436681e-01 
 -6.08593542582631e-03   2.11813321582022e-02   0.00000000000000e+00   8.95196506550218e-01 
 -5.90335244095071e-03   2.11535397200778e-02   0.00000000000000e+00   8.97379912663755e-01 
 -5.74412020561429e-03   2.11241983385504e-02   0.00000000000000e+00   8.99563318777293e-01 
 -5.60046991054021e-03   2.10741683937432e-02   0.00000000000000e+00   9.01746724890830e-01 
 -5.46214532775981e-03   2.09905519913768e-02   0.00000000000000e+00   9.03930131004367e-01 
 -5.32694310678920e-03   2.09046632874312e-02   0.00000000000000e+00   9.06113537117904e-01 
 -5.19636788869400e-03   2.08251092172599e-02   0.00000000000000e+00   9.08296943231441e-01 
 -5.07302543909582e-03   2.07454278636462e-02   0.00000000000000e+00   9.10480349344978e-01 
 -4.95794523281576e-03   2.06621900511539e-02   0.00000000000000e+00   9.12663755458515e-01 
 -4.84966546870128e-03   2.05771606867325e-02   0.00000000000000e+00   9.14847161572052e-01 
 -4.74768368613736e-03   2.04910268352151e-02   0.00000000000000e+00   9.17030567685589e-01 
 -4.65173754724309e-03   2.04041554509080e-02   0.00000000000000e+00   9.19213973799127e-01 
 -4.56156471413761e-03   2.03169134881173e-02   0.00000000000000e+00   9.21397379912664e-01 
 -4.47690284894002e-03   2.02296679011495e-02   0.00000000000000e+00   9.23580786026201e-01 
 -4.39748961376945e-03   2.01427856443106e-02   0.00000000000000e+00   9.25764192139738e-01 
 -4.32306267074501e-03   2.00566336719071e-02   0.00000000000000e+00   9.27947598253275e-01 
 -4.25335968198582e-03   1.99715789382450e-02   0.00000000000000e+00   9.30131004366812e-01 
 -4.18811830961100e-03   1.98879883976308e-02   0.00000000000000e+00   9.32314410480349e-01 
 -4.12707621573966e-03   1.98062290043706e-02   0.00000000000000e+00   9.34497816593886e-01 
 -4.06997106249092e-03   1.97266677127707e-02   0.00000000000000e+00   9.36681222707423e-01 
 -4.01654051198389e-03   1.96496714771373e-02   0.00000000000000e+00   9.38864628820961e-01 
 -3.96652222633771e-03   1.95756072517768e-02   0.00000000000000e+00   9.41048034934498e-01 
 -3.91965386767147e-03   1.95048419909953e-02   0.00000000000000e+00   9.43231441048035e-01 
 -3.87291006663356e-03   1.94379432220004e-02   0.00000000000000e+00   9.45414847161572e-01 
 -3.80315299206669e-03   1.93767317306010e-02   0.00000000000000e+00   9.47598253275109e-01 
 -3.71570369009517e-03   1.93178348447698e-02   0.00000000000000e+00   9.49781659388646e-01 
 -3.64003636666426e-03   1.92551134545353e-02   0.00000000000000e+00   9.51965065502183e-01 
 -3.57325498326711e-03   1.91919038226540e-02   0.00000000000000e+00   9.54148471615720e-01 
 -3.50780314156072e-03   1.91318003001045e-02   0.00000000000000e+00   9.56331877729258e-01 
 -3.44502124209303e-03   1.90741877446153e-02   0.00000000000000e+00   9.58515283842795e-01 
 -3.38637379791150e-03   1.90183954854169e-02   0.00000000000000e+00   9.60698689956332e-01 
 -3.33191657628436e-03   1.89644267029427e-02   0.00000000000000e+00   9.62882096069869e-01 
 -3.28150439589702e-03   1.89123806981944e-02   0.00000000000000e+00   9.65065502183406e-01 
 -3.23499207543485e-03   1.88623567721734e-02   0.00000000000000e+00   9.67248908296943e-01 
 -3.19223443358325e-03   1.88144542258812e-02   0.00000000000000e+00   9.69432314410480e-01 
 -3.15308628902759e-03   1.87687723603194e-02   0.00000000000000e+00   9.71615720524017e-01 
 -3.11740246045327e-03   1.87254104764895e-02   0.00000000000000e+00   9.73799126637555e-01 
 -3.08503776654568e-03   1.86844678753929e-02   0.00000000000000e+00   9.75982532751092e-01 
 -3.05584702599019e-03   1.86460438580311e-02   0.00000000000000e+00   9.78165938864629e-01 
 -3.02968505747221e-03   1.86102377254058e-02   0.00000000000000e+00   9.80349344978166e-01 
 -3.00641043017376e-03   1.85771421221795e-02   0.00000000000000e+00   9.82532751091703e-01 
 -2.98590511479692e-03   1.85468081602623e-02   0.00000000000000e+00   9.84716157205240e-01 
 -2.96806009137113e-03   1.85192709619125e-02   0.00000000000000e+00   9.86899563318777e-01 
 -2.95276635884552e-03   1.84945656158097e-02   0.00000000000000e+00   9.89082969432314e-01 
 -2.93991150916956e-03   1.84727305669060e-02   0.00000000000000e+00   9.91266375545852e-01 
 -2.92931704239436e-03   1.84538693679980e-02   0.00000000000000e+00   9.93449781659389e-01 
 -2.92077261848087e-03   1.84381219666613e-02   0.00000000000000e+00   9.95633187772926e-01 
 -2.91421994212103e-03   1.84255061484906e-02   0.00000000000000e+00   9.97816593886463e-01 
 -2.90965338373799e-03   1.84159972496970e-02   0.00000000000000e+00   1.00000000000000e+00 
