-0.00290949569	-0.01841596822	0.00000000000
-0.00292622253	-0.01844802444	0.00000000000
-0.00307721899	-0.01876835325	0.00000000000
-0.00410238736	-0.01962288723	0.00000000000
-0.00470713079	-0.02062344058	0.00000000000
-0.00584046093	-0.02120075234	0.00000000000
-0.00648639297	-0.02116645754	0.00000000000
-0.00737626472	-0.02126463377	0.00000000000
-0.00850790309	-0.02075113507	0.00000000000
-0.00976430636	-0.01988836060	0.00000000000
-0.01056785507	-0.01892382724	0.00000000000
-0.01126758182	-0.01808159522	0.00000000000
-0.01209485339	-0.01626851490	0.00000000000
-0.01191719024	-0.01319056481	0.00000000000
-0.01027456823	-0.01097059928	0.00000000000
-0.00707151534	-0.00944123432	0.00000000000
-0.00377891747	-0.00918082032	0.00000000000
-0.00182560410	-0.00700313833	0.00000000000
-0.00091346234	-0.00650624297	0.00000000000
-0.00053534880	-0.00590472875	0.00000000000
-0.00137260633	-0.00526237667	0.00000000000
-0.00249786919	-0.00502055342	0.00000000000
-0.00390456693	-0.00482821780	0.00000000000
-0.00560456244	-0.00464264605	0.00000000000
-0.00745163852	-0.00354158900	0.00000000000
-0.00855107104	-0.00209722542	0.00000000000
-0.00907708966	-0.00111242230	0.00000000000
-0.00926060954	0.00127420776	0.00000000000
-0.00774584940	0.00329993312	0.00000000000
-0.00489109369	0.00513697432	0.00000000000
-0.00273335494	0.00462868860	0.00000000000
-0.00056948058	0.00578826017	0.00000000000
-0.00069793983	0.00623102734	0.00000000000
-0.00103838351	0.00651845447	0.00000000000
-0.00184244078	0.00709516050	0.00000000000
-0.00328395736	0.00849799266	0.00000000000
-0.00535770064	0.00932961447	0.00000000000
-0.00791434555	0.00977040366	0.00000000000
-0.01025827870	0.01100382836	0.00000000000
-0.01193767437	0.01316824934	0.00000000000
-0.01209103796	0.01632587851	0.00000000000
-0.01108525963	0.01840404705	0.00000000000
-0.01003653509	0.01957978522	0.00000000000
-0.00851240057	0.02085390222	0.00000000000
-0.00733965731	0.02118220734	0.00000000000
-0.00622873561	0.02130141490	0.00000000000
-0.00478938047	0.02077298291	0.00000000000
-0.00409392738	0.01960446785	0.00000000000
-0.00308138090	0.01877907172	0.00000000000
-0.00292486238	0.01844435731	0.00000000000
-0.00290965338	0.01841599725	0.00000000000
