 -2.90949568545124e-03  -1.84159682226139e-02   0.00000000000000e+00   0.00000000000000e+00 
 -2.91418480362482e-03  -1.84254524046923e-02   0.00000000000000e+00   2.18340611353712e-03 
 -2.92061798732979e-03  -1.84381097874732e-02   0.00000000000000e+00   4.36681222707424e-03 
 -2.92902723836627e-03  -1.84538734038268e-02   0.00000000000000e+00   6.55021834061135e-03 
 -2.93964455853441e-03  -1.84726762866234e-02   0.00000000000000e+00   8.73362445414847e-03 
 -2.95270070949258e-03  -1.84944515818670e-02   0.00000000000000e+00   1.09170305676856e-02 
 -2.96827541391847e-03  -1.85191462143162e-02   0.00000000000000e+00   1.31004366812227e-02 
 -2.98619929159739e-03  -1.85467281822485e-02   0.00000000000000e+00   1.52838427947598e-02 
 -3.00656827724328e-03  -1.85771302457056e-02   0.00000000000000e+00   1.74672489082969e-02 
 -3.02960091407412e-03  -1.86102694570735e-02   0.00000000000000e+00   1.96506550218341e-02 
 -3.05551611633037e-03  -1.86460628212058e-02   0.00000000000000e+00   2.18340611353712e-02 
 -3.08453279825251e-03  -1.86844273429558e-02   0.00000000000000e+00   2.40174672489083e-02 
 -3.11686987408102e-03  -1.87252800271772e-02   0.00000000000000e+00   2.62008733624454e-02 
 -3.15274625805634e-03  -1.87685378787233e-02   0.00000000000000e+00   2.83842794759825e-02 
 -3.19238086441897e-03  -1.88141179024477e-02   0.00000000000000e+00   3.05676855895196e-02 
 -3.23599251191110e-03  -1.88619371062509e-02   0.00000000000000e+00   3.27510917030568e-02 
 -3.28355452765018e-03  -1.89119203306697e-02   0.00000000000000e+00   3.49344978165939e-02 
 -3.33426368555920e-03  -1.89640171928863e-02   0.00000000000000e+00   3.71179039301310e-02 
 -3.38716530169374e-03  -1.90181821667070e-02   0.00000000000000e+00   3.93013100436681e-02 
 -3.44232745641709e-03  -1.90743514769640e-02   0.00000000000000e+00   4.14847161572052e-02 
 -3.50256579005803e-03  -1.91324123243397e-02   0.00000000000000e+00   4.36681222707424e-02 
 -3.57106201691184e-03  -1.91922393053953e-02   0.00000000000000e+00   4.58515283842795e-02 
 -3.64727300071394e-03  -1.92535236879130e-02   0.00000000000000e+00   4.80349344978166e-02 
 -3.72569501324401e-03  -1.93157125904795e-02   0.00000000000000e+00   5.02183406113537e-02 
 -3.80048025114637e-03  -1.93782361970763e-02   0.00000000000000e+00   5.24017467248908e-02 
 -3.86589511708842e-03  -1.94405654514170e-02   0.00000000000000e+00   5.45851528384279e-02 
 -3.92081046480423e-03  -1.95038146097816e-02   0.00000000000000e+00   5.67685589519651e-02 
 -3.97017555298256e-03  -1.95712672900308e-02   0.00000000000000e+00   5.89519650655022e-02 
 -4.01902946096868e-03  -1.96457449034329e-02   0.00000000000000e+00   6.11353711790393e-02 
 -4.07021944425324e-03  -1.97259667626715e-02   0.00000000000000e+00   6.33187772925764e-02 
 -4.12569027625975e-03  -1.98089631439671e-02   0.00000000000000e+00   6.55021834061135e-02 
 -4.18720651881864e-03  -1.98919673198851e-02   0.00000000000000e+00   6.76855895196506e-02 
 -4.25457669204398e-03  -1.99745084649686e-02   0.00000000000000e+00   6.98689956331878e-02 
 -4.32639609142043e-03  -2.00575397749374e-02   0.00000000000000e+00   7.20524017467249e-02 
 -4.40124357844724e-03  -2.01420347827999e-02   0.00000000000000e+00   7.42358078602620e-02 
 -4.47856707868728e-03  -2.02284809837523e-02   0.00000000000000e+00   7.64192139737991e-02 
 -4.56009607311742e-03  -2.03160898770674e-02   0.00000000000000e+00   7.86026200873362e-02 
 -4.64792994292022e-03  -2.04038660894824e-02   0.00000000000000e+00   8.07860262008734e-02 
 -4.74416649407659e-03  -2.04908147219485e-02   0.00000000000000e+00   8.29694323144105e-02 
 -4.84990431980602e-03  -2.05762416883347e-02   0.00000000000000e+00   8.51528384279476e-02 
 -4.96353207259357e-03  -2.06602687299401e-02   0.00000000000000e+00   8.73362445414847e-02 
 -5.08298342140283e-03  -2.07431545608141e-02   0.00000000000000e+00   8.95196506550218e-02 
 -5.20619203519740e-03  -2.08251578950064e-02   0.00000000000000e+00   9.17030567685589e-02 
 -5.33123359332283e-03  -2.09064570388653e-02   0.00000000000000e+00   9.38864628820961e-02 
 -5.45940438374289e-03  -2.09854067578608e-02   0.00000000000000e+00   9.60698689956332e-02 
 -5.59519615508486e-03  -2.10585525156090e-02   0.00000000000000e+00   9.82532751091703e-02 
 -5.74323763667014e-03  -2.11223622158843e-02   0.00000000000000e+00   1.00436681222707e-01 
 -5.90814064878350e-03  -2.11733121652066e-02   0.00000000000000e+00   1.02620087336245e-01 
 -6.09226882685572e-03  -2.12089958789630e-02   0.00000000000000e+00   1.04803493449782e-01 
 -6.29350628796110e-03  -2.12292329161949e-02   0.00000000000000e+00   1.06986899563319e-01 
 -6.50920632126728e-03  -2.12341066245922e-02   0.00000000000000e+00   1.09170305676856e-01 
 -6.73672221594194e-03  -2.12237003518450e-02   0.00000000000000e+00   1.11353711790393e-01 
 -6.97340726115270e-03  -2.11980974456431e-02   0.00000000000000e+00   1.13537117903930e-01 
 -7.21661474606723e-03  -2.11573812536766e-02   0.00000000000000e+00   1.15720524017467e-01 
 -7.46369795985317e-03  -2.11016351236353e-02   0.00000000000000e+00   1.17903930131004e-01 
 -7.71201019167818e-03  -2.10309424032093e-02   0.00000000000000e+00   1.20087336244541e-01 
 -7.95895018016171e-03  -2.09453984292260e-02   0.00000000000000e+00   1.22270742358079e-01 
 -8.20296932984098e-03  -2.08453762218725e-02   0.00000000000000e+00   1.24454148471616e-01 
 -8.44357579874328e-03  -2.07315275629584e-02   0.00000000000000e+00   1.26637554585153e-01 
 -8.68032401186608e-03  -2.06045164390847e-02   0.00000000000000e+00   1.28820960698690e-01 
 -8.91276839420682e-03  -2.04650068368521e-02   0.00000000000000e+00   1.31004366812227e-01 
 -9.14046337076294e-03  -2.03136627428616e-02   0.00000000000000e+00   1.33187772925764e-01 
 -9.36296336653190e-03  -2.01511481437140e-02   0.00000000000000e+00   1.35371179039301e-01 
 -9.57982280651115e-03  -1.99781270260103e-02   0.00000000000000e+00   1.37554585152838e-01 
 -9.79059611569812e-03  -1.97952633763512e-02   0.00000000000000e+00   1.39737991266376e-01 
 -9.99483771909028e-03  -1.96032211813376e-02   0.00000000000000e+00   1.41921397379913e-01 
 -1.01921020416851e-02  -1.94026644275705e-02   0.00000000000000e+00   1.44104803493450e-01 
 -1.03819435010222e-02  -1.91942570684739e-02   0.00000000000000e+00   1.46288209606987e-01 
 -1.05638937046964e-02  -1.89785615842075e-02   0.00000000000000e+00   1.48471615720524e-01 
 -1.07374110872441e-02  -1.87558149342396e-02   0.00000000000000e+00   1.50655021834061e-01 
 -1.09019394400420e-02  -1.85261889358721e-02   0.00000000000000e+00   1.52838427947598e-01 
 -1.10569225544666e-02  -1.82898554064067e-02   0.00000000000000e+00   1.55021834061135e-01 
 -1.12018042218946e-02  -1.80469861631453e-02   0.00000000000000e+00   1.57205240174672e-01 
 -1.13360282337025e-02  -1.77977530233897e-02   0.00000000000000e+00   1.59388646288210e-01 
 -1.14590383812670e-02  -1.75423278044418e-02   0.00000000000000e+00   1.61572052401747e-01 
 -1.15702784559647e-02  -1.72808823236034e-02   0.00000000000000e+00   1.63755458515284e-01 
 -1.16691922491722e-02  -1.70135883981764e-02   0.00000000000000e+00   1.65938864628821e-01 
 -1.17552235522660e-02  -1.67406178454625e-02   0.00000000000000e+00   1.68122270742358e-01 
 -1.18278161566228e-02  -1.64621424827636e-02   0.00000000000000e+00   1.70305676855895e-01 
 -1.18864138536192e-02  -1.61783341273816e-02   0.00000000000000e+00   1.72489082969432e-01 
 -1.19304604346319e-02  -1.58893645966182e-02   0.00000000000000e+00   1.74672489082969e-01 
 -1.19593996910373e-02  -1.55954057077753e-02   0.00000000000000e+00   1.76855895196507e-01 
 -1.19726754142121e-02  -1.52966292781547e-02   0.00000000000000e+00   1.79039301310044e-01 
 -1.19698818648659e-02  -1.49935585145108e-02   0.00000000000000e+00   1.81222707423581e-01 
 -1.19514531286882e-02  -1.46886778580518e-02   0.00000000000000e+00   1.83406113537118e-01 
 -1.19181145400896e-02  -1.43851519000640e-02   0.00000000000000e+00   1.85589519650655e-01 
 -1.18705917199625e-02  -1.40861459008525e-02   0.00000000000000e+00   1.87772925764192e-01 
 -1.18096102891995e-02  -1.37948251207219e-02   0.00000000000000e+00   1.89956331877729e-01 
 -1.17358958686930e-02  -1.35143548199773e-02   0.00000000000000e+00   1.92139737991266e-01 
 -1.16501740793356e-02  -1.32479002589235e-02   0.00000000000000e+00   1.94323144104803e-01 
 -1.15531706312744e-02  -1.29986259602886e-02   0.00000000000000e+00   1.96506550218341e-01 
 -1.14457506431984e-02  -1.27685444121942e-02   0.00000000000000e+00   1.98689956331878e-01 
 -1.13292005307689e-02  -1.25561866181565e-02   0.00000000000000e+00   2.00873362445415e-01 
 -1.12048859835726e-02  -1.23594284833457e-02   0.00000000000000e+00   2.03056768558952e-01 
 -1.10741726911960e-02  -1.21761459129317e-02   0.00000000000000e+00   2.05240174672489e-01 
 -1.09384263432256e-02  -1.20042148120846e-02   0.00000000000000e+00   2.07423580786026e-01 
 -1.07990126292480e-02  -1.18415110859743e-02   0.00000000000000e+00   2.09606986899563e-01 
 -1.06571655545037e-02  -1.16861071599346e-02   0.00000000000000e+00   2.11790393013100e-01 
 -1.05132469215196e-02  -1.15373770978387e-02   0.00000000000000e+00   2.13973799126638e-01 
 -1.03672639143778e-02  -1.13952241811692e-02   0.00000000000000e+00   2.16157205240175e-01 
 -1.02192226902144e-02  -1.12595532239793e-02   0.00000000000000e+00   2.18340611353712e-01 
 -1.00691294061657e-02  -1.11302690403223e-02   0.00000000000000e+00   2.20524017467249e-01 
 -9.91699021936772e-03  -1.10072764442516e-02   0.00000000000000e+00   2.22707423580786e-01 
 -9.76281701113470e-03  -1.08904728945896e-02   0.00000000000000e+00   2.24890829694323e-01 
 -9.60668393457345e-03  -1.07796758345833e-02   0.00000000000000e+00   2.27074235807860e-01 
 -9.44870337856629e-03  -1.06746535767665e-02   0.00000000000000e+00   2.29257641921397e-01 
 -9.28898828752320e-03  -1.05751737198526e-02   0.00000000000000e+00   2.31441048034934e-01 
 -9.12765160585413e-03  -1.04810038625551e-02   0.00000000000000e+00   2.33624454148472e-01 
 -8.96480627796907e-03  -1.03919116035874e-02   0.00000000000000e+00   2.35807860262009e-01 
 -8.80056524827798e-03  -1.03076645416631e-02   0.00000000000000e+00   2.37991266375546e-01 
 -8.63504146119084e-03  -1.02280302754956e-02   0.00000000000000e+00   2.40174672489083e-01 
 -8.46834786111760e-03  -1.01527764037984e-02   0.00000000000000e+00   2.42358078602620e-01 
 -8.30059739246824e-03  -1.00816705252849e-02   0.00000000000000e+00   2.44541484716157e-01 
 -8.13190299965274e-03  -1.00144802386687e-02   0.00000000000000e+00   2.46724890829694e-01 
 -7.96237762708104e-03  -9.95097314266320e-03   0.00000000000000e+00   2.48908296943231e-01 
 -7.79213421916315e-03  -9.89091683598189e-03   0.00000000000000e+00   2.51091703056769e-01 
 -7.62128572030901e-03  -9.83407891733827e-03   0.00000000000000e+00   2.53275109170306e-01 
 -7.44994507492859e-03  -9.78022698544579e-03   0.00000000000000e+00   2.55458515283843e-01 
 -7.27822522743187e-03  -9.72912863901793e-03   0.00000000000000e+00   2.57641921397380e-01 
 -7.10623912222882e-03  -9.68055147676818e-03   0.00000000000000e+00   2.59825327510917e-01 
 -6.93409970372941e-03  -9.63426309741001e-03   0.00000000000000e+00   2.62008733624454e-01 
 -6.76191991634360e-03  -9.59003109965690e-03   0.00000000000000e+00   2.64192139737991e-01 
 -6.58983240089173e-03  -9.54762025551571e-03   0.00000000000000e+00   2.66375545851528e-01 
 -6.41814548699402e-03  -9.50677012322682e-03   0.00000000000000e+00   2.68558951965065e-01 
 -6.24725980210328e-03  -9.46720701501834e-03   0.00000000000000e+00   2.70742358078603e-01 
 -6.07757679301522e-03  -9.42865712553137e-03   0.00000000000000e+00   2.72925764192140e-01 
 -5.90949790652559e-03  -9.39084664940700e-03   0.00000000000000e+00   2.75109170305677e-01 
 -5.74342458943011e-03  -9.35350178128633e-03   0.00000000000000e+00   2.77292576419214e-01 
 -5.57968083681098e-03  -9.31626167565065e-03   0.00000000000000e+00   2.79475982532751e-01 
 -5.41821957881014e-03  -9.27834848456490e-03   0.00000000000000e+00   2.81659388646288e-01 
 -5.25888275244829e-03  -9.23885962613309e-03   0.00000000000000e+00   2.83842794759825e-01 
 -5.10151227458518e-03  -9.19689249580240e-03   0.00000000000000e+00   2.86026200873362e-01 
 -4.94595006208056e-03  -9.15154448901996e-03   0.00000000000000e+00   2.88209606986900e-01 
 -4.79203803179416e-03  -9.10191300123293e-03   0.00000000000000e+00   2.90393013100437e-01 
 -4.63961810058574e-03  -9.04709542788847e-03   0.00000000000000e+00   2.92576419213974e-01 
 -4.48853737424873e-03  -8.98622000066752e-03   0.00000000000000e+00   2.94759825327511e-01 
 -4.33879210138009e-03  -8.91930126096872e-03   0.00000000000000e+00   2.96943231441048e-01 
 -4.19054638602443e-03  -8.84735126338532e-03   0.00000000000000e+00   2.99126637554585e-01 
 -4.04397328008731e-03  -8.77143523689072e-03   0.00000000000000e+00   3.01310043668122e-01 
 -3.89924583547430e-03  -8.69261841045830e-03   0.00000000000000e+00   3.03493449781659e-01 
 -3.75653710409095e-03  -8.61196601306144e-03   0.00000000000000e+00   3.05676855895196e-01 
 -3.61597544367359e-03  -8.53033561953686e-03   0.00000000000000e+00   3.07860262008734e-01 
 -3.47742233953738e-03  -8.44734488543966e-03   0.00000000000000e+00   3.10043668122271e-01 
 -3.34064064465971e-03  -8.36215320939124e-03   0.00000000000000e+00   3.12227074235808e-01 
 -3.20539305395598e-03  -8.27391925563928e-03   0.00000000000000e+00   3.14410480349345e-01 
 -3.07144226234159e-03  -8.18180168843148e-03   0.00000000000000e+00   3.16593886462882e-01 
 -2.93855096473195e-03  -8.08495917201553e-03   0.00000000000000e+00   3.18777292576419e-01 
 -2.80651488559472e-03  -7.98265526099058e-03   0.00000000000000e+00   3.20960698689956e-01 
 -2.67560424516936e-03  -7.87566034322783e-03   0.00000000000000e+00   3.23144104803493e-01 
 -2.54644469930556e-03  -7.76587354627391e-03   0.00000000000000e+00   3.25327510917031e-01 
 -2.41967049657889e-03  -7.65522128517947e-03   0.00000000000000e+00   3.27510917030568e-01 
 -2.29591588556492e-03  -7.54562997499517e-03   0.00000000000000e+00   3.29694323144105e-01 
 -2.17581511483923e-03  -7.43902603077169e-03   0.00000000000000e+00   3.31877729257642e-01 
 -2.06000243297739e-03  -7.33733586755967e-03   0.00000000000000e+00   3.34061135371179e-01 
 -1.94881007375206e-03  -7.24198580856498e-03   0.00000000000000e+00   3.36244541484716e-01 
 -1.84119637716418e-03  -7.15212721211012e-03   0.00000000000000e+00   3.38427947598253e-01 
 -1.73572921338849e-03  -7.06626487623701e-03   0.00000000000000e+00   3.40611353711790e-01 
 -1.63097642553636e-03  -6.98290355417461e-03   0.00000000000000e+00   3.42794759825327e-01 
 -1.52550585671916e-03  -6.90054799915188e-03   0.00000000000000e+00   3.44978165938865e-01 
 -1.41788535004826e-03  -6.81770296439778e-03   0.00000000000000e+00   3.47161572052402e-01 
 -1.30668274863503e-03  -6.73287320314126e-03   0.00000000000000e+00   3.49344978165939e-01 
 -1.19047712643496e-03  -6.64456565530530e-03   0.00000000000000e+00   3.51528384279476e-01 
 -1.07054650901241e-03  -6.55181275838836e-03   0.00000000000000e+00   3.53711790393013e-01 
 -9.54354854498952e-04  -6.45485137776950e-03   0.00000000000000e+00   3.55895196506550e-01 
 -8.50229174678210e-04  -6.35408641911430e-03   0.00000000000000e+00   3.58078602620087e-01 
 -7.66496481333820e-04  -6.24992278808833e-03   0.00000000000000e+00   3.60262008733624e-01 
 -7.11483786249417e-04  -6.14276539035718e-03   0.00000000000000e+00   3.62445414847162e-01 
 -6.93518101208631e-04  -6.03301913158642e-03   0.00000000000000e+00   3.64628820960699e-01 
 -7.19604285000678e-04  -5.92120800181247e-03   0.00000000000000e+00   3.66812227074236e-01 
 -7.87646718599309e-04  -5.80867565769097e-03   0.00000000000000e+00   3.68995633187773e-01 
 -8.91719467905534e-04  -5.69711074670876e-03   0.00000000000000e+00   3.71179039301310e-01 
 -1.02588326123245e-03  -5.58820311764958e-03   0.00000000000000e+00   3.73362445414847e-01 
 -1.18419882689316e-03  -5.48364261929718e-03   0.00000000000000e+00   3.75545851528384e-01 
 -1.36072689320074e-03  -5.38511910043528e-03   0.00000000000000e+00   3.77729257641921e-01 
 -1.54952818846831e-03  -5.29432240984762e-03   0.00000000000000e+00   3.79912663755459e-01 
 -1.74466344100896e-03  -5.21294239631794e-03   0.00000000000000e+00   3.82096069868996e-01 
 -1.94019337913578e-03  -5.14266890862998e-03   0.00000000000000e+00   3.84279475982533e-01 
 -2.13017873116187e-03  -5.08519179556747e-03   0.00000000000000e+00   3.86462882096070e-01 
 -2.30952545599379e-03  -5.04172051509336e-03   0.00000000000000e+00   3.88646288209607e-01 
 -2.47832884219762e-03  -5.01051514502066e-03   0.00000000000000e+00   3.90829694323144e-01 
 -2.63865238283613e-03  -4.98871712479204e-03   0.00000000000000e+00   3.93013100436681e-01 
 -2.79256332724499e-03  -4.97346575895462e-03   0.00000000000000e+00   3.95196506550218e-01 
 -2.94212892475988e-03  -4.96190035205553e-03   0.00000000000000e+00   3.97379912663755e-01 
 -3.08941642471645e-03  -4.95116020864189e-03   0.00000000000000e+00   3.99563318777293e-01 
 -3.23649307645037e-03  -4.93838463326083e-03   0.00000000000000e+00   4.01746724890830e-01 
 -3.38540911057471e-03  -4.92073616983182e-03   0.00000000000000e+00   4.03930131004367e-01 
 -3.53682992817381e-03  -4.89726837194597e-03   0.00000000000000e+00   4.06113537117904e-01 
 -3.68903416849619e-03  -4.87029395948299e-03   0.00000000000000e+00   4.08296943231441e-01 
 -3.84006425681481e-03  -4.84244820676205e-03   0.00000000000000e+00   4.10480349344978e-01 
 -3.98796265372280e-03  -4.81636634603653e-03   0.00000000000000e+00   4.12663755458515e-01 
 -4.13145410169143e-03  -4.79387102201443e-03   0.00000000000000e+00   4.14847161572052e-01 
 -4.27169371766581e-03  -4.77389033963772e-03   0.00000000000000e+00   4.17030567685589e-01 
 -4.41037754167350e-03  -4.75470817252133e-03   0.00000000000000e+00   4.19213973799127e-01 
 -4.54920161374202e-03  -4.73460839428017e-03   0.00000000000000e+00   4.21397379912664e-01 
 -4.68984642629853e-03  -4.71188563664950e-03   0.00000000000000e+00   4.23580786026201e-01 
 -4.83319272246936e-03  -4.68538791574546e-03   0.00000000000000e+00   4.25764192139738e-01 
 -4.97895265450003e-03  -4.65477185100568e-03   0.00000000000000e+00   4.27947598253275e-01 
 -5.12674571633500e-03  -4.61975817653041e-03   0.00000000000000e+00   4.30131004366812e-01 
 -5.27619140191872e-03  -4.58006762641989e-03   0.00000000000000e+00   4.32314410480349e-01 
 -5.42690920519562e-03  -4.53542093477436e-03   0.00000000000000e+00   4.34497816593886e-01 
 -5.57851862011018e-03  -4.48553883569407e-03   0.00000000000000e+00   4.36681222707424e-01 
 -5.73063914060683e-03  -4.43014206327926e-03   0.00000000000000e+00   4.38864628820961e-01 
 -5.88289026063002e-03  -4.36895135163016e-03   0.00000000000000e+00   4.41048034934498e-01 
 -6.03489147412420e-03  -4.30168743484703e-03   0.00000000000000e+00   4.43231441048035e-01 
 -6.18626227503382e-03  -4.22807104703010e-03   0.00000000000000e+00   4.45414847161572e-01 
 -6.33664612679441e-03  -4.14785564042745e-03   0.00000000000000e+00   4.47598253275109e-01 
 -6.48593039625559e-03  -4.06112759333625e-03   0.00000000000000e+00   4.49781659388646e-01 
 -6.63414474160712e-03  -3.96816751050126e-03   0.00000000000000e+00   4.51965065502183e-01 
 -6.78132059912169e-03  -3.86925842373512e-03   0.00000000000000e+00   4.54148471615720e-01 
 -6.92748940507206e-03  -3.76468336485046e-03   0.00000000000000e+00   4.56331877729258e-01 
 -7.07268259573093e-03  -3.65472536565994e-03   0.00000000000000e+00   4.58515283842795e-01 
 -7.21693160737103e-03  -3.53966745797619e-03   0.00000000000000e+00   4.60698689956332e-01 
 -7.36026787626508e-03  -3.41979267361185e-03   0.00000000000000e+00   4.62882096069869e-01 
 -7.50271822702281e-03  -3.29536317364896e-03   0.00000000000000e+00   4.65065502183406e-01 
 -7.64415380735573e-03  -3.16593658143582e-03   0.00000000000000e+00   4.67248908296943e-01 
 -7.78425621892327e-03  -3.03021270295967e-03   0.00000000000000e+00   4.69432314410480e-01 
 -7.92269559550214e-03  -2.88683944468903e-03   0.00000000000000e+00   4.71615720524017e-01 
 -8.05914207086906e-03  -2.73446471309240e-03   0.00000000000000e+00   4.73799126637555e-01 
 -8.19326577880074e-03  -2.57173641463830e-03   0.00000000000000e+00   4.75982532751092e-01 
 -8.32473685307390e-03  -2.39730245579523e-03   0.00000000000000e+00   4.78165938864629e-01 
 -8.45322542746524e-03  -2.20981074303171e-03   0.00000000000000e+00   4.80349344978166e-01 
 -8.57806933643999e-03  -2.00825361139373e-03   0.00000000000000e+00   4.82532751091703e-01 
 -8.69704325492368e-03  -1.79324361239485e-03   0.00000000000000e+00   4.84716157205240e-01 
 -8.80746263435602e-03  -1.56586928316309e-03   0.00000000000000e+00   4.86899563318777e-01 
 -8.90664286453725e-03  -1.32721922471590e-03   0.00000000000000e+00   4.89082969432314e-01 
 -8.99189933526754e-03  -1.07838203807070e-03   0.00000000000000e+00   4.91266375545852e-01 
 -9.06054743634712e-03  -8.20446324244945e-04   0.00000000000000e+00   4.93449781659389e-01 
 -9.10990255757620e-03  -5.54500684256075e-04   0.00000000000000e+00   4.95633187772926e-01 
 -9.13732549655318e-03  -2.81652554433330e-04   0.00000000000000e+00   4.97816593886463e-01 
 -9.14201338645950e-03  -3.77108945905965e-06   0.00000000000000e+00   5.00000000000000e-01 
 -9.12559079722831e-03   2.76267646821401e-04   0.00000000000000e+00   5.02183406113537e-01 
 -9.08984882040769e-03   5.55518516820758e-04   0.00000000000000e+00   5.04366812227074e-01 
 -9.03657854754573e-03   8.31036382951664e-04   0.00000000000000e+00   5.06550218340611e-01 
 -8.96757107019049e-03   1.09987610762683e-03   0.00000000000000e+00   5.08733624454148e-01 
 -8.88461747989005e-03   1.35909255325892e-03   0.00000000000000e+00   5.10917030567686e-01 
 -8.78950886819249e-03   1.60574058226062e-03   0.00000000000000e+00   5.13100436681223e-01 
 -8.68403632662222e-03   1.83687505719478e-03   0.00000000000000e+00   5.15283842794760e-01 
 -8.56986636662153e-03   2.05034146595346e-03   0.00000000000000e+00   5.17467248908297e-01 
 -8.44817574740871e-03   2.24709342179426e-03   0.00000000000000e+00   5.19650655021834e-01 
 -8.32002089546848e-03   2.42884820826202e-03   0.00000000000000e+00   5.21834061135371e-01 
 -8.18645823728554e-03   2.59732310890165e-03   0.00000000000000e+00   5.24017467248908e-01 
 -8.04854419934460e-03   2.75423540725799e-03   0.00000000000000e+00   5.26200873362445e-01 
 -7.90733520813037e-03   2.90130238687591e-03   0.00000000000000e+00   5.28384279475983e-01 
 -7.76388769012756e-03   3.04024133130029e-03   0.00000000000000e+00   5.30567685589520e-01 
 -7.61925807182087e-03   3.17276952407599e-03   0.00000000000000e+00   5.32751091703057e-01 
 -7.47450277969502e-03   3.30060424874787e-03   0.00000000000000e+00   5.34934497816594e-01 
 -7.33056538873015e-03   3.42527846741631e-03   0.00000000000000e+00   5.37117903930131e-01 
 -7.18743586776898e-03   3.54676760813366e-03   0.00000000000000e+00   5.39301310043668e-01 
 -7.04462505273999e-03   3.66426452656910e-03   0.00000000000000e+00   5.41484716157205e-01 
 -6.90164016075333e-03   3.77695616774126e-03   0.00000000000000e+00   5.43668122270742e-01 
 -6.75798840891920e-03   3.88402947666875e-03   0.00000000000000e+00   5.45851528384279e-01 
 -6.61317701434777e-03   3.98467139837022e-03   0.00000000000000e+00   5.48034934497817e-01 
 -6.46671319414924e-03   4.07806887786428e-03   0.00000000000000e+00   5.50218340611354e-01 
 -6.31816343127134e-03   4.16348302035127e-03   0.00000000000000e+00   5.52401746724891e-01 
 -6.16774883945630e-03   4.24099407981381e-03   0.00000000000000e+00   5.54585152838428e-01 
 -6.01609712324064e-03   4.31119108305253e-03   0.00000000000000e+00   5.56768558951965e-01 
 -5.86384208988479e-03   4.37467069329284e-03   0.00000000000000e+00   5.58951965065502e-01 
 -5.71161754664914e-03   4.43202957376018e-03   0.00000000000000e+00   5.61135371179039e-01 
 -5.56005730079408e-03   4.48386438767994e-03   0.00000000000000e+00   5.63318777292576e-01 
 -5.40979515958004e-03   4.53077179827755e-03   0.00000000000000e+00   5.65502183406113e-01 
 -5.26145145237712e-03   4.57334537598567e-03   0.00000000000000e+00   5.67685589519651e-01 
 -5.11517491298233e-03   4.61207047345693e-03   0.00000000000000e+00   5.69868995633188e-01 
 -4.97053033340363e-03   4.64729844530053e-03   0.00000000000000e+00   5.72052401746725e-01 
 -4.82704623642286e-03   4.67937232336913e-03   0.00000000000000e+00   5.74235807860262e-01 
 -4.68425114482179e-03   4.70863513951537e-03   0.00000000000000e+00   5.76419213973799e-01 
 -4.54167358138227e-03   4.73542992559194e-03   0.00000000000000e+00   5.78602620087336e-01 
 -4.39884206888607e-03   4.76009971345147e-03   0.00000000000000e+00   5.80786026200873e-01 
 -4.25528513011504e-03   4.78298753494663e-03   0.00000000000000e+00   5.82969432314410e-01 
 -4.11053128785096e-03   4.80443642193009e-03   0.00000000000000e+00   5.85152838427948e-01 
 -3.96410906487564e-03   4.82478940625449e-03   0.00000000000000e+00   5.87336244541485e-01 
 -3.81554698397091e-03   4.84438951977250e-03   0.00000000000000e+00   5.89519650655022e-01 
 -3.66437425412144e-03   4.86357978130426e-03   0.00000000000000e+00   5.91703056768559e-01 
 -3.51047655695085e-03   4.88269643946798e-03   0.00000000000000e+00   5.93886462882096e-01 
 -3.35467820090988e-03   4.90205791628737e-03   0.00000000000000e+00   5.96069868995633e-01 
 -3.19795615860928e-03   4.92197973435690e-03   0.00000000000000e+00   5.98253275109170e-01 
 -3.04128740265977e-03   4.94277741627104e-03   0.00000000000000e+00   6.00436681222707e-01 
 -2.88564890567212e-03   4.96476648462425e-03   0.00000000000000e+00   6.02620087336245e-01 
 -2.73194711841325e-03   4.98827955050174e-03   0.00000000000000e+00   6.04803493449782e-01 
 -2.57897142933112e-03   5.01416222064849e-03   0.00000000000000e+00   6.06986899563319e-01 
 -2.42307603720375e-03   5.04385018445388e-03   0.00000000000000e+00   6.09170305676856e-01 
 -2.26048060234037e-03   5.07881173197754e-03   0.00000000000000e+00   6.11353711790393e-01 
 -2.08740478505028e-03   5.12051515327908e-03   0.00000000000000e+00   6.13537117903930e-01 
 -1.90010398767260e-03   5.17042684424067e-03   0.00000000000000e+00   6.15720524017467e-01 
 -1.69919210725140e-03   5.22978221883207e-03   0.00000000000000e+00   6.17903930131004e-01 
 -1.49376607723525e-03   5.29936712572487e-03   0.00000000000000e+00   6.20087336244541e-01 
 -1.29390002144157e-03   5.37991562660560e-03   0.00000000000000e+00   6.22270742358079e-01 
 -1.10966806368769e-03   5.47216178316078e-03   0.00000000000000e+00   6.24454148471616e-01 
 -9.51144327791021e-04   5.57683965707693e-03   0.00000000000000e+00   6.26637554585153e-01 
 -8.28402937568920e-04   5.69468331004059e-03   0.00000000000000e+00   6.28820960698690e-01 
 -7.49353945294833e-04   5.82518205192453e-03   0.00000000000000e+00   6.31004366812227e-01 
 -7.12132048178721e-04   5.96220250837019e-03   0.00000000000000e+00   6.33187772925764e-01 
 -7.12113089832654e-04   6.09802444065243e-03   0.00000000000000e+00   6.35371179039301e-01 
 -7.44672751279475e-04   6.22492751652644e-03   0.00000000000000e+00   6.37554585152838e-01 
 -8.05152353415366e-04   6.33574651789452e-03   0.00000000000000e+00   6.39737991266376e-01 
 -8.88468037345145e-04   6.43018533164101e-03   0.00000000000000e+00   6.41921397379913e-01 
 -9.89248894281724e-04   6.51258535537593e-03   0.00000000000000e+00   6.44104803493450e-01 
 -1.10211862488148e-03   6.58737507527596e-03   0.00000000000000e+00   6.46288209606987e-01 
 -1.22170092980080e-03   6.65898297751785e-03   0.00000000000000e+00   6.48471615720524e-01 
 -1.34261950969607e-03   6.73183754827828e-03   0.00000000000000e+00   6.50655021834061e-01 
 -1.45958663252901e-03   6.81029683609661e-03   0.00000000000000e+00   6.52838427947598e-01 
 -1.57051056360723e-03   6.89617711067809e-03   0.00000000000000e+00   6.55021834061135e-01 
 -1.67731375527346e-03   6.98810215608487e-03   0.00000000000000e+00   6.57205240174672e-01 
 -1.78217353483852e-03   7.08449305414598e-03   0.00000000000000e+00   6.59388646288210e-01 
 -1.88726722961318e-03   7.18377088669046e-03   0.00000000000000e+00   6.61572052401747e-01 
 -1.99473881661622e-03   7.28437497872985e-03   0.00000000000000e+00   6.63755458515284e-01 
 -2.10567974968651e-03   7.38532040353180e-03   0.00000000000000e+00   6.65938864628821e-01 
 -2.21994067067029e-03   7.48630097983449e-03   0.00000000000000e+00   6.68122270742358e-01 
 -2.33730089333381e-03   7.58704954406084e-03   0.00000000000000e+00   6.70305676855895e-01 
 -2.45753973144333e-03   7.68729893263380e-03   0.00000000000000e+00   6.72489082969432e-01 
 -2.58043649876510e-03   7.78678198197630e-03   0.00000000000000e+00   6.74672489082969e-01 
 -2.70577050906538e-03   7.88523152851127e-03   0.00000000000000e+00   6.76855895196506e-01 
 -2.83332090363755e-03   7.98238108885106e-03   0.00000000000000e+00   6.79039301310044e-01 
 -2.96285931232392e-03   8.07799380286972e-03   0.00000000000000e+00   6.81222707423581e-01 
 -3.09414711324550e-03   8.17187324063532e-03   0.00000000000000e+00   6.83406113537118e-01 
 -3.22694494732357e-03   8.26382587954490e-03   0.00000000000000e+00   6.85589519650655e-01 
 -3.36101345547949e-03   8.35365819699548e-03   0.00000000000000e+00   6.87772925764192e-01 
 -3.49611327863453e-03   8.44117667038409e-03   0.00000000000000e+00   6.89956331877729e-01 
 -3.63200513185996e-03   8.52618775157075e-03   0.00000000000000e+00   6.92139737991266e-01 
 -3.76860297502536e-03   8.60844511532728e-03   0.00000000000000e+00   6.94323144104803e-01 
 -3.90629641932516e-03   8.68753862341405e-03   0.00000000000000e+00   6.96506550218341e-01 
 -4.04556708763302e-03   8.76302644902149e-03   0.00000000000000e+00   6.98689956331878e-01 
 -4.18689660282264e-03   8.83446676534005e-03   0.00000000000000e+00   7.00873362445415e-01 
 -4.33076658776772e-03   8.90141774556015e-03   0.00000000000000e+00   7.03056768558952e-01 
 -4.47755326241634e-03   8.96358280704723e-03   0.00000000000000e+00   7.05240174672489e-01 
 -4.62719795058416e-03   9.02126464967818e-03   0.00000000000000e+00   7.07423580786026e-01 
 -4.77952982696840e-03   9.07492051369092e-03   0.00000000000000e+00   7.09606986899563e-01 
 -4.93437806614612e-03   9.12500763948906e-03   0.00000000000000e+00   7.11790393013100e-01 
 -5.09157184269432e-03   9.17198326747619e-03   0.00000000000000e+00   7.13973799126637e-01 
 -5.25094033119005e-03   9.21630463805591e-03   0.00000000000000e+00   7.16157205240175e-01 
 -5.41231270621032e-03   9.25842899163181e-03   0.00000000000000e+00   7.18340611353712e-01 
 -5.57551814233216e-03   9.29881356860750e-03   0.00000000000000e+00   7.20524017467249e-01 
 -5.74038581413259e-03   9.33791560938657e-03   0.00000000000000e+00   7.22707423580786e-01 
 -5.90674489618865e-03   9.37619235437262e-03   0.00000000000000e+00   7.24890829694323e-01 
 -6.07442456307736e-03   9.41410104396925e-03   0.00000000000000e+00   7.27074235807860e-01 
 -6.24325398937575e-03   9.45209891858006e-03   0.00000000000000e+00   7.29257641921397e-01 
 -6.41306234966084e-03   9.49064321860864e-03   0.00000000000000e+00   7.31441048034934e-01 
 -6.58367881850966e-03   9.53019118445859e-03   0.00000000000000e+00   7.33624454148472e-01 
 -6.75493257049925e-03   9.57120005653351e-03   0.00000000000000e+00   7.35807860262009e-01 
 -6.92665278020661e-03   9.61412707523699e-03   0.00000000000000e+00   7.37991266375546e-01 
 -7.09866862220879e-03   9.65942948097264e-03   0.00000000000000e+00   7.40174672489083e-01 
 -7.27080929849719e-03   9.70756430710665e-03   0.00000000000000e+00   7.42358078602620e-01 
 -7.44291505896651e-03   9.75890515167372e-03   0.00000000000000e+00   7.44541484716157e-01 
 -7.61485407275888e-03   9.81361476259358e-03   0.00000000000000e+00   7.46724890829694e-01 
 -7.78649885168511e-03   9.87182309133685e-03   0.00000000000000e+00   7.48908296943231e-01 
 -7.95772190755599e-03   9.93366008937419e-03   0.00000000000000e+00   7.51091703056769e-01 
 -8.12839575218231e-03   9.99925570817620e-03   0.00000000000000e+00   7.53275109170306e-01 
 -8.29839289737486e-03   1.00687398992135e-02   0.00000000000000e+00   7.55458515283843e-01 
 -8.46758585494443e-03   1.01422426139568e-02   0.00000000000000e+00   7.57641921397380e-01 
 -8.63584713670182e-03   1.02198938038767e-02   0.00000000000000e+00   7.59825327510917e-01 
 -8.80304925445780e-03   1.03018234204437e-02   0.00000000000000e+00   7.62008733624454e-01 
 -8.96906472002318e-03   1.03881614151286e-02   0.00000000000000e+00   7.64192139737991e-01 
 -9.13376604520874e-03   1.04790377394019e-02   0.00000000000000e+00   7.66375545851528e-01 
 -9.29702574182529e-03   1.05745823447344e-02   0.00000000000000e+00   7.68558951965066e-01 
 -9.45871632168360e-03   1.06749251825966e-02   0.00000000000000e+00   7.70742358078603e-01 
 -9.61871029659446e-03   1.07801962044591e-02   0.00000000000000e+00   7.72925764192140e-01 
 -9.77688017836868e-03   1.08905253617926e-02   0.00000000000000e+00   7.75109170305677e-01 
 -9.93309847881703e-03   1.10060426060677e-02   0.00000000000000e+00   7.77292576419214e-01 
 -1.00872377081323e-02   1.11268778930305e-02   0.00000000000000e+00   7.79475982532751e-01 
 -1.02391145416425e-02   1.12533087125864e-02   0.00000000000000e+00   7.81659388646288e-01 
 -1.03883425468132e-02   1.13861492327174e-02   0.00000000000000e+00   7.83842794759825e-01 
 -1.05344891213886e-02   1.15263356170628e-02   0.00000000000000e+00   7.86026200873362e-01 
 -1.06771216631131e-02   1.16748040292616e-02   0.00000000000000e+00   7.88209606986900e-01 
 -1.08158075697309e-02   1.18324906329531e-02   0.00000000000000e+00   7.90393013100437e-01 
 -1.09501142389863e-02   1.20003315917765e-02   0.00000000000000e+00   7.92576419213974e-01 
 -1.10796090686237e-02   1.21792630693710e-02   0.00000000000000e+00   7.94759825327511e-01 
 -1.12038594563872e-02   1.23702212293758e-02   0.00000000000000e+00   7.96943231441048e-01 
 -1.13224328000213e-02   1.25741422354301e-02   0.00000000000000e+00   7.99126637554585e-01 
 -1.14348964972702e-02   1.27919622511730e-02   0.00000000000000e+00   8.01310043668122e-01 
 -1.15408179458781e-02   1.30246174402438e-02   0.00000000000000e+00   8.03493449781659e-01 
 -1.16395856246596e-02   1.32725865183958e-02   0.00000000000000e+00   8.05676855895196e-01 
 -1.17298009503378e-02   1.35343358939636e-02   0.00000000000000e+00   8.07860262008734e-01 
 -1.18098489825955e-02   1.38077788081530e-02   0.00000000000000e+00   8.10043668122271e-01 
 -1.18781147748529e-02   1.40908284861581e-02   0.00000000000000e+00   8.12227074235808e-01 
 -1.19329833805304e-02   1.43813981531733e-02   0.00000000000000e+00   8.14410480349345e-01 
 -1.19728398530484e-02   1.46774010343931e-02   0.00000000000000e+00   8.16593886462882e-01 
 -1.19960692458271e-02   1.49767503550117e-02   0.00000000000000e+00   8.18777292576419e-01 
 -1.20010590790833e-02   1.52773604582932e-02   0.00000000000000e+00   8.20960698689956e-01 
 -1.19869187936502e-02   1.55774728963537e-02   0.00000000000000e+00   8.23144104803493e-01 
 -1.19544793404988e-02   1.58761094918022e-02   0.00000000000000e+00   8.25327510917030e-01 
 -1.19048228040121e-02   1.61724058928871e-02   0.00000000000000e+00   8.27510917030568e-01 
 -1.18390312685732e-02   1.64654977478563e-02   0.00000000000000e+00   8.29694323144105e-01 
 -1.17581868185651e-02   1.67545207049581e-02   0.00000000000000e+00   8.31877729257642e-01 
 -1.16633715383708e-02   1.70386104124407e-02   0.00000000000000e+00   8.34061135371179e-01 
 -1.15556675123734e-02   1.73169025185521e-02   0.00000000000000e+00   8.36244541484716e-01 
 -1.14361568249559e-02   1.75885326715405e-02   0.00000000000000e+00   8.38427947598253e-01 
 -1.13059215605014e-02   1.78526365196541e-02   0.00000000000000e+00   8.40611353711790e-01 
 -1.11660438033928e-02   1.81083497111410e-02   0.00000000000000e+00   8.42794759825327e-01 
 -1.10176056380132e-02   1.83548078942494e-02   0.00000000000000e+00   8.44978165938865e-01 
 -1.08616891487456e-02   1.85911467172273e-02   0.00000000000000e+00   8.47161572052402e-01 
 -1.06993764199732e-02   1.88165018283230e-02   0.00000000000000e+00   8.49344978165939e-01 
 -1.05315458188337e-02   1.90302243438373e-02   0.00000000000000e+00   8.51528384279476e-01 
 -1.03579668666180e-02   1.92328381863067e-02   0.00000000000000e+00   8.53711790393013e-01 
 -1.01780336409233e-02   1.94252643782853e-02   0.00000000000000e+00   8.55895196506550e-01 
 -9.99113992012671e-03   1.96084242588065e-02   0.00000000000000e+00   8.58078602620087e-01 
 -9.79667948260555e-03   1.97832391669036e-02   0.00000000000000e+00   8.60262008733624e-01 
 -9.59404610673705e-03   1.99506304416101e-02   0.00000000000000e+00   8.62445414847162e-01 
 -9.38263357089844e-03   2.01115194219594e-02   0.00000000000000e+00   8.64628820960699e-01 
 -9.16183565346696e-03   2.02668274469850e-02   0.00000000000000e+00   8.66812227074236e-01 
 -8.93104613281988e-03   2.04174758557202e-02   0.00000000000000e+00   8.68995633187773e-01 
 -8.69009030077892e-03   2.05639110152428e-02   0.00000000000000e+00   8.71179039301310e-01 
 -8.44104709824558e-03   2.07040986744144e-02   0.00000000000000e+00   8.73362445414847e-01 
 -8.18672877484492e-03   2.08351974205053e-02   0.00000000000000e+00   8.75545851528384e-01 
 -7.92994797523029e-03   2.09543654059733e-02   0.00000000000000e+00   8.77729257641921e-01 
 -7.67351734405499e-03   2.10587607832765e-02   0.00000000000000e+00   8.79912663755459e-01 
 -7.42024952597237e-03   2.11455417048728e-02   0.00000000000000e+00   8.82096069868996e-01 
 -7.17295716563573e-03   2.12118663232202e-02   0.00000000000000e+00   8.84279475982533e-01 
 -6.93445290769843e-03   2.12548927907765e-02   0.00000000000000e+00   8.86462882096070e-01 
 -6.70716667440689e-03   2.12727239403864e-02   0.00000000000000e+00   8.88646288209607e-01 
 -6.49174872240898e-03   2.12678553845048e-02   0.00000000000000e+00   8.90829694323144e-01 
 -6.28833241162896e-03   2.12440586007776e-02   0.00000000000000e+00   8.93013100436681e-01 
 -6.09705104577088e-03   2.12051052056198e-02   0.00000000000000e+00   8.95196506550218e-01 
 -5.91803792853882e-03   2.11547668154466e-02   0.00000000000000e+00   8.97379912663755e-01 
 -5.75142636363682e-03   2.10968150466731e-02   0.00000000000000e+00   8.99563318777293e-01 
 -5.59712476114252e-03   2.10345120113475e-02   0.00000000000000e+00   9.01746724890830e-01 
 -5.45392622673071e-03   2.09685930604337e-02   0.00000000000000e+00   9.03930131004367e-01 
 -5.32027876716211e-03   2.08990117112507e-02   0.00000000000000e+00   9.06113537117904e-01 
 -5.19463028676613e-03   2.08257212490555e-02   0.00000000000000e+00   9.08296943231441e-01 
 -5.07543396132267e-03   2.07486771964954e-02   0.00000000000000e+00   9.10480349344978e-01 
 -4.96166967773602e-03   2.06680586310293e-02   0.00000000000000e+00   9.12663755458515e-01 
 -4.85328536241402e-03   2.05844555002858e-02   0.00000000000000e+00   9.14847161572052e-01 
 -4.75033286447921e-03   2.04985018603654e-02   0.00000000000000e+00   9.17030567685589e-01 
 -4.65286403305411e-03   2.04108317673689e-02   0.00000000000000e+00   9.19213973799127e-01 
 -4.56093071726126e-03   2.03220792773969e-02   0.00000000000000e+00   9.21397379912664e-01 
 -4.47458476622319e-03   2.02328784465501e-02   0.00000000000000e+00   9.23580786026201e-01 
 -4.39387802906244e-03   2.01438633309291e-02   0.00000000000000e+00   9.25764192139738e-01 
 -4.31886235490153e-03   2.00556679866346e-02   0.00000000000000e+00   9.27947598253275e-01 
 -4.24958959286299e-03   1.99689264697672e-02   0.00000000000000e+00   9.30131004366812e-01 
 -4.18611159206935e-03   1.98842728364276e-02   0.00000000000000e+00   9.32314410480349e-01 
 -4.12846478326037e-03   1.98023379729605e-02   0.00000000000000e+00   9.34497816593886e-01 
 -4.07565728194286e-03   1.97235413616826e-02   0.00000000000000e+00   9.36681222707423e-01 
 -4.02504095255805e-03   1.96479619880121e-02   0.00000000000000e+00   9.38864628820961e-01 
 -3.97381763977104e-03   1.95756479958666e-02   0.00000000000000e+00   9.41048034934498e-01 
 -3.91918918824692e-03   1.95066475291639e-02   0.00000000000000e+00   9.43231441048035e-01 
 -3.85868534973486e-03   1.94409155796659e-02   0.00000000000000e+00   9.45414847161572e-01 
 -3.79253362126163e-03   1.93776407610951e-02   0.00000000000000e+00   9.47598253275109e-01 
 -3.72228698905352e-03   1.93156351409443e-02   0.00000000000000e+00   9.49781659388646e-01 
 -3.64963892028906e-03   1.92539386224452e-02   0.00000000000000e+00   9.51965065502183e-01 
 -3.57695536371165e-03   1.91927715013470e-02   0.00000000000000e+00   9.54148471615720e-01 
 -3.50681700485792e-03   1.91327309963018e-02   0.00000000000000e+00   9.56331877729258e-01 
 -3.44180060099990e-03   1.90744138154491e-02   0.00000000000000e+00   9.58515283842795e-01 
 -3.38341935668039e-03   1.90182380600657e-02   0.00000000000000e+00   9.60698689956332e-01 
 -3.33070055380390e-03   1.89642043600331e-02   0.00000000000000e+00   9.62882096069869e-01 
 -3.28231687329684e-03   1.89122537956056e-02   0.00000000000000e+00   9.65065502183406e-01 
 -3.23694099608561e-03   1.88623274470378e-02   0.00000000000000e+00   9.67248908296943e-01 
 -3.19359817621467e-03   1.88144045310511e-02   0.00000000000000e+00   9.69432314410480e-01 
 -3.15312864146692e-03   1.87686605830373e-02   0.00000000000000e+00   9.71615720524017e-01 
 -3.11672967193432e-03   1.87253114986381e-02   0.00000000000000e+00   9.73799126637555e-01 
 -3.08435342973386e-03   1.86844481074086e-02   0.00000000000000e+00   9.75982532751092e-01 
 -3.05552416991591e-03   1.86461182569917e-02   0.00000000000000e+00   9.78165938864629e-01 
 -3.02976575880526e-03   1.86103697559839e-02   0.00000000000000e+00   9.80349344978166e-01 
 -3.00665363349397e-03   1.85772540622379e-02   0.00000000000000e+00   9.82532751091703e-01 
 -2.98608501094969e-03   1.85468454034295e-02   0.00000000000000e+00   9.84716157205240e-01 
 -2.96808098984648e-03   1.85192267733652e-02   0.00000000000000e+00   9.86899563318777e-01 
 -2.95266292901142e-03   1.84944811842607e-02   0.00000000000000e+00   9.89082969432314e-01 
 -2.93983885618199e-03   1.84726900324525e-02   0.00000000000000e+00   9.91266375545852e-01 
 -2.92935819119850e-03   1.84539033680763e-02   0.00000000000000e+00   9.93449781659389e-01 
 -2.92081157093861e-03   1.84381491680019e-02   0.00000000000000e+00   9.95633187772926e-01 
 -2.91419674244636e-03   1.84254892291586e-02   0.00000000000000e+00   9.97816593886463e-01 
 -2.90965338373799e-03   1.84159972496970e-02   0.00000000000000e+00   1.00000000000000e+00 
