-0.00290949569	-0.01841596822	0.00000000000	0.00000000000
-0.00290977873	-0.01841654102	0.00000000000	0.00015650209
-0.00291008185	-0.01841715523	0.00000000000	0.00031948775
-0.00291040379	-0.01841780813	0.00000000000	0.00048773449
-0.00291074523	-0.01841850092	0.00000000000	0.00066109552
-0.00291110761	-0.01841923625	0.00000000000	0.00083978520
-0.00291149232	-0.01842001665	0.00000000000	0.00102395381
-0.00291190074	-0.01842084454	0.00000000000	0.00121369560
-0.00291233430	-0.01842172243	0.00000000000	0.00140910047
-0.00291279461	-0.01842265307	0.00000000000	0.00161029330
-0.00291328354	-0.01842363968	0.00000000000	0.00181746445
-0.00291380326	-0.01842468600	0.00000000000	0.00203088028
-0.00291435625	-0.01842579629	0.00000000000	0.00225086143
-0.00291494516	-0.01842697502	0.00000000000	0.00247772335
-0.00291557270	-0.01842822666	0.00000000000	0.00271172933
-0.00291624158	-0.01842955554	0.00000000000	0.00295307405
-0.00291695458	-0.01843096596	0.00000000000	0.00320190921
-0.00291771467	-0.01843246242	0.00000000000	0.00345839122
-0.00291852511	-0.01843404981	0.00000000000	0.00372270216
-0.00291938946	-0.01843573343	0.00000000000	0.00399505704
-0.00292031164	-0.01843751903	0.00000000000	0.00427570043
-0.00292129591	-0.01843941279	0.00000000000	0.00456489723
-0.00292234691	-0.01844142127	0.00000000000	0.00486292367
-0.00292346960	-0.01844355144	0.00000000000	0.00517006587
-0.00292466938	-0.01844581067	0.00000000000	0.00548661635
-0.00292595205	-0.01844820676	0.00000000000	0.00581287460
-0.00292732386	-0.01845074793	0.00000000000	0.00614914791
-0.00292879158	-0.01845344293	0.00000000000	0.00649575247
-0.00293036252	-0.01845630100	0.00000000000	0.00685301436
-0.00293204459	-0.01845933191	0.00000000000	0.00722126993
-0.00293384634	-0.01846254605	0.00000000000	0.00760086674
-0.00293577706	-0.01846595443	0.00000000000	0.00799216908
-0.00293784675	-0.01846956866	0.00000000000	0.00839554395
-0.00294006626	-0.01847340106	0.00000000000	0.00881137521
-0.00294244743	-0.01847746480	0.00000000000	0.00924007268
-0.00294500297	-0.01848177366	0.00000000000	0.00968203934
-0.00294774676	-0.01848634234	0.00000000000	0.01013770735
-0.00295069370	-0.01849118642	0.00000000000	0.01060751814
-0.00295385758	-0.01849632263	0.00000000000	0.01109193421
-0.00295725054	-0.01850176907	0.00000000000	0.01159144088
-0.00296088490	-0.01850754469	0.00000000000	0.01210651514
-0.00296477353	-0.01851366978	0.00000000000	0.01263766254
-0.00296892997	-0.01852016627	0.00000000000	0.01318543970
-0.00297336831	-0.01852705735	0.00000000000	0.01375041109
-0.00297810701	-0.01853436682	0.00000000000	0.01433313432
-0.00298317011	-0.01854211928	0.00000000000	0.01493418254
-0.00298858429	-0.01855034123	0.00000000000	0.01555418857
-0.00299437899	-0.01855906117	0.00000000000	0.01619384278
-0.00300058565	-0.01856830821	0.00000000000	0.01685378430
-0.00300723847	-0.01857811295	0.00000000000	0.01753466563
-0.00301437591	-0.01858850932	0.00000000000	0.01823727305
-0.00302203983	-0.01859953295	0.00000000000	0.01896240294
-0.00303027520	-0.01861122031	0.00000000000	0.01971080283
-0.00303913141	-0.01862361020	0.00000000000	0.02048326761
-0.00304866370	-0.01863674523	0.00000000000	0.02128072270
-0.00305893214	-0.01865066977	0.00000000000	0.02210408603
-0.00307000114	-0.01866542877	0.00000000000	0.02295419949
-0.00308194272	-0.01868107152	0.00000000000	0.02383204889
-0.00309483695	-0.01869765138	0.00000000000	0.02473872831
-0.00310877136	-0.01871522408	0.00000000000	0.02567533920
-0.00312384151	-0.01873384766	0.00000000000	0.02664298445
-0.00314015199	-0.01875358275	0.00000000000	0.02764278420
-0.00315781826	-0.01877449375	0.00000000000	0.02867593206
-0.00317697005	-0.01879665157	0.00000000000	0.02974381660
-0.00319774904	-0.01882012941	0.00000000000	0.03084780583
-0.00322030912	-0.01884500175	0.00000000000	0.03198920647
-0.00324481402	-0.01887134489	0.00000000000	0.03316929136
-0.00327135229	-0.01889924613	0.00000000000	0.03438957717
-0.00329991310	-0.01892880429	0.00000000000	0.03565179047
-0.00333045271	-0.01896011955	0.00000000000	0.03695752456
-0.00336289613	-0.01899329645	0.00000000000	0.03830837736
-0.00339715695	-0.01902844600	0.00000000000	0.03970605069
-0.00343368803	-0.01906568017	0.00000000000	0.04115250526
-0.00347361543	-0.01910509024	0.00000000000	0.04264922477
-0.00351830687	-0.01914676347	0.00000000000	0.04419759972
-0.00356933721	-0.01919080808	0.00000000000	0.04579998267
-0.00362667467	-0.01923721398	0.00000000000	0.04745782631
-0.00368820413	-0.01928583084	0.00000000000	0.04917191178
-0.00375126405	-0.01933650178	0.00000000000	0.05094464260
-0.00381256661	-0.01938899736	0.00000000000	0.05277781520
-0.00386826497	-0.01944305710	0.00000000000	0.05467246576
-0.00389159654	-0.01946868069	0.00000000000	0.05556608600
-0.00392462392	-0.01950866619	0.00000000000	0.05693168068
-0.00396039395	-0.01955714009	0.00000000000	0.05851100627
-0.00399647415	-0.01961073069	0.00000000000	0.06013499798
-0.00403438095	-0.01966985989	0.00000000000	0.06180459446
-0.00407515846	-0.01973359965	0.00000000000	0.06352145033
-0.00412001111	-0.01980079110	0.00000000000	0.06528823232
-0.00417029347	-0.01987007145	0.00000000000	0.06710747996
-0.00422657831	-0.01994095726	0.00000000000	0.06898159427
-0.00428840796	-0.02001404081	0.00000000000	0.07091172758
-0.00435519030	-0.02009013651	0.00000000000	0.07290059307
-0.00442612961	-0.02017004085	0.00000000000	0.07494793673
-0.00450200552	-0.02025416118	0.00000000000	0.07706111772
-0.00458534335	-0.02034209887	0.00000000000	0.07924890489
-0.00467886837	-0.02043289460	0.00000000000	0.08151144013
-0.00478590290	-0.02052559430	0.00000000000	0.08385362007
-0.00490778628	-0.02061983552	0.00000000000	0.08628148778
-0.00504320038	-0.02071601733	0.00000000000	0.08880189470
-0.00519023806	-0.02081467173	0.00000000000	0.09142277987
-0.00534666253	-0.02091631001	0.00000000000	0.09415361761
-0.00551642310	-0.02101768544	0.00000000000	0.09700602436
-0.00571203177	-0.02111035978	0.00000000000	0.09999433513
-0.00574387214	-0.02112259826	0.00000000000	0.10044557654
-0.00600058003	-0.02119360695	0.00000000000	0.10374352049
-0.00632559882	-0.02123097014	0.00000000000	0.10732056377
-0.00671987997	-0.02122496728	0.00000000000	0.11119534661
-0.00718682169	-0.02116312898	0.00000000000	0.11545538542
-0.00772468235	-0.02102693046	0.00000000000	0.12019889945
-0.00794712844	-0.02094985183	0.00000000000	0.12216566660
-0.00854857456	-0.02067705033	0.00000000000	0.12760127367
-0.00920518823	-0.02026790825	0.00000000000	0.13381749801
-0.00953273267	-0.02001696756	0.00000000000	0.13707537508
-0.01000004024	-0.01959812793	0.00000000000	0.14197798502
-0.01048473701	-0.01907447107	0.00000000000	0.14750965823
-0.01077702766	-0.01870229589	0.00000000000	0.15116974138
-0.01109315939	-0.01823130147	0.00000000000	0.15555359010
-0.01144877780	-0.01756483095	0.00000000000	0.16138176103
-0.01159763984	-0.01721080519	0.00000000000	0.16433247456
-0.01182487490	-0.01647466750	0.00000000000	0.17020837370
-0.01195401015	-0.01566464264	0.00000000000	0.17634488604
-0.01196339904	-0.01485499701	0.00000000000	0.18221526204
-0.01188520350	-0.01416874384	0.00000000000	0.18716513047
-0.01180714450	-0.01378440024	0.00000000000	0.19003585591
-0.01159028789	-0.01308854744	0.00000000000	0.19569964125
-0.01153445465	-0.01295554704	0.00000000000	0.19690197820
-0.01124873280	-0.01242593739	0.00000000000	0.20230060188
-0.01117512738	-0.01231585171	0.00000000000	0.20356252801
-0.01088492390	-0.01194037689	0.00000000000	0.20826713790
-0.01066507399	-0.01169453652	0.00000000000	0.21166949633
-0.01046871059	-0.01149310115	0.00000000000	0.21464318783
-0.01018094945	-0.01122581309	0.00000000000	0.21890021335
-0.00995303962	-0.01103570910	0.00000000000	0.22219270556
-0.00978367702	-0.01090583362	0.00000000000	0.22459706023
-0.00950125906	-0.01070883461	0.00000000000	0.22853401683
-0.00922163160	-0.01053511440	0.00000000000	0.23235518408
-0.00899903860	-0.01041016579	0.00000000000	0.23535047841
-0.00883181411	-0.01032327973	0.00000000000	0.23757720274
-0.00855491516	-0.01019126198	0.00000000000	0.24122601397
-0.00828095037	-0.01007362926	0.00000000000	0.24479637730
-0.00800950817	-0.00996824437	0.00000000000	0.24830226729
-0.00774045230	-0.00987337466	0.00000000000	0.25175293679
-0.00757978958	-0.00982075857	0.00000000000	0.25380441865
-0.00736803199	-0.00975551104	0.00000000000	0.25650054780
-0.00710520133	-0.00968026569	0.00000000000	0.25983849521
-0.00684558738	-0.00961128313	0.00000000000	0.26313112911
-0.00658972899	-0.00954759525	0.00000000000	0.26637685896
-0.00633828505	-0.00948816623	0.00000000000	0.26957774269
-0.00609181027	-0.00943187125	0.00000000000	0.27274189009
-0.00585117188	-0.00937774785	0.00000000000	0.27587272856
-0.00561708090	-0.00932484158	0.00000000000	0.27897451054
-0.00538917086	-0.00927133055	0.00000000000	0.28205534809
-0.00516653209	-0.00921465137	0.00000000000	0.28512092603
-0.00496726376	-0.00915802118	0.00000000000	0.28790903210
-0.00487794377	-0.00913025858	0.00000000000	0.28917159644
-0.00466367651	-0.00905616416	0.00000000000	0.29223045161
-0.00445111723	-0.00897008456	0.00000000000	0.29530353429
-0.00424087969	-0.00887236606	0.00000000000	0.29838267494
-0.00403316295	-0.00876567034	0.00000000000	0.30147214285
-0.00382803378	-0.00865268434	0.00000000000	0.30457894977
-0.00364850093	-0.00854942450	0.00000000000	0.30735210885
-0.00355870313	-0.00849638077	0.00000000000	0.30875917447
-0.00336409775	-0.00837702878	0.00000000000	0.31185078320
-0.00317181404	-0.00825130105	0.00000000000	0.31495599046
-0.00298120142	-0.00811668060	0.00000000000	0.31807488368
-0.00279323404	-0.00797203281	0.00000000000	0.32118118289
-0.00276863624	-0.00795221219	0.00000000000	0.32159008461
-0.00258555483	-0.00779948776	0.00000000000	0.32466258867
-0.00240663704	-0.00764373126	0.00000000000	0.32773819060
-0.00223376474	-0.00749040937	0.00000000000	0.33081519377
-0.00209811964	-0.00737059274	0.00000000000	0.33333279083
-0.00201285789	-0.00729659625	0.00000000000	0.33497652106
-0.00187098033	-0.00717676245	0.00000000000	0.33781802116
-0.00173456223	-0.00706532623	0.00000000000	0.34063565107
-0.00160051233	-0.00695897139	0.00000000000	0.34342825763
-0.00146590176	-0.00685454681	0.00000000000	0.34619465619
-0.00135223836	-0.00676756053	0.00000000000	0.34846079223
-0.00127924828	-0.00671201178	0.00000000000	0.34987001785
-0.00114515040	-0.00660996208	0.00000000000	0.35235521394
-0.00101133121	-0.00650372325	0.00000000000	0.35480596035
-0.00088876995	-0.00639371135	0.00000000000	0.35722923208
-0.00078752756	-0.00627957182	0.00000000000	0.35964724004
-0.00071818831	-0.00616052893	0.00000000000	0.36208730635
-0.00069341439	-0.00604447046	0.00000000000	0.36440314708
-0.00069990230	-0.00598192604	0.00000000000	0.36563039126
-0.00079779089	-0.00579589137	0.00000000000	0.36924425624
-0.00090420138	-0.00568578455	0.00000000000	0.37140308342
-0.00115865260	-0.00549928878	0.00000000000	0.37521184381
-0.00141687528	-0.00535673149	0.00000000000	0.37839042354
-0.00176080041	-0.00520672455	0.00000000000	0.38227552895
-0.00206898702	-0.00510248706	0.00000000000	0.38574843322
-0.00224087768	-0.00505707457	0.00000000000	0.38779390614
-0.00251648628	-0.00500468295	0.00000000000	0.39134004567
-0.00275481669	-0.00497679909	0.00000000000	0.39465413287
-0.00285866830	-0.00496810110	0.00000000000	0.39615549879
-0.00304131627	-0.00495476143	0.00000000000	0.39884843956
-0.00324234009	-0.00493779697	0.00000000000	0.40183316101
-0.00344163292	-0.00491256598	0.00000000000	0.40474395831
-0.00363961712	-0.00487928112	0.00000000000	0.40758755678
-0.00371233372	-0.00486601203	0.00000000000	0.40863197016
-0.00388920194	-0.00483353696	0.00000000000	0.41119924403
-0.00407358831	-0.00480261880	0.00000000000	0.41395922997
-0.00425134074	-0.00477671901	0.00000000000	0.41671154957
-0.00442614520	-0.00475249805	0.00000000000	0.41946257627
-0.00460158861	-0.00472649276	0.00000000000	0.42221531121
-0.00467770218	-0.00471397121	0.00000000000	0.42339391363
-0.00484226278	-0.00468359263	0.00000000000	0.42590105961
-0.00503039389	-0.00464304893	0.00000000000	0.42871068720
-0.00522483344	-0.00459420843	0.00000000000	0.43156644210
-0.00542548704	-0.00453586476	0.00000000000	0.43447728284
-0.00562711633	-0.00446844077	0.00000000000	0.43737928858
-0.00567326460	-0.00445168805	0.00000000000	0.43804163881
-0.00589186634	-0.00436515523	0.00000000000	0.44117681777
-0.00611573944	-0.00426322672	0.00000000000	0.44439612936
-0.00634537879	-0.00414297580	0.00000000000	0.44772553806
-0.00647696068	-0.00406653579	0.00000000000	0.44965002197
-0.00668211317	-0.00393664501	0.00000000000	0.45267502640
-0.00693430351	-0.00375965700	0.00000000000	0.45643402443
-0.00713593753	-0.00360497318	0.00000000000	0.45947100322
-0.00730500944	-0.00346664804	0.00000000000	0.46203874048
-0.00757880467	-0.00322657132	0.00000000000	0.46623783378
-0.00775793302	-0.00305637145	0.00000000000	0.46902025608
-0.00796793868	-0.00283764000	0.00000000000	0.47233591368
-0.00824544090	-0.00250442864	0.00000000000	0.47684346648
-0.00831837131	-0.00240612947	0.00000000000	0.47805911532
-0.00859718491	-0.00197539471	0.00000000000	0.48287518088
-0.00876775046	-0.00165142029	0.00000000000	0.48609122257
-0.00898911076	-0.00108747680	0.00000000000	0.49118801244
-0.00907541248	-0.00075169515	0.00000000000	0.49402021027
-0.00914228503	-0.00001718401	0.00000000000	0.49989518236
-0.00905750107	0.00073326144	0.00000000000	0.50577051475
-0.00897347458	0.00107922763	0.00000000000	0.50856342608
-0.00876230982	0.00166904327	0.00000000000	0.51368294164
-0.00860244614	0.00199267530	0.00000000000	0.51685949764
-0.00832779546	0.00241843900	0.00000000000	0.52170435558
-0.00826321816	0.00250278373	0.00000000000	0.52277246380
-0.00797945453	0.00282767532	0.00000000000	0.52727450546
-0.00775837991	0.00304540881	0.00000000000	0.53065106030
-0.00757855352	0.00320908709	0.00000000000	0.53336456007
-0.00730171300	0.00345000832	0.00000000000	0.53755728714
-0.00712763928	0.00359648899	0.00000000000	0.54021536877
-0.00693537035	0.00375088085	0.00000000000	0.54315369377
-0.00668868669	0.00393316753	0.00000000000	0.54689907027
-0.00647787323	0.00407126802	0.00000000000	0.55005299957
-0.00636086729	0.00413988530	0.00000000000	0.55177726899
-0.00613167605	0.00425837428	0.00000000000	0.55510578610
-0.00590737567	0.00435718125	0.00000000000	0.55832802678
-0.00568838190	0.00444029917	0.00000000000	0.56146926131
-0.00561450798	0.00446580082	0.00000000000	0.56253267281
-0.00542228191	0.00452702747	0.00000000000	0.56531979566
-0.00522513801	0.00458325589	0.00000000000	0.56822497644
-0.00503481219	0.00463201096	0.00000000000	0.57107948148
-0.00484922499	0.00467459454	0.00000000000	0.57389744509
-0.00467719451	0.00471001629	0.00000000000	0.57652725904
-0.00461948028	0.00472109318	0.00000000000	0.57741112377
-0.00444003477	0.00475319200	0.00000000000	0.58015715017
-0.00425937961	0.00478235851	0.00000000000	0.58290737543
-0.00407703727	0.00480919962	0.00000000000	0.58565474881
-0.00389177899	0.00483444399	0.00000000000	0.58840363326
-0.00370581091	0.00485837693	0.00000000000	0.59110869941
-0.00366606746	0.00486336786	0.00000000000	0.59167883116
-0.00346553844	0.00488826082	0.00000000000	0.59451837335
-0.00325726532	0.00491436059	0.00000000000	0.59742764495
-0.00304344286	0.00494248327	0.00000000000	0.60040657552
-0.00284207320	0.00497122708	0.00000000000	0.60323589591
-0.00275866882	0.00498403669	0.00000000000	0.60442183475
-0.00252675095	0.00502370580	0.00000000000	0.60772549816
-0.00226783083	0.00507714163	0.00000000000	0.61125759910
-0.00208792092	0.00512038421	0.00000000000	0.61353084171
-0.00179994844	0.00519913507	0.00000000000	0.61682191600
-0.00142192153	0.00532656492	0.00000000000	0.62085957299
-0.00116323570	0.00544293319	0.00000000000	0.62379260079
-0.00088120596	0.00563740570	0.00000000000	0.62779097947
-0.00077926601	0.00576554435	0.00000000000	0.63002774443
-0.00070933546	0.00598924884	0.00000000000	0.63361712423
-0.00070869016	0.00606149786	0.00000000000	0.63477499303
-0.00073547041	0.00619972346	0.00000000000	0.63710180711
-0.00079856079	0.00632630978	0.00000000000	0.63953736040
-0.00088974781	0.00643138995	0.00000000000	0.64195142258
-0.00100252679	0.00652206211	0.00000000000	0.64437213020
-0.00113090742	0.00660498616	0.00000000000	0.64682140641
-0.00126801578	0.00668641911	0.00000000000	0.64930548501
-0.00135404125	0.00673902254	0.00000000000	0.65086354738
-0.00146853481	0.00681681338	0.00000000000	0.65301061911
-0.00160768994	0.00692726868	0.00000000000	0.65577464035
-0.00174270000	0.00704770058	0.00000000000	0.65856484941
-0.00187802675	0.00717502791	0.00000000000	0.66138141679
-0.00201811748	0.00730589451	0.00000000000	0.66422126928
-0.00211251466	0.00739144418	0.00000000000	0.66607123656
-0.00223539859	0.00749973960	0.00000000000	0.66841309382
-0.00240196935	0.00764133231	0.00000000000	0.67148622068
-0.00257386664	0.00778153838	0.00000000000	0.67455688785
-0.00275052010	0.00791966136	0.00000000000	0.67762605415
-0.00281851468	0.00797125895	0.00000000000	0.67878766038
-0.00299064185	0.00809811075	0.00000000000	0.68168705107
-0.00317895511	0.00823094072	0.00000000000	0.68480310373
-0.00336920678	0.00835905147	0.00000000000	0.68790577869
-0.00356076691	0.00848199986	0.00000000000	0.69099648843
-0.00368017518	0.00855558604	0.00000000000	0.69291121523
-0.00383306788	0.00864599107	0.00000000000	0.69534799402
-0.00403028080	0.00875497925	0.00000000000	0.69845173972
-0.00423055865	0.00885541765	0.00000000000	0.70154041598
-0.00443544545	0.00894635289	0.00000000000	0.70461827476
-0.00464556238	0.00902798816	0.00000000000	0.70768880848
-0.00486018765	0.00910152429	0.00000000000	0.71074855956
-0.00502893861	0.00915368974	0.00000000000	0.71310757666
-0.00517013175	0.00919420717	0.00000000000	0.71505367647
-0.00539597884	0.00925427400	0.00000000000	0.71812077161
-0.00562650742	0.00931106298	0.00000000000	0.72120153801
-0.00586197512	0.00936597805	0.00000000000	0.72430503598
-0.00610254228	0.00942042779	0.00000000000	0.72743884584
-0.00634826741	0.00947586581	0.00000000000	0.73060925527
-0.00659850377	0.00953368226	0.00000000000	0.73381375583
-0.00685325618	0.00959552674	0.00000000000	0.73705862194
-0.00711246323	0.00966317698	0.00000000000	0.74034967083
-0.00737544107	0.00973837886	0.00000000000	0.74368531859
-0.00762459586	0.00981682054	0.00000000000	0.74684869581
-0.00772013820	0.00984888098	0.00000000000	0.74806360941
-0.00799131029	0.00994625018	0.00000000000	0.75152078838
-0.00826489006	0.01005470738	0.00000000000	0.75502744562
-0.00854114311	0.01017561451	0.00000000000	0.75859483698
-0.00882097096	0.01031089903	0.00000000000	0.76224365780
-0.00901271254	0.01041172492	0.00000000000	0.76476900595
-0.00922000846	0.01052880951	0.00000000000	0.76752642540
-0.00950404824	0.01070413068	0.00000000000	0.77135857337
-0.00979097902	0.01090067676	0.00000000000	0.77530508425
-0.00996836342	0.01103306913	0.00000000000	0.77778945643
-0.01019518052	0.01121590450	0.00000000000	0.78102413417
-0.01048499395	0.01147761716	0.00000000000	0.78528117522
-0.01068324000	0.01168146514	0.00000000000	0.78830458926
-0.01089421222	0.01192847310	0.00000000000	0.79165850264
-0.01117334971	0.01232136226	0.00000000000	0.79639804669
-0.01123454684	0.01242077665	0.00000000000	0.79749808530
-0.01151272962	0.01295992592	0.00000000000	0.80290060703
-0.01157474508	0.01310599164	0.00000000000	0.80422461087
-0.01180465846	0.01378847847	0.00000000000	0.80989222487
-0.01188822063	0.01413872852	0.00000000000	0.81259050298
-0.01198616006	0.01482074400	0.00000000000	0.81764151626
-0.01198273401	0.01562759450	0.00000000000	0.82350963286
-0.01184065816	0.01645903631	0.00000000000	0.82964588330
-0.01159065278	0.01723058956	0.00000000000	0.83556205619
-0.01143585193	0.01758918602	0.00000000000	0.83843327043
-0.01106558185	0.01827763660	0.00000000000	0.84428514776
-0.01075246759	0.01874492355	0.00000000000	0.84863932432
-0.01046666785	0.01910803742	0.00000000000	0.85235337813
-0.01000682787	0.01959365037	0.00000000000	0.85789857368
-0.00956552263	0.01997310848	0.00000000000	0.86274551208
-0.00923560776	0.02021625136	0.00000000000	0.86609333321
-0.00856484337	0.02063584187	0.00000000000	0.87228441606
-0.00793354641	0.02095279266	0.00000000000	0.87769869536
-0.00769877852	0.02104917642	0.00000000000	0.87969676576
-0.00715489359	0.02121590069	0.00000000000	0.88444175567
-0.00670143384	0.02127286800	0.00000000000	0.88870287020
-0.00632787687	0.02125012626	0.00000000000	0.89257830189
-0.00601701742	0.02118420573	0.00000000000	0.89615415081
-0.00576137236	0.02110055081	0.00000000000	0.89942822953
-0.00571885251	0.02108435034	0.00000000000	0.90001038662
-0.00551379055	0.02099717522	0.00000000000	0.90299816471
-0.00533594952	0.02090760322	0.00000000000	0.90585008801
-0.00517882604	0.02081593325	0.00000000000	0.90858036362
-0.00503731606	0.02072245312	0.00000000000	0.91120057098
-0.00490854799	0.02062793697	0.00000000000	0.91372029587
-0.00479131030	0.02053350475	0.00000000000	0.91614757865
-0.00468460309	0.02044008099	0.00000000000	0.91848929377
-0.00458754877	0.02034841118	0.00000000000	0.92075143759
-0.00449938667	0.02025911168	0.00000000000	0.92293888725
-0.00441956981	0.02017282756	0.00000000000	0.92505228958
-0.00434730605	0.02008976968	0.00000000000	0.92709994900
-0.00428193277	0.02001010539	0.00000000000	0.92908889760
-0.00422307838	0.01993421981	0.00000000000	0.93101874517
-0.00417029260	0.01986230461	0.00000000000	0.93289209408
-0.00412314514	0.01979452035	0.00000000000	0.93471055543
-0.00408047212	0.01973079345	0.00000000000	0.93647650495
-0.00404053771	0.01967085342	0.00000000000	0.93819334176
-0.00400186769	0.01961449488	0.00000000000	0.93986279363
-0.00396321677	0.01956153242	0.00000000000	0.94148624001
-0.00392352351	0.01951177412	0.00000000000	0.94306550268
-0.00388718801	0.01947064461	0.00000000000	0.94441485654
-0.00386065969	0.01944291633	0.00000000000	0.94534695572
-0.00380366193	0.01938785955	0.00000000000	0.94724155488
-0.00374538670	0.01933564740	0.00000000000	0.94907463840
-0.00368699913	0.01928549653	0.00000000000	0.95084723650
-0.00362968984	0.01923716121	0.00000000000	0.95256117497
-0.00357468031	0.01919084863	0.00000000000	0.95421765461
-0.00352292970	0.01914670372	0.00000000000	0.95581892115
-0.00347520275	0.01910483630	0.00000000000	0.95736685562
-0.00343208181	0.01906533329	0.00000000000	0.95886255829
-0.00339341898	0.01902813815	0.00000000000	0.96030771369
-0.00335851011	0.01899308368	0.00000000000	0.96170452522
-0.00332673151	0.01896001850	0.00000000000	0.96305486430
-0.00329755330	0.01892881113	0.00000000000	0.96436020000
-0.00327051769	0.01889933772	0.00000000000	0.96562205088
-0.00324523044	0.01887148140	0.00000000000	0.96684198916
-0.00322136373	0.01884513462	0.00000000000	0.96802155873
-0.00319883151	0.01882021789	0.00000000000	0.96916229430
-0.00317773479	0.01879667420	0.00000000000	0.97026571023
-0.00315815397	0.01877444916	0.00000000000	0.97133316700
-0.00314013913	0.01875348882	0.00000000000	0.97236592408
-0.00312362658	0.01873372833	0.00000000000	0.97336529759
-0.00310846671	0.01871509690	0.00000000000	0.97433255295
-0.00309452369	0.01869752977	0.00000000000	0.97526878665
-0.00308167410	0.01868096365	0.00000000000	0.97617517512
-0.00306980796	0.01866533966	0.00000000000	0.97705281664
-0.00305882918	0.01865060554	0.00000000000	0.97790258243
-0.00304864884	0.01863670828	0.00000000000	0.97872552840
-0.00303918687	0.01862359735	0.00000000000	0.97952271353
-0.00303037410	0.01861122878	0.00000000000	0.98029493977
-0.00302214825	0.01859956017	0.00000000000	0.98104303695
-0.00301446162	0.01858855099	0.00000000000	0.98176788362
-0.00300727966	0.01857816433	0.00000000000	0.98247028018
-0.00300057094	0.01856836603	0.00000000000	0.98315094664
-0.00299430535	0.01855912285	0.00000000000	0.98381063873
-0.00298845484	0.01855040357	0.00000000000	0.98445007319
-0.00298299369	0.01854217958	0.00000000000	0.98506987240
-0.00297789700	0.01853442258	0.00000000000	0.98567072759
-0.00297314177	0.01852710638	0.00000000000	0.98625326656
-0.00296870682	0.01852020678	0.00000000000	0.98681804778
-0.00296457180	0.01851370019	0.00000000000	0.98736566610
-0.00296071791	0.01850756475	0.00000000000	0.98789666116
-0.00295712740	0.01850177962	0.00000000000	0.98841156727
-0.00295378349	0.01849632488	0.00000000000	0.98891092147
-0.00295067074	0.01849118223	0.00000000000	0.98939519449
-0.00294777450	0.01848633408	0.00000000000	0.98986486728
-0.00294508094	0.01848176383	0.00000000000	0.99032040277
-0.00294257500	0.01847745558	0.00000000000	0.99076224259
-0.00294024080	0.01847339407	0.00000000000	0.99119081835
-0.00293806390	0.01846956506	0.00000000000	0.99160653256
-0.00293603103	0.01846595495	0.00000000000	0.99200979518
-0.00293413021	0.01846255107	0.00000000000	0.99240098976
-0.00293235056	0.01845934153	0.00000000000	0.99278048312
-0.00293068211	0.01845631505	0.00000000000	0.99314863936
-0.00292911583	0.01845346105	0.00000000000	0.99350580578
-0.00292764355	0.01845076959	0.00000000000	0.99385231865
-0.00292625894	0.01844823139	0.00000000000	0.99418850386
-0.00292495724	0.01844583778	0.00000000000	0.99451467746
-0.00292373394	0.01844358058	0.00000000000	0.99483114660
-0.00292258475	0.01844145206	0.00000000000	0.99513821065
-0.00292150558	0.01843944488	0.00000000000	0.99543616203
-0.00292049255	0.01843755213	0.00000000000	0.99572528647
-0.00291954195	0.01843576728	0.00000000000	0.99600586081
-0.00291865030	0.01843408420	0.00000000000	0.99627814893
-0.00291781431	0.01843249715	0.00000000000	0.99654239528
-0.00291703095	0.01843100087	0.00000000000	0.99679881507
-0.00291629739	0.01842959051	0.00000000000	0.99704758927
-0.00291561099	0.01842826157	0.00000000000	0.99728887437
-0.00291496922	0.01842700977	0.00000000000	0.99752282232
-0.00291436954	0.01842583080	0.00000000000	0.99774962845
-0.00291380935	0.01842472020	0.00000000000	0.99796955682
-0.00291328604	0.01842367350	0.00000000000	0.99818292330
-0.00291279719	0.01842268648	0.00000000000	0.99839004827
-0.00291234059	0.01842175538	0.00000000000	0.99859119737
-0.00291191436	0.01842087702	0.00000000000	0.99878656023
-0.00291151682	0.01842004863	0.00000000000	0.99897626126
-0.00291114646	0.01841926773	0.00000000000	0.99916039017
-0.00291080177	0.01841853191	0.00000000000	0.99933904123
-0.00291048125	0.01841783862	0.00000000000	0.99951236472
-0.00291018331	0.01841718522	0.00000000000	0.99968057514
-0.00290990709	0.01841657053	0.00000000000	0.99984352689
-0.00290965338	0.01841599725	0.00000000000	1.00000000000
