-0.00290949569	-0.01841596822	0.00000000000
-0.00291566270	-0.01842843911	0.00000000000
-0.00293105483	-0.01846045618	0.00000000000
-0.00300839062	-0.01858272980	0.00000000000
-0.00312666345	-0.01875442705	0.00000000000
-0.00337454535	-0.01900437757	0.00000000000
-0.00355330085	-0.01919063173	0.00000000000
-0.00383315624	-0.01938731256	0.00000000000
-0.00398686100	-0.01958638202	0.00000000000
-0.00413971821	-0.01984845296	0.00000000000
-0.00439807302	-0.02013783521	0.00000000000
-0.00471984488	-0.02050248896	0.00000000000
-0.00525074922	-0.02085736360	0.00000000000
-0.00599367386	-0.02132942481	0.00000000000
-0.00810270966	-0.02116008615	0.00000000000
-0.01082851279	-0.01915396913	0.00000000000
-0.01228581344	-0.01609758219	0.00000000000
-0.01170109295	-0.01298189353	0.00000000000
-0.01079419131	-0.01177781010	0.00000000000
-0.00925235933	-0.01034721656	0.00000000000
-0.00746971868	-0.00973418117	0.00000000000
-0.00562350595	-0.00932914010	0.00000000000
-0.00464394495	-0.00909926937	0.00000000000
-0.00369333393	-0.00858671776	0.00000000000
-0.00286451169	-0.00807324312	0.00000000000
-0.00197048576	-0.00723701292	0.00000000000
-0.00131895367	-0.00674216799	0.00000000000
-0.00021318299	-0.00590223864	0.00000000000
-0.00216426027	-0.00493196646	0.00000000000
-0.00315863233	-0.00498455919	0.00000000000
-0.00401978702	-0.00479954428	0.00000000000
-0.00489568035	-0.00470533495	0.00000000000
-0.00612830506	-0.00436606795	0.00000000000
-0.00741323034	-0.00342716213	0.00000000000
-0.00849454426	-0.00233081761	0.00000000000
-0.00938549505	-0.00037969189	0.00000000000
-0.00876411369	0.00213770699	0.00000000000
-0.00753102731	0.00326821094	0.00000000000
-0.00643015374	0.00418281999	0.00000000000
-0.00509357435	0.00466689994	0.00000000000
-0.00400141452	0.00482655078	0.00000000000
-0.00281320761	0.00496535837	0.00000000000
-0.00197176773	0.00512539451	0.00000000000
-0.00068105816	0.00555416135	0.00000000000
-0.00068144898	0.00642545632	0.00000000000
-0.00140034078	0.00670094762	0.00000000000
-0.00200070194	0.00730769253	0.00000000000
-0.00273668239	0.00793180851	0.00000000000
-0.00356285382	0.00849981921	0.00000000000
-0.00490351297	0.00925074284	0.00000000000
-0.00720423573	0.00952440021	0.00000000000
-0.00984256744	0.01070183768	0.00000000000
-0.01153293021	0.01254253983	0.00000000000
-0.01233689315	0.01578210485	0.00000000000
-0.01102302565	0.01876383299	0.00000000000
-0.00911806741	0.02042356007	0.00000000000
-0.00697939511	0.02144754784	0.00000000000
-0.00575380617	0.02113679012	0.00000000000
-0.00481464948	0.02063865462	0.00000000000
-0.00421802396	0.01997556643	0.00000000000
-0.00395385827	0.01952153263	0.00000000000
-0.00369940855	0.01929237007	0.00000000000
-0.00342283854	0.01906884068	0.00000000000
-0.00326402064	0.01889189261	0.00000000000
-0.00311736866	0.01873079413	0.00000000000
-0.00301667273	0.01859455466	0.00000000000
-0.00295482584	0.01850001564	0.00000000000
-0.00292306943	0.01844262583	0.00000000000
-0.00291299326	0.01842360473	0.00000000000
-0.00290965338	0.01841599725	0.00000000000
