 -2.90949568545124e-03  -1.84159682226139e-02   0.00000000000000e+00   0.00000000000000e+00 
 -2.91413498021158e-03  -1.84254444074310e-02   0.00000000000000e+00   2.18340611353712e-03 
 -2.92042635811936e-03  -1.84381769120304e-02   0.00000000000000e+00   4.36681222707424e-03 
 -2.92940482279328e-03  -1.84537724086700e-02   0.00000000000000e+00   6.55021834061135e-03 
 -2.93989686684114e-03  -1.84726325203418e-02   0.00000000000000e+00   8.73362445414847e-03 
 -2.95185578016238e-03  -1.84947668475215e-02   0.00000000000000e+00   1.09170305676856e-02 
 -2.96848623642661e-03  -1.85190099382027e-02   0.00000000000000e+00   1.31004366812227e-02 
 -2.98750449853641e-03  -1.85461640201318e-02   0.00000000000000e+00   1.52838427947598e-02 
 -3.00612640756773e-03  -1.85772105031346e-02   0.00000000000000e+00   1.74672489082969e-02 
 -3.02680359044483e-03  -1.86112521285679e-02   0.00000000000000e+00   1.96506550218341e-02 
 -3.05332009192163e-03  -1.86469130910570e-02   0.00000000000000e+00   2.18340611353712e-02 
 -3.08624730543585e-03  -1.86839569485342e-02   0.00000000000000e+00   2.40174672489083e-02 
 -3.12251051788990e-03  -1.87234403468731e-02   0.00000000000000e+00   2.62008733624454e-02 
 -3.15885076522516e-03  -1.87664853475172e-02   0.00000000000000e+00   2.83842794759825e-02 
 -3.19397311962774e-03  -1.88135283820992e-02   0.00000000000000e+00   3.05676855895196e-02 
 -3.23064334574246e-03  -1.88635883260280e-02   0.00000000000000e+00   3.27510917030568e-02 
 -3.27213006459749e-03  -1.89155085114515e-02   0.00000000000000e+00   3.49344978165939e-02 
 -3.32170162523587e-03  -1.89681323534418e-02   0.00000000000000e+00   3.71179039301310e-02 
 -3.38131901708302e-03  -1.90207018602966e-02   0.00000000000000e+00   3.93013100436681e-02 
 -3.44861063976483e-03  -1.90737799782728e-02   0.00000000000000e+00   4.14847161572052e-02 
 -3.52030857845286e-03  -1.91282029256976e-02   0.00000000000000e+00   4.36681222707424e-02 
 -3.59314491831866e-03  -1.91848069208985e-02   0.00000000000000e+00   4.58515283842795e-02 
 -3.66385174453380e-03  -1.92444281822029e-02   0.00000000000000e+00   4.80349344978166e-02 
 -3.72938277334387e-03  -1.93078286391668e-02   0.00000000000000e+00   5.02183406113537e-02 
 -3.78954582691111e-03  -1.93748135503440e-02   0.00000000000000e+00   5.24017467248908e-02 
 -3.84613111632283e-03  -1.94445236950937e-02   0.00000000000000e+00   5.45851528384279e-02 
 -3.90096884825840e-03  -1.95160864466073e-02   0.00000000000000e+00   5.67685589519651e-02 
 -3.95588922939718e-03  -1.95886291780763e-02   0.00000000000000e+00   5.89519650655022e-02 
 -4.01272246448178e-03  -1.96612792643732e-02   0.00000000000000e+00   6.11353711790393e-02 
 -4.07291876590543e-03  -1.97334939098168e-02   0.00000000000000e+00   6.33187772925764e-02 
 -4.13648613517442e-03  -1.98059821429246e-02   0.00000000000000e+00   6.55021834061135e-02 
 -4.20309047591630e-03  -1.98797499296503e-02   0.00000000000000e+00   6.76855895196506e-02 
 -4.27239769175864e-03  -1.99558032359473e-02   0.00000000000000e+00   6.98689956331878e-02 
 -4.34407368632900e-03  -2.00351480277694e-02   0.00000000000000e+00   7.20524017467249e-02 
 -4.41778436325494e-03  -2.01187902710701e-02   0.00000000000000e+00   7.42358078602620e-02 
 -4.49320634094792e-03  -2.02077184603179e-02   0.00000000000000e+00   7.64192139737991e-02 
 -4.57067790418128e-03  -2.03018421793772e-02   0.00000000000000e+00   7.86026200873362e-02 
 -4.65157386696659e-03  -2.03993808515557e-02   0.00000000000000e+00   8.07860262008734e-02 
 -4.73735949888847e-03  -2.04984064036546e-02   0.00000000000000e+00   8.29694323144105e-02 
 -4.82950006953153e-03  -2.05969907624748e-02   0.00000000000000e+00   8.51528384279476e-02 
 -4.92946084848039e-03  -2.06932058548175e-02   0.00000000000000e+00   8.73362445414847e-02 
 -5.03870710531966e-03  -2.07851236074836e-02   0.00000000000000e+00   8.95196506550218e-02 
 -5.15870410963395e-03  -2.08708159472742e-02   0.00000000000000e+00   9.17030567685589e-02 
 -5.29091713100790e-03  -2.09483548009905e-02   0.00000000000000e+00   9.38864628820961e-02 
 -5.43666756266589e-03  -2.10159096479081e-02   0.00000000000000e+00   9.60698689956332e-02 
 -5.59579408831359e-03  -2.10726552886963e-02   0.00000000000000e+00   9.82532751091703e-02 
 -5.76726186091438e-03  -2.11183588039899e-02   0.00000000000000e+00   1.00436681222707e-01 
 -5.95002478915181e-03  -2.11527948983817e-02   0.00000000000000e+00   1.02620087336245e-01 
 -6.14303678170944e-03  -2.11757382764646e-02   0.00000000000000e+00   1.04803493449782e-01 
 -6.34525174727079e-03  -2.11869636428314e-02   0.00000000000000e+00   1.06986899563319e-01 
 -6.55562359451943e-03  -2.11862457020749e-02   0.00000000000000e+00   1.09170305676856e-01 
 -6.77310623213890e-03  -2.11733591587880e-02   0.00000000000000e+00   1.11353711790393e-01 
 -6.99665356881275e-03  -2.11480787175635e-02   0.00000000000000e+00   1.13537117903930e-01 
 -7.22521951322453e-03  -2.11101790829943e-02   0.00000000000000e+00   1.15720524017467e-01 
 -7.45775797405778e-03  -2.10594349596732e-02   0.00000000000000e+00   1.17903930131004e-01 
 -7.69322290476080e-03  -2.09956212254067e-02   0.00000000000000e+00   1.20087336244541e-01 
 -7.93059574445001e-03  -2.09186191117024e-02   0.00000000000000e+00   1.22270742358079e-01 
 -8.16893212854125e-03  -2.08285969470006e-02   0.00000000000000e+00   1.24454148471616e-01 
 -8.40730008753829e-03  -2.07257710215914e-02   0.00000000000000e+00   1.26637554585153e-01 
 -8.64476765194495e-03  -2.06103576257646e-02   0.00000000000000e+00   1.28820960698690e-01 
 -8.88040285226500e-03  -2.04825730498103e-02   0.00000000000000e+00   1.31004366812227e-01 
 -9.11327371900224e-03  -2.03426335840184e-02   0.00000000000000e+00   1.33187772925764e-01 
 -9.34244828266047e-03  -2.01907555186787e-02   0.00000000000000e+00   1.35371179039301e-01 
 -9.56699457374347e-03  -2.00271551440813e-02   0.00000000000000e+00   1.37554585152838e-01 
 -9.78598062275503e-03  -1.98520487505161e-02   0.00000000000000e+00   1.39737991266376e-01 
 -9.99847446019896e-03  -1.96656526282730e-02   0.00000000000000e+00   1.41921397379913e-01 
 -1.02035441165790e-02  -1.94681830676420e-02   0.00000000000000e+00   1.44104803493450e-01 
 -1.04002576223990e-02  -1.92598563589129e-02   0.00000000000000e+00   1.46288209606987e-01 
 -1.05876830081628e-02  -1.90408887923759e-02   0.00000000000000e+00   1.48471615720524e-01 
 -1.07648883043741e-02  -1.88114966583207e-02   0.00000000000000e+00   1.50655021834061e-01 
 -1.09309415415367e-02  -1.85718962470373e-02   0.00000000000000e+00   1.52838427947598e-01 
 -1.10849183005724e-02  -1.83223114659981e-02   0.00000000000000e+00   1.55021834061135e-01 
 -1.12262495167638e-02  -1.80633247192492e-02   0.00000000000000e+00   1.57205240174672e-01 
 -1.13548670867397e-02  -1.77960238019225e-02   0.00000000000000e+00   1.59388646288210e-01 
 -1.14707406598274e-02  -1.75215345956755e-02   0.00000000000000e+00   1.61572052401747e-01 
 -1.15738398853539e-02  -1.72409829821658e-02   0.00000000000000e+00   1.63755458515284e-01 
 -1.16641344126464e-02  -1.69554948430511e-02   0.00000000000000e+00   1.65938864628821e-01 
 -1.17415938910322e-02  -1.66661960599888e-02   0.00000000000000e+00   1.68122270742358e-01 
 -1.18061879698382e-02  -1.63742125146365e-02   0.00000000000000e+00   1.70305676855895e-01 
 -1.18578862983918e-02  -1.60806700886519e-02   0.00000000000000e+00   1.72489082969432e-01 
 -1.18966585260199e-02  -1.57866946636925e-02   0.00000000000000e+00   1.74672489082969e-01 
 -1.19224743020499e-02  -1.54934121214159e-02   0.00000000000000e+00   1.76855895196507e-01 
 -1.19353032758089e-02  -1.52019483434796e-02   0.00000000000000e+00   1.79039301310044e-01 
 -1.19351150966240e-02  -1.49134292115413e-02   0.00000000000000e+00   1.81222707423581e-01 
 -1.19218794138223e-02  -1.46289806072584e-02   0.00000000000000e+00   1.83406113537118e-01 
 -1.18955658767311e-02  -1.43497284122887e-02   0.00000000000000e+00   1.85589519650655e-01 
 -1.18561441346775e-02  -1.40767985082895e-02   0.00000000000000e+00   1.87772925764192e-01 
 -1.18035838369886e-02  -1.38113167769187e-02   0.00000000000000e+00   1.89956331877729e-01 
 -1.17378546329916e-02  -1.35544090998336e-02   0.00000000000000e+00   1.92139737991266e-01 
 -1.16589995126650e-02  -1.33071231525924e-02   0.00000000000000e+00   1.94323144104803e-01 
 -1.15677384354950e-02  -1.30697847308168e-02   0.00000000000000e+00   1.96506550218341e-01 
 -1.14651570117878e-02  -1.28423297218866e-02   0.00000000000000e+00   1.98689956331878e-01 
 -1.13523444225707e-02  -1.26246902055775e-02   0.00000000000000e+00   2.00873362445415e-01 
 -1.12303898488709e-02  -1.24167982616652e-02   0.00000000000000e+00   2.03056768558952e-01 
 -1.11003824717156e-02  -1.22185859699254e-02   0.00000000000000e+00   2.05240174672489e-01 
 -1.09634114721322e-02  -1.20299854101338e-02   0.00000000000000e+00   2.07423580786026e-01 
 -1.08205660311478e-02  -1.18509286620660e-02   0.00000000000000e+00   2.09606986899563e-01 
 -1.06729353297897e-02  -1.16813478054979e-02   0.00000000000000e+00   2.11790393013100e-01 
 -1.05216085490851e-02  -1.15211749202050e-02   0.00000000000000e+00   2.13973799126638e-01 
 -1.03676748700613e-02  -1.13703420859632e-02   0.00000000000000e+00   2.16157205240175e-01 
 -1.02122234737455e-02  -1.12287813825480e-02   0.00000000000000e+00   2.18340611353712e-01 
 -1.00563333736941e-02  -1.10964206787989e-02   0.00000000000000e+00   2.20524017467249e-01 
 -9.90057715542740e-03  -1.09729781024876e-02   0.00000000000000e+00   2.22707423580786e-01 
 -9.74479684837267e-03  -1.08578692159590e-02   0.00000000000000e+00   2.24890829694323e-01 
 -9.58877759360485e-03  -1.07504860208091e-02   0.00000000000000e+00   2.27074235807860e-01 
 -9.43230453219879e-03  -1.06502205186338e-02   0.00000000000000e+00   2.29257641921397e-01 
 -9.27516280522940e-03  -1.05564647110292e-02   0.00000000000000e+00   2.31441048034934e-01 
 -9.11713755377155e-03  -1.04686105995912e-02   0.00000000000000e+00   2.33624454148472e-01 
 -8.95801391890013e-03  -1.03860501859158e-02   0.00000000000000e+00   2.35807860262009e-01 
 -8.79757704169002e-03  -1.03081754715989e-02   0.00000000000000e+00   2.37991266375546e-01 
 -8.63561206321612e-03  -1.02343784582367e-02   0.00000000000000e+00   2.40174672489083e-01 
 -8.47190412455328e-03  -1.01640511474249e-02   0.00000000000000e+00   2.42358078602620e-01 
 -8.30623836677641e-03  -1.00965855407597e-02   0.00000000000000e+00   2.44541484716157e-01 
 -8.13845462334914e-03  -1.00314325163861e-02   0.00000000000000e+00   2.46724890829694e-01 
 -7.96876151730409e-03  -9.96843995571799e-03   0.00000000000000e+00   2.48908296943231e-01 
 -7.79752005450206e-03  -9.90761978082054e-03   0.00000000000000e+00   2.51091703056769e-01 
 -7.62509172255724e-03  -9.84898443236792e-03   0.00000000000000e+00   2.53275109170306e-01 
 -7.45183800908382e-03  -9.79254635103434e-03   0.00000000000000e+00   2.55458515283843e-01 
 -7.27812040169598e-03  -9.73831797749403e-03   0.00000000000000e+00   2.57641921397380e-01 
 -7.10430038800792e-03  -9.68631175242119e-03   0.00000000000000e+00   2.59825327510917e-01 
 -6.93073945563380e-03  -9.63654011649005e-03   0.00000000000000e+00   2.62008733624454e-01 
 -6.75779909218782e-03  -9.58901551037481e-03   0.00000000000000e+00   2.64192139737991e-01 
 -6.58584078528416e-03  -9.54375037474970e-03   0.00000000000000e+00   2.66375545851528e-01 
 -6.41522602253702e-03  -9.50075715028892e-03   0.00000000000000e+00   2.68558951965065e-01 
 -6.24627858112884e-03  -9.45999049509095e-03   0.00000000000000e+00   2.70742358078603e-01 
 -6.07904946775103e-03  -9.42098710912350e-03   0.00000000000000e+00   2.72925764192140e-01 
 -5.91346971623192e-03  -9.38309986149554e-03   0.00000000000000e+00   2.75109170305677e-01 
 -5.74946984174219e-03  -9.34568082659232e-03   0.00000000000000e+00   2.77292576419214e-01 
 -5.58698035945251e-03  -9.30808207879910e-03   0.00000000000000e+00   2.79475982532751e-01 
 -5.42593178453356e-03  -9.26965569250113e-03   0.00000000000000e+00   2.81659388646288e-01 
 -5.26625463215602e-03  -9.22975374208368e-03   0.00000000000000e+00   2.83842794759825e-01 
 -5.10787941749056e-03  -9.18772830193199e-03   0.00000000000000e+00   2.86026200873362e-01 
 -4.95073665570788e-03  -9.14293144643132e-03   0.00000000000000e+00   2.88209606986900e-01 
 -4.79475686197863e-03  -9.09471524996693e-03   0.00000000000000e+00   2.90393013100437e-01 
 -4.63988966481357e-03  -9.04246900234527e-03   0.00000000000000e+00   2.92576419213974e-01 
 -4.48626364380209e-03  -8.98593042748955e-03   0.00000000000000e+00   2.94759825327511e-01 
 -4.33410514493618e-03  -8.92502760945045e-03   0.00000000000000e+00   2.96943231441048e-01 
 -4.18364150607710e-03  -8.85969056353883e-03   0.00000000000000e+00   2.99126637554585e-01 
 -4.03510006508610e-03  -8.78984930506554e-03   0.00000000000000e+00   3.01310043668122e-01 
 -3.88870815982444e-03  -8.71543384934139e-03   0.00000000000000e+00   3.03493449781659e-01 
 -3.74469312815336e-03  -8.63637421167726e-03   0.00000000000000e+00   3.05676855895196e-01 
 -3.60328230793411e-03  -8.55260040738397e-03   0.00000000000000e+00   3.07860262008734e-01 
 -3.46470303702796e-03  -8.46404245177236e-03   0.00000000000000e+00   3.10043668122271e-01 
 -3.32918265329616e-03  -8.37063036015329e-03   0.00000000000000e+00   3.12227074235808e-01 
 -3.19691615171181e-03  -8.27234899154338e-03   0.00000000000000e+00   3.14410480349345e-01 
 -3.06768683328646e-03  -8.16988131275973e-03   0.00000000000000e+00   3.16593886462882e-01 
 -2.94099438853011e-03  -8.06439120781022e-03   0.00000000000000e+00   3.18777292576419e-01 
 -2.81633290232702e-03  -7.95705206613977e-03   0.00000000000000e+00   3.20960698689956e-01 
 -2.69319645956146e-03  -7.84903727719332e-03   0.00000000000000e+00   3.23144104803493e-01 
 -2.57107914511769e-03  -7.74152023041578e-03   0.00000000000000e+00   3.25327510917031e-01 
 -2.44947504387998e-03  -7.63567431525210e-03   0.00000000000000e+00   3.27510917030568e-01 
 -2.32787824073259e-03  -7.53267292114721e-03   0.00000000000000e+00   3.29694323144105e-01 
 -2.20578282055980e-03  -7.43368943754603e-03   0.00000000000000e+00   3.31877729257642e-01 
 -2.08268559242129e-03  -7.33989240328117e-03   0.00000000000000e+00   3.34061135371179e-01 
 -1.95854362630168e-03  -7.25163082578254e-03   0.00000000000000e+00   3.36244541484716e-01 
 -1.83428853451645e-03  -7.16751846188583e-03   0.00000000000000e+00   3.38427947598253e-01 
 -1.71097604031497e-03  -7.08594807897874e-03   0.00000000000000e+00   3.40611353711790e-01 
 -1.58966186694660e-03  -7.00531244444897e-03   0.00000000000000e+00   3.42794759825327e-01 
 -1.47140173766071e-03  -6.92400432568420e-03   0.00000000000000e+00   3.44978165938865e-01 
 -1.35725137570668e-03  -6.84041649007214e-03   0.00000000000000e+00   3.47161572052402e-01 
 -1.24826650433386e-03  -6.75294170500047e-03   0.00000000000000e+00   3.49344978165939e-01 
 -1.14550284679162e-03  -6.65997273785690e-03   0.00000000000000e+00   3.51528384279476e-01 
 -1.05013152874435e-03  -6.56009045591483e-03   0.00000000000000e+00   3.53711790393013e-01 
 -9.64521404263949e-04  -6.45382796095304e-03   0.00000000000000e+00   3.55895196506550e-01 
 -8.91750826813702e-04  -6.34287480155796e-03   0.00000000000000e+00   3.58078602620087e-01 
 -8.34907433206052e-04  -6.22893565768845e-03   0.00000000000000e+00   3.60262008733624e-01 
 -7.97078860253445e-04  -6.11371520930332e-03   0.00000000000000e+00   3.62445414847162e-01 
 -7.81352744768323e-04  -5.99891813636143e-03   0.00000000000000e+00   3.64628820960699e-01 
 -7.90816723563130e-04  -5.88624911882159e-03   0.00000000000000e+00   3.66812227074236e-01 
 -8.28558433450310e-04  -5.77741283664266e-03   0.00000000000000e+00   3.68995633187773e-01 
 -8.97657849832152e-04  -5.67411212868642e-03   0.00000000000000e+00   3.71179039301310e-01 
 -9.99135075889072e-04  -5.57755483033758e-03   0.00000000000000e+00   3.73362445414847e-01 
 -1.12917938714914e-03  -5.48778789114546e-03   0.00000000000000e+00   3.75545851528384e-01 
 -1.28328837590574e-03  -5.40469204374430e-03   0.00000000000000e+00   3.77729257641921e-01 
 -1.45695963445227e-03  -5.32814802076830e-03   0.00000000000000e+00   3.79912663755459e-01 
 -1.64569075508210e-03  -5.25803655485172e-03   0.00000000000000e+00   3.82096069868996e-01 
 -1.84497933008862e-03  -5.19423837862876e-03   0.00000000000000e+00   3.84279475982533e-01 
 -2.05032295176520e-03  -5.13663422473366e-03   0.00000000000000e+00   3.86462882096070e-01 
 -2.25721921240526e-03  -5.08510482580065e-03   0.00000000000000e+00   3.88646288209607e-01 
 -2.46116570430216e-03  -5.03953091446395e-03   0.00000000000000e+00   3.90829694323144e-01 
 -2.65766001974929e-03  -4.99979322335779e-03   0.00000000000000e+00   3.93013100436681e-01 
 -2.84219975104004e-03  -4.96577248511639e-03   0.00000000000000e+00   3.95196506550218e-01 
 -3.01120069245061e-03  -4.93725697751037e-03   0.00000000000000e+00   3.97379912663755e-01 
 -3.16588978153722e-03  -4.91355053849845e-03   0.00000000000000e+00   3.99563318777293e-01 
 -3.30906438876779e-03  -4.89379887725791e-03   0.00000000000000e+00   4.01746724890830e-01 
 -3.44352275922961e-03  -4.87714761489953e-03   0.00000000000000e+00   4.03930131004367e-01 
 -3.57206313800998e-03  -4.86274237253411e-03   0.00000000000000e+00   4.06113537117904e-01 
 -3.69748377019618e-03  -4.84972877127244e-03   0.00000000000000e+00   4.08296943231441e-01 
 -3.82258290087552e-03  -4.83725243222530e-03   0.00000000000000e+00   4.10480349344978e-01 
 -3.95015877513530e-03  -4.82445897650351e-03   0.00000000000000e+00   4.12663755458515e-01 
 -4.08300944831413e-03  -4.81049404244898e-03   0.00000000000000e+00   4.14847161572052e-01 
 -4.22309276349886e-03  -4.79457956837797e-03   0.00000000000000e+00   4.17030567685589e-01 
 -4.36959739661084e-03  -4.77618896166489e-03   0.00000000000000e+00   4.19213973799127e-01 
 -4.52114235214171e-03  -4.75484736174990e-03   0.00000000000000e+00   4.21397379912664e-01 
 -4.67634663458310e-03  -4.73007990807315e-03   0.00000000000000e+00   4.23580786026201e-01 
 -4.83382924842664e-03  -4.70141174007481e-03   0.00000000000000e+00   4.25764192139738e-01 
 -4.99220919816397e-03  -4.66836799719503e-03   0.00000000000000e+00   4.27947598253275e-01 
 -5.15010548828672e-03  -4.63047381887397e-03   0.00000000000000e+00   4.30131004366812e-01 
 -5.30613712328652e-03  -4.58725434455180e-03   0.00000000000000e+00   4.32314410480349e-01 
 -5.45892310765502e-03  -4.53823471366867e-03   0.00000000000000e+00   4.34497816593886e-01 
 -5.60740910383447e-03  -4.48305135370783e-03   0.00000000000000e+00   4.36681222707424e-01 
 -5.75209709982011e-03  -4.42187091168297e-03   0.00000000000000e+00   4.38864628820961e-01 
 -5.89395207585443e-03  -4.35501776994246e-03   0.00000000000000e+00   4.41048034934498e-01 
 -6.03393908917436e-03  -4.28281633706562e-03   0.00000000000000e+00   4.43231441048035e-01 
 -6.17302319701683e-03  -4.20559102163182e-03   0.00000000000000e+00   4.45414847161572e-01 
 -6.31216945661876e-03  -4.12366623222037e-03   0.00000000000000e+00   4.47598253275109e-01 
 -6.45234292521710e-03  -4.03736637741064e-03   0.00000000000000e+00   4.49781659388646e-01 
 -6.59450866004877e-03  -3.94701586578197e-03   0.00000000000000e+00   4.51965065502183e-01 
 -6.73963171835069e-03  -3.85293910591369e-03   0.00000000000000e+00   4.54148471615720e-01 
 -6.88867138339848e-03  -3.75545705574971e-03   0.00000000000000e+00   4.56331877729258e-01 
 -7.04185248470498e-03  -3.65445174889155e-03   0.00000000000000e+00   4.58515283842795e-01 
 -7.19795375845522e-03  -3.54894100447936e-03   0.00000000000000e+00   4.60698689956332e-01 
 -7.35558501473160e-03  -3.43784168801640e-03   0.00000000000000e+00   4.62882096069869e-01 
 -7.51335606361658e-03  -3.32007066500591e-03   0.00000000000000e+00   4.65065502183406e-01 
 -7.66987671519257e-03  -3.19454480095115e-03   0.00000000000000e+00   4.67248908296943e-01 
 -7.82375677954201e-03  -3.06018096135537e-03   0.00000000000000e+00   4.69432314410480e-01 
 -7.97360606674732e-03  -2.91589601172182e-03   0.00000000000000e+00   4.71615720524017e-01 
 -8.11803438689093e-03  -2.76060681755375e-03   0.00000000000000e+00   4.73799126637555e-01 
 -8.25565155005528e-03  -2.59323024435440e-03   0.00000000000000e+00   4.75982532751092e-01 
 -8.38506736632278e-03  -2.41268315762704e-03   0.00000000000000e+00   4.78165938864629e-01 
 -8.50489164577587e-03  -2.21788242287491e-03   0.00000000000000e+00   4.80349344978166e-01 
 -8.61380092410439e-03  -2.00791686692137e-03   0.00000000000000e+00   4.82532751091703e-01 
 -8.71115331448453e-03  -1.78363183809411e-03   0.00000000000000e+00   4.84716157205240e-01 
 -8.79670573941069e-03  -1.54690047269445e-03   0.00000000000000e+00   4.86899563318777e-01 
 -8.87022015004527e-03  -1.29960886661186e-03   0.00000000000000e+00   4.89082969432314e-01 
 -8.93145849755069e-03  -1.04364311573580e-03   0.00000000000000e+00   4.91266375545852e-01 
 -8.98018273308938e-03  -7.80889315955755e-04   0.00000000000000e+00   4.93449781659389e-01 
 -9.01615480782374e-03  -5.13233563161180e-04   0.00000000000000e+00   4.95633187772926e-01 
 -9.03913667291620e-03  -2.42561953241549e-04   0.00000000000000e+00   4.97816593886463e-01 
 -9.04889027952916e-03   2.92394179136714e-05   0.00000000000000e+00   5.00000000000000e-01 
 -9.04517757882505e-03   3.00284454415004e-04   0.00000000000000e+00   5.02183406113537e-01 
 -9.02776052196628e-03   5.68687060373001e-04   0.00000000000000e+00   5.04366812227074e-01 
 -8.99640106011527e-03   8.32561139898167e-04   0.00000000000000e+00   5.06550218340611e-01 
 -8.95086114443442e-03   1.09002059710106e-03   0.00000000000000e+00   5.08733624454148e-01 
 -8.89090272608617e-03   1.33917933609218e-03   0.00000000000000e+00   5.10917030567686e-01 
 -8.81628775623292e-03   1.57815126098209e-03   0.00000000000000e+00   5.13100436681223e-01 
 -8.72677970969405e-03   1.80505224905730e-03   0.00000000000000e+00   5.15283842794760e-01 
 -8.62266348236427e-03   2.01867343166834e-03   0.00000000000000e+00   5.17467248908297e-01 
 -8.50550434112900e-03   2.21946405441497e-03   0.00000000000000e+00   5.19650655021834e-01 
 -8.37706051380630e-03   2.40812325240106e-03   0.00000000000000e+00   5.21834061135371e-01 
 -8.23909022821426e-03   2.58535016073055e-03   0.00000000000000e+00   5.24017467248908e-01 
 -8.09335171217095e-03   2.75184391450733e-03   0.00000000000000e+00   5.26200873362445e-01 
 -7.94160319349444e-03   2.90830364883530e-03   0.00000000000000e+00   5.28384279475983e-01 
 -7.78560290000282e-03   3.05542849881838e-03   0.00000000000000e+00   5.30567685589520e-01 
 -7.62710905951416e-03   3.19391759956046e-03   0.00000000000000e+00   5.32751091703057e-01 
 -7.46787989984654e-03   3.32447008616546e-03   0.00000000000000e+00   5.34934497816594e-01 
 -7.30967364881803e-03   3.44778509373727e-03   0.00000000000000e+00   5.37117903930131e-01 
 -7.15424853424671e-03   3.56456175737982e-03   0.00000000000000e+00   5.39301310043668e-01 
 -7.00334157544656e-03   3.67549390463179e-03   0.00000000000000e+00   5.41484716157205e-01 
 -6.85758242276028e-03   3.78099823679067e-03   0.00000000000000e+00   5.43668122270742e-01 
 -6.71597307221041e-03   3.88108412414194e-03   0.00000000000000e+00   5.45851528384279e-01 
 -6.57738539096700e-03   3.97572837138481e-03   0.00000000000000e+00   5.48034934497817e-01 
 -6.44069124620017e-03   4.06490778321849e-03   0.00000000000000e+00   5.50218340611354e-01 
 -6.30476250507998e-03   4.14859916434222e-03   0.00000000000000e+00   5.52401746724891e-01 
 -6.16847103477652e-03   4.22677931945520e-03   0.00000000000000e+00   5.54585152838428e-01 
 -6.03068870245988e-03   4.29942505325665e-03   0.00000000000000e+00   5.56768558951965e-01 
 -5.89028737530015e-03   4.36651317044580e-03   0.00000000000000e+00   5.58951965065502e-01 
 -5.74613892046741e-03   4.42802047572185e-03   0.00000000000000e+00   5.61135371179039e-01 
 -5.59714014259585e-03   4.48392760188063e-03   0.00000000000000e+00   5.63318777292576e-01 
 -5.44325036504137e-03   4.53437828668623e-03   0.00000000000000e+00   5.65502183406113e-01 
 -5.28586555791309e-03   4.57973680446217e-03   0.00000000000000e+00   5.67685589519651e-01 
 -5.12648359552481e-03   4.62038307262767e-03   0.00000000000000e+00   5.69868995633188e-01 
 -4.96660235219033e-03   4.65669700860195e-03   0.00000000000000e+00   5.72052401746725e-01 
 -4.80771970222345e-03   4.68905852980425e-03   0.00000000000000e+00   5.74235807860262e-01 
 -4.65133351993797e-03   4.71784755365378e-03   0.00000000000000e+00   5.76419213973799e-01 
 -4.49894167964769e-03   4.74344399756977e-03   0.00000000000000e+00   5.78602620087336e-01 
 -4.35204205566641e-03   4.76622777897145e-03   0.00000000000000e+00   5.80786026200873e-01 
 -4.21209770473651e-03   4.78658072483214e-03   0.00000000000000e+00   5.82969432314410e-01 
 -4.07894356969013e-03   4.80497395530266e-03   0.00000000000000e+00   5.85152838427948e-01 
 -3.95012544683890e-03   4.82200413774850e-03   0.00000000000000e+00   5.87336244541485e-01 
 -3.82301727729378e-03   4.83827736485659e-03   0.00000000000000e+00   5.89519650655022e-01 
 -3.69499300216570e-03   4.85439972931385e-03   0.00000000000000e+00   5.91703056768559e-01 
 -3.56342656256564e-03   4.87097732380721e-03   0.00000000000000e+00   5.93886462882096e-01 
 -3.42569189960452e-03   4.88861624102358e-03   0.00000000000000e+00   5.96069868995633e-01 
 -3.27916295439331e-03   4.90792257364991e-03   0.00000000000000e+00   5.98253275109170e-01 
 -3.12121366804295e-03   4.92950241437310e-03   0.00000000000000e+00   6.00436681222707e-01 
 -2.94926739062881e-03   4.95396213122833e-03   0.00000000000000e+00   6.02620087336245e-01 
 -2.76329918590927e-03   4.98192231254171e-03   0.00000000000000e+00   6.04803493449782e-01 
 -2.56701857000213e-03   5.01402435814324e-03   0.00000000000000e+00   6.06986899563319e-01 
 -2.36443182348172e-03   5.05091132168363e-03   0.00000000000000e+00   6.09170305676856e-01 
 -2.15954522692236e-03   5.09322625681358e-03   0.00000000000000e+00   6.11353711790393e-01 
 -1.95636506089841e-03   5.14161221718378e-03   0.00000000000000e+00   6.13537117903930e-01 
 -1.75889760598418e-03   5.19671225644494e-03   0.00000000000000e+00   6.15720524017467e-01 
 -1.57114914275403e-03   5.25916942824775e-03   0.00000000000000e+00   6.17903930131004e-01 
 -1.39712595178229e-03   5.32962678624293e-03   0.00000000000000e+00   6.20087336244541e-01 
 -1.24083431364329e-03   5.40872738408116e-03   0.00000000000000e+00   6.22270742358079e-01 
 -1.10628050891137e-03   5.49711427541316e-03   0.00000000000000e+00   6.24454148471616e-01 
 -9.97076501530766e-04   5.59521663811582e-03   0.00000000000000e+00   6.26637554585153e-01 
 -9.13677670134565e-04   5.70175153073237e-03   0.00000000000000e+00   6.28820960698690e-01 
 -8.55023878287142e-04   5.81461400245294e-03   0.00000000000000e+00   6.31004366812227e-01 
 -8.20045396478445e-04   5.93169389922220e-03   0.00000000000000e+00   6.33187772925764e-01 
 -8.07672495198409e-04   6.05088106698481e-03   0.00000000000000e+00   6.35371179039301e-01 
 -8.16835444936980e-04   6.17006535168543e-03   0.00000000000000e+00   6.37554585152838e-01 
 -8.46464516184097e-04   6.28713659926873e-03   0.00000000000000e+00   6.39737991266376e-01 
 -8.95489979429699e-04   6.39998465567937e-03   0.00000000000000e+00   6.41921397379913e-01 
 -9.62842105163732e-04   6.50649936686202e-03   0.00000000000000e+00   6.44104803493450e-01 
 -1.04731306327475e-03   6.60489820311909e-03   0.00000000000000e+00   6.46288209606987e-01 
 -1.14667931534267e-03   6.69580826062705e-03   0.00000000000000e+00   6.48471615720524e-01 
 -1.25826400591798e-03   6.78093206679969e-03   0.00000000000000e+00   6.50655021834061e-01 
 -1.37938818222449e-03   6.86197712466497e-03   0.00000000000000e+00   6.52838427947598e-01 
 -1.50737289148604e-03   6.94065093725086e-03   0.00000000000000e+00   6.55021834061135e-01 
 -1.63953918092645e-03   7.01866100758529e-03   0.00000000000000e+00   6.57205240174672e-01 
 -1.77320809776953e-03   7.09771483869623e-03   0.00000000000000e+00   6.59388646288210e-01 
 -1.90570068923911e-03   7.17951993361163e-03   0.00000000000000e+00   6.61572052401747e-01 
 -2.03433800255901e-03   7.26578379535945e-03   0.00000000000000e+00   6.63755458515284e-01 
 -2.15709122657527e-03   7.35776059635969e-03   0.00000000000000e+00   6.65938864628821e-01 
 -2.27465131459242e-03   7.45480807226650e-03   0.00000000000000e+00   6.68122270742358e-01 
 -2.38842031379747e-03   7.55578812734738e-03   0.00000000000000e+00   6.70305676855895e-01 
 -2.49980027364409e-03   7.65956266428936e-03   0.00000000000000e+00   6.72489082969432e-01 
 -2.61019324358592e-03   7.76499358577946e-03   0.00000000000000e+00   6.74672489082969e-01 
 -2.72100127307663e-03   7.87094279450471e-03   0.00000000000000e+00   6.76855895196506e-01 
 -2.83362641156987e-03   7.97627219315214e-03   0.00000000000000e+00   6.79039301310044e-01 
 -2.94947070851930e-03   8.07984368440876e-03   0.00000000000000e+00   6.81222707423581e-01 
 -3.06993621337857e-03   8.18051917096162e-03   0.00000000000000e+00   6.83406113537118e-01 
 -3.19617835394675e-03   8.27729601857638e-03   0.00000000000000e+00   6.85589519650655e-01 
 -3.32798703002073e-03   8.36992164324237e-03   0.00000000000000e+00   6.87772925764192e-01 
 -3.46468217205485e-03   8.45840160330109e-03   0.00000000000000e+00   6.89956331877729e-01 
 -3.60558327734663e-03   8.54274169501620e-03   0.00000000000000e+00   6.92139737991266e-01 
 -3.75000984319358e-03   8.62294771465136e-03   0.00000000000000e+00   6.94323144104803e-01 
 -3.89728136689323e-03   8.69902545847026e-03   0.00000000000000e+00   6.96506550218341e-01 
 -4.04671734574307e-03   8.77098072273654e-03   0.00000000000000e+00   6.98689956331878e-01 
 -4.19763727704063e-03   8.83881930371388e-03   0.00000000000000e+00   7.00873362445415e-01 
 -4.34936065808345e-03   8.90254699766594e-03   0.00000000000000e+00   7.03056768558952e-01 
 -4.50120698616900e-03   8.96216960085639e-03   0.00000000000000e+00   7.05240174672489e-01 
 -4.65256462028745e-03   9.01772223613566e-03   0.00000000000000e+00   7.07423580786026e-01 
 -4.80350195399309e-03   9.06952963719437e-03   0.00000000000000e+00   7.09606986899563e-01 
 -4.95447494583556e-03   9.11808159260391e-03   0.00000000000000e+00   7.11790393013100e-01 
 -5.10594406037975e-03   9.16386980994235e-03   0.00000000000000e+00   7.13973799126637e-01 
 -5.25836976219059e-03   9.20738599678777e-03   0.00000000000000e+00   7.16157205240175e-01 
 -5.41221251583298e-03   9.24912186071823e-03   0.00000000000000e+00   7.18340611353712e-01 
 -5.56793278587186e-03   9.28956910931183e-03   0.00000000000000e+00   7.20524017467249e-01 
 -5.72599103687213e-03   9.32921945014663e-03   0.00000000000000e+00   7.22707423580786e-01 
 -5.88684773339871e-03   9.36856459080071e-03   0.00000000000000e+00   7.24890829694323e-01 
 -6.05096334001653e-03   9.40809623885214e-03   0.00000000000000e+00   7.27074235807860e-01 
 -6.21876477875812e-03   9.44829793766293e-03   0.00000000000000e+00   7.29257641921397e-01 
 -6.39009368805928e-03   9.48951077320106e-03   0.00000000000000e+00   7.31441048034934e-01 
 -6.56429429150682e-03   9.53195476119862e-03   0.00000000000000e+00   7.33624454148472e-01 
 -6.74069498981325e-03   9.57584606611720e-03   0.00000000000000e+00   7.35807860262009e-01 
 -6.91862418369101e-03   9.62140085241841e-03   0.00000000000000e+00   7.37991266375546e-01 
 -7.09741027385259e-03   9.66883528456383e-03   0.00000000000000e+00   7.40174672489083e-01 
 -7.27638166101045e-03   9.71836552701506e-03   0.00000000000000e+00   7.42358078602620e-01 
 -7.45486674587709e-03   9.77020774423370e-03   0.00000000000000e+00   7.44541484716157e-01 
 -7.63219392916494e-03   9.82457810068134e-03   0.00000000000000e+00   7.46724890829694e-01 
 -7.80769161158649e-03   9.88169276081957e-03   0.00000000000000e+00   7.48908296943231e-01 
 -7.98068819385423e-03   9.94176788911000e-03   0.00000000000000e+00   7.51091703056769e-01 
 -8.15062144657612e-03   1.00050267695484e-02   0.00000000000000e+00   7.53275109170306e-01 
 -8.31760407293877e-03   1.00717366214890e-02   0.00000000000000e+00   7.55458515283843e-01 
 -8.48200598217998e-03   1.01421814073511e-02   0.00000000000000e+00   7.57641921397380e-01 
 -8.64419758975279e-03   1.02166451225066e-02   0.00000000000000e+00   7.59825327510917e-01 
 -8.80454931111017e-03   1.02954117623273e-02   0.00000000000000e+00   7.62008733624454e-01 
 -8.96343156170514e-03   1.03787653221849e-02   0.00000000000000e+00   7.64192139737991e-01 
 -9.12121475699070e-03   1.04669897974515e-02   0.00000000000000e+00   7.66375545851528e-01 
 -9.27826931241985e-03   1.05603691834987e-02   0.00000000000000e+00   7.68558951965066e-01 
 -9.43496564344559e-03   1.06591874756984e-02   0.00000000000000e+00   7.70742358078603e-01 
 -9.59167416552093e-03   1.07637286694225e-02   0.00000000000000e+00   7.72925764192140e-01 
 -9.74876529409888e-03   1.08742767600428e-02   0.00000000000000e+00   7.75109170305677e-01 
 -9.90660938809490e-03   1.09911157514816e-02   0.00000000000000e+00   7.77292576419214e-01 
 -1.00652891142984e-02   1.11145731568759e-02   0.00000000000000e+00   7.79475982532751e-01 
 -1.02239301671879e-02   1.12451212173897e-02   0.00000000000000e+00   7.81659388646288e-01 
 -1.03814595126662e-02   1.13832622289695e-02   0.00000000000000e+00   7.83842794759825e-01 
 -1.05368041166358e-02   1.15294984875617e-02   0.00000000000000e+00   7.86026200873362e-01 
 -1.06888909449996e-02   1.16843322891128e-02   0.00000000000000e+00   7.88209606986900e-01 
 -1.08366469636601e-02   1.18482659295692e-02   0.00000000000000e+00   7.90393013100437e-01 
 -1.09789991385200e-02   1.20218017048775e-02   0.00000000000000e+00   7.92576419213974e-01 
 -1.11148744354819e-02   1.22054419109840e-02   0.00000000000000e+00   7.94759825327511e-01 
 -1.12431998204486e-02   1.23996888438353e-02   0.00000000000000e+00   7.96943231441048e-01 
 -1.13629022593227e-02   1.26050447993779e-02   0.00000000000000e+00   7.99126637554585e-01 
 -1.14729087180069e-02   1.28220120735581e-02   0.00000000000000e+00   8.01310043668122e-01 
 -1.15721461624038e-02   1.30510929623225e-02   0.00000000000000e+00   8.03493449781659e-01 
 -1.16596798467578e-02   1.32925329752974e-02   0.00000000000000e+00   8.05676855895196e-01 
 -1.17352122304658e-02   1.35453944018578e-02   0.00000000000000e+00   8.07860262008734e-01 
 -1.17986291851614e-02   1.38083989549226e-02   0.00000000000000e+00   8.10043668122271e-01 
 -1.18498165991686e-02   1.40802683164191e-02   0.00000000000000e+00   8.12227074235808e-01 
 -1.18886603608111e-02   1.43597241682739e-02   0.00000000000000e+00   8.14410480349345e-01 
 -1.19150463584128e-02   1.46454881924143e-02   0.00000000000000e+00   8.16593886462882e-01 
 -1.19288604802976e-02   1.49362820707672e-02   0.00000000000000e+00   8.18777292576419e-01 
 -1.19299886147893e-02   1.52308274852595e-02   0.00000000000000e+00   8.20960698689956e-01 
 -1.19183166502119e-02   1.55278461178183e-02   0.00000000000000e+00   8.23144104803493e-01 
 -1.18937304748892e-02   1.58260596503704e-02   0.00000000000000e+00   8.25327510917030e-01 
 -1.18561159771450e-02   1.61241897648430e-02   0.00000000000000e+00   8.27510917030568e-01 
 -1.18053590453033e-02   1.64209581431630e-02   0.00000000000000e+00   8.29694323144105e-01 
 -1.17413455676878e-02   1.67150864672574e-02   0.00000000000000e+00   8.31877729257642e-01 
 -1.16639614326225e-02   1.70052964190531e-02   0.00000000000000e+00   8.34061135371179e-01 
 -1.15730925284312e-02   1.72903096804772e-02   0.00000000000000e+00   8.36244541484716e-01 
 -1.14686247434378e-02   1.75688479334566e-02   0.00000000000000e+00   8.38427947598253e-01 
 -1.13504448704858e-02   1.78396338897261e-02   0.00000000000000e+00   8.40611353711790e-01 
 -1.12186913217917e-02   1.81016767330697e-02   0.00000000000000e+00   8.42794759825327e-01 
 -1.10740966146921e-02   1.83546620439618e-02   0.00000000000000e+00   8.44978165938865e-01 
 -1.09174789794280e-02   1.85983729881745e-02   0.00000000000000e+00   8.47161572052402e-01 
 -1.07496566462405e-02   1.88325927314795e-02   0.00000000000000e+00   8.49344978165939e-01 
 -1.05714478453703e-02   1.90571044396489e-02   0.00000000000000e+00   8.51528384279476e-01 
 -1.03836708070586e-02   1.92716912784544e-02   0.00000000000000e+00   8.53711790393013e-01 
 -1.01871437615463e-02   1.94761364136680e-02   0.00000000000000e+00   8.55895196506550e-01 
 -9.98268493907433e-03   1.96702230110615e-02   0.00000000000000e+00   8.58078602620087e-01 
 -9.77111256988367e-03   1.98537342364069e-02   0.00000000000000e+00   8.60262008733624e-01 
 -9.55324488421531e-03   2.00264532554761e-02   0.00000000000000e+00   8.62445414847162e-01 
 -9.32990011231021e-03   2.01881632340409e-02   0.00000000000000e+00   8.64628820960699e-01 
 -9.10189648440932e-03   2.03386473378732e-02   0.00000000000000e+00   8.66812227074236e-01 
 -8.87005223075362e-03   2.04776887327451e-02   0.00000000000000e+00   8.68995633187773e-01 
 -8.63518558158407e-03   2.06050705844282e-02   0.00000000000000e+00   8.71179039301310e-01 
 -8.39811476714166e-03   2.07205760586946e-02   0.00000000000000e+00   8.73362445414847e-01 
 -8.15965801766732e-03   2.08239883213161e-02   0.00000000000000e+00   8.75545851528384e-01 
 -7.92063356340206e-03   2.09150905380647e-02   0.00000000000000e+00   8.77729257641921e-01 
 -7.68191983762219e-03   2.09936917341341e-02   0.00000000000000e+00   8.79912663755459e-01 
 -7.44468679870018e-03   2.10597261554881e-02   0.00000000000000e+00   8.82096069868996e-01 
 -7.21019252608466e-03   2.11131658993396e-02   0.00000000000000e+00   8.84279475982533e-01 
 -6.97969511804412e-03   2.11539830709854e-02   0.00000000000000e+00   8.86462882096070e-01 
 -6.75445267284698e-03   2.11821497757221e-02   0.00000000000000e+00   8.88646288209607e-01 
 -6.53572328876168e-03   2.11976381188464e-02   0.00000000000000e+00   8.90829694323144e-01 
 -6.32476506405668e-03   2.12004202056550e-02   0.00000000000000e+00   8.93013100436681e-01 
 -6.12283609700040e-03   2.11904681414446e-02   0.00000000000000e+00   8.95196506550218e-01 
 -5.93119448586131e-03   2.11677540315119e-02   0.00000000000000e+00   8.97379912663755e-01 
 -5.75109832890783e-03   2.11322499811535e-02   0.00000000000000e+00   8.99563318777293e-01 
 -5.58380572440843e-03   2.10839280956663e-02   0.00000000000000e+00   9.01746724890830e-01 
 -5.43047188129147e-03   2.10228418176130e-02   0.00000000000000e+00   9.03930131004367e-01 
 -5.29078554320071e-03   2.09502038765850e-02   0.00000000000000e+00   9.06113537117904e-01 
 -5.16334280504377e-03   2.08680907754384e-02   0.00000000000000e+00   9.08296943231441e-01 
 -5.04671367080547e-03   2.07785996427260e-02   0.00000000000000e+00   9.10480349344978e-01 
 -4.93946814447064e-03   2.06838276070006e-02   0.00000000000000e+00   9.12663755458515e-01 
 -4.84017623002409e-03   2.05858717968151e-02   0.00000000000000e+00   9.14847161572052e-01 
 -4.74740793145066e-03   2.04868293407222e-02   0.00000000000000e+00   9.17030567685589e-01 
 -4.65973325273514e-03   2.03887973672748e-02   0.00000000000000e+00   9.19213973799127e-01 
 -4.57572219786237e-03   2.02938730050258e-02   0.00000000000000e+00   9.21397379912664e-01 
 -4.49403469477310e-03   2.02040092229431e-02   0.00000000000000e+00   9.23580786026201e-01 
 -4.41443950209265e-03   2.01193813928076e-02   0.00000000000000e+00   9.25764192139738e-01 
 -4.33745208920687e-03   2.00389678136948e-02   0.00000000000000e+00   9.27947598253275e-01 
 -4.26360185741527e-03   1.99617244500434e-02   0.00000000000000e+00   9.30131004366812e-01 
 -4.19341820801731e-03   1.98866072662921e-02   0.00000000000000e+00   9.32314410480349e-01 
 -4.12743054231246e-03   1.98125722268796e-02   0.00000000000000e+00   9.34497816593886e-01 
 -4.06616826160020e-03   1.97385752962448e-02   0.00000000000000e+00   9.36681222707423e-01 
 -4.00994441068932e-03   1.96637290394247e-02   0.00000000000000e+00   9.38864628820961e-01 
 -3.95725394264145e-03   1.95884619711410e-02   0.00000000000000e+00   9.41048034934498e-01 
 -3.90568254643361e-03   1.95138607389004e-02   0.00000000000000e+00   9.43231441048035e-01 
 -3.85280916217639e-03   1.94410168750944e-02   0.00000000000000e+00   9.45414847161572e-01 
 -3.79621272998036e-03   1.93710219121144e-02   0.00000000000000e+00   9.47598253275109e-01 
 -3.73347610440280e-03   1.93049659600884e-02   0.00000000000000e+00   9.49781659388646e-01 
 -3.66369017709439e-03   1.92433912034136e-02   0.00000000000000e+00   9.51965065502183e-01 
 -3.58972747235328e-03   1.91854658192820e-02   0.00000000000000e+00   9.54148471615720e-01 
 -3.51504376451670e-03   1.91301460685441e-02   0.00000000000000e+00   9.56331877729258e-01 
 -3.44309482792189e-03   1.90763882120500e-02   0.00000000000000e+00   9.58515283842795e-01 
 -3.37733643690611e-03   1.90231485106503e-02   0.00000000000000e+00   9.60698689956332e-01 
 -3.32104200654256e-03   1.89694498958079e-02   0.00000000000000e+00   9.62882096069869e-01 
 -3.27413519509053e-03   1.89155399712829e-02   0.00000000000000e+00   9.65065502183406e-01 
 -3.23360112015423e-03   1.88627406723569e-02   0.00000000000000e+00   9.67248908296943e-01 
 -3.19632522582370e-03   1.88124103749843e-02   0.00000000000000e+00   9.69432314410480e-01 
 -3.15920812871116e-03   1.87659008043090e-02   0.00000000000000e+00   9.71615720524017e-01 
 -3.12107256781330e-03   1.87237211313248e-02   0.00000000000000e+00   9.73799126637555e-01 
 -3.08452164117883e-03   1.86847234227576e-02   0.00000000000000e+00   9.75982532751092e-01 
 -3.05259946255052e-03   1.86475664279841e-02   0.00000000000000e+00   9.78165938864629e-01 
 -3.02749478952647e-03   1.86112929881057e-02   0.00000000000000e+00   9.80349344978166e-01 
 -3.00699243857146e-03   1.85769235033431e-02   0.00000000000000e+00   9.82532751091703e-01 
 -2.98750398488924e-03   1.85460947765784e-02   0.00000000000000e+00   9.84716157205240e-01 
 -2.96808491553239e-03   1.85192404278706e-02   0.00000000000000e+00   9.86899563318777e-01 
 -2.95200347667532e-03   1.84948769619361e-02   0.00000000000000e+00   9.89082969432314e-01 
 -2.94022132078517e-03   1.84725711847637e-02   0.00000000000000e+00   9.91266375545852e-01 
 -2.92939986648652e-03   1.84538466910107e-02   0.00000000000000e+00   9.93449781659389e-01 
 -2.92063006789331e-03   1.84381985334135e-02   0.00000000000000e+00   9.95633187772926e-01 
 -2.91424891083471e-03   1.84254868231281e-02   0.00000000000000e+00   9.97816593886463e-01 
 -2.90965338373799e-03   1.84159972496970e-02   0.00000000000000e+00   1.00000000000000e+00 
