 -2.90949568545124e-03  -1.84159682226139e-02   0.00000000000000e+00   0.00000000000000e+00 
 -2.91428901609895e-03  -1.84254858025077e-02   0.00000000000000e+00   2.18340611353712e-03 
 -2.92087525017583e-03  -1.84381686331496e-02   0.00000000000000e+00   4.36681222707424e-03 
 -2.92939854891611e-03  -1.84539522558824e-02   0.00000000000000e+00   6.55021834061135e-03 
 -2.94000307355402e-03  -1.84727722120488e-02   0.00000000000000e+00   8.73362445414847e-03 
 -2.95283298532379e-03  -1.84945640429916e-02   0.00000000000000e+00   1.09170305676856e-02 
 -2.96803244545966e-03  -1.85192632900537e-02   0.00000000000000e+00   1.31004366812227e-02 
 -2.98574561519584e-03  -1.85468054945779e-02   0.00000000000000e+00   1.52838427947598e-02 
 -3.00611665576659e-03  -1.85771261979070e-02   0.00000000000000e+00   1.74672489082969e-02 
 -3.02928972840612e-03  -1.86101609413837e-02   0.00000000000000e+00   1.96506550218341e-02 
 -3.05540899434867e-03  -1.86458452663510e-02   0.00000000000000e+00   2.18340611353712e-02 
 -3.08461861482846e-03  -1.86841147141515e-02   0.00000000000000e+00   2.40174672489083e-02 
 -3.11706275107974e-03  -1.87249048261281e-02   0.00000000000000e+00   2.62008733624454e-02 
 -3.15288556433672e-03  -1.87681511436236e-02   0.00000000000000e+00   2.83842794759825e-02 
 -3.19223121583365e-03  -1.88137892079807e-02   0.00000000000000e+00   3.05676855895196e-02 
 -3.23524386680475e-03  -1.88617545605424e-02   0.00000000000000e+00   3.27510917030568e-02 
 -3.28206767848425e-03  -1.89119827426514e-02   0.00000000000000e+00   3.49344978165939e-02 
 -3.33284433862989e-03  -1.89644080105557e-02   0.00000000000000e+00   3.71179039301310e-02 
 -3.38760167740276e-03  -1.90189054657832e-02   0.00000000000000e+00   3.93013100436681e-02 
 -3.44620847748783e-03  -1.90752675767380e-02   0.00000000000000e+00   4.14847161572052e-02 
 -3.50852169238337e-03  -1.91332806659696e-02   0.00000000000000e+00   4.36681222707424e-02 
 -3.57439827558766e-03  -1.91927310560272e-02   0.00000000000000e+00   4.58515283842795e-02 
 -3.64369518059899e-03  -1.92534050694604e-02   0.00000000000000e+00   4.80349344978166e-02 
 -3.71626936091564e-03  -1.93150890288187e-02   0.00000000000000e+00   5.02183406113537e-02 
 -3.79197777003589e-03  -1.93775692566514e-02   0.00000000000000e+00   5.24017467248908e-02 
 -3.87067736145803e-03  -1.94406320755080e-02   0.00000000000000e+00   5.45851528384279e-02 
 -3.92605213453773e-03  -1.94998575095681e-02   0.00000000000000e+00   5.67685589519651e-02 
 -3.97067431479791e-03  -1.95737034008127e-02   0.00000000000000e+00   5.89519650655022e-02 
 -4.01024430495990e-03  -1.96464859399778e-02   0.00000000000000e+00   6.11353711790393e-02 
 -4.07378096247425e-03  -1.97291137379201e-02   0.00000000000000e+00   6.33187772925764e-02 
 -4.12597440539510e-03  -1.98076385169868e-02   0.00000000000000e+00   6.55021834061135e-02 
 -4.18998584406389e-03  -1.98905787702445e-02   0.00000000000000e+00   6.76855895196506e-02 
 -4.25404731053525e-03  -1.99732303427029e-02   0.00000000000000e+00   6.98689956331878e-02 
 -4.32394944102121e-03  -2.00576938409539e-02   0.00000000000000e+00   7.20524017467249e-02 
 -4.39889948242623e-03  -2.01433625831311e-02   0.00000000000000e+00   7.42358078602620e-02 
 -4.47808873041393e-03  -2.02296224165416e-02   0.00000000000000e+00   7.64192139737991e-02 
 -4.56179621637482e-03  -2.03160816003578e-02   0.00000000000000e+00   7.86026200873362e-02 
 -4.65186840778764e-03  -2.04027134980550e-02   0.00000000000000e+00   8.07860262008734e-02 
 -4.74843419924263e-03  -2.04892394878664e-02   0.00000000000000e+00   8.29694323144105e-02 
 -4.85134714590415e-03  -2.05753378679341e-02   0.00000000000000e+00   8.51528384279476e-02 
 -4.96046080293653e-03  -2.06606869364001e-02   0.00000000000000e+00   8.73362445414847e-02 
 -5.07562872550414e-03  -2.07449649914064e-02   0.00000000000000e+00   8.95196506550218e-02 
 -5.19670446877131e-03  -2.08278503310948e-02   0.00000000000000e+00   9.17030567685589e-02 
 -5.32387110909613e-03  -2.09089879722725e-02   0.00000000000000e+00   9.38864628820961e-02 
 -5.46461464922781e-03  -2.09873049806375e-02   0.00000000000000e+00   9.60698689956332e-02 
 -5.60688454513106e-03  -2.10668115897822e-02   0.00000000000000e+00   9.82532751091703e-02 
 -5.75312356328495e-03  -2.11235026347266e-02   0.00000000000000e+00   1.00436681222707e-01 
 -5.98291513160573e-03  -2.11123374708661e-02   0.00000000000000e+00   1.02620087336245e-01 
 -6.02417827831714e-03  -2.12263878392801e-02   0.00000000000000e+00   1.04803493449782e-01 
 -6.27782169541432e-03  -2.12128721373602e-02   0.00000000000000e+00   1.06986899563319e-01 
 -6.63142980800426e-03  -2.11336032896484e-02   0.00000000000000e+00   1.09170305676856e-01 
 -6.71900309369247e-03  -2.12105868141650e-02   0.00000000000000e+00   1.11353711790393e-01 
 -6.83026029310251e-03  -2.12715334444542e-02   0.00000000000000e+00   1.13537117903930e-01 
 -7.24305354710899e-03  -2.11502860441271e-02   0.00000000000000e+00   1.15720524017467e-01 
 -7.63971596729781e-03  -2.10358836172066e-02   0.00000000000000e+00   1.17903930131004e-01 
 -7.74896166705465e-03  -2.10797149244100e-02   0.00000000000000e+00   1.20087336244541e-01 
 -7.85511669438854e-03  -2.10681674798917e-02   0.00000000000000e+00   1.22270742358079e-01 
 -8.10591771934583e-03  -2.09152922732743e-02   0.00000000000000e+00   1.24454148471616e-01 
 -8.39450804840475e-03  -2.07357616511672e-02   0.00000000000000e+00   1.26637554585153e-01 
 -8.67971586489625e-03  -2.05656115599038e-02   0.00000000000000e+00   1.28820960698690e-01 
 -8.95468689412181e-03  -2.04018309433157e-02   0.00000000000000e+00   1.31004366812227e-01 
 -9.21272187103779e-03  -2.02412323729759e-02   0.00000000000000e+00   1.33187772925764e-01 
 -9.44712153060054e-03  -2.00806284204576e-02   0.00000000000000e+00   1.35371179039301e-01 
 -9.65118660776644e-03  -1.99168316573339e-02   0.00000000000000e+00   1.37554585152838e-01 
 -9.81822875841169e-03  -1.97466525147761e-02   0.00000000000000e+00   1.39737991266376e-01 
 -9.95741072807097e-03  -1.95637947532155e-02   0.00000000000000e+00   1.41921397379913e-01 
 -1.01254407725190e-02  -1.93526436415057e-02   0.00000000000000e+00   1.44104803493450e-01 
 -1.03749561977679e-02  -1.91030018359111e-02   0.00000000000000e+00   1.46288209606987e-01 
 -1.06282937087333e-02  -1.88766972217872e-02   0.00000000000000e+00   1.48471615720524e-01 
 -1.07462360085635e-02  -1.87646817567344e-02   0.00000000000000e+00   1.50655021834061e-01 
 -1.07933125919679e-02  -1.86726532255536e-02   0.00000000000000e+00   1.52838427947598e-01 
 -1.09626096667651e-02  -1.83974206489769e-02   0.00000000000000e+00   1.55021834061135e-01 
 -1.12157643455733e-02  -1.80114114362916e-02   0.00000000000000e+00   1.57205240174672e-01 
 -1.13998687258331e-02  -1.77220341425641e-02   0.00000000000000e+00   1.59388646288210e-01 
 -1.14731041303527e-02  -1.75748785563154e-02   0.00000000000000e+00   1.61572052401747e-01 
 -1.15295738771883e-02  -1.74180437437437e-02   0.00000000000000e+00   1.63755458515284e-01 
 -1.16198127653092e-02  -1.71707457559545e-02   0.00000000000000e+00   1.65938864628821e-01 
 -1.17288364932115e-02  -1.68572635247307e-02   0.00000000000000e+00   1.68122270742358e-01 
 -1.18374775762586e-02  -1.65085839077446e-02   0.00000000000000e+00   1.70305676855895e-01 
 -1.19265685298140e-02  -1.61556937626685e-02   0.00000000000000e+00   1.72489082969432e-01 
 -1.19784547435689e-02  -1.58269140135026e-02   0.00000000000000e+00   1.74672489082969e-01 
 -1.19949371273424e-02  -1.55162817542806e-02   0.00000000000000e+00   1.76855895196507e-01 
 -1.19913167254519e-02  -1.51940446191497e-02   0.00000000000000e+00   1.79039301310044e-01 
 -1.19804030356573e-02  -1.48412599367192e-02   0.00000000000000e+00   1.81222707423581e-01 
 -1.19595827934546e-02  -1.45019902945377e-02   0.00000000000000e+00   1.83406113537118e-01 
 -1.19212430691152e-02  -1.42402803273722e-02   0.00000000000000e+00   1.85589519650655e-01 
 -1.18704228122279e-02  -1.40524310935382e-02   0.00000000000000e+00   1.87772925764192e-01 
 -1.18255356981041e-02  -1.38534558130981e-02   0.00000000000000e+00   1.89956331877729e-01 
 -1.17706965574913e-02  -1.36085278932096e-02   0.00000000000000e+00   1.92139737991266e-01 
 -1.16695856209695e-02  -1.33262313981294e-02   0.00000000000000e+00   1.94323144104803e-01 
 -1.15467815571120e-02  -1.30499341771360e-02   0.00000000000000e+00   1.96506550218341e-01 
 -1.14422631429583e-02  -1.28188798526915e-02   0.00000000000000e+00   1.98689956331878e-01 
 -1.13254204351516e-02  -1.25965135907215e-02   0.00000000000000e+00   2.00873362445415e-01 
 -1.11861661081529e-02  -1.23696818838171e-02   0.00000000000000e+00   2.03056768558952e-01 
 -1.10420775603867e-02  -1.21559968197390e-02   0.00000000000000e+00   2.05240174672489e-01 
 -1.09098778089226e-02  -1.19722062651871e-02   0.00000000000000e+00   2.07423580786026e-01 
 -1.07888025757119e-02  -1.18165262335683e-02   0.00000000000000e+00   2.09606986899563e-01 
 -1.06675180066940e-02  -1.16759718160947e-02   0.00000000000000e+00   2.11790393013100e-01 
 -1.05347134866723e-02  -1.15375454585542e-02   0.00000000000000e+00   2.13973799126638e-01 
 -1.03868076409574e-02  -1.13947457494264e-02   0.00000000000000e+00   2.16157205240175e-01 
 -1.02309298422716e-02  -1.12507572106635e-02   0.00000000000000e+00   2.18340611353712e-01 
 -1.00746996684750e-02  -1.11157973204732e-02   0.00000000000000e+00   2.20524017467249e-01 
 -9.92297444888889e-03  -1.09988920937377e-02   0.00000000000000e+00   2.22707423580786e-01 
 -9.77040780856173e-03  -1.08903171577852e-02   0.00000000000000e+00   2.24890829694323e-01 
 -9.61425065696001e-03  -1.07846373620195e-02   0.00000000000000e+00   2.27074235807860e-01 
 -9.45504164177948e-03  -1.06821619681500e-02   0.00000000000000e+00   2.29257641921397e-01 
 -9.29336717831236e-03  -1.05832836985394e-02   0.00000000000000e+00   2.31441048034934e-01 
 -9.12981368185083e-03  -1.04883952755504e-02   0.00000000000000e+00   2.33624454148472e-01 
 -8.96496756768707e-03  -1.03978894215460e-02   0.00000000000000e+00   2.35807860262009e-01 
 -8.79941525111329e-03  -1.03121588588888e-02   0.00000000000000e+00   2.37991266375546e-01 
 -8.63374314742166e-03  -1.02315963099416e-02   0.00000000000000e+00   2.40174672489083e-01 
 -8.46853767190438e-03  -1.01565944970672e-02   0.00000000000000e+00   2.42358078602620e-01 
 -8.30257865550731e-03  -1.00867318475662e-02   0.00000000000000e+00   2.44541484716157e-01 
 -8.11606253972190e-03  -1.00132102187205e-02   0.00000000000000e+00   2.46724890829694e-01 
 -7.90316820855442e-03  -9.93270547153639e-03   0.00000000000000e+00   2.48908296943231e-01 
 -7.73300198281288e-03  -9.87313462765966e-03   0.00000000000000e+00   2.51091703056769e-01 
 -7.60759701275774e-03  -9.83352872230514e-03   0.00000000000000e+00   2.53275109170306e-01 
 -7.46990211350591e-03  -9.78895624911019e-03   0.00000000000000e+00   2.55458515283843e-01 
 -7.31335303119656e-03  -9.73888847713754e-03   0.00000000000000e+00   2.57641921397380e-01 
 -7.13895742532666e-03  -9.68607815083535e-03   0.00000000000000e+00   2.59825327510917e-01 
 -6.95477554585262e-03  -9.63371083407848e-03   0.00000000000000e+00   2.62008733624454e-01 
 -6.77241642474477e-03  -9.58518988047526e-03   0.00000000000000e+00   2.64192139737991e-01 
 -6.60125143173768e-03  -9.54320535622182e-03   0.00000000000000e+00   2.66375545851528e-01 
 -6.43057714579827e-03  -9.50410564704422e-03   0.00000000000000e+00   2.68558951965065e-01 
 -6.25202827203780e-03  -9.46455882588632e-03   0.00000000000000e+00   2.70742358078603e-01 
 -6.07894300147326e-03  -9.42741500977488e-03   0.00000000000000e+00   2.72925764192140e-01 
 -5.91111225101289e-03  -9.39193366752137e-03   0.00000000000000e+00   2.75109170305677e-01 
 -5.74125999293170e-03  -9.35548023308543e-03   0.00000000000000e+00   2.77292576419214e-01 
 -5.56641567953315e-03  -9.31656488204062e-03   0.00000000000000e+00   2.79475982532751e-01 
 -5.40292190055048e-03  -9.27881979972633e-03   0.00000000000000e+00   2.81659388646288e-01 
 -5.24335111380751e-03  -9.23928400192063e-03   0.00000000000000e+00   2.83842794759825e-01 
 -5.05692687523674e-03  -9.18863016926079e-03   0.00000000000000e+00   2.86026200873362e-01 
 -4.93944474226299e-03  -9.15364165035184e-03   0.00000000000000e+00   2.88209606986900e-01 
 -4.85125535373206e-03  -9.12116409184224e-03   0.00000000000000e+00   2.90393013100437e-01 
 -4.64857596040995e-03  -9.04809246753644e-03   0.00000000000000e+00   2.92576419213974e-01 
 -4.48423580290364e-03  -8.97889439528774e-03   0.00000000000000e+00   2.94759825327511e-01 
 -4.37616347139239e-03  -8.92229275215823e-03   0.00000000000000e+00   2.96943231441048e-01 
 -4.16614655518754e-03  -8.83567794420162e-03   0.00000000000000e+00   2.99126637554585e-01 
 -4.02779425652464e-03  -8.76197630851203e-03   0.00000000000000e+00   3.01310043668122e-01 
 -3.90726937689688e-03  -8.69001915029643e-03   0.00000000000000e+00   3.03493449781659e-01 
 -3.70500845114824e-03  -8.59638025609304e-03   0.00000000000000e+00   3.05676855895196e-01 
 -3.61806907839645e-03  -8.53469856031728e-03   0.00000000000000e+00   3.07860262008734e-01 
 -3.52166818183246e-03  -8.49203689138740e-03   0.00000000000000e+00   3.10043668122271e-01 
 -3.35102351086103e-03  -8.36015002579135e-03   0.00000000000000e+00   3.12227074235808e-01 
 -3.20491952170929e-03  -8.25979637209842e-03   0.00000000000000e+00   3.14410480349345e-01 
 -3.08897589724317e-03  -8.20175956006459e-03   0.00000000000000e+00   3.16593886462882e-01 
 -2.91624279029083e-03  -8.05429419646485e-03   0.00000000000000e+00   3.18777292576419e-01 
 -2.78138934184586e-03  -7.96859589552324e-03   0.00000000000000e+00   3.20960698689956e-01 
 -2.74928687813309e-03  -7.88722892818460e-03   0.00000000000000e+00   3.23144104803493e-01 
 -2.50193046299790e-03  -7.76271333932493e-03   0.00000000000000e+00   3.25327510917031e-01 
 -2.40049340606759e-03  -7.65212408703336e-03   0.00000000000000e+00   3.27510917030568e-01 
 -2.35220251016918e-03  -7.54687315300261e-03   0.00000000000000e+00   3.29694323144105e-01 
 -2.11424626486038e-03  -7.42805788046988e-03   0.00000000000000e+00   3.31877729257642e-01 
 -2.09970431919363e-03  -7.35404384291350e-03   0.00000000000000e+00   3.34061135371179e-01 
 -1.93725567863482e-03  -7.29028556950362e-03   0.00000000000000e+00   3.36244541484716e-01 
 -1.88009391138143e-03  -7.15766582601387e-03   0.00000000000000e+00   3.38427947598253e-01 
 -1.73540227144594e-03  -7.06839156979286e-03   0.00000000000000e+00   3.40611353711790e-01 
 -1.58821524237850e-03  -6.97878377508719e-03   0.00000000000000e+00   3.42794759825327e-01 
 -1.53466671380780e-03  -6.84909033861211e-03   0.00000000000000e+00   3.44978165938865e-01 
 -1.35492766682985e-03  -6.78571784917419e-03   0.00000000000000e+00   3.47161572052402e-01 
 -1.31278311079331e-03  -6.70219994207502e-03   0.00000000000000e+00   3.49344978165939e-01 
 -1.18773507177856e-03  -6.67128765360409e-03   0.00000000000000e+00   3.51528384279476e-01 
 -1.10123942374768e-03  -6.52375128381306e-03   0.00000000000000e+00   3.53711790393013e-01 
 -9.67253551341566e-04  -6.51204553072933e-03   0.00000000000000e+00   3.55895196506550e-01 
 -8.92033282809121e-04  -6.35152763737789e-03   0.00000000000000e+00   3.58078602620087e-01 
 -7.80649108219036e-04  -6.31161206918027e-03   0.00000000000000e+00   3.60262008733624e-01 
 -7.15630176332518e-04  -6.15592536583984e-03   0.00000000000000e+00   3.62445414847162e-01 
 -6.49113513814699e-04  -6.07293661875820e-03   0.00000000000000e+00   3.64628820960699e-01 
 -7.42222024586697e-04  -5.93933090738308e-03   0.00000000000000e+00   3.66812227074236e-01 
 -8.10214650109565e-04  -5.75340776213566e-03   0.00000000000000e+00   3.68995633187773e-01 
 -8.57078719232989e-04  -5.63837998897966e-03   0.00000000000000e+00   3.71179039301310e-01 
 -1.01737524363370e-03  -5.55699364594991e-03   0.00000000000000e+00   3.73362445414847e-01 
 -1.22637401287957e-03  -5.43426185025664e-03   0.00000000000000e+00   3.75545851528384e-01 
 -1.38703493919433e-03  -5.34433351226378e-03   0.00000000000000e+00   3.77729257641921e-01 
 -1.52167610709339e-03  -5.30109557855011e-03   0.00000000000000e+00   3.79912663755459e-01 
 -1.76743799494319e-03  -5.21907403507008e-03   0.00000000000000e+00   3.82096069868996e-01 
 -2.00615253245285e-03  -5.13784769974668e-03   0.00000000000000e+00   3.84279475982533e-01 
 -2.11522460287195e-03  -5.11170933408838e-03   0.00000000000000e+00   3.86462882096070e-01 
 -2.25370330351424e-03  -5.08496298925079e-03   0.00000000000000e+00   3.88646288209607e-01 
 -2.45625886614649e-03  -5.04452446048206e-03   0.00000000000000e+00   3.90829694323144e-01 
 -2.66011889561618e-03  -5.00517502359998e-03   0.00000000000000e+00   3.93013100436681e-01 
 -2.80306559980599e-03  -4.97991717600817e-03   0.00000000000000e+00   3.95196506550218e-01 
 -2.92251359797719e-03  -4.96225114189708e-03   0.00000000000000e+00   3.97379912663755e-01 
 -3.06894917927245e-03  -4.94275774404988e-03   0.00000000000000e+00   3.99563318777293e-01 
 -3.23857404513287e-03  -4.92087928904382e-03   0.00000000000000e+00   4.01746724890830e-01 
 -3.41154958636265e-03  -4.89867652376819e-03   0.00000000000000e+00   4.03930131004367e-01 
 -3.56803481210895e-03  -4.87821058389700e-03   0.00000000000000e+00   4.06113537117904e-01 
 -3.69390850458417e-03  -4.86155532881960e-03   0.00000000000000e+00   4.08296943231441e-01 
 -3.81260024550805e-03  -4.84703502187109e-03   0.00000000000000e+00   4.10480349344978e-01 
 -3.96213437975761e-03  -4.82729467618054e-03   0.00000000000000e+00   4.12663755458515e-01 
 -4.12552920826746e-03  -4.80459786029732e-03   0.00000000000000e+00   4.14847161572052e-01 
 -4.28099680554590e-03  -4.78216694206360e-03   0.00000000000000e+00   4.17030567685589e-01 
 -4.42446786559606e-03  -4.76024765628756e-03   0.00000000000000e+00   4.19213973799127e-01 
 -4.56035518393424e-03  -4.73766079022039e-03   0.00000000000000e+00   4.21397379912664e-01 
 -4.69312461695105e-03  -4.71321821717102e-03   0.00000000000000e+00   4.23580786026201e-01 
 -4.82724202103710e-03  -4.68573181044837e-03   0.00000000000000e+00   4.25764192139738e-01 
 -4.96717325258299e-03  -4.65401344336138e-03   0.00000000000000e+00   4.27947598253275e-01 
 -5.11738416797935e-03  -4.61687498921895e-03   0.00000000000000e+00   4.30131004366812e-01 
 -5.27896882655605e-03  -4.57389499192530e-03   0.00000000000000e+00   4.32314410480349e-01 
 -5.43939326558465e-03  -4.52775070019865e-03   0.00000000000000e+00   4.34497816593886e-01 
 -5.58301842399580e-03  -4.48189356760176e-03   0.00000000000000e+00   4.36681222707424e-01 
 -5.71341645834635e-03  -4.43771713870332e-03   0.00000000000000e+00   4.38864628820961e-01 
 -5.86839190943352e-03  -4.36951092995501e-03   0.00000000000000e+00   4.41048034934498e-01 
 -6.04080464472501e-03  -4.28846220647105e-03   0.00000000000000e+00   4.43231441048035e-01 
 -6.20025481553607e-03  -4.22288048661760e-03   0.00000000000000e+00   4.45414847161572e-01 
 -6.34743381124118e-03  -4.14802547533547e-03   0.00000000000000e+00   4.47598253275109e-01 
 -6.49038046637839e-03  -4.06125809064750e-03   0.00000000000000e+00   4.49781659388646e-01 
 -6.63405161807894e-03  -3.96982555648675e-03   0.00000000000000e+00   4.51965065502183e-01 
 -6.77839539229164e-03  -3.87358476803247e-03   0.00000000000000e+00   4.54148471615720e-01 
 -6.92314210051698e-03  -3.77206333195801e-03   0.00000000000000e+00   4.56331877729258e-01 
 -7.06802205425543e-03  -3.66478885493677e-03   0.00000000000000e+00   4.58515283842795e-01 
 -7.21276556500749e-03  -3.55128894364212e-03   0.00000000000000e+00   4.60698689956332e-01 
 -7.35710294427361e-03  -3.43109120474743e-03   0.00000000000000e+00   4.62882096069869e-01 
 -7.50076450355430e-03  -3.30372324492608e-03   0.00000000000000e+00   4.65065502183406e-01 
 -7.64348055435003e-03  -3.16871267085145e-03   0.00000000000000e+00   4.67248908296943e-01 
 -7.78495798570561e-03  -3.02564186772205e-03   0.00000000000000e+00   4.69432314410480e-01 
 -7.92474428168941e-03  -2.87446602406814e-03   0.00000000000000e+00   4.71615720524017e-01 
 -8.06232051067554e-03  -2.71529565601791e-03   0.00000000000000e+00   4.73799126637555e-01 
 -8.19716752162140e-03  -2.54824179285343e-03   0.00000000000000e+00   4.75982532751092e-01 
 -8.32876616348440e-03  -2.37341546385677e-03   0.00000000000000e+00   4.78165938864629e-01 
 -8.45659728522195e-03  -2.19092769830999e-03   0.00000000000000e+00   4.80349344978166e-01 
 -8.58014173579144e-03  -2.00088952549518e-03   0.00000000000000e+00   4.82532751091703e-01 
 -8.69887839186754e-03  -1.80340558397218e-03   0.00000000000000e+00   4.84716157205240e-01 
 -8.81009293765078e-03  -1.59147398366787e-03   0.00000000000000e+00   4.86899563318777e-01 
 -8.90471387375421e-03  -1.33764113765397e-03   0.00000000000000e+00   4.89082969432314e-01 
 -8.97931277378445e-03  -1.06277890363160e-03   0.00000000000000e+00   4.91266375545852e-01 
 -9.04523064352397e-03  -8.98589082478557e-04   0.00000000000000e+00   4.93449781659389e-01 
 -9.10431029615085e-03  -8.08906769075637e-04   0.00000000000000e+00   4.95633187772926e-01 
 -9.14309794542781e-03  -5.17342594790722e-04   0.00000000000000e+00   4.97816593886463e-01 
 -9.15386484685908e-03   2.79291293776393e-05   0.00000000000000e+00   5.00000000000000e-01 
 -9.13788611252555e-03   5.59024401004532e-04   0.00000000000000e+00   5.02183406113537e-01 
 -9.09750658235233e-03   8.20287619057745e-04   0.00000000000000e+00   5.04366812227074e-01 
 -9.03969657127661e-03   9.05588216659669e-04   0.00000000000000e+00   5.06550218340611e-01 
 -8.97298500851042e-03   1.08572285784706e-03   0.00000000000000e+00   5.08733624454148e-01 
 -8.89474917676567e-03   1.36345501989674e-03   0.00000000000000e+00   5.10917030567686e-01 
 -8.79813238076771e-03   1.61184420561884e-03   0.00000000000000e+00   5.13100436681223e-01 
 -8.68715892269650e-03   1.82218969494872e-03   0.00000000000000e+00   5.15283842794760e-01 
 -8.56832144162407e-03   2.02020931467051e-03   0.00000000000000e+00   5.17467248908297e-01 
 -8.44356461080114e-03   2.21084324482823e-03   0.00000000000000e+00   5.19650655021834e-01 
 -8.31371508907347e-03   2.39392029045402e-03   0.00000000000000e+00   5.21834061135371e-01 
 -8.17959953528675e-03   2.56926925658008e-03   0.00000000000000e+00   5.24017467248908e-01 
 -8.04204460828674e-03   2.73671894823855e-03   0.00000000000000e+00   5.26200873362445e-01 
 -7.90187696691915e-03   2.89609817046162e-03   0.00000000000000e+00   5.28384279475983e-01 
 -7.75992327002973e-03   3.04723572828146e-03   0.00000000000000e+00   5.30567685589520e-01 
 -7.61701017646418e-03   3.18996042673024e-03   0.00000000000000e+00   5.32751091703057e-01 
 -7.47396434506826e-03   3.32410107084012e-03   0.00000000000000e+00   5.34934497816594e-01 
 -7.33161243468768e-03   3.44948646564328e-03   0.00000000000000e+00   5.37117903930131e-01 
 -7.19080410319123e-03   3.56593153673202e-03   0.00000000000000e+00   5.39301310043668e-01 
 -7.05794291562753e-03   3.66989954034362e-03   0.00000000000000e+00   5.41484716157205e-01 
 -6.93829766629509e-03   3.75920210525288e-03   0.00000000000000e+00   5.43668122270742e-01 
 -6.76812512671203e-03   3.87666887417298e-03   0.00000000000000e+00   5.45851528384279e-01 
 -6.56419494490139e-03   4.01205202811343e-03   0.00000000000000e+00   5.48034934497817e-01 
 -6.45405174994814e-03   4.08148523900033e-03   0.00000000000000e+00   5.50218340611354e-01 
 -6.34321480807943e-03   4.14155265741956e-03   0.00000000000000e+00   5.52401746724891e-01 
 -6.17998195035348e-03   4.22263772798371e-03   0.00000000000000e+00   5.54585152838428e-01 
 -6.00333823801110e-03   4.30447614815701e-03   0.00000000000000e+00   5.56768558951965e-01 
 -5.84225931445692e-03   4.37663131464197e-03   0.00000000000000e+00   5.58951965065502e-01 
 -5.69859306544053e-03   4.43651830110216e-03   0.00000000000000e+00   5.61135371179039e-01 
 -5.56685396751339e-03   4.48394346001402e-03   0.00000000000000e+00   5.63318777292576e-01 
 -5.42851403473109e-03   4.52703607584242e-03   0.00000000000000e+00   5.65502183406113e-01 
 -5.27723607851634e-03   4.57019956154873e-03   0.00000000000000e+00   5.67685589519651e-01 
 -5.11976146280704e-03   4.61193205759478e-03   0.00000000000000e+00   5.69868995633188e-01 
 -4.96297542917462e-03   4.65066623568863e-03   0.00000000000000e+00   5.72052401746725e-01 
 -4.81376321919056e-03   4.68483476753834e-03   0.00000000000000e+00   5.74235807860262e-01 
 -4.67835903572627e-03   4.71300714018848e-03   0.00000000000000e+00   5.76419213973799e-01 
 -4.55116891590556e-03   4.73623852160664e-03   0.00000000000000e+00   5.78602620087336e-01 
 -4.41629230875404e-03   4.75775000218355e-03   0.00000000000000e+00   5.80786026200873e-01 
 -4.26014704162433e-03   4.78051560012180e-03   0.00000000000000e+00   5.82969432314410e-01 
 -4.10048145434209e-03   4.80371229079871e-03   0.00000000000000e+00   5.85152838427948e-01 
 -3.95275426835283e-03   4.82531546560040e-03   0.00000000000000e+00   5.87336244541485e-01 
 -3.80637272894567e-03   4.84519413556032e-03   0.00000000000000e+00   5.89519650655022e-01 
 -3.65923418943421e-03   4.86389448571845e-03   0.00000000000000e+00   5.91703056768559e-01 
 -3.51095386118598e-03   4.88205431933387e-03   0.00000000000000e+00   5.93886462882096e-01 
 -3.36114695556849e-03   4.90031143966560e-03   0.00000000000000e+00   5.96069868995633e-01 
 -3.20942868394926e-03   4.91930364997271e-03   0.00000000000000e+00   5.98253275109170e-01 
 -3.05541425769581e-03   4.93966875351425e-03   0.00000000000000e+00   6.00436681222707e-01 
 -2.89871888817566e-03   4.96204455354927e-03   0.00000000000000e+00   6.02620087336245e-01 
 -2.73895778675632e-03   4.98706885333681e-03   0.00000000000000e+00   6.04803493449782e-01 
 -2.57574616480532e-03   5.01537945613592e-03   0.00000000000000e+00   6.06986899563319e-01 
 -2.40869923369018e-03   5.04761416520567e-03   0.00000000000000e+00   6.09170305676856e-01 
 -2.23743220477839e-03   5.08441078380509e-03   0.00000000000000e+00   6.11353711790393e-01 
 -2.06156028943750e-03   5.12640711519324e-03   0.00000000000000e+00   6.13537117903930e-01 
 -1.88071256530445e-03   5.17424795093953e-03   0.00000000000000e+00   6.15720524017467e-01 
 -1.69620900619899e-03   5.22943025899454e-03   0.00000000000000e+00   6.17903930131004e-01 
 -1.51266061526315e-03   5.29510961739193e-03   0.00000000000000e+00   6.20087336244541e-01 
 -1.33505750071458e-03   5.37463266521020e-03   0.00000000000000e+00   6.22270742358079e-01 
 -1.16206984945359e-03   5.46894658877179e-03   0.00000000000000e+00   6.24454148471616e-01 
 -9.67383401550966e-04   5.56899000690655e-03   0.00000000000000e+00   6.26637554585153e-01 
 -8.13516672693340e-04   5.67749821519329e-03   0.00000000000000e+00   6.28820960698690e-01 
 -8.04505114252424e-04   5.81613868108432e-03   0.00000000000000e+00   6.31004366812227e-01 
 -6.97975785569301e-04   5.99526483010496e-03   0.00000000000000e+00   6.33187772925764e-01 
 -6.60847468087640e-04   6.10789169975948e-03   0.00000000000000e+00   6.35371179039301e-01 
 -7.41381520504489e-04   6.20943892007341e-03   0.00000000000000e+00   6.37554585152838e-01 
 -8.22155157639436e-04   6.32649385117188e-03   0.00000000000000e+00   6.39737991266376e-01 
 -9.15820412746893e-04   6.41953748506203e-03   0.00000000000000e+00   6.41921397379913e-01 
 -1.02018551697688e-03   6.50220111240427e-03   0.00000000000000e+00   6.44104803493450e-01 
 -1.13264426422966e-03   6.58878755377659e-03   0.00000000000000e+00   6.46288209606987e-01 
 -1.24339743098124e-03   6.66974819718636e-03   0.00000000000000e+00   6.48471615720524e-01 
 -1.33615045235229e-03   6.72864395110255e-03   0.00000000000000e+00   6.50655021834061e-01 
 -1.42441820122836e-03   6.80112419374660e-03   0.00000000000000e+00   6.52838427947598e-01 
 -1.53295884214970e-03   6.89207093335638e-03   0.00000000000000e+00   6.55021834061135e-01 
 -1.65532748151667e-03   6.99462297717526e-03   0.00000000000000e+00   6.57205240174672e-01 
 -1.78283267945313e-03   7.10141932376498e-03   0.00000000000000e+00   6.59388646288210e-01 
 -1.90678299608290e-03   7.20509897168725e-03   0.00000000000000e+00   6.61572052401747e-01 
 -2.01848699152983e-03   7.29830091950381e-03   0.00000000000000e+00   6.63755458515284e-01 
 -2.10998839791380e-03   7.37437232368883e-03   0.00000000000000e+00   6.65938864628821e-01 
 -2.20780938485710e-03   7.45975206290464e-03   0.00000000000000e+00   6.68122270742358e-01 
 -2.33296123818798e-03   7.57101053880122e-03   0.00000000000000e+00   6.70305676855895e-01 
 -2.45781105915961e-03   7.67667825041507e-03   0.00000000000000e+00   6.72489082969432e-01 
 -2.59663672748472e-03   7.79594591686741e-03   0.00000000000000e+00   6.74672489082969e-01 
 -2.72793624181318e-03   7.90708221039262e-03   0.00000000000000e+00   6.76855895196506e-01 
 -2.81187265456801e-03   7.97478931683326e-03   0.00000000000000e+00   6.79039301310044e-01 
 -2.92922290805560e-03   8.05997736387448e-03   0.00000000000000e+00   6.81222707423581e-01 
 -3.10718213842288e-03   8.18508351311112e-03   0.00000000000000e+00   6.83406113537118e-01 
 -3.21393582768389e-03   8.25971144691620e-03   0.00000000000000e+00   6.85589519650655e-01 
 -3.36595159019349e-03   8.36092559858930e-03   0.00000000000000e+00   6.87772925764192e-01 
 -3.53504941725681e-03   8.47112592367700e-03   0.00000000000000e+00   6.89956331877729e-01 
 -3.63455345873881e-03   8.53282050634039e-03   0.00000000000000e+00   6.92139737991266e-01 
 -3.73294996895003e-03   8.58831351207425e-03   0.00000000000000e+00   6.94323144104803e-01 
 -3.88221691821824e-03   8.66995571721135e-03   0.00000000000000e+00   6.96506550218341e-01 
 -4.03422176075153e-03   8.74781477784780e-03   0.00000000000000e+00   6.98689956331878e-01 
 -4.18732939770455e-03   8.82275516625465e-03   0.00000000000000e+00   7.00873362445415e-01 
 -4.34789932438105e-03   8.89889302314097e-03   0.00000000000000e+00   7.03056768558952e-01 
 -4.50205719065603e-03   8.96553034815810e-03   0.00000000000000e+00   7.05240174672489e-01 
 -4.66046783190435e-03   9.03118792314815e-03   0.00000000000000e+00   7.07423580786026e-01 
 -4.82421950250696e-03   9.09447981439337e-03   0.00000000000000e+00   7.09606986899563e-01 
 -4.97359189600592e-03   9.14417147747170e-03   0.00000000000000e+00   7.11790393013100e-01 
 -5.07578308130623e-03   9.17608153820296e-03   0.00000000000000e+00   7.13973799126637e-01 
 -5.21381283298467e-03   9.21366400476166e-03   0.00000000000000e+00   7.16157205240175e-01 
 -5.38528929269252e-03   9.25633557136546e-03   0.00000000000000e+00   7.18340611353712e-01 
 -5.55411268392273e-03   9.29549919680585e-03   0.00000000000000e+00   7.20524017467249e-01 
 -5.71926298806723e-03   9.33167466234869e-03   0.00000000000000e+00   7.22707423580786e-01 
 -5.89240137243844e-03   9.36888741364371e-03   0.00000000000000e+00   7.24890829694323e-01 
 -6.06497555975111e-03   9.40625158366204e-03   0.00000000000000e+00   7.27074235807860e-01 
 -6.23391936880922e-03   9.44363360415976e-03   0.00000000000000e+00   7.29257641921397e-01 
 -6.40611505628939e-03   9.48280766994748e-03   0.00000000000000e+00   7.31441048034934e-01 
 -6.58721139302552e-03   9.52524543037620e-03   0.00000000000000e+00   7.33624454148472e-01 
 -6.76330954700000e-03   9.56785070087752e-03   0.00000000000000e+00   7.35807860262009e-01 
 -6.92709283143150e-03   9.60986533084489e-03   0.00000000000000e+00   7.37991266375546e-01 
 -7.11396902882639e-03   9.66208566861848e-03   0.00000000000000e+00   7.40174672489083e-01 
 -7.30608375609813e-03   9.71890734464253e-03   0.00000000000000e+00   7.42358078602620e-01 
 -7.46724938115423e-03   9.76914706629207e-03   0.00000000000000e+00   7.44541484716157e-01 
 -7.61119029069236e-03   9.81676944069835e-03   0.00000000000000e+00   7.46724890829694e-01 
 -7.75948890974940e-03   9.86812396403001e-03   0.00000000000000e+00   7.48908296943231e-01 
 -7.93177472466636e-03   9.92905746828997e-03   0.00000000000000e+00   7.51091703056769e-01 
 -8.11788944389486e-03   9.99774975089701e-03   0.00000000000000e+00   7.53275109170306e-01 
 -8.29477524346436e-03   1.00688609200187e-02   0.00000000000000e+00   7.55458515283843e-01 
 -8.47942705066118e-03   1.01466075214993e-02   0.00000000000000e+00   7.57641921397380e-01 
 -8.67406201646132e-03   1.02331383145477e-02   0.00000000000000e+00   7.59825327510917e-01 
 -8.84823889117483e-03   1.03229789238147e-02   0.00000000000000e+00   7.62008733624454e-01 
 -8.98475944805975e-03   1.03971239485581e-02   0.00000000000000e+00   7.64192139737991e-01 
 -9.10399180292825e-03   1.04598409201262e-02   0.00000000000000e+00   7.66375545851528e-01 
 -9.25723863719088e-03   1.05497205653805e-02   0.00000000000000e+00   7.68558951965066e-01 
 -9.44916922555256e-03   1.06639329705363e-02   0.00000000000000e+00   7.70742358078603e-01 
 -9.65031289667435e-03   1.07905854032252e-02   0.00000000000000e+00   7.72925764192140e-01 
 -9.81638376060505e-03   1.09150129502162e-02   0.00000000000000e+00   7.75109170305677e-01 
 -9.93690368440760e-03   1.10076704891983e-02   0.00000000000000e+00   7.77292576419214e-01 
 -1.00511551333323e-02   1.10902312064214e-02   0.00000000000000e+00   7.79475982532751e-01 
 -1.02209385852314e-02   1.12371988930043e-02   0.00000000000000e+00   7.81659388646288e-01 
 -1.04001893767610e-02   1.14027265868698e-02   0.00000000000000e+00   7.83842794759825e-01 
 -1.05478857219417e-02   1.15447397922364e-02   0.00000000000000e+00   7.86026200873362e-01 
 -1.06728076614461e-02   1.16745904693845e-02   0.00000000000000e+00   7.88209606986900e-01 
 -1.07882931990998e-02   1.18085202751078e-02   0.00000000000000e+00   7.90393013100437e-01 
 -1.09076803387284e-02   1.19627708661998e-02   0.00000000000000e+00   7.92576419213974e-01 
 -1.10440686387936e-02   1.21532990160281e-02   0.00000000000000e+00   7.94759825327511e-01 
 -1.11964262065198e-02   1.23791778975619e-02   0.00000000000000e+00   7.96943231441048e-01 
 -1.13419175902715e-02   1.26134308061684e-02   0.00000000000000e+00   7.99126637554585e-01 
 -1.14574399893579e-02   1.28294679408796e-02   0.00000000000000e+00   8.01310043668122e-01 
 -1.15551539486161e-02   1.30584310024896e-02   0.00000000000000e+00   8.03493449781659e-01 
 -1.16674481105143e-02   1.33553922717505e-02   0.00000000000000e+00   8.05676855895196e-01 
 -1.17660273578745e-02   1.36363120013881e-02   0.00000000000000e+00   8.07860262008734e-01 
 -1.18309344414543e-02   1.38504116147114e-02   0.00000000000000e+00   8.10043668122271e-01 
 -1.18781951646172e-02   1.40490353053953e-02   0.00000000000000e+00   8.12227074235808e-01 
 -1.19201092983744e-02   1.42721037325680e-02   0.00000000000000e+00   8.14410480349345e-01 
 -1.19607840801839e-02   1.45362906290601e-02   0.00000000000000e+00   8.16593886462882e-01 
 -1.19944578299915e-02   1.48410780814929e-02   0.00000000000000e+00   8.18777292576419e-01 
 -1.20094371038760e-02   1.51758908219158e-02   0.00000000000000e+00   8.20960698689956e-01 
 -1.19981916512694e-02   1.55285349323750e-02   0.00000000000000e+00   8.23144104803493e-01 
 -1.19633381930432e-02   1.58833273786666e-02   0.00000000000000e+00   8.25327510917030e-01 
 -1.19089399138243e-02   1.62243193771002e-02   0.00000000000000e+00   8.27510917030568e-01 
 -1.18379369244181e-02   1.65436506733764e-02   0.00000000000000e+00   8.29694323144105e-01 
 -1.17519116473947e-02   1.68432392672964e-02   0.00000000000000e+00   8.31877729257642e-01 
 -1.16523652788302e-02   1.71255881628429e-02   0.00000000000000e+00   8.34061135371179e-01 
 -1.15407990148010e-02   1.73932003639984e-02   0.00000000000000e+00   8.36244541484716e-01 
 -1.14187140513832e-02   1.76485788747453e-02   0.00000000000000e+00   8.38427947598253e-01 
 -1.12876115846532e-02   1.78942266990664e-02   0.00000000000000e+00   8.40611353711790e-01 
 -1.11489928106872e-02   1.81326468409441e-02   0.00000000000000e+00   8.42794759825327e-01 
 -1.10043589255615e-02   1.83663423043610e-02   0.00000000000000e+00   8.44978165938865e-01 
 -1.08552588279076e-02   1.85975024066971e-02   0.00000000000000e+00   8.47161572052402e-01 
 -1.07063917974966e-02   1.88075999156118e-02   0.00000000000000e+00   8.49344978165939e-01 
 -1.05664511687716e-02   1.89482200434172e-02   0.00000000000000e+00   8.51528384279476e-01 
 -1.04167044952970e-02   1.90562118792502e-02   0.00000000000000e+00   8.53711790393013e-01 
 -1.02094947328077e-02   1.92610007143089e-02   0.00000000000000e+00   8.55895196506550e-01 
 -9.94918291388627e-03   1.95805838530402e-02   0.00000000000000e+00   8.58078602620087e-01 
 -9.71895836024554e-03   1.98618754890332e-02   0.00000000000000e+00   8.60262008733624e-01 
 -9.57764502627246e-03   1.99889319524483e-02   0.00000000000000e+00   8.62445414847162e-01 
 -9.45076378143353e-03   2.00667579628637e-02   0.00000000000000e+00   8.64628820960699e-01 
 -9.25457606426438e-03   2.02129603175535e-02   0.00000000000000e+00   8.66812227074236e-01 
 -8.98633966776130e-03   2.04026379377870e-02   0.00000000000000e+00   8.68995633187773e-01 
 -8.66392841601250e-03   2.05909898000596e-02   0.00000000000000e+00   8.71179039301310e-01 
 -8.33369377676932e-03   2.07686189808040e-02   0.00000000000000e+00   8.73362445414847e-01 
 -8.05109766517370e-03   2.09373816925576e-02   0.00000000000000e+00   8.75545851528384e-01 
 -7.85345680522496e-03   2.10680495987266e-02   0.00000000000000e+00   8.77729257641921e-01 
 -7.73645051807878e-03   2.10811498218678e-02   0.00000000000000e+00   8.79912663755459e-01 
 -7.57091504913059e-03   2.10603534867955e-02   0.00000000000000e+00   8.82096069868996e-01 
 -7.21319401349603e-03   2.11611625792774e-02   0.00000000000000e+00   8.84279475982533e-01 
 -6.86253564563928e-03   2.12554861107926e-02   0.00000000000000e+00   8.86462882096070e-01 
 -6.71658280926053e-03   2.12054728976831e-02   0.00000000000000e+00   8.88646288209607e-01 
 -6.57753712940317e-03   2.11509825515917e-02   0.00000000000000e+00   8.90829694323144e-01 
 -6.27090375412810e-03   2.12134878152330e-02   0.00000000000000e+00   8.93013100436681e-01 
 -6.04294027869774e-03   2.12131078890670e-02   0.00000000000000e+00   8.95196506550218e-01 
 -5.94767478994066e-03   2.11204214074055e-02   0.00000000000000e+00   8.97379912663755e-01 
 -5.74321183613396e-03   2.11261701541816e-02   0.00000000000000e+00   8.99563318777293e-01 
 -5.60766312612360e-03   2.10659372666005e-02   0.00000000000000e+00   9.01746724890830e-01 
 -5.46465602392936e-03   2.09882447621998e-02   0.00000000000000e+00   9.03930131004367e-01 
 -5.32301440465089e-03   2.09097209197647e-02   0.00000000000000e+00   9.06113537117904e-01 
 -5.19430628628577e-03   2.08278075339262e-02   0.00000000000000e+00   9.08296943231441e-01 
 -5.07289889601770e-03   2.07445660374381e-02   0.00000000000000e+00   9.10480349344978e-01 
 -4.95828216145132e-03   2.06602810149485e-02   0.00000000000000e+00   9.12663755458515e-01 
 -4.85017996117317e-03   2.05751562912376e-02   0.00000000000000e+00   9.14847161572052e-01 
 -4.74831617376981e-03   2.04893956910859e-02   0.00000000000000e+00   9.17030567685589e-01 
 -4.65241467782777e-03   2.04032030392736e-02   0.00000000000000e+00   9.19213973799127e-01 
 -4.56219935193363e-03   2.03167821605812e-02   0.00000000000000e+00   9.21397379912664e-01 
 -4.47739407467392e-03   2.02303368797890e-02   0.00000000000000e+00   9.23580786026201e-01 
 -4.39772272463520e-03   2.01440710216773e-02   0.00000000000000e+00   9.25764192139738e-01 
 -4.32292223637678e-03   2.00582102553153e-02   0.00000000000000e+00   9.27947598253275e-01 
 -4.25281011810911e-03   1.99731150596501e-02   0.00000000000000e+00   9.30131004366812e-01 
 -4.18723458476501e-03   1.98891972898475e-02   0.00000000000000e+00   9.32314410480349e-01 
 -4.12604391172976e-03   1.98068689022178e-02   0.00000000000000e+00   9.34497816593886e-01 
 -4.06908637438866e-03   1.97265418530713e-02   0.00000000000000e+00   9.36681222707423e-01 
 -4.01621024812698e-03   1.96486280987183e-02   0.00000000000000e+00   9.38864628820961e-01 
 -3.96726380833001e-03   1.95735395954690e-02   0.00000000000000e+00   9.41048034934498e-01 
 -3.92209533038304e-03   1.95016882996339e-02   0.00000000000000e+00   9.43231441048035e-01 
 -3.87314484948188e-03   1.94392281203627e-02   0.00000000000000e+00   9.45414847161572e-01 
 -3.79709801720192e-03   1.93834566755689e-02   0.00000000000000e+00   9.47598253275109e-01 
 -3.71781871221108e-03   1.93171849088188e-02   0.00000000000000e+00   9.49781659388646e-01 
 -3.64293824865190e-03   1.92532480599215e-02   0.00000000000000e+00   9.51965065502183e-01 
 -3.57242408124611e-03   1.91915885836161e-02   0.00000000000000e+00   9.54148471615720e-01 
 -3.50617933438036e-03   1.91320185853779e-02   0.00000000000000e+00   9.56331877729258e-01 
 -3.44410711990742e-03   1.90743504591392e-02   0.00000000000000e+00   9.58515283842795e-01 
 -3.38610723549283e-03   1.90184728720022e-02   0.00000000000000e+00   9.60698689956332e-01 
 -3.33207173230053e-03   1.89644527701471e-02   0.00000000000000e+00   9.62882096069869e-01 
 -3.28189155650550e-03   1.89123825301251e-02   0.00000000000000e+00   9.65065502183406e-01 
 -3.23545765428269e-03   1.88623545284876e-02   0.00000000000000e+00   9.67248908296943e-01 
 -3.19266097180709e-03   1.88144611417859e-02   0.00000000000000e+00   9.69432314410480e-01 
 -3.15339245525366e-03   1.87687947465712e-02   0.00000000000000e+00   9.71615720524017e-01 
 -3.11754305079739e-03   1.87254477193948e-02   0.00000000000000e+00   9.73799126637555e-01 
 -3.08500370461323e-03   1.86845124368081e-02   0.00000000000000e+00   9.75982532751092e-01 
 -3.05566536287617e-03   1.86460812753624e-02   0.00000000000000e+00   9.78165938864629e-01 
 -3.02941897176118e-03   1.86102466116090e-02   0.00000000000000e+00   9.80349344978166e-01 
 -3.00615547744323e-03   1.85771008220991e-02   0.00000000000000e+00   9.82532751091703e-01 
 -2.98576541271443e-03   1.85467360072150e-02   0.00000000000000e+00   9.84716157205240e-01 
 -2.96809729542431e-03   1.85192161983771e-02   0.00000000000000e+00   9.86899563318777e-01 
 -2.95292202985758e-03   1.84945535756391e-02   0.00000000000000e+00   9.89082969432314e-01 
 -2.94002821742996e-03   1.84727670586412e-02   0.00000000000000e+00   9.91266375545852e-01 
 -2.92931934195003e-03   1.84539299263847e-02   0.00000000000000e+00   9.93449781659389e-01 
 -2.92073050769136e-03   1.84381304198530e-02   0.00000000000000e+00   9.95633187772926e-01 
 -2.91419681987900e-03   1.84254567804793e-02   0.00000000000000e+00   9.97816593886463e-01 
 -2.90965338373799e-03   1.84159972496970e-02   0.00000000000000e+00   1.00000000000000e+00 
