1	0.002340379358913
2	0.001623994470948
3	0.001365650521539
4	0.001110658756687
8	0.001005185651125
9	0.000738738617780
10	0.000615338529887
11	0.000498029082679
12	0.000412859069226
13	0.000328626120241
14	0.000241707755381
15	0.000188460732504
16	0.000153520138788
17	0.000145415285841
18	0.000125568758335
19	0.000118739599229
20	0.000115634666015
21	0.000104731913135
22	0.000101751113420
23	0.000095751730946
24	0.000087857809300
25	0.000081695066496
26	0.000067103175988
27	0.000064225380755
28	0.000050333972825
29	0.000044136866002
30	0.000036717640345
31	0.000028854300827
32	0.000028095520767
33	0.000026184222645
34	0.000025408432714
35	0.000024209753489
36	0.000019997015504
37	0.000019104790594
38	0.000018495480363
39	0.000017903469432
40	0.000017515607829
41	0.000017250070337
43	0.000016849784976
45	0.000016088785977
46	0.000015882922626
48	0.000015152438353
50	0.000014985495336
52	0.000014824515068
56	0.000014674442657
63	0.000014480763735
