1	0.002717127916745
3	0.002421341074235
4	0.001978265792385
6	0.002166237885299
7	0.001883022479746
8	0.001571123730995
9	0.000789621372384
11	0.000610279418991
13	0.000807293967976
14	0.000780983167633
15	0.000320443382033
16	0.000282383939573
17	0.000176366049447
18	0.000158264915937
20	0.000127496111399
21	0.000114227845167
22	0.000098771073753
23	0.000086113696305
24	0.000074088010909
26	0.000062671665547
27	0.000056160663219
29	0.000050681577066
30	0.000044812878801
32	0.000038205221797
33	0.000034262928302
35	0.000029559509644
36	0.000026490015620
37	0.000023717264168
38	0.000021196836258
39	0.000018526157290
41	0.000016774743899
43	0.000015813472325
45	0.000014824113048
47	0.000014065704091
49	0.000012827720017
