-0.00000000000 -1.0
-0.00000000000 -1.0
-0.00000000000 -1.0
-0.00000000000 -1.0
-0.00000000493 -1.0
-0.00000000986 -1.0
-0.00000001478 -1.0
-0.00000001602 -1.0
-0.00000001725 -1.0
-0.00000001848 -1.0
-0.00000001971 -1.0
-0.00000002218 -1.0
-0.00000002341 -1.0
-0.00000002464 -1.0
-0.00000002710 -1.0
-0.00000002957 -1.0
-0.00000003450 -1.0
-0.00000003942 -1.0
-0.00000004928 -1.0
-0.00000005421 -1.0
-0.00000005667 -1.0
-0.00000005790 -1.0
-0.00000005914 -1.0
-0.00000006160 -1.0
-0.00000006406 -1.0
-0.00000006899 -1.0
-0.00000007392 -1.0
-0.00000007639 -1.0
-0.00000007762 -1.0
-0.00000007885 -1.0
-0.00000008378 -1.0
-0.00000008871 -1.0
-0.00000009856 -1.0
-0.00000009979 -1.0
-0.00000010041 -1.0
-0.00000010103 -1.0
-0.00000010349 -1.0
-0.00000010842 -1.0
-0.00000011335 -1.0
-0.00000011827 -1.0
-0.00000012320 -1.0
-0.00000012813 -1.0
-0.00000013059 -1.0
-0.00000013306 -1.0
-0.00000013552 -1.0
-0.00000013799 -1.0
-0.00000013922 -1.0
-0.00000014045 -1.0
-0.00000014291 -1.0
-0.00000014784 -1.0
-0.00000015277 -1.0
-0.00000015770 -1.0
-0.00000015770 -1.0
-0.00000015770 -1.0
-0.00000015770 -1.0
