-0.00290949569	-0.01841596822	0.00000000000	0.00000000000
-0.00290975142	-0.01841645947	0.00000000000	0.00015650209
-0.00291002722	-0.01841699151	0.00000000000	0.00031948775
-0.00291032211	-0.01841756254	0.00000000000	0.00048773449
-0.00291063687	-0.01841817405	0.00000000000	0.00066109552
-0.00291097296	-0.01841882884	0.00000000000	0.00083978520
-0.00291133184	-0.01841952965	0.00000000000	0.00102395381
-0.00291171492	-0.01842027911	0.00000000000	0.00121369560
-0.00291212369	-0.01842107997	0.00000000000	0.00140910047
-0.00291255979	-0.01842193522	0.00000000000	0.00161029330
-0.00291302513	-0.01842284830	0.00000000000	0.00181746445
-0.00291352189	-0.01842382318	0.00000000000	0.00203088028
-0.00291405256	-0.01842486431	0.00000000000	0.00225086143
-0.00291461980	-0.01842597642	0.00000000000	0.00247772335
-0.00291522633	-0.01842716427	0.00000000000	0.00271172933
-0.00291587487	-0.01842843250	0.00000000000	0.00295307405
-0.00291656820	-0.01842978577	0.00000000000	0.00320190921
-0.00291730926	-0.01843122895	0.00000000000	0.00345839122
-0.00291810128	-0.01843276727	0.00000000000	0.00372270216
-0.00291894778	-0.01843440641	0.00000000000	0.00399505704
-0.00291985259	-0.01843615249	0.00000000000	0.00427570043
-0.00292081988	-0.01843801210	0.00000000000	0.00456489723
-0.00292185414	-0.01843999218	0.00000000000	0.00486292367
-0.00292296021	-0.01844210013	0.00000000000	0.00517006587
-0.00292414326	-0.01844434375	0.00000000000	0.00548661635
-0.00292540888	-0.01844673126	0.00000000000	0.00581287460
-0.00292676304	-0.01844927137	0.00000000000	0.00614914791
-0.00292821218	-0.01845197324	0.00000000000	0.00649575247
-0.00292976322	-0.01845484660	0.00000000000	0.00685301436
-0.00293142362	-0.01845790167	0.00000000000	0.00722126993
-0.00293320139	-0.01846114929	0.00000000000	0.00760086674
-0.00293510521	-0.01846460094	0.00000000000	0.00799216908
-0.00293714438	-0.01846826867	0.00000000000	0.00839554395
-0.00293932893	-0.01847216521	0.00000000000	0.00881137521
-0.00294166976	-0.01847630417	0.00000000000	0.00924007268
-0.00294417852	-0.01848069968	0.00000000000	0.00968203934
-0.00294686786	-0.01848536681	0.00000000000	0.01013770735
-0.00294975139	-0.01849032140	0.00000000000	0.01060751814
-0.00295284387	-0.01849558021	0.00000000000	0.01109193421
-0.00295616128	-0.01850116101	0.00000000000	0.01159144088
-0.00295972072	-0.01850708222	0.00000000000	0.01210651514
-0.00296354075	-0.01851336338	0.00000000000	0.01263766254
-0.00296764169	-0.01852002548	0.00000000000	0.01318543970
-0.00297204546	-0.01852709049	0.00000000000	0.01375041109
-0.00297677559	-0.01853458121	0.00000000000	0.01433313432
-0.00298185748	-0.01854252155	0.00000000000	0.01493418254
-0.00298731901	-0.01855093714	0.00000000000	0.01555418857
-0.00299319071	-0.01855985547	0.00000000000	0.01619384278
-0.00299950503	-0.01856930434	0.00000000000	0.01685378430
-0.00300629703	-0.01857931280	0.00000000000	0.01753466563
-0.00301360586	-0.01858991292	0.00000000000	0.01823727305
-0.00302147393	-0.01860113815	0.00000000000	0.01896240294
-0.00302994649	-0.01861302235	0.00000000000	0.01971080283
-0.00303907288	-0.01862560126	0.00000000000	0.02048326761
-0.00304890804	-0.01863891396	0.00000000000	0.02128072270
-0.00305951131	-0.01865300068	0.00000000000	0.02210408603
-0.00307094582	-0.01866790155	0.00000000000	0.02295419949
-0.00308328182	-0.01868366035	0.00000000000	0.02383204889
-0.00309659698	-0.01870032405	0.00000000000	0.02473872831
-0.00311097567	-0.01871794104	0.00000000000	0.02567533920
-0.00312650935	-0.01873656095	0.00000000000	0.02664298445
-0.00314329751	-0.01875623475	0.00000000000	0.02764278420
-0.00316144931	-0.01877701583	0.00000000000	0.02867593206
-0.00318108687	-0.01879896247	0.00000000000	0.02974381660
-0.00320234267	-0.01882213346	0.00000000000	0.03084780583
-0.00322535627	-0.01884658803	0.00000000000	0.03198920647
-0.00325023521	-0.01887239981	0.00000000000	0.03316929136
-0.00327706509	-0.01889966164	0.00000000000	0.03438957717
-0.00330593341	-0.01892847731	0.00000000000	0.03565179047
-0.00333692137	-0.01895895427	0.00000000000	0.03695752456
-0.00337010522	-0.01899120710	0.00000000000	0.03830837736
-0.00340555706	-0.01902536047	0.00000000000	0.03970605069
-0.00344334745	-0.01906155395	0.00000000000	0.04115250526
-0.00348352396	-0.01909992431	0.00000000000	0.04264922477
-0.00352611773	-0.01914061491	0.00000000000	0.04419759972
-0.00357117044	-0.01918380485	0.00000000000	0.04579998267
-0.00361867998	-0.01922966084	0.00000000000	0.04745782631
-0.00366860123	-0.01927834146	0.00000000000	0.04917191178
-0.00372090929	-0.01933006307	0.00000000000	0.05094464260
-0.00377553131	-0.01938503931	0.00000000000	0.05277781520
-0.00383233611	-0.01944347493	0.00000000000	0.05467246576
-0.00385918816	-0.01947161296	0.00000000000	0.05556608600
-0.00390022524	-0.01951533371	0.00000000000	0.05693168068
-0.00394759018	-0.01956699499	0.00000000000	0.05851100627
-0.00399605644	-0.01962135885	0.00000000000	0.06013499798
-0.00404548299	-0.01967857714	0.00000000000	0.06180459446
-0.00409574382	-0.01973883062	0.00000000000	0.06352145033
-0.00414705086	-0.01980226552	0.00000000000	0.06528823232
-0.00419991685	-0.01986895600	0.00000000000	0.06710747996
-0.00425494219	-0.01993895508	0.00000000000	0.06898159427
-0.00431278785	-0.02001224977	0.00000000000	0.07091172758
-0.00437427175	-0.02008886299	0.00000000000	0.07290059307
-0.00444024258	-0.02016867617	0.00000000000	0.07494793673
-0.00451193986	-0.02025183745	0.00000000000	0.07706111772
-0.00459086032	-0.02033852108	0.00000000000	0.07924890489
-0.00467842018	-0.02042851704	0.00000000000	0.08151144013
-0.00477645030	-0.02052174991	0.00000000000	0.08385362007
-0.00488713672	-0.02061812666	0.00000000000	0.08628148778
-0.00501307832	-0.02071750863	0.00000000000	0.08880189470
-0.00515738802	-0.02081970353	0.00000000000	0.09142277987
-0.00532383152	-0.02092445109	0.00000000000	0.09415361761
-0.00551575045	-0.02102791003	0.00000000000	0.09700602436
-0.00573365960	-0.02111530408	0.00000000000	0.09999433513
-0.00576783449	-0.02112559280	0.00000000000	0.10044557654
-0.00602661887	-0.02117149899	0.00000000000	0.10374352049
-0.00633305147	-0.02118333670	0.00000000000	0.10732056377
-0.00671199490	-0.02119827611	0.00000000000	0.11119534661
-0.00717618103	-0.02120513344	0.00000000000	0.11545538542
-0.00770241896	-0.02109582257	0.00000000000	0.12019889945
-0.00791944176	-0.02100785382	0.00000000000	0.12216566660
-0.00853094098	-0.02068379753	0.00000000000	0.12760127367
-0.00923363387	-0.02022078345	0.00000000000	0.13381749801
-0.00958108241	-0.01994964802	0.00000000000	0.13707537508
-0.01004816551	-0.01951723360	0.00000000000	0.14197798502
-0.01048733621	-0.01902018882	0.00000000000	0.14750965823
-0.01074768638	-0.01870494944	0.00000000000	0.15116974138
-0.01104347309	-0.01831016792	0.00000000000	0.15555359010
-0.01141769545	-0.01766745066	0.00000000000	0.16138176103
-0.01158824708	-0.01729290243	0.00000000000	0.16433247456
-0.01185516061	-0.01648456211	0.00000000000	0.17020837370
-0.01198623070	-0.01560261497	0.00000000000	0.17634488604
-0.01197196536	-0.01477141723	0.00000000000	0.18221526204
-0.01187571637	-0.01411119697	0.00000000000	0.18716513047
-0.01179184917	-0.01375520168	0.00000000000	0.19003585591
-0.01157518846	-0.01311429972	0.00000000000	0.19569964125
-0.01152125988	-0.01298826520	0.00000000000	0.19690197820
-0.01124925879	-0.01246301253	0.00000000000	0.20230060188
-0.01117930159	-0.01234943172	0.00000000000	0.20356252801
-0.01090040447	-0.01195480920	0.00000000000	0.20826713790
-0.01068353197	-0.01169620512	0.00000000000	0.21166949633
-0.01048566535	-0.01148734804	0.00000000000	0.21464318783
-0.01019219487	-0.01121427991	0.00000000000	0.21890021335
-0.00995927756	-0.01102250895	0.00000000000	0.22219270556
-0.00978643806	-0.01089248258	0.00000000000	0.22459706023
-0.00949891969	-0.01069666883	0.00000000000	0.22853401683
-0.00921514232	-0.01052546158	0.00000000000	0.23235518408
-0.00898991388	-0.01040318010	0.00000000000	0.23535047841
-0.00882111363	-0.01031855845	0.00000000000	0.23757720274
-0.00854239683	-0.01019056169	0.00000000000	0.24122601397
-0.00826764561	-0.01007696935	0.00000000000	0.24479637730
-0.00799646654	-0.00997536153	0.00000000000	0.24830226729
-0.00772874478	-0.00988374796	0.00000000000	0.25175293679
-0.00756938771	-0.00983274101	0.00000000000	0.25380441865
-0.00735990393	-0.00976912707	0.00000000000	0.25650054780
-0.00710072738	-0.00969497538	0.00000000000	0.25983849521
-0.00684557878	-0.00962585028	0.00000000000	0.26313112911
-0.00659488915	-0.00956061667	0.00000000000	0.26637685896
-0.00634878032	-0.00949815116	0.00000000000	0.26957774269
-0.00610689016	-0.00943730032	0.00000000000	0.27274189009
-0.00586920440	-0.00937707492	0.00000000000	0.27587272856
-0.00563563610	-0.00931652620	0.00000000000	0.27897451054
-0.00540580684	-0.00925466997	0.00000000000	0.28205534809
-0.00517952809	-0.00919059019	0.00000000000	0.28512092603
-0.00497604855	-0.00912942276	0.00000000000	0.28790903210
-0.00488468857	-0.00910064509	0.00000000000	0.28917159644
-0.00466552063	-0.00902768780	0.00000000000	0.29223045161
-0.00444864952	-0.00894911169	0.00000000000	0.29530353429
-0.00423495857	-0.00886424012	0.00000000000	0.29838267494
-0.00402445683	-0.00877206531	0.00000000000	0.30147214285
-0.00381699945	-0.00867143096	0.00000000000	0.30457894977
-0.00363563044	-0.00857417821	0.00000000000	0.30735210885
-0.00354504735	-0.00852195014	0.00000000000	0.30875917447
-0.00334958465	-0.00839989386	0.00000000000	0.31185078320
-0.00315837236	-0.00826677171	0.00000000000	0.31495599046
-0.00297128576	-0.00812392466	0.00000000000	0.31807488368
-0.00278952782	-0.00797497765	0.00000000000	0.32118118289
-0.00276592188	-0.00795500301	0.00000000000	0.32159008461
-0.00259078006	-0.00780312504	0.00000000000	0.32466258867
-0.00241915201	-0.00764960435	0.00000000000	0.32773819060
-0.00225077551	-0.00749687559	0.00000000000	0.33081519377
-0.00211523233	-0.00737419993	0.00000000000	0.33333279083
-0.00202771233	-0.00729588303	0.00000000000	0.33497652106
-0.00187804873	-0.00716501207	0.00000000000	0.33781802116
-0.00173144008	-0.00704245796	0.00000000000	0.34063565107
-0.00158762308	-0.00692986799	0.00000000000	0.34342825763
-0.00144653841	-0.00682796434	0.00000000000	0.34619465619
-0.00133267729	-0.00674907286	0.00000000000	0.34846079223
-0.00126301144	-0.00670067697	0.00000000000	0.34987001785
-0.00114293449	-0.00661403452	0.00000000000	0.35235521394
-0.00102883299	-0.00652370974	0.00000000000	0.35480596035
-0.00092116677	-0.00642593293	0.00000000000	0.35722923208
-0.00081978044	-0.00631635041	0.00000000000	0.35964724004
-0.00073015543	-0.00619166470	0.00000000000	0.36208730635
-0.00067745928	-0.00606295329	0.00000000000	0.36440314708
-0.00066994977	-0.00599181464	0.00000000000	0.36563039126
-0.00076151081	-0.00577653849	0.00000000000	0.36924425624
-0.00088983433	-0.00565015036	0.00000000000	0.37140308342
-0.00118600348	-0.00545043421	0.00000000000	0.37521184381
-0.00145012595	-0.00531985657	0.00000000000	0.37839042354
-0.00177453965	-0.00520090727	0.00000000000	0.38227552895
-0.00206105281	-0.00512358751	0.00000000000	0.38574843322
-0.00222631255	-0.00508737509	0.00000000000	0.38779390614
-0.00250338664	-0.00503508634	0.00000000000	0.39134004567
-0.00274973912	-0.00499336044	0.00000000000	0.39465413287
-0.00285785340	-0.00497621592	0.00000000000	0.39615549879
-0.00304732944	-0.00494775214	0.00000000000	0.39884843956
-0.00325211282	-0.00491897746	0.00000000000	0.40183316101
-0.00344828683	-0.00489292527	0.00000000000	0.40474395831
-0.00363823306	-0.00486861367	0.00000000000	0.40758755678
-0.00370780362	-0.00485980725	0.00000000000	0.40863197016
-0.00387849017	-0.00483805602	0.00000000000	0.41119924403
-0.00406161210	-0.00481389989	0.00000000000	0.41395922997
-0.00424401688	-0.00478821991	0.00000000000	0.41671154957
-0.00442631231	-0.00476015383	0.00000000000	0.41946257627
-0.00460888163	-0.00472886007	0.00000000000	0.42221531121
-0.00468714473	-0.00471427902	0.00000000000	0.42339391363
-0.00485390425	-0.00468051835	0.00000000000	0.42590105961
-0.00504137331	-0.00463762070	0.00000000000	0.42871068720
-0.00523275447	-0.00458767769	0.00000000000	0.43156644210
-0.00542890506	-0.00452925971	0.00000000000	0.43447728284
-0.00562575896	-0.00446252277	0.00000000000	0.43737928858
-0.00567089217	-0.00444600334	0.00000000000	0.43804163881
-0.00588543739	-0.00436099572	0.00000000000	0.44117681777
-0.00610682013	-0.00426165257	0.00000000000	0.44439612936
-0.00633621164	-0.00414555565	0.00000000000	0.44772553806
-0.00646871926	-0.00407204843	0.00000000000	0.44965002197
-0.00667645458	-0.00394672997	0.00000000000	0.45267502640
-0.00693291288	-0.00377381832	0.00000000000	0.45643402443
-0.00713806462	-0.00361972162	0.00000000000	0.45947100322
-0.00730963596	-0.00347907047	0.00000000000	0.46203874048
-0.00758555306	-0.00322792614	0.00000000000	0.46623783378
-0.00776457089	-0.00304661709	0.00000000000	0.46902025608
-0.00797319224	-0.00281480019	0.00000000000	0.47233591368
-0.00824709314	-0.00247306711	0.00000000000	0.47684346648
-0.00831878730	-0.00237584107	0.00000000000	0.47805911532
-0.00859248465	-0.00197039979	0.00000000000	0.48287518088
-0.00876465846	-0.00168165410	0.00000000000	0.48609122257
-0.00899313527	-0.00115662588	0.00000000000	0.49118801244
-0.00907547485	-0.00079894816	0.00000000000	0.49402021027
-0.00912941941	0.00003171599	0.00000000000	0.49989518236
-0.00904747665	0.00079679748	0.00000000000	0.50577051475
-0.00896814541	0.00112313819	0.00000000000	0.50856342608
-0.00876644384	0.00166491607	0.00000000000	0.51368294164
-0.00861057632	0.00196755506	0.00000000000	0.51685949764
-0.00833786409	0.00238525814	0.00000000000	0.52170435558
-0.00827321511	0.00247083957	0.00000000000	0.52277246380
-0.00798802376	0.00280857059	0.00000000000	0.52727450546
-0.00776546426	0.00304006992	0.00000000000	0.53065106030
-0.00758458143	0.00321437372	0.00000000000	0.53336456007
-0.00730356019	0.00346419026	0.00000000000	0.53755728714
-0.00712465019	0.00361038966	0.00000000000	0.54021536877
-0.00692639478	0.00376108680	0.00000000000	0.54315369377
-0.00667323296	0.00393667456	0.00000000000	0.54689907027
-0.00645991359	0.00407029896	0.00000000000	0.55005299957
-0.00634332599	0.00413788571	0.00000000000	0.55177726899
-0.00611850305	0.00425749398	0.00000000000	0.55510578610
-0.00590136660	0.00435973998	0.00000000000	0.55832802678
-0.00569040381	0.00444668740	0.00000000000	0.56146926131
-0.00561918593	0.00447329154	0.00000000000	0.56253267281
-0.00543302616	0.00453643248	0.00000000000	0.56531979566
-0.00523952988	0.00459296518	0.00000000000	0.56822497644
-0.00504966343	0.00464041501	0.00000000000	0.57107948148
-0.00486219100	0.00468048999	0.00000000000	0.57389744509
-0.00468695657	0.00471278207	0.00000000000	0.57652725904
-0.00462796008	0.00472268657	0.00000000000	0.57741112377
-0.00444421317	0.00475091611	0.00000000000	0.58015715017
-0.00425929665	0.00477611062	0.00000000000	0.58290737543
-0.00407342599	0.00479920637	0.00000000000	0.58565474881
-0.00388604871	0.00482124532	0.00000000000	0.58840363326
-0.00370003628	0.00484286340	0.00000000000	0.59110869941
-0.00366060287	0.00484750155	0.00000000000	0.59167883116
-0.00346289676	0.00487150304	0.00000000000	0.59451837335
-0.00325785732	0.00489850210	0.00000000000	0.59742764495
-0.00304499208	0.00492990662	0.00000000000	0.60040657552
-0.00283978842	0.00496440979	0.00000000000	0.60323589591
-0.00275282846	0.00498049538	0.00000000000	0.60442183475
-0.00250741079	0.00503123551	0.00000000000	0.60772549816
-0.00223945560	0.00509669867	0.00000000000	0.61125759910
-0.00206370873	0.00514592853	0.00000000000	0.61353084171
-0.00180435864	0.00522839239	0.00000000000	0.61682191600
-0.00147764643	0.00534993658	0.00000000000	0.62085957299
-0.00123398958	0.00545399531	0.00000000000	0.62379260079
-0.00090185753	0.00562169999	0.00000000000	0.62779097947
-0.00075073910	0.00573722524	0.00000000000	0.63002774443
-0.00064591127	0.00597536657	0.00000000000	0.63361712423
-0.00065755637	0.00606384470	0.00000000000	0.63477499303
-0.00072366739	0.00622208553	0.00000000000	0.63710180711
-0.00082141556	0.00633378207	0.00000000000	0.63953736040
-0.00092837784	0.00642189352	0.00000000000	0.64195142258
-0.00103819643	0.00650852747	0.00000000000	0.64437213020
-0.00115161197	0.00659613307	0.00000000000	0.64682140641
-0.00126893882	0.00668601119	0.00000000000	0.64930548501
-0.00134368124	0.00674340251	0.00000000000	0.65086354738
-0.00144810025	0.00682436589	0.00000000000	0.65301061911
-0.00158488567	0.00693284677	0.00000000000	0.65577464035
-0.00172558879	0.00704837901	0.00000000000	0.65856484941
-0.00187027685	0.00717066235	0.00000000000	0.66138141679
-0.00201887481	0.00729847354	0.00000000000	0.66422126928
-0.00211714774	0.00738357695	0.00000000000	0.66607123656
-0.00224322201	0.00749276211	0.00000000000	0.66841309382
-0.00241150872	0.00763739837	0.00000000000	0.67148622068
-0.00258290000	0.00778199120	0.00000000000	0.67455688785
-0.00275745896	0.00792499584	0.00000000000	0.67762605415
-0.00282437660	0.00797839533	0.00000000000	0.67878766038
-0.00299345140	0.00810917725	0.00000000000	0.68168705107
-0.00317843183	0.00824451356	0.00000000000	0.68480310373
-0.00336600145	0.00837228689	0.00000000000	0.68790577869
-0.00355624896	0.00849150568	0.00000000000	0.69099648843
-0.00367586467	0.00856140796	0.00000000000	0.69291121523
-0.00383009574	0.00864619208	0.00000000000	0.69534799402
-0.00402988526	0.00874773089	0.00000000000	0.69845173972
-0.00423254943	0.00884201671	0.00000000000	0.70154041598
-0.00443845256	0.00892970705	0.00000000000	0.70461827476
-0.00464792578	0.00901139575	0.00000000000	0.70768880848
-0.00486082844	0.00908747676	0.00000000000	0.71074855956
-0.00502789368	0.00914278101	0.00000000000	0.71310757666
-0.00516767738	0.00918636267	0.00000000000	0.71505367647
-0.00539166480	0.00925158565	0.00000000000	0.71812077161
-0.00562123939	0.00931327811	0.00000000000	0.72120153801
-0.00585671420	0.00937250130	0.00000000000	0.72430503598
-0.00609808195	0.00943050076	0.00000000000	0.72743884584
-0.00634522829	0.00948855013	0.00000000000	0.73060925527
-0.00659731928	0.00954783787	0.00000000000	0.73381375583
-0.00685416390	0.00960980276	0.00000000000	0.73705862194
-0.00711549024	0.00967598782	0.00000000000	0.74034967083
-0.00738037800	0.00974791061	0.00000000000	0.74368531859
-0.00763083954	0.00982192217	0.00000000000	0.74684869581
-0.00772668188	0.00985211344	0.00000000000	0.74806360941
-0.00799788335	0.00994419715	0.00000000000	0.75152078838
-0.00827025868	0.01004783574	0.00000000000	0.75502744562
-0.00854436106	0.01016470299	0.00000000000	0.75859483698
-0.00882142123	0.01029704838	0.00000000000	0.76224365780
-0.00901112486	0.01039670432	0.00000000000	0.76476900595
-0.00921626436	0.01051345403	0.00000000000	0.76752642540
-0.00949775067	0.01069018295	0.00000000000	0.77135857337
-0.00978304626	0.01089079201	0.00000000000	0.77530508425
-0.00996014976	0.01102727244	0.00000000000	0.77778945643
-0.01018774020	0.01121733366	0.00000000000	0.78102413417
-0.01048119751	0.01149009947	0.00000000000	0.78528117522
-0.01068323273	0.01170113586	0.00000000000	0.78830458926
-0.01089860263	0.01195391426	0.00000000000	0.79165850264
-0.01118247882	0.01234807949	0.00000000000	0.79639804669
-0.01124427601	0.01244623296	0.00000000000	0.79749808530
-0.01152098308	0.01296796415	0.00000000000	0.80290060703
-0.01158122298	0.01310645118	0.00000000000	0.80422461087
-0.01179989126	0.01375053668	0.00000000000	0.80989222487
-0.01187921549	0.01408816173	0.00000000000	0.81259050298
-0.01197725302	0.01477110840	0.00000000000	0.81764151626
-0.01198915753	0.01561249608	0.00000000000	0.82350963286
-0.01185574247	0.01649246623	0.00000000000	0.82964588330
-0.01158466345	0.01729185289	0.00000000000	0.83556205619
-0.01141808170	0.01765181495	0.00000000000	0.83843327043
-0.01104288900	0.01830884338	0.00000000000	0.84428514776
-0.01075079009	0.01872497343	0.00000000000	0.84863932432
-0.01048545722	0.01904760506	0.00000000000	0.85235337813
-0.01003907419	0.01951226822	0.00000000000	0.85789857368
-0.00957942688	0.01993568389	0.00000000000	0.86274551208
-0.00922727852	0.02022978270	0.00000000000	0.86609333321
-0.00853351340	0.02071340879	0.00000000000	0.87228441606
-0.00791679337	0.02100380750	0.00000000000	0.87769869536
-0.00769236236	0.02107467607	0.00000000000	0.87969676576
-0.00716994882	0.02118757609	0.00000000000	0.88444175567
-0.00672187535	0.02123418411	0.00000000000	0.88870287020
-0.00634471112	0.02122618208	0.00000000000	0.89257830189
-0.00602773724	0.02117753213	0.00000000000	0.89615415081
-0.00576348960	0.02110510011	0.00000000000	0.89942822953
-0.00571908075	0.02108992302	0.00000000000	0.90001038662
-0.00550330081	0.02100327051	0.00000000000	0.90299816471
-0.00531613208	0.02091004323	0.00000000000	0.90585008801
-0.00515382055	0.02081474418	0.00000000000	0.90858036362
-0.00501243888	0.02071918795	0.00000000000	0.91120057098
-0.00488845895	0.02062420025	0.00000000000	0.91372029587
-0.00477896595	0.02053044163	0.00000000000	0.91614757865
-0.00468152893	0.02043844088	0.00000000000	0.91848929377
-0.00459410432	0.02034861864	0.00000000000	0.92075143759
-0.00451497925	0.02026132373	0.00000000000	0.92293888725
-0.00444282014	0.02017697783	0.00000000000	0.92505228958
-0.00437622906	0.02009561601	0.00000000000	0.92709994900
-0.00431404367	0.02001726049	0.00000000000	0.92908889760
-0.00425547722	0.01994217290	0.00000000000	0.93101874517
-0.00419976311	0.01987044795	0.00000000000	0.93289209408
-0.00414626799	0.01980217691	0.00000000000	0.93471055543
-0.00409442638	0.01973738619	0.00000000000	0.93647650495
-0.00404372755	0.01967603438	0.00000000000	0.93819334176
-0.00399399162	0.01961802108	0.00000000000	0.93986279363
-0.00394533558	0.01956313314	0.00000000000	0.94148624001
-0.00389785736	0.01951114937	0.00000000000	0.94306550268
-0.00385727053	0.01946781039	0.00000000000	0.94441485654
-0.00382926600	0.01943844111	0.00000000000	0.94534695572
-0.00377254047	0.01938014464	0.00000000000	0.94724155488
-0.00371807417	0.01932548317	0.00000000000	0.94907463840
-0.00366597902	0.01927420621	0.00000000000	0.95084723650
-0.00361631036	0.01922606018	0.00000000000	0.95256117497
-0.00356911306	0.01918082828	0.00000000000	0.95421765461
-0.00352437763	0.01913828283	0.00000000000	0.95581892115
-0.00348208491	0.01909822355	0.00000000000	0.95736685562
-0.00344221940	0.01906048516	0.00000000000	0.95886255829
-0.00340473441	0.01902490051	0.00000000000	0.96030771369
-0.00336955839	0.01899130286	0.00000000000	0.96170452522
-0.00333661974	0.01895954590	0.00000000000	0.96305486430
-0.00330584932	0.01892950340	0.00000000000	0.96436020000
-0.00327717053	0.01890105721	0.00000000000	0.96562205088
-0.00325050101	0.01887409658	0.00000000000	0.96684198916
-0.00322575595	0.01884851923	0.00000000000	0.96802155873
-0.00320284832	0.01882423056	0.00000000000	0.96916229430
-0.00318166696	0.01880115626	0.00000000000	0.97026571023
-0.00316207587	0.01877924670	0.00000000000	0.97133316700
-0.00314394886	0.01875845508	0.00000000000	0.97236592408
-0.00312716860	0.01873873299	0.00000000000	0.97336529759
-0.00311162781	0.01872003291	0.00000000000	0.97433255295
-0.00309723012	0.01870231068	0.00000000000	0.97526878665
-0.00308388532	0.01868552082	0.00000000000	0.97617517512
-0.00307151128	0.01866961981	0.00000000000	0.97705281664
-0.00306003513	0.01865456870	0.00000000000	0.97790258243
-0.00304938697	0.01864032581	0.00000000000	0.97872552840
-0.00303950220	0.01862685028	0.00000000000	0.97952271353
-0.00303032414	0.01861410642	0.00000000000	0.98029493977
-0.00302179989	0.01860205882	0.00000000000	0.98104303695
-0.00301387989	0.01859067214	0.00000000000	0.98176788362
-0.00300651903	0.01857991321	0.00000000000	0.98247028018
-0.00299967629	0.01856975098	0.00000000000	0.98315094664
-0.00299331322	0.01856015476	0.00000000000	0.98381063873
-0.00298739450	0.01855109536	0.00000000000	0.98445007319
-0.00298188816	0.01854254582	0.00000000000	0.98506987240
-0.00297676388	0.01853447912	0.00000000000	0.98567072759
-0.00297199401	0.01852687001	0.00000000000	0.98625326656
-0.00296755338	0.01851969497	0.00000000000	0.98681804778
-0.00296341826	0.01851293087	0.00000000000	0.98736566610
-0.00295956697	0.01850655610	0.00000000000	0.98789666116
-0.00295597937	0.01850054987	0.00000000000	0.98841156727
-0.00295263666	0.01849489219	0.00000000000	0.98891092147
-0.00294952175	0.01848956456	0.00000000000	0.98939519449
-0.00294661864	0.01848454910	0.00000000000	0.98986486728
-0.00294391253	0.01847982881	0.00000000000	0.99032040277
-0.00294138970	0.01847538762	0.00000000000	0.99076224259
-0.00293903742	0.01847121019	0.00000000000	0.99119081835
-0.00293684397	0.01846728212	0.00000000000	0.99160653256
-0.00293479833	0.01846358952	0.00000000000	0.99200979518
-0.00293289037	0.01846011934	0.00000000000	0.99240098976
-0.00293111068	0.01845685924	0.00000000000	0.99278048312
-0.00292945049	0.01845379743	0.00000000000	0.99314863936
-0.00292790165	0.01845092278	0.00000000000	0.99350580578
-0.00292645661	0.01844822474	0.00000000000	0.99385231865
-0.00292510834	0.01844569330	0.00000000000	0.99418850386
-0.00292385028	0.01844331899	0.00000000000	0.99451467746
-0.00292267635	0.01844109282	0.00000000000	0.99483114660
-0.00292158087	0.01843900628	0.00000000000	0.99513821065
-0.00292055856	0.01843705130	0.00000000000	0.99543616203
-0.00291960449	0.01843522023	0.00000000000	0.99572528647
-0.00291871406	0.01843350583	0.00000000000	0.99600586081
-0.00291788303	0.01843190132	0.00000000000	0.99627814893
-0.00291710746	0.01843040032	0.00000000000	0.99654239528
-0.00291638374	0.01842899691	0.00000000000	0.99679881507
-0.00291570858	0.01842768565	0.00000000000	0.99704758927
-0.00291507894	0.01842646142	0.00000000000	0.99728887437
-0.00291449195	0.01842531938	0.00000000000	0.99752282232
-0.00291394481	0.01842425465	0.00000000000	0.99774962845
-0.00291343475	0.01842326231	0.00000000000	0.99796955682
-0.00291295904	0.01842233748	0.00000000000	0.99818292330
-0.00291251515	0.01842147557	0.00000000000	0.99839004827
-0.00291210085	0.01842067249	0.00000000000	0.99859119737
-0.00291171418	0.01841992467	0.00000000000	0.99878656023
-0.00291135344	0.01841922897	0.00000000000	0.99897626126
-0.00291101710	0.01841858250	0.00000000000	0.99916039017
-0.00291070367	0.01841798249	0.00000000000	0.99933904123
-0.00291041167	0.01841742608	0.00000000000	0.99951236472
-0.00291013960	0.01841691038	0.00000000000	0.99968057514
-0.00290988660	0.01841643370	0.00000000000	0.99984352689
-0.00290965338	0.01841599725	0.00000000000	1.00000000000
