 -2.90949568545124e-03  -1.84159682226139e-02   0.00000000000000e+00   0.00000000000000e+00 
 -2.91403762595858e-03  -1.84254215174539e-02   0.00000000000000e+00   2.18340611353712e-03 
 -2.92059810198654e-03  -1.84381043183082e-02   0.00000000000000e+00   4.36681222707424e-03 
 -2.92921807296330e-03  -1.84539126626794e-02   0.00000000000000e+00   6.55021834061135e-03 
 -2.93993849831705e-03  -1.84727425880702e-02   0.00000000000000e+00   8.73362445414847e-03 
 -2.95280110962179e-03  -1.84944905753877e-02   0.00000000000000e+00   1.09170305676856e-02 
 -2.96794167940422e-03  -1.85191071085455e-02   0.00000000000000e+00   1.31004366812227e-02 
 -2.98565707193662e-03  -1.85466325476967e-02   0.00000000000000e+00   1.52838427947598e-02 
 -3.00611901091312e-03  -1.85770178116367e-02   0.00000000000000e+00   1.74672489082969e-02 
 -3.02943929593765e-03  -1.86101722027989e-02   0.00000000000000e+00   1.96506550218341e-02 
 -3.05572954527937e-03  -1.86460048976824e-02   0.00000000000000e+00   2.18340611353712e-02 
 -3.08510137720744e-03  -1.86844250727863e-02   0.00000000000000e+00   2.40174672489083e-02 
 -3.11766640999100e-03  -1.87253419046099e-02   0.00000000000000e+00   2.62008733624454e-02 
 -3.15353626189921e-03  -1.87686645696522e-02   0.00000000000000e+00   2.83842794759825e-02 
 -3.19282255120123e-03  -1.88143022444124e-02   0.00000000000000e+00   3.05676855895196e-02 
 -3.23563689616622e-03  -1.88621641053896e-02   0.00000000000000e+00   3.27510917030568e-02 
 -3.28209091506332e-03  -1.89121593290830e-02   0.00000000000000e+00   3.49344978165939e-02 
 -3.33229622616171e-03  -1.89641970919918e-02   0.00000000000000e+00   3.71179039301310e-02 
 -3.38636444773052e-03  -1.90181865706150e-02   0.00000000000000e+00   3.93013100436681e-02 
 -3.44440719803892e-03  -1.90740369414519e-02   0.00000000000000e+00   4.14847161572052e-02 
 -3.50653609535606e-03  -1.91316573810015e-02   0.00000000000000e+00   4.36681222707424e-02 
 -3.57286612957524e-03  -1.91909820434297e-02   0.00000000000000e+00   4.58515283842795e-02 
 -3.64365098506031e-03  -1.92529725593040e-02   0.00000000000000e+00   4.80349344978166e-02 
 -3.71903175815647e-03  -1.93185891106562e-02   0.00000000000000e+00   5.02183406113537e-02 
 -3.79736453806319e-03  -1.93808732617429e-02   0.00000000000000e+00   5.24017467248908e-02 
 -3.87085364577518e-03  -1.94379944878938e-02   0.00000000000000e+00   5.45851528384279e-02 
 -3.92428500521058e-03  -1.95022364505243e-02   0.00000000000000e+00   5.67685589519651e-02 
 -3.96910814698953e-03  -1.95735761340293e-02   0.00000000000000e+00   5.89519650655022e-02 
 -4.01747352548556e-03  -1.96484095073607e-02   0.00000000000000e+00   6.11353711790393e-02 
 -4.06990303422877e-03  -1.97262084096386e-02   0.00000000000000e+00   6.33187772925764e-02 
 -4.12654770929845e-03  -1.98065436230715e-02   0.00000000000000e+00   6.55021834061135e-02 
 -4.18755858677392e-03  -1.98889859298677e-02   0.00000000000000e+00   6.76855895196506e-02 
 -4.25308670273446e-03  -1.99731061122358e-02   0.00000000000000e+00   6.98689956331878e-02 
 -4.32328309325937e-03  -2.00584749523841e-02   0.00000000000000e+00   7.20524017467249e-02 
 -4.39829879442796e-03  -2.01446632325210e-02   0.00000000000000e+00   7.42358078602620e-02 
 -4.47828484231952e-03  -2.02312417348549e-02   0.00000000000000e+00   7.64192139737991e-02 
 -4.56339227301336e-03  -2.03177812415942e-02   0.00000000000000e+00   7.86026200873362e-02 
 -4.65377212258876e-03  -2.04038525349474e-02   0.00000000000000e+00   8.07860262008734e-02 
 -4.74957562966657e-03  -2.04890268688057e-02   0.00000000000000e+00   8.29694323144105e-02 
 -4.85108251299243e-03  -2.05731747042441e-02   0.00000000000000e+00   8.51528384279476e-02 
 -4.95892093914721e-03  -2.06569779748940e-02   0.00000000000000e+00   8.73362445414847e-02 
 -5.07377757710674e-03  -2.07412548559797e-02   0.00000000000000e+00   8.95196506550218e-02 
 -5.19633909584685e-03  -2.08268235227254e-02   0.00000000000000e+00   9.17030567685589e-02 
 -5.32719846583899e-03  -2.09142610164354e-02   0.00000000000000e+00   9.38864628820961e-02 
 -5.46482369875475e-03  -2.09986757783749e-02   0.00000000000000e+00   9.60698689956332e-02 
 -5.60557444009611e-03  -2.10697503510486e-02   0.00000000000000e+00   9.82532751091703e-02 
 -5.74836476847788e-03  -2.11194317207120e-02   0.00000000000000e+00   1.00436681222707e-01 
 -5.90693821886655e-03  -2.11536973435152e-02   0.00000000000000e+00   1.02620087336245e-01 
 -6.09229039044644e-03  -2.11798647251045e-02   0.00000000000000e+00   1.04803493449782e-01 
 -6.29957417548970e-03  -2.11981332610726e-02   0.00000000000000e+00   1.06986899563319e-01 
 -6.52206443827328e-03  -2.12078582297431e-02   0.00000000000000e+00   1.09170305676856e-01 
 -6.75303604307415e-03  -2.12083949094395e-02   0.00000000000000e+00   1.11353711790393e-01 
 -6.98576534699416e-03  -2.11990980759377e-02   0.00000000000000e+00   1.13537117903930e-01 
 -7.21568311260326e-03  -2.11785972414773e-02   0.00000000000000e+00   1.15720524017467e-01 
 -7.44467844379159e-03  -2.11433477688482e-02   0.00000000000000e+00   1.17903930131004e-01 
 -7.67584553381830e-03  -2.10893993370491e-02   0.00000000000000e+00   1.20087336244541e-01 
 -7.91227857594252e-03  -2.10128016250792e-02   0.00000000000000e+00   1.22270742358079e-01 
 -8.15707176342337e-03  -2.09096043119373e-02   0.00000000000000e+00   1.24454148471616e-01 
 -8.41243325097334e-03  -2.07768678690151e-02   0.00000000000000e+00   1.26637554585153e-01 
 -8.67409322518871e-03  -2.06190428309435e-02   0.00000000000000e+00   1.28820960698690e-01 
 -8.93490575298455e-03  -2.04438608084479e-02   0.00000000000000e+00   1.31004366812227e-01 
 -9.18771191006810e-03  -2.02590682326179e-02   0.00000000000000e+00   1.33187772925764e-01 
 -9.42535277214662e-03  -2.00724115345434e-02   0.00000000000000e+00   1.35371179039301e-01 
 -9.64241530411479e-03  -1.98899955867679e-02   0.00000000000000e+00   1.37554585152838e-01 
 -9.84123136164013e-03  -1.97106431893366e-02   0.00000000000000e+00   1.39737991266376e-01 
 -1.00262796588331e-02  -1.95311585755668e-02   0.00000000000000e+00   1.41921397379913e-01 
 -1.02020389892300e-02  -1.93483459040961e-02   0.00000000000000e+00   1.44104803493450e-01 
 -1.03729877184706e-02  -1.91590096288342e-02   0.00000000000000e+00   1.46288209606987e-01 
 -1.05422954585070e-02  -1.89608573145468e-02   0.00000000000000e+00   1.48471615720524e-01 
 -1.07089334109383e-02  -1.87544936563035e-02   0.00000000000000e+00   1.50655021834061e-01 
 -1.08710326048226e-02  -1.85411031136860e-02   0.00000000000000e+00   1.52838427947598e-01 
 -1.10267240692176e-02  -1.83218701462760e-02   0.00000000000000e+00   1.55021834061135e-01 
 -1.11741388331814e-02  -1.80979792136550e-02   0.00000000000000e+00   1.57205240174672e-01 
 -1.13114329819463e-02  -1.78705120173384e-02   0.00000000000000e+00   1.59388646288210e-01 
 -1.14376219989226e-02  -1.76370257744671e-02   0.00000000000000e+00   1.61572052401747e-01 
 -1.15527756127149e-02  -1.73907541292344e-02   0.00000000000000e+00   1.63755458515284e-01 
 -1.16570280883329e-02  -1.71246660550928e-02   0.00000000000000e+00   1.65938864628821e-01 
 -1.17504922242981e-02  -1.68318993369390e-02   0.00000000000000e+00   1.68122270742358e-01 
 -1.18323955908341e-02  -1.65125531528304e-02   0.00000000000000e+00   1.70305676855895e-01 
 -1.19007855819707e-02  -1.61760075301901e-02   0.00000000000000e+00   1.72489082969432e-01 
 -1.19536276021800e-02  -1.58322872584192e-02   0.00000000000000e+00   1.74672489082969e-01 
 -1.19888870559338e-02  -1.54914171269187e-02   0.00000000000000e+00   1.76855895196507e-01 
 -1.20045293477041e-02  -1.51634219250895e-02   0.00000000000000e+00   1.79039301310044e-01 
 -1.19990590831783e-02  -1.48566192062932e-02   0.00000000000000e+00   1.81222707423581e-01 
 -1.19739903493866e-02  -1.45697978083379e-02   0.00000000000000e+00   1.83406113537118e-01 
 -1.19318809122359e-02  -1.42984420397759e-02   0.00000000000000e+00   1.85589519650655e-01 
 -1.18752895642301e-02  -1.40380329587140e-02   0.00000000000000e+00   1.87772925764192e-01 
 -1.18067020252625e-02  -1.37842626672027e-02   0.00000000000000e+00   1.89956331877729e-01 
 -1.17275965480597e-02  -1.35357329736956e-02   0.00000000000000e+00   1.92139737991266e-01 
 -1.16387175541779e-02  -1.32931650939347e-02   0.00000000000000e+00   1.94323144104803e-01 
 -1.15407928486283e-02  -1.30573282345732e-02   0.00000000000000e+00   1.96506550218341e-01 
 -1.14345502364220e-02  -1.28289916022644e-02   0.00000000000000e+00   1.98689956331878e-01 
 -1.13207175225703e-02  -1.26089244036615e-02   0.00000000000000e+00   2.00873362445415e-01 
 -1.12000225120842e-02  -1.23978958454179e-02   0.00000000000000e+00   2.03056768558952e-01 
 -1.10731930099749e-02  -1.21966751341866e-02   0.00000000000000e+00   2.05240174672489e-01 
 -1.09409568212537e-02  -1.20060314766211e-02   0.00000000000000e+00   2.07423580786026e-01 
 -1.08040417509317e-02  -1.18267340793745e-02   0.00000000000000e+00   2.09606986899563e-01 
 -1.06631756040200e-02  -1.16595521491001e-02   0.00000000000000e+00   2.11790393013100e-01 
 -1.05190817241547e-02  -1.15052318234660e-02   0.00000000000000e+00   2.13973799126638e-01 
 -1.03722805953102e-02  -1.13634702885458e-02   0.00000000000000e+00   2.16157205240175e-01 
 -1.02230107687780e-02  -1.12325069061486e-02   0.00000000000000e+00   2.18340611353712e-01 
 -1.00714899808007e-02  -1.11104734071305e-02   0.00000000000000e+00   2.20524017467249e-01 
 -9.91793596762094e-03  -1.09955015223476e-02   0.00000000000000e+00   2.22707423580786e-01 
 -9.76255961842797e-03  -1.08858173431568e-02   0.00000000000000e+00   2.24890829694323e-01 
 -9.60549733515871e-03  -1.07806734834127e-02   0.00000000000000e+00   2.27074235807860e-01 
 -9.44683978350689e-03  -1.06799528565344e-02   0.00000000000000e+00   2.29257641921397e-01 
 -9.28667696466430e-03  -1.05835475335642e-02   0.00000000000000e+00   2.31441048034934e-01 
 -9.12509887982270e-03  -1.04913495855448e-02   0.00000000000000e+00   2.33624454148472e-01 
 -8.96219553017388e-03  -1.04032510835185e-02   0.00000000000000e+00   2.35807860262009e-01 
 -8.79805691690963e-03  -1.03191440985278e-02   0.00000000000000e+00   2.37991266375546e-01 
 -8.63277304122171e-03  -1.02389207016153e-02   0.00000000000000e+00   2.40174672489083e-01 
 -8.46643390430191e-03  -1.01624729638234e-02   0.00000000000000e+00   2.42358078602620e-01 
 -8.29912950734200e-03  -1.00896929561945e-02   0.00000000000000e+00   2.44541484716157e-01 
 -8.13094985153376e-03  -1.00204727497712e-02   0.00000000000000e+00   2.46724890829694e-01 
 -7.96198493806897e-03  -9.95470441559592e-03   0.00000000000000e+00   2.48908296943231e-01 
 -7.79232476813942e-03  -9.89228002471116e-03   0.00000000000000e+00   2.51091703056769e-01 
 -7.62205934293688e-03  -9.83309164815938e-03   0.00000000000000e+00   2.53275109170306e-01 
 -7.45127866365312e-03  -9.77703135698307e-03   0.00000000000000e+00   2.55458515283843e-01 
 -7.28007273147993e-03  -9.72399122222471e-03   0.00000000000000e+00   2.57641921397380e-01 
 -7.10853154760908e-03  -9.67386331492676e-03   0.00000000000000e+00   2.59825327510917e-01 
 -6.93674511323236e-03  -9.62653970613171e-03   0.00000000000000e+00   2.62008733624454e-01 
 -6.76480342954153e-03  -9.58191246688205e-03   0.00000000000000e+00   2.64192139737991e-01 
 -6.59279649772839e-03  -9.53987366822024e-03   0.00000000000000e+00   2.66375545851528e-01 
 -6.42081583474971e-03  -9.50031350320217e-03   0.00000000000000e+00   2.68558951965065e-01 
 -6.24910973278233e-03  -9.46292792516700e-03   0.00000000000000e+00   2.70742358078603e-01 
 -6.07821759840131e-03  -9.42705220559234e-03   0.00000000000000e+00   2.72925764192140e-01 
 -5.90871049245625e-03  -9.39198239727492e-03   0.00000000000000e+00   2.75109170305677e-01 
 -5.74115947579677e-03  -9.35701455301147e-03   0.00000000000000e+00   2.77292576419214e-01 
 -5.57613560927246e-03  -9.32144472559874e-03   0.00000000000000e+00   2.79475982532751e-01 
 -5.41418209337122e-03  -9.28455147173524e-03   0.00000000000000e+00   2.81659388646288e-01 
 -5.25526858207936e-03  -9.24525316521837e-03   0.00000000000000e+00   2.83842794759825e-01 
 -5.09882622474641e-03  -9.20213000297264e-03   0.00000000000000e+00   2.86026200873362e-01 
 -4.94430130516293e-03  -9.15389888355055e-03   0.00000000000000e+00   2.88209606986900e-01 
 -4.79142736295374e-03  -9.10047267836702e-03   0.00000000000000e+00   2.90393013100437e-01 
 -4.64007554649960e-03  -9.04233718484246e-03   0.00000000000000e+00   2.92576419213974e-01 
 -4.49011786744945e-03  -8.97998179456386e-03   0.00000000000000e+00   2.94759825327511e-01 
 -4.34142634102547e-03  -8.91389589171072e-03   0.00000000000000e+00   2.96943231441048e-01 
 -4.19391535506460e-03  -8.84448101939747e-03   0.00000000000000e+00   2.99126637554585e-01 
 -4.04764704922352e-03  -8.77183242202935e-03   0.00000000000000e+00   3.01310043668122e-01 
 -3.90271574807531e-03  -8.69597862267879e-03   0.00000000000000e+00   3.03493449781659e-01 
 -3.75921577619304e-03  -8.61694814441815e-03   0.00000000000000e+00   3.05676855895196e-01 
 -3.61724145814977e-03  -8.53476951031985e-03   0.00000000000000e+00   3.07860262008734e-01 
 -3.47688711851858e-03  -8.44947124345627e-03   0.00000000000000e+00   3.10043668122271e-01 
 -3.33824708187254e-03  -8.36108186689981e-03   0.00000000000000e+00   3.12227074235808e-01 
 -3.20141567278472e-03  -8.26962990372287e-03   0.00000000000000e+00   3.14410480349345e-01 
 -3.06648721582819e-03  -8.17514387699783e-03   0.00000000000000e+00   3.16593886462882e-01 
 -2.93355603557603e-03  -8.07765230979710e-03   0.00000000000000e+00   3.18777292576419e-01 
 -2.80271645660130e-03  -7.97718372519307e-03   0.00000000000000e+00   3.20960698689956e-01 
 -2.67406280347982e-03  -7.87376664640765e-03   0.00000000000000e+00   3.23144104803493e-01 
 -2.54769461858399e-03  -7.76771386480959e-03   0.00000000000000e+00   3.25327510917031e-01 
 -2.42373181214428e-03  -7.66044782278446e-03   0.00000000000000e+00   3.27510917030568e-01 
 -2.30229926354377e-03  -7.55366168461604e-03   0.00000000000000e+00   3.29694323144105e-01 
 -2.18352185216550e-03  -7.44904861458815e-03   0.00000000000000e+00   3.31877729257642e-01 
 -2.06752445739255e-03  -7.34830177698456e-03   0.00000000000000e+00   3.34061135371179e-01 
 -1.95427734353849e-03  -7.25249956847226e-03   0.00000000000000e+00   3.36244541484716e-01 
 -1.84304741640948e-03  -7.15992374995177e-03   0.00000000000000e+00   3.38427947598253e-01 
 -1.73290168260569e-03  -7.06806125967859e-03   0.00000000000000e+00   3.40611353711790e-01 
 -1.62291676337722e-03  -6.97445426332343e-03   0.00000000000000e+00   3.42794759825327e-01 
 -1.51268553120420e-03  -6.87960900675900e-03   0.00000000000000e+00   3.44978165938865e-01 
 -1.40256757786347e-03  -6.78843388999440e-03   0.00000000000000e+00   3.47161572052402e-01 
 -1.29308409664821e-03  -6.70498560093162e-03   0.00000000000000e+00   3.49344978165939e-01 
 -1.18525627662954e-03  -6.62724104026380e-03   0.00000000000000e+00   3.51528384279476e-01 
 -1.08026215914195e-03  -6.55126983580961e-03   0.00000000000000e+00   3.53711790393013e-01 
 -9.79279841067495e-04  -6.47314093994754e-03   0.00000000000000e+00   3.55895196506550e-01 
 -8.83487419288205e-04  -6.38892330505607e-03   0.00000000000000e+00   3.58078602620087e-01 
 -7.94062990686126e-04  -6.29468588351370e-03   0.00000000000000e+00   3.60262008733624e-01 
 -7.14274129168728e-04  -6.18671644566306e-03   0.00000000000000e+00   3.62445414847162e-01 
 -6.67324829230932e-04  -6.06339057947397e-03   0.00000000000000e+00   3.64628820960699e-01 
 -6.82923755869303e-04  -5.92538158682161e-03   0.00000000000000e+00   3.66812227074236e-01 
 -7.59560151526951e-04  -5.78121998191963e-03   0.00000000000000e+00   3.68995633187773e-01 
 -8.82533650410470e-04  -5.64273811822229e-03   0.00000000000000e+00   3.71179039301310e-01 
 -1.03709797915936e-03  -5.52177979054460e-03   0.00000000000000e+00   3.73362445414847e-01 
 -1.20986523259068e-03  -5.42640935676291e-03   0.00000000000000e+00   3.75545851528384e-01 
 -1.39248590578390e-03  -5.35067265136797e-03   0.00000000000000e+00   3.77729257641921e-01 
 -1.57777841039746e-03  -5.28536597228697e-03   0.00000000000000e+00   3.79912663755459e-01 
 -1.75945913331335e-03  -5.22249569083870e-03   0.00000000000000e+00   3.82096069868996e-01 
 -1.93772360381013e-03  -5.16279919631318e-03   0.00000000000000e+00   3.84279475982533e-01 
 -2.11561083335068e-03  -5.11084563420091e-03   0.00000000000000e+00   3.86462882096070e-01 
 -2.29508244686546e-03  -5.07025358107291e-03   0.00000000000000e+00   3.88646288209607e-01 
 -2.47141071329663e-03  -5.03870489891566e-03   0.00000000000000e+00   3.90829694323144e-01 
 -2.63733076967734e-03  -5.01162977809965e-03   0.00000000000000e+00   3.93013100436681e-01 
 -2.78890491611386e-03  -4.98547346039140e-03   0.00000000000000e+00   3.95196506550218e-01 
 -2.93523348600342e-03  -4.96066986741665e-03   0.00000000000000e+00   3.97379912663755e-01 
 -3.08627993018727e-03  -4.93831614028341e-03   0.00000000000000e+00   3.99563318777293e-01 
 -3.24100409568620e-03  -4.91803190882580e-03   0.00000000000000e+00   4.01746724890830e-01 
 -3.39513483983619e-03  -4.89900221017018e-03   0.00000000000000e+00   4.03930131004367e-01 
 -3.54606181593007e-03  -4.88057398603717e-03   0.00000000000000e+00   4.06113537117904e-01 
 -3.69403790090996e-03  -4.86237333339167e-03   0.00000000000000e+00   4.08296943231441e-01 
 -3.83959934035198e-03  -4.84405397674356e-03   0.00000000000000e+00   4.10480349344978e-01 
 -3.98328237983228e-03  -4.82526964060274e-03   0.00000000000000e+00   4.12663755458515e-01 
 -4.12562326492697e-03  -4.80567404947910e-03   0.00000000000000e+00   4.14847161572052e-01 
 -4.26715824121218e-03  -4.78492092788254e-03   0.00000000000000e+00   4.17030567685589e-01 
 -4.40842355426406e-03  -4.76266400032296e-03   0.00000000000000e+00   4.19213973799127e-01 
 -4.54995544965873e-03  -4.73855699131024e-03   0.00000000000000e+00   4.21397379912664e-01 
 -4.69229017297232e-03  -4.71225362535428e-03   0.00000000000000e+00   4.23580786026201e-01 
 -4.83595022593561e-03  -4.68340285333378e-03   0.00000000000000e+00   4.25764192139738e-01 
 -4.98115837179507e-03  -4.65154951836559e-03   0.00000000000000e+00   4.27947598253275e-01 
 -5.12784645716554e-03  -4.61613741988687e-03   0.00000000000000e+00   4.30131004366812e-01 
 -5.27593434968065e-03  -4.57660619669143e-03   0.00000000000000e+00   4.32314410480349e-01 
 -5.42534191697401e-03  -4.53239548757311e-03   0.00000000000000e+00   4.34497816593886e-01 
 -5.57598902667925e-03  -4.48294493132573e-03   0.00000000000000e+00   4.36681222707424e-01 
 -5.72778448237803e-03  -4.42770913609475e-03   0.00000000000000e+00   4.38864628820961e-01 
 -5.88041379568209e-03  -4.36644481779122e-03   0.00000000000000e+00   4.41048034934498e-01 
 -6.03335524723394e-03  -4.29918907000881e-03   0.00000000000000e+00   4.43231441048035e-01 
 -6.18607927143617e-03  -4.22598960208350e-03   0.00000000000000e+00   4.45414847161572e-01 
 -6.33805630269136e-03  -4.14689412335128e-03   0.00000000000000e+00   4.47598253275109e-01 
 -6.48875677540210e-03  -4.06195034314811e-03   0.00000000000000e+00   4.49781659388646e-01 
 -6.63765799355453e-03  -3.97120449420359e-03   0.00000000000000e+00   4.51965065502183e-01 
 -6.78456359652688e-03  -3.87463266395749e-03   0.00000000000000e+00   4.54148471615720e-01 
 -6.92973903509922e-03  -3.77211167420023e-03   0.00000000000000e+00   4.56331877729258e-01 
 -7.07348475309170e-03  -3.66351082502217e-03   0.00000000000000e+00   4.58515283842795e-01 
 -7.21610119432447e-03  -3.54869941651366e-03   0.00000000000000e+00   4.60698689956332e-01 
 -7.35788880261768e-03  -3.42754674876506e-03   0.00000000000000e+00   4.62882096069869e-01 
 -7.49914802179149e-03  -3.29992212186673e-03   0.00000000000000e+00   4.65065502183406e-01 
 -7.64017929566603e-03  -3.16569483590902e-03   0.00000000000000e+00   4.67248908296943e-01 
 -7.78117171485368e-03  -3.02467516687423e-03   0.00000000000000e+00   4.69432314410480e-01 
 -7.92155653928833e-03  -2.87627169347219e-03   0.00000000000000e+00   4.71615720524017e-01 
 -8.06044928060203e-03  -2.71972562822493e-03   0.00000000000000e+00   4.73799126637555e-01 
 -8.19696440729302e-03  -2.55427763072885e-03   0.00000000000000e+00   4.75982532751092e-01 
 -8.33021253272031e-03  -2.37917350858565e-03   0.00000000000000e+00   4.78165938864629e-01 
 -8.45906260206769e-03  -2.19398178381897e-03   0.00000000000000e+00   4.80349344978166e-01 
 -8.58200289330815e-03  -1.99877930686108e-03   0.00000000000000e+00   4.82532751091703e-01 
 -8.69748821759429e-03  -1.79368761845394e-03   0.00000000000000e+00   4.84716157205240e-01 
 -8.80397338607871e-03  -1.57882825933953e-03   0.00000000000000e+00   4.86899563318777e-01 
 -8.89991170615303e-03  -1.35431748822689e-03   0.00000000000000e+00   4.89082969432314e-01 
 -8.98344975321404e-03  -1.11919415289167e-03   0.00000000000000e+00   4.91266375545852e-01 
 -9.05205557543023e-03  -8.70113741477638e-04   0.00000000000000e+00   4.93449781659389e-01 
 -9.10310630894971e-03  -6.03412409270031e-04   0.00000000000000e+00   4.95633187772926e-01 
 -9.13401097682680e-03  -3.15583625966356e-04   0.00000000000000e+00   4.97816593886463e-01 
 -9.14346813965658e-03  -9.48280930664575e-06   0.00000000000000e+00   5.00000000000000e-01 
 -9.13188098699643e-03   3.03624816703699e-04   0.00000000000000e+00   5.02183406113537e-01 
 -9.09976964556694e-03   6.11897117242020e-04   0.00000000000000e+00   5.04366812227074e-01 
 -9.04765424208872e-03   9.03491957485600e-04   0.00000000000000e+00   5.06550218340611e-01 
 -8.97625472745882e-03   1.16770463158352e-03   0.00000000000000e+00   5.08733624454148e-01 
 -8.88823234182216e-03   1.40488054119396e-03   0.00000000000000e+00   5.10917030567686e-01 
 -8.78734053472148e-03   1.62158210652714e-03   0.00000000000000e+00   5.13100436681223e-01 
 -8.67734494718758e-03   1.82444114396495e-03   0.00000000000000e+00   5.15283842794760e-01 
 -8.56143884025888e-03   2.01896861408775e-03   0.00000000000000e+00   5.17467248908297e-01 
 -8.44056532094076e-03   2.20626914211209e-03   0.00000000000000e+00   5.19650655021834e-01 
 -8.31511463058016e-03   2.38636471114794e-03   0.00000000000000e+00   5.21834061135371e-01 
 -8.18547701052401e-03   2.55927730430532e-03   0.00000000000000e+00   5.24017467248908e-01 
 -8.05204270211923e-03   2.72502890469419e-03   0.00000000000000e+00   5.26200873362445e-01 
 -7.91520194671277e-03   2.88364149542456e-03   0.00000000000000e+00   5.28384279475983e-01 
 -7.77534498565155e-03   3.03513705960640e-03   0.00000000000000e+00   5.30567685589520e-01 
 -7.63286206028250e-03   3.17953758034973e-03   0.00000000000000e+00   5.32751091703057e-01 
 -7.48814341195256e-03   3.31686504076452e-03   0.00000000000000e+00   5.34934497816594e-01 
 -7.34157928200867e-03   3.44714142396076e-03   0.00000000000000e+00   5.37117903930131e-01 
 -7.19355991179774e-03   3.57038871304845e-03   0.00000000000000e+00   5.39301310043668e-01 
 -7.04447554266672e-03   3.68662889113757e-03   0.00000000000000e+00   5.41484716157205e-01 
 -6.89471641596252e-03   3.79588394133812e-03   0.00000000000000e+00   5.43668122270742e-01 
 -6.74467277303210e-03   3.89817584676008e-03   0.00000000000000e+00   5.45851528384279e-01 
 -6.59473485522237e-03   3.99352659051345e-03   0.00000000000000e+00   5.48034934497817e-01 
 -6.44529290388028e-03   4.08195815570821e-03   0.00000000000000e+00   5.50218340611354e-01 
 -6.29671013857214e-03   4.16351116334475e-03   0.00000000000000e+00   5.52401746724891e-01 
 -6.14905130523366e-03   4.23843210238194e-03   0.00000000000000e+00   5.54585152838428e-01 
 -6.00219576800734e-03   4.30709532624441e-03   0.00000000000000e+00   5.56768558951965e-01 
 -5.85602010854798e-03   4.36987710753827e-03   0.00000000000000e+00   5.58951965065502e-01 
 -5.71040090851036e-03   4.42715371886962e-03   0.00000000000000e+00   5.61135371179039e-01 
 -5.56521474954927e-03   4.47930143284458e-03   0.00000000000000e+00   5.63318777292576e-01 
 -5.42033821331951e-03   4.52669652206923e-03   0.00000000000000e+00   5.65502183406113e-01 
 -5.27564788147585e-03   4.56971525914970e-03   0.00000000000000e+00   5.67685589519651e-01 
 -5.13102033567308e-03   4.60873391669209e-03   0.00000000000000e+00   5.69868995633188e-01 
 -4.98633215756600e-03   4.64412876730250e-03   0.00000000000000e+00   5.72052401746725e-01 
 -4.84145992880939e-03   4.67627608358704e-03   0.00000000000000e+00   5.74235807860262e-01 
 -4.69628023105803e-03   4.70555213815183e-03   0.00000000000000e+00   5.76419213973799e-01 
 -4.55066964596673e-03   4.73233320360295e-03   0.00000000000000e+00   5.78602620087336e-01 
 -4.40450475519025e-03   4.75699555254653e-03   0.00000000000000e+00   5.80786026200873e-01 
 -4.25766214038341e-03   4.77991545758867e-03   0.00000000000000e+00   5.82969432314410e-01 
 -4.11001838320097e-03   4.80146919133547e-03   0.00000000000000e+00   5.85152838427948e-01 
 -3.96145006529773e-03   4.82203302639304e-03   0.00000000000000e+00   5.87336244541485e-01 
 -3.81183376832848e-03   4.84198323536750e-03   0.00000000000000e+00   5.89519650655022e-01 
 -3.66104607394800e-03   4.86169609086493e-03   0.00000000000000e+00   5.91703056768559e-01 
 -3.50896356381109e-03   4.88154786549146e-03   0.00000000000000e+00   5.93886462882096e-01 
 -3.35546281957252e-03   4.90191483185318e-03   0.00000000000000e+00   5.96069868995633e-01 
 -3.20042042288709e-03   4.92317326255621e-03   0.00000000000000e+00   5.98253275109170e-01 
 -3.04371295540959e-03   4.94569943020665e-03   0.00000000000000e+00   6.00436681222707e-01 
 -2.88521699879480e-03   4.96986960741061e-03   0.00000000000000e+00   6.02620087336245e-01 
 -2.72480913469751e-03   4.99606006677419e-03   0.00000000000000e+00   6.04803493449782e-01 
 -2.56236594477252e-03   5.02464708090350e-03   0.00000000000000e+00   6.06986899563319e-01 
 -2.39776401067461e-03   5.05600692240465e-03   0.00000000000000e+00   6.09170305676856e-01 
 -2.23087991405855e-03   5.09051586388375e-03   0.00000000000000e+00   6.11353711790393e-01 
 -2.06157202716599e-03   5.12860960744452e-03   0.00000000000000e+00   6.13537117903930e-01 
 -1.88932264939199e-03   5.17195123248937e-03   0.00000000000000e+00   6.15720524017467e-01 
 -1.71326032430502e-03   5.22335836035281e-03   0.00000000000000e+00   6.17903930131004e-01 
 -1.53249985470146e-03   5.28569345770144e-03   0.00000000000000e+00   6.20087336244541e-01 
 -1.34615604337773e-03   5.36181899120187e-03   0.00000000000000e+00   6.22270742358079e-01 
 -1.15629951690008e-03   5.45420092314803e-03   0.00000000000000e+00   6.24454148471616e-01 
 -9.77758710052255e-04   5.56359383953469e-03   0.00000000000000e+00   6.26637554585153e-01 
 -8.28803312872299e-04   5.69029070453409e-03   0.00000000000000e+00   6.28820960698690e-01 
 -7.25383732488321e-04   5.83247328564326e-03   0.00000000000000e+00   6.31004366812227e-01 
 -6.72973678870773e-04   5.97878686854220e-03   0.00000000000000e+00   6.33187772925764e-01 
 -6.74090071831618e-04   6.11518530141314e-03   0.00000000000000e+00   6.35371179039301e-01 
 -7.29233851009819e-04   6.22937651240498e-03   0.00000000000000e+00   6.37554585152838e-01 
 -8.20776130945152e-04   6.32484576140010e-03   0.00000000000000e+00   6.39737991266376e-01 
 -9.22296098116308e-04   6.41307448692341e-03   0.00000000000000e+00   6.41921397379913e-01 
 -1.02264303817676e-03   6.49890588705017e-03   0.00000000000000e+00   6.44104803493450e-01 
 -1.12451156831002e-03   6.58114426830401e-03   0.00000000000000e+00   6.46288209606987e-01 
 -1.22951829688392e-03   6.66002824010257e-03   0.00000000000000e+00   6.48471615720524e-01 
 -1.33672540885011e-03   6.73847390300203e-03   0.00000000000000e+00   6.50655021834061e-01 
 -1.44497778900517e-03   6.81959880622373e-03   0.00000000000000e+00   6.52838427947598e-01 
 -1.55369734245438e-03   6.90496588493126e-03   0.00000000000000e+00   6.55021834061135e-01 
 -1.66303071440486e-03   6.99418547204225e-03   0.00000000000000e+00   6.57205240174672e-01 
 -1.77317056638255e-03   7.08674392283443e-03   0.00000000000000e+00   6.59388646288210e-01 
 -1.88430955991335e-03   7.18212759258547e-03   0.00000000000000e+00   6.61572052401747e-01 
 -1.99664035652320e-03   7.27982283657309e-03   0.00000000000000e+00   6.63755458515284e-01 
 -2.11035561773801e-03   7.37931601007498e-03   0.00000000000000e+00   6.65938864628821e-01 
 -2.22564800508371e-03   7.48009346836884e-03   0.00000000000000e+00   6.68122270742358e-01 
 -2.34271018008622e-03   7.58164156673237e-03   0.00000000000000e+00   6.70305676855895e-01 
 -2.46173480427148e-03   7.68344666044327e-03   0.00000000000000e+00   6.72489082969432e-01 
 -2.58291453916538e-03   7.78499510477923e-03   0.00000000000000e+00   6.74672489082969e-01 
 -2.70644204629387e-03   7.88577325501796e-03   0.00000000000000e+00   6.76855895196506e-01 
 -2.83250998718287e-03   7.98526746643716e-03   0.00000000000000e+00   6.79039301310044e-01 
 -2.96129577905551e-03   8.08296370044560e-03   0.00000000000000e+00   6.81222707423581e-01 
 -3.09253082458988e-03   8.17833639471995e-03   0.00000000000000e+00   6.83406113537118e-01 
 -3.22544003606643e-03   8.27084690068269e-03   0.00000000000000e+00   6.85589519650655e-01 
 -3.35922092495670e-03   8.35995586179833e-03   0.00000000000000e+00   6.87772925764192e-01 
 -3.49307532670936e-03   8.44512645555484e-03   0.00000000000000e+00   6.89956331877729e-01 
 -3.62683952696237e-03   8.52619367262136e-03   0.00000000000000e+00   6.92139737991266e-01 
 -3.76164690087516e-03   8.60375264999429e-03   0.00000000000000e+00   6.94323144104803e-01 
 -3.89878932566868e-03   8.67849141321621e-03   0.00000000000000e+00   6.96506550218341e-01 
 -4.03955867856384e-03   8.75109798782969e-03   0.00000000000000e+00   6.98689956331878e-01 
 -4.18524683678160e-03   8.82226039937731e-03   0.00000000000000e+00   7.00873362445415e-01 
 -4.33714567754288e-03   8.89266667340165e-03   0.00000000000000e+00   7.03056768558952e-01 
 -4.49547009539774e-03   8.96242251898698e-03   0.00000000000000e+00   7.05240174672489e-01 
 -4.65599131698514e-03   9.02923098728266e-03   0.00000000000000e+00   7.07423580786026e-01 
 -4.81333465523835e-03   9.09017554248585e-03   0.00000000000000e+00   7.09606986899563e-01 
 -4.96212542186225e-03   9.14233964812956e-03   0.00000000000000e+00   7.11790393013100e-01 
 -5.09956865921725e-03   9.18404754778602e-03   0.00000000000000e+00   7.13973799126637e-01 
 -5.23534257313071e-03   9.21962273623736e-03   0.00000000000000e+00   7.16157205240175e-01 
 -5.38149430421189e-03   9.25466264110985e-03   0.00000000000000e+00   7.18340611353712e-01 
 -5.53985624737258e-03   9.29083632517258e-03   0.00000000000000e+00   7.20524017467249e-01 
 -5.70772118915138e-03   9.32806698472022e-03   0.00000000000000e+00   7.22707423580786e-01 
 -5.88236132594830e-03   9.36626989738355e-03   0.00000000000000e+00   7.24890829694323e-01 
 -6.06104885416338e-03   9.40536034079339e-03   0.00000000000000e+00   7.27074235807860e-01 
 -6.24105597019660e-03   9.44525359258054e-03   0.00000000000000e+00   7.29257641921397e-01 
 -6.41965487044798e-03   9.48586493037580e-03   0.00000000000000e+00   7.31441048034934e-01 
 -6.59433267461009e-03   9.52714478539159e-03   0.00000000000000e+00   7.33624454148472e-01 
 -6.76526079487300e-03   9.56948264081224e-03   0.00000000000000e+00   7.35807860262009e-01 
 -6.93443496283951e-03   9.61356637168370e-03   0.00000000000000e+00   7.37991266375546e-01 
 -7.10377181158102e-03   9.66006226808911e-03   0.00000000000000e+00   7.40174672489083e-01 
 -7.27389569292932e-03   9.70932717781777e-03   0.00000000000000e+00   7.42358078602620e-01 
 -7.44461232418578e-03   9.76152192310422e-03   0.00000000000000e+00   7.44541484716157e-01 
 -7.61571444118317e-03   9.81680421771460e-03   0.00000000000000e+00   7.46724890829694e-01 
 -7.78699477975428e-03   9.87533177541503e-03   0.00000000000000e+00   7.48908296943231e-01 
 -7.95824607573192e-03   9.93726230997165e-03   0.00000000000000e+00   7.51091703056769e-01 
 -8.12926106494884e-03   1.00027535351506e-02   0.00000000000000e+00   7.53275109170306e-01 
 -8.29983248323786e-03   1.00719631647179e-02   0.00000000000000e+00   7.55458515283843e-01 
 -8.46975306643175e-03   1.01450489124399e-02   0.00000000000000e+00   7.57641921397380e-01 
 -8.63881555036330e-03   1.02221684920825e-02   0.00000000000000e+00   7.59825327510917e-01 
 -8.80681267086530e-03   1.03034796174120e-02   0.00000000000000e+00   7.62008733624454e-01 
 -8.97353716377054e-03   1.03891400021944e-02   0.00000000000000e+00   7.64192139737991e-01 
 -9.13878176491179e-03   1.04793073601959e-02   0.00000000000000e+00   7.66375545851528e-01 
 -9.30233921012186e-03   1.05741394051826e-02   0.00000000000000e+00   7.68558951965066e-01 
 -9.46400223523352e-03   1.06737938509207e-02   0.00000000000000e+00   7.70742358078603e-01 
 -9.62356357607957e-03   1.07784284111762e-02   0.00000000000000e+00   7.72925764192140e-01 
 -9.78081596849280e-03   1.08882007997154e-02   0.00000000000000e+00   7.75109170305677e-01 
 -9.93555214830598e-03   1.10032687303042e-02   0.00000000000000e+00   7.77292576419214e-01 
 -1.00875648514102e-02   1.11237899193244e-02   0.00000000000000e+00   7.79475982532751e-01 
 -1.02366488242341e-02   1.12500123369803e-02   0.00000000000000e+00   7.81659388646288e-01 
 -1.03826061268447e-02   1.13825122655647e-02   0.00000000000000e+00   7.83842794759825e-01 
 -1.05252404818182e-02   1.15219406180489e-02   0.00000000000000e+00   7.86026200873362e-01 
 -1.06643556117304e-02   1.16689483074042e-02   0.00000000000000e+00   7.88209606986900e-01 
 -1.07997572322532e-02   1.18241910840735e-02   0.00000000000000e+00   7.90393013100437e-01 
 -1.09317429728570e-02   1.19895186295812e-02   0.00000000000000e+00   7.92576419213974e-01 
 -1.10617441896633e-02   1.21695323097710e-02   0.00000000000000e+00   7.94759825327511e-01 
 -1.11913514116287e-02   1.23692198211737e-02   0.00000000000000e+00   7.96943231441048e-01 
 -1.13209380141830e-02   1.25913006480134e-02   0.00000000000000e+00   7.99126637554585e-01 
 -1.14459763102919e-02   1.28293609565337e-02   0.00000000000000e+00   8.01310043668122e-01 
 -1.15607051812242e-02   1.30746883656777e-02   0.00000000000000e+00   8.03493449781659e-01 
 -1.16605373540856e-02   1.33200984562989e-02   0.00000000000000e+00   8.05676855895196e-01 
 -1.17460492889147e-02   1.35651282943258e-02   0.00000000000000e+00   8.07860262008734e-01 
 -1.18192369144133e-02   1.38111626278889e-02   0.00000000000000e+00   8.10043668122271e-01 
 -1.18820264417969e-02   1.40596536421487e-02   0.00000000000000e+00   8.12227074235808e-01 
 -1.19343048452388e-02   1.43140233307837e-02   0.00000000000000e+00   8.14410480349345e-01 
 -1.19736443523656e-02   1.45799296254092e-02   0.00000000000000e+00   8.16593886462882e-01 
 -1.19974920527896e-02   1.48631513351659e-02   0.00000000000000e+00   8.18777292576419e-01 
 -1.20032982522211e-02   1.51694517766777e-02   0.00000000000000e+00   8.20960698689956e-01 
 -1.19894544640369e-02   1.55000603021389e-02   0.00000000000000e+00   8.23144104803493e-01 
 -1.19565966291892e-02   1.58453944576372e-02   0.00000000000000e+00   8.25327510917030e-01 
 -1.19056881050904e-02   1.61942945660431e-02   0.00000000000000e+00   8.27510917030568e-01 
 -1.18376922491527e-02   1.65356009502269e-02   0.00000000000000e+00   8.29694323144105e-01 
 -1.17535724187886e-02   1.68581539330593e-02   0.00000000000000e+00   8.31877729257642e-01 
 -1.16543744701428e-02   1.71517209698613e-02   0.00000000000000e+00   8.34061135371179e-01 
 -1.15421008222348e-02   1.74168195051262e-02   0.00000000000000e+00   8.36244541484716e-01 
 -1.14193698535445e-02   1.76608892230776e-02   0.00000000000000e+00   8.38427947598253e-01 
 -1.12888101557533e-02   1.78914845853436e-02   0.00000000000000e+00   8.40611353711790e-01 
 -1.11528595494142e-02   1.81157952732911e-02   0.00000000000000e+00   8.42794759825327e-01 
 -1.10116625604546e-02   1.83366258780523e-02   0.00000000000000e+00   8.44978165938865e-01 
 -1.08638474723105e-02   1.85538817295526e-02   0.00000000000000e+00   8.47161572052402e-01 
 -1.07080155966209e-02   1.87674165839847e-02   0.00000000000000e+00   8.49344978165939e-01 
 -1.05430477916905e-02   1.89769385086331e-02   0.00000000000000e+00   8.51528384279476e-01 
 -1.03693465060034e-02   1.91813625768423e-02   0.00000000000000e+00   8.53711790393013e-01 
 -1.01878293826836e-02   1.93793353624399e-02   0.00000000000000e+00   8.55895196506550e-01 
 -9.99941447545341e-03   1.95695032252657e-02   0.00000000000000e+00   8.58078602620087e-01 
 -9.80501983803502e-03   1.97505125251596e-02   0.00000000000000e+00   8.60262008733624e-01 
 -9.60488932191243e-03   1.99219410772697e-02   0.00000000000000e+00   8.62445414847162e-01 
 -9.39633797995866e-03   2.00874130271456e-02   0.00000000000000e+00   8.64628820960699e-01 
 -9.17588576425328e-03   2.02516510050535e-02   0.00000000000000e+00   8.66812227074236e-01 
 -8.94005261163862e-03   2.04193776623110e-02   0.00000000000000e+00   8.68995633187773e-01 
 -8.68690114696763e-03   2.05930331560188e-02   0.00000000000000e+00   8.71179039301310e-01 
 -8.42255093389731e-03   2.07631369463506e-02   0.00000000000000e+00   8.73362445414847e-01 
 -8.15574316141382e-03   2.09163296504403e-02   0.00000000000000e+00   8.75545851528384e-01 
 -7.89522043075445e-03   2.10392497959163e-02   0.00000000000000e+00   8.77729257641921e-01 
 -7.64926861922760e-03   2.11193726477794e-02   0.00000000000000e+00   8.79912663755459e-01 
 -7.41800517791222e-03   2.11591383701034e-02   0.00000000000000e+00   8.82096069868996e-01 
 -7.19449840376779e-03   2.11739014726372e-02   0.00000000000000e+00   8.84279475982533e-01 
 -6.97158524934367e-03   2.11794402977814e-02   0.00000000000000e+00   8.86462882096070e-01 
 -6.74411643749544e-03   2.11883451919601e-02   0.00000000000000e+00   8.88646288209607e-01 
 -6.51630675671268e-03   2.11983822669406e-02   0.00000000000000e+00   8.90829694323144e-01 
 -6.29509075072977e-03   2.12030119950879e-02   0.00000000000000e+00   8.93013100436681e-01 
 -6.08740325909484e-03   2.11956943804652e-02   0.00000000000000e+00   8.95196506550218e-01 
 -5.90017912135604e-03   2.11698894271354e-02   0.00000000000000e+00   8.97379912663755e-01 
 -5.73850975725527e-03   2.11207683795329e-02   0.00000000000000e+00   8.99563318777293e-01 
 -5.59436340737015e-03   2.10556848527298e-02   0.00000000000000e+00   9.01746724890830e-01 
 -5.45716189058743e-03   2.09845237109139e-02   0.00000000000000e+00   9.03930131004367e-01 
 -5.32535985418543e-03   2.09092663402960e-02   0.00000000000000e+00   9.06113537117904e-01 
 -5.19903065113313e-03   2.08304775842103e-02   0.00000000000000e+00   9.08296943231441e-01 
 -5.07824763439953e-03   2.07487222859911e-02   0.00000000000000e+00   9.10480349344978e-01 
 -4.96308415695361e-03   2.06645652889727e-02   0.00000000000000e+00   9.12663755458515e-01 
 -4.85361357176434e-03   2.05785714364896e-02   0.00000000000000e+00   9.14847161572052e-01 
 -4.74990923180074e-03   2.04913055718760e-02   0.00000000000000e+00   9.17030567685589e-01 
 -4.65204449003176e-03   2.04033325384662e-02   0.00000000000000e+00   9.19213973799127e-01 
 -4.56009269942641e-03   2.03152171795946e-02   0.00000000000000e+00   9.21397379912664e-01 
 -4.47412721295367e-03   2.02275243385955e-02   0.00000000000000e+00   9.23580786026201e-01 
 -4.39422138358253e-03   2.01408188588032e-02   0.00000000000000e+00   9.25764192139738e-01 
 -4.32044856428196e-03   2.00556655835520e-02   0.00000000000000e+00   9.27947598253275e-01 
 -4.25265715000667e-03   1.99724625380573e-02   0.00000000000000e+00   9.30131004366812e-01 
 -4.18959398682759e-03   1.98907908914943e-02   0.00000000000000e+00   9.32314410480349e-01 
 -4.12966928632698e-03   1.98099821809800e-02   0.00000000000000e+00   9.34497816593886e-01 
 -4.07129317579309e-03   1.97293678811226e-02   0.00000000000000e+00   9.36681222707423e-01 
 -4.01371148166865e-03   1.96485760597784e-02   0.00000000000000e+00   9.38864628820961e-01 
 -3.96474097127206e-03   1.95702920236800e-02   0.00000000000000e+00   9.41048034934498e-01 
 -3.92514866184781e-03   1.94995696674367e-02   0.00000000000000e+00   9.43231441048035e-01 
 -3.86992934348976e-03   1.94407862980394e-02   0.00000000000000e+00   9.45414847161572e-01 
 -3.79832165564465e-03   1.93823591239630e-02   0.00000000000000e+00   9.47598253275109e-01 
 -3.72020933960234e-03   1.93182962185336e-02   0.00000000000000e+00   9.49781659388646e-01 
 -3.64284268868469e-03   1.92533918529363e-02   0.00000000000000e+00   9.51965065502183e-01 
 -3.57140859868544e-03   1.91913348764194e-02   0.00000000000000e+00   9.54148471615720e-01 
 -3.50550153982855e-03   1.91319146553998e-02   0.00000000000000e+00   9.56331877729258e-01 
 -3.44388947188208e-03   1.90743538878416e-02   0.00000000000000e+00   9.58515283842795e-01 
 -3.38618781992407e-03   1.90185215496777e-02   0.00000000000000e+00   9.60698689956332e-01 
 -3.33231393916223e-03   1.89645168690863e-02   0.00000000000000e+00   9.62882096069869e-01 
 -3.28218555418610e-03   1.89124393559368e-02   0.00000000000000e+00   9.65065502183406e-01 
 -3.23572038958518e-03   1.88623885200986e-02   0.00000000000000e+00   9.67248908296943e-01 
 -3.19283616994902e-03   1.88144638714409e-02   0.00000000000000e+00   9.69432314410480e-01 
 -3.15345061986711e-03   1.87687649198332e-02   0.00000000000000e+00   9.71615720524017e-01 
 -3.11748146392900e-03   1.87253911751447e-02   0.00000000000000e+00   9.73799126637555e-01 
 -3.08484642672419e-03   1.86844421472449e-02   0.00000000000000e+00   9.75982532751092e-01 
 -3.05546323284222e-03   1.86460173460029e-02   0.00000000000000e+00   9.78165938864629e-01 
 -3.02924960687260e-03   1.86102162812883e-02   0.00000000000000e+00   9.80349344978166e-01 
 -3.00610789515025e-03   1.85771312955881e-02   0.00000000000000e+00   9.82532751091703e-01 
 -2.98584449017587e-03   1.85468100099422e-02   0.00000000000000e+00   9.84716157205240e-01 
 -2.96822884328133e-03   1.85192828281261e-02   0.00000000000000e+00   9.86899563318777e-01 
 -2.95303032822156e-03   1.84945801177587e-02   0.00000000000000e+00   9.89082969432314e-01 
 -2.94002893047114e-03   1.84727362590728e-02   0.00000000000000e+00   9.91266375545852e-01 
 -2.92921049073287e-03   1.84538634724179e-02   0.00000000000000e+00   9.93449781659389e-01 
 -2.92068982430876e-03   1.84381175887996e-02   0.00000000000000e+00   9.95633187772926e-01 
 -2.91427185859619e-03   1.84255089293830e-02   0.00000000000000e+00   9.97816593886463e-01 
 -2.90965338373799e-03   1.84159972496970e-02   0.00000000000000e+00   1.00000000000000e+00 
