1	0.002340379358913
2	0.001623994470948
3	0.001365650521539
4	0.001110658756687
8	0.001005185651125
9	0.000738738617780
10	0.000615338529887
11	0.000498029082679
12	0.000412859069226
13	0.000328626120241
14	0.000241707755381
15	0.000188460732504
16	0.000153520138788
17	0.000136359893387
18	0.000130932739688
19	0.000120093485160
20	0.000104777128386
21	0.000101708312794
22	0.000099494337956
23	0.000094782780308
24	0.000090280531762
25	0.000079972671897
26	0.000076669396513
27	0.000068640202072
28	0.000062519919773
29	0.000051765239658
30	0.000048315917600
31	0.000046398932781
32	0.000040133628198
33	0.000033654828831
34	0.000027310312349
35	0.000025806231370
36	0.000021887154836
37	0.000018859294141
38	0.000017639287750
39	0.000016843337782
40	0.000016151367984
41	0.000015934436700
42	0.000015342351293
43	0.000014996159856
44	0.000014843492612
45	0.000014199460971
46	0.000013946693310
47	0.000012165225720
48	0.000011653480336
49	0.000011110503306
50	0.000010709958158
51	0.000010357272164
52	0.000010053502836
53	0.000009853159006
54	0.000009421964912
55	0.000009061805203
56	0.000008871375139
57	0.000008307609664
58	0.000008180130470
59	0.000008096792254
60	0.000007990182618
62	0.000007810270970
63	0.000007718171532
66	0.000007459134752
69	0.000007293781428
76	0.000007058853139
77	0.000006985133655
83	0.000006887673205
