-0.00290949569	-0.01841596822	0.00000000000	0.00000000000
-0.00290975496	-0.01841653615	0.00000000000	0.00015650209
-0.00291003580	-0.01841714576	0.00000000000	0.00031948775
-0.00291033729	-0.01841779445	0.00000000000	0.00048773449
-0.00291066029	-0.01841848342	0.00000000000	0.00066109552
-0.00291100634	-0.01841921535	0.00000000000	0.00083978520
-0.00291137698	-0.01841999280	0.00000000000	0.00102395381
-0.00291177369	-0.01842081823	0.00000000000	0.00121369560
-0.00291219804	-0.01842169414	0.00000000000	0.00140910047
-0.00291265172	-0.01842262333	0.00000000000	0.00161029330
-0.00291313670	-0.01842360903	0.00000000000	0.00181746445
-0.00291365524	-0.01842465501	0.00000000000	0.00203088028
-0.00291420988	-0.01842576554	0.00000000000	0.00225086143
-0.00291480335	-0.01842694509	0.00000000000	0.00247772335
-0.00291543840	-0.01842819817	0.00000000000	0.00271172933
-0.00291611778	-0.01842952909	0.00000000000	0.00295307405
-0.00291684425	-0.01843094217	0.00000000000	0.00320190921
-0.00291762074	-0.01843244191	0.00000000000	0.00345839122
-0.00291845042	-0.01843403318	0.00000000000	0.00372270216
-0.00291933674	-0.01843572125	0.00000000000	0.00399505704
-0.00292028345	-0.01843751186	0.00000000000	0.00427570043
-0.00292129457	-0.01843941114	0.00000000000	0.00456489723
-0.00292237444	-0.01844142560	0.00000000000	0.00486292367
-0.00292352767	-0.01844356215	0.00000000000	0.00517006587
-0.00292475918	-0.01844582806	0.00000000000	0.00548661635
-0.00292607423	-0.01844823104	0.00000000000	0.00581287460
-0.00292747840	-0.01845077921	0.00000000000	0.00614914791
-0.00292897767	-0.01845348114	0.00000000000	0.00649575247
-0.00293057841	-0.01845634590	0.00000000000	0.00685301436
-0.00293228743	-0.01845938308	0.00000000000	0.00722126993
-0.00293411200	-0.01846260281	0.00000000000	0.00760086674
-0.00293605991	-0.01846601583	0.00000000000	0.00799216908
-0.00293813945	-0.01846963342	0.00000000000	0.00839554395
-0.00294035949	-0.01847346753	0.00000000000	0.00881137521
-0.00294272960	-0.01847753092	0.00000000000	0.00924007268
-0.00294525988	-0.01848183684	0.00000000000	0.00968203934
-0.00294796123	-0.01848639947	0.00000000000	0.01013770735
-0.00295084534	-0.01849123374	0.00000000000	0.01060751814
-0.00295392630	-0.01849635636	0.00000000000	0.01109193421
-0.00295722101	-0.01850178609	0.00000000000	0.01159144088
-0.00296074790	-0.01850754276	0.00000000000	0.01210651514
-0.00296452723	-0.01851364770	0.00000000000	0.01263766254
-0.00296858144	-0.01852012416	0.00000000000	0.01318543970
-0.00297293496	-0.01852699685	0.00000000000	0.01375041109
-0.00297761239	-0.01853429048	0.00000000000	0.01433313432
-0.00298263827	-0.01854202983	0.00000000000	0.01493418254
-0.00298803937	-0.01855024151	0.00000000000	0.01555418857
-0.00299384496	-0.01855895414	0.00000000000	0.01619384278
-0.00300008597	-0.01856819693	0.00000000000	0.01685378430
-0.00300679573	-0.01857800055	0.00000000000	0.01753466563
-0.00301401138	-0.01858839899	0.00000000000	0.01823727305
-0.00302177303	-0.01859942793	0.00000000000	0.01896240294
-0.00303012324	-0.01861112385	0.00000000000	0.01971080283
-0.00303910833	-0.01862352552	0.00000000000	0.02048326761
-0.00304877972	-0.01863667548	0.00000000000	0.02128072270
-0.00305919275	-0.01865061801	0.00000000000	0.02210408603
-0.00307040601	-0.01866539785	0.00000000000	0.02295419949
-0.00308248457	-0.01868106409	0.00000000000	0.02383204889
-0.00309550016	-0.01869766975	0.00000000000	0.02473872831
-0.00310953040	-0.01871527016	0.00000000000	0.02567533920
-0.00312465913	-0.01873392286	0.00000000000	0.02664298445
-0.00314097717	-0.01875368784	0.00000000000	0.02764278420
-0.00315858386	-0.01877462873	0.00000000000	0.02867593206
-0.00317759013	-0.01879681550	0.00000000000	0.02974381660
-0.00319811579	-0.01882032022	0.00000000000	0.03084780583
-0.00322028938	-0.01884521605	0.00000000000	0.03198920647
-0.00324424925	-0.01887157758	0.00000000000	0.03316929136
-0.00327015029	-0.01889948703	0.00000000000	0.03438957717
-0.00329816516	-0.01892903393	0.00000000000	0.03565179047
-0.00332847837	-0.01896030720	0.00000000000	0.03695752456
-0.00336129017	-0.01899339798	0.00000000000	0.03830837736
-0.00339682048	-0.01902840183	0.00000000000	0.03970605069
-0.00343531505	-0.01906542274	0.00000000000	0.04115250526
-0.00347702774	-0.01910455401	0.00000000000	0.04264922477
-0.00352223056	-0.01914588682	0.00000000000	0.04419759972
-0.00357125049	-0.01918955917	0.00000000000	0.04579998267
-0.00362448419	-0.01923620113	0.00000000000	0.04745782631
-0.00368239297	-0.01928695291	0.00000000000	0.04917191178
-0.00374488145	-0.01934015471	0.00000000000	0.05094464260
-0.00381083066	-0.01939077039	0.00000000000	0.05277781520
-0.00387343740	-0.01944035662	0.00000000000	0.05467246576
-0.00389749807	-0.01946554463	0.00000000000	0.05556608600
-0.00392763385	-0.01950740414	0.00000000000	0.05693168068
-0.00395982014	-0.01955886102	0.00000000000	0.05851100627
-0.00399481857	-0.01961372904	0.00000000000	0.06013499798
-0.00403310447	-0.01967195989	0.00000000000	0.06180459446
-0.00407498124	-0.01973356526	0.00000000000	0.06352145033
-0.00412080660	-0.01979857154	0.00000000000	0.06528823232
-0.00417097100	-0.01986697641	0.00000000000	0.06710747996
-0.00422589957	-0.01993874227	0.00000000000	0.06898159427
-0.00428601884	-0.02001374642	0.00000000000	0.07091172758
-0.00435184382	-0.02009188292	0.00000000000	0.07290059307
-0.00442383312	-0.02017287921	0.00000000000	0.07494793673
-0.00450276748	-0.02025670691	0.00000000000	0.07706111772
-0.00458958843	-0.02034332631	0.00000000000	0.07924890489
-0.00468499272	-0.02043227136	0.00000000000	0.08151144013
-0.00478996279	-0.02052319713	0.00000000000	0.08385362007
-0.00490599262	-0.02061648578	0.00000000000	0.08628148778
-0.00503520395	-0.02071344778	0.00000000000	0.08880189470
-0.00518015125	-0.02081573852	0.00000000000	0.09142277987
-0.00534374467	-0.02092495148	0.00000000000	0.09415361761
-0.00552500670	-0.02103139863	0.00000000000	0.09700602436
-0.00571877155	-0.02111096269	0.00000000000	0.09999433513
-0.00574896601	-0.02111959524	0.00000000000	0.10044557654
-0.00599915288	-0.02116810796	0.00000000000	0.10374352049
-0.00633275767	-0.02120018850	0.00000000000	0.10732056377
-0.00673614344	-0.02120867897	0.00000000000	0.11119534661
-0.00718787430	-0.02118179470	0.00000000000	0.11545538542
-0.00768777236	-0.02108606813	0.00000000000	0.12019889945
-0.00790073358	-0.02101706550	0.00000000000	0.12216566660
-0.00852757155	-0.02070984249	0.00000000000	0.12760127367
-0.00925812258	-0.02020508371	0.00000000000	0.13381749801
-0.00959649362	-0.01992965825	0.00000000000	0.13707537508
-0.01003093276	-0.01952647640	0.00000000000	0.14197798502
-0.01046792085	-0.01904924059	0.00000000000	0.14750965823
-0.01074762515	-0.01870477770	0.00000000000	0.15116974138
-0.01106345986	-0.01826772664	0.00000000000	0.15555359010
-0.01142706510	-0.01765778214	0.00000000000	0.16138176103
-0.01158138103	-0.01732264868	0.00000000000	0.16433247456
-0.01182901819	-0.01652722524	0.00000000000	0.17020837370
-0.01198231819	-0.01557041072	0.00000000000	0.17634488604
-0.01198993901	-0.01472402722	0.00000000000	0.18221526204
-0.01189234999	-0.01410968408	0.00000000000	0.18716513047
-0.01180400071	-0.01377511494	0.00000000000	0.19003585591
-0.01157799001	-0.01314365230	0.00000000000	0.19569964125
-0.01152214722	-0.01301539647	0.00000000000	0.19690197820
-0.01124255348	-0.01246990908	0.00000000000	0.20230060188
-0.01117116333	-0.01235038461	0.00000000000	0.20356252801
-0.01088857457	-0.01193537294	0.00000000000	0.20826713790
-0.01067106645	-0.01166847924	0.00000000000	0.21166949633
-0.01047435090	-0.01146051069	0.00000000000	0.21464318783
-0.01018438217	-0.01120045350	0.00000000000	0.21890021335
-0.00995430655	-0.01102206793	0.00000000000	0.22219270556
-0.00978356514	-0.01090030754	0.00000000000	0.22459706023
-0.00949959331	-0.01071285031	0.00000000000	0.22853401683
-0.00921919542	-0.01054444082	0.00000000000	0.23235518408
-0.00899642595	-0.01042137194	0.00000000000	0.23535047841
-0.00882927509	-0.01033479254	0.00000000000	0.23757720274
-0.00855280453	-0.01020164536	0.00000000000	0.24122601397
-0.00827953948	-0.01008143068	0.00000000000	0.24479637730
-0.00800895666	-0.00997261930	0.00000000000	0.24830226729
-0.00774082049	-0.00987401846	0.00000000000	0.25175293679
-0.00758070194	-0.00981921816	0.00000000000	0.25380441865
-0.00736961800	-0.00975134780	0.00000000000	0.25650054780
-0.00710749618	-0.00967356962	0.00000000000	0.25983849521
-0.00684837098	-0.00960326878	0.00000000000	0.26313112911
-0.00659269305	-0.00953984914	0.00000000000	0.26637685896
-0.00634063174	-0.00948263650	0.00000000000	0.26957774269
-0.00609256372	-0.00943003257	0.00000000000	0.27274189009
-0.00584986465	-0.00937977822	0.00000000000	0.27587272856
-0.00561378396	-0.00932970420	0.00000000000	0.27897451054
-0.00538515325	-0.00927764419	0.00000000000	0.28205534809
-0.00516342764	-0.00922056561	0.00000000000	0.28512092603
-0.00496547277	-0.00916085763	0.00000000000	0.28790903210
-0.00487675062	-0.00913097147	0.00000000000	0.28917159644
-0.00466396147	-0.00905184289	0.00000000000	0.29223045161
-0.00445297749	-0.00896385494	0.00000000000	0.29530353429
-0.00424404265	-0.00886849772	0.00000000000	0.29838267494
-0.00403684004	-0.00876631072	0.00000000000	0.30147214285
-0.00383118865	-0.00865708320	0.00000000000	0.30457894977
-0.00365014255	-0.00855417487	0.00000000000	0.30735210885
-0.00355925575	-0.00850002822	0.00000000000	0.30875917447
-0.00336201412	-0.00837653422	0.00000000000	0.31185078320
-0.00316752265	-0.00824630638	0.00000000000	0.31495599046
-0.00297609676	-0.00810934185	0.00000000000	0.31807488368
-0.00278962399	-0.00796687385	0.00000000000	0.32118118289
-0.00276540252	-0.00794767406	0.00000000000	0.32159008461
-0.00258592911	-0.00780021703	0.00000000000	0.32466258867
-0.00241097162	-0.00764928088	0.00000000000	0.32773819060
-0.00224098432	-0.00749957952	0.00000000000	0.33081519377
-0.00210590236	-0.00738137481	0.00000000000	0.33333279083
-0.00201974057	-0.00730758306	0.00000000000	0.33497652106
-0.00187396991	-0.00718560479	0.00000000000	0.33781802116
-0.00173167854	-0.00706703353	0.00000000000	0.34063565107
-0.00159094714	-0.00694686677	0.00000000000	0.34342825763
-0.00145129205	-0.00682802062	0.00000000000	0.34619465619
-0.00133728719	-0.00673786976	0.00000000000	0.34846079223
-0.00126695926	-0.00668591801	0.00000000000	0.34987001785
-0.00114509921	-0.00659847556	0.00000000000	0.35235521394
-0.00102908175	-0.00651263270	0.00000000000	0.35480596035
-0.00092005984	-0.00642265941	0.00000000000	0.35722923208
-0.00081852937	-0.00632246093	0.00000000000	0.35964724004
-0.00072601247	-0.00620546444	0.00000000000	0.36208730635
-0.00066965404	-0.00607686283	0.00000000000	0.36440314708
-0.00066598129	-0.00600159767	0.00000000000	0.36563039126
-0.00077150152	-0.00576494273	0.00000000000	0.36924425624
-0.00089718888	-0.00562931909	0.00000000000	0.37140308342
-0.00118261888	-0.00543949752	0.00000000000	0.37521184381
-0.00144864224	-0.00533021780	0.00000000000	0.37839042354
-0.00177419889	-0.00521740762	0.00000000000	0.38227552895
-0.00205725726	-0.00512671202	0.00000000000	0.38574843322
-0.00222499278	-0.00508477316	0.00000000000	0.38779390614
-0.00251139284	-0.00503214417	0.00000000000	0.39134004567
-0.00275221987	-0.00499189935	0.00000000000	0.39465413287
-0.00285309509	-0.00497432940	0.00000000000	0.39615549879
-0.00303621116	-0.00494536742	0.00000000000	0.39884843956
-0.00324714492	-0.00491726006	0.00000000000	0.40183316101
-0.00345176926	-0.00489208484	0.00000000000	0.40474395831
-0.00364625141	-0.00486828295	0.00000000000	0.40758755678
-0.00371651663	-0.00485957873	0.00000000000	0.40863197016
-0.00388708870	-0.00483793745	0.00000000000	0.41119924403
-0.00406786468	-0.00481376310	0.00000000000	0.41395922997
-0.00424650813	-0.00478803873	0.00000000000	0.41671154957
-0.00442451487	-0.00476001900	0.00000000000	0.41946257627
-0.00460315300	-0.00472897929	0.00000000000	0.42221531121
-0.00468006329	-0.00471459946	0.00000000000	0.42339391363
-0.00484500764	-0.00468150004	0.00000000000	0.42590105961
-0.00503226095	-0.00463960637	0.00000000000	0.42871068720
-0.00522505131	-0.00459064710	0.00000000000	0.43156644210
-0.00542393092	-0.00453283479	0.00000000000	0.43447728284
-0.00562440147	-0.00446593805	0.00000000000	0.43737928858
-0.00567044389	-0.00444923686	0.00000000000	0.43804163881
-0.00588943120	-0.00436264371	0.00000000000	0.44117681777
-0.00611488314	-0.00426087909	0.00000000000	0.44439612936
-0.00634688177	-0.00414210227	0.00000000000	0.44772553806
-0.00647971691	-0.00406723639	0.00000000000	0.44965002197
-0.00668563436	-0.00394044771	0.00000000000	0.45267502640
-0.00693649346	-0.00376716756	0.00000000000	0.45643402443
-0.00713603200	-0.00361402762	0.00000000000	0.45947100322
-0.00730320145	-0.00347510277	0.00000000000	0.46203874048
-0.00757488085	-0.00322868091	0.00000000000	0.46623783378
-0.00775458301	-0.00305183106	0.00000000000	0.46902025608
-0.00796757839	-0.00282557237	0.00000000000	0.47233591368
-0.00824994550	-0.00248642655	0.00000000000	0.47684346648
-0.00832378396	-0.00238797505	0.00000000000	0.47805911532
-0.00860064709	-0.00196726495	0.00000000000	0.48287518088
-0.00876569753	-0.00165950451	0.00000000000	0.48609122257
-0.00898069422	-0.00112785239	0.00000000000	0.49118801244
-0.00906719339	-0.00080228541	0.00000000000	0.49402021027
-0.00914349917	-0.00002443227	0.00000000000	0.49989518236
-0.00906852845	0.00080202105	0.00000000000	0.50577051475
-0.00898246587	0.00114816338	0.00000000000	0.50856342608
-0.00875873000	0.00167678230	0.00000000000	0.51368294164
-0.00859421692	0.00196554866	0.00000000000	0.51685949764
-0.00832268787	0.00237586700	0.00000000000	0.52170435558
-0.00825988814	0.00246155942	0.00000000000	0.52277246380
-0.00798515633	0.00280391321	0.00000000000	0.52727450546
-0.00776994993	0.00304078123	0.00000000000	0.53065106030
-0.00759240968	0.00321883579	0.00000000000	0.53336456007
-0.00731189663	0.00347250763	0.00000000000	0.53755728714
-0.00713125454	0.00361990280	0.00000000000	0.54021536877
-0.00693004100	0.00377077039	0.00000000000	0.54315369377
-0.00667269922	0.00394478754	0.00000000000	0.54689907027
-0.00645658346	0.00407550322	0.00000000000	0.55005299957
-0.00633910719	0.00414087940	0.00000000000	0.55177726899
-0.00611396529	0.00425535892	0.00000000000	0.55510578610
-0.00589772963	0.00435251462	0.00000000000	0.55832802678
-0.00568817382	0.00443545106	0.00000000000	0.56146926131
-0.00561744486	0.00446109356	0.00000000000	0.56253267281
-0.00543243144	0.00452291016	0.00000000000	0.56531979566
-0.00523991814	0.00457971188	0.00000000000	0.56822497644
-0.00505082023	0.00462878044	0.00000000000	0.57107948148
-0.00486392782	0.00467149170	0.00000000000	0.57389744509
-0.00468908589	0.00470693297	0.00000000000	0.57652725904
-0.00463019094	0.00471800529	0.00000000000	0.57741112377
-0.00444666799	0.00475008740	0.00000000000	0.58015715017
-0.00426184619	0.00477928467	0.00000000000	0.58290737543
-0.00407595256	0.00480627027	0.00000000000	0.58565474881
-0.00388844662	0.00483183930	0.00000000000	0.58840363326
-0.00370221592	0.00485633199	0.00000000000	0.59110869941
-0.00366272599	0.00486147730	0.00000000000	0.59167883116
-0.00346468943	0.00488737277	0.00000000000	0.59451837335
-0.00325923704	0.00491500590	0.00000000000	0.59742764495
-0.00304588558	0.00494537852	0.00000000000	0.60040657552
-0.00284017443	0.00497703555	0.00000000000	0.60323589591
-0.00275299169	0.00499131976	0.00000000000	0.60442183475
-0.00250693248	0.00503492630	0.00000000000	0.60772549816
-0.00223827580	0.00508892537	0.00000000000	0.61125759910
-0.00206206251	0.00512849389	0.00000000000	0.61353084171
-0.00180104227	0.00519669539	0.00000000000	0.61682191600
-0.00146727676	0.00531089406	0.00000000000	0.62085957299
-0.00121346694	0.00542442742	0.00000000000	0.62379260079
-0.00089422424	0.00562834914	0.00000000000	0.62779097947
-0.00076548739	0.00576752778	0.00000000000	0.63002774443
-0.00066888601	0.00600683437	0.00000000000	0.63361712423
-0.00066832908	0.00607972782	0.00000000000	0.63477499303
-0.00071391494	0.00620761936	0.00000000000	0.63710180711
-0.00081156672	0.00631654155	0.00000000000	0.63953736040
-0.00092367999	0.00641427288	0.00000000000	0.64195142258
-0.00103497059	0.00650919505	0.00000000000	0.64437213020
-0.00114988833	0.00660061922	0.00000000000	0.64682140641
-0.00127026596	0.00668986749	0.00000000000	0.64930548501
-0.00134703651	0.00674605839	0.00000000000	0.65086354738
-0.00145353399	0.00682617928	0.00000000000	0.65301061911
-0.00159131479	0.00693531834	0.00000000000	0.65577464035
-0.00173150793	0.00705146213	0.00000000000	0.65856484941
-0.00187456119	0.00717370002	0.00000000000	0.66138141679
-0.00202077781	0.00730091540	0.00000000000	0.66422126928
-0.00211729852	0.00738539438	0.00000000000	0.66607123656
-0.00224113396	0.00749358608	0.00000000000	0.66841309382
-0.00240680953	0.00763668731	0.00000000000	0.67148622068
-0.00257644147	0.00777963338	0.00000000000	0.67455688785
-0.00275061042	0.00792104114	0.00000000000	0.67762605415
-0.00281784477	0.00797388252	0.00000000000	0.67878766038
-0.00298902527	0.00810345927	0.00000000000	0.68168705107
-0.00317742663	0.00823789037	0.00000000000	0.68480310373
-0.00336737138	0.00836525610	0.00000000000	0.68790577869
-0.00355675121	0.00848422734	0.00000000000	0.69099648843
-0.00367428615	0.00855396344	0.00000000000	0.69291121523
-0.00382564940	0.00863914286	0.00000000000	0.69534799402
-0.00402398445	0.00874325893	0.00000000000	0.69845173972
-0.00423093502	0.00884381871	0.00000000000	0.70154041598
-0.00444991633	0.00894272692	0.00000000000	0.70461827476
-0.00467538126	0.00903700525	0.00000000000	0.70768880848
-0.00489253562	0.00911872898	0.00000000000	0.71074855956
-0.00504598938	0.00916857635	0.00000000000	0.71310757666
-0.00516609188	0.00920202702	0.00000000000	0.71505367647
-0.00536618180	0.00925108229	0.00000000000	0.71812077161
-0.00559105608	0.00930228002	0.00000000000	0.72120153801
-0.00583499604	0.00935592967	0.00000000000	0.72430503598
-0.00609109052	0.00941196863	0.00000000000	0.72743884584
-0.00635195528	0.00947031431	0.00000000000	0.73060925527
-0.00660927289	0.00953076388	0.00000000000	0.73381375583
-0.00686225636	0.00959447786	0.00000000000	0.73705862194
-0.00711738037	0.00966390653	0.00000000000	0.74034967083
-0.00737761282	0.00974069585	0.00000000000	0.74368531859
-0.00762542368	0.00982003461	0.00000000000	0.74684869581
-0.00772072417	0.00985229445	0.00000000000	0.74806360941
-0.00799187931	0.00994984663	0.00000000000	0.75152078838
-0.00826620159	0.01005799701	0.00000000000	0.75502744562
-0.00854365564	0.01017820126	0.00000000000	0.75859483698
-0.00882481621	0.01031248467	0.00000000000	0.76224365780
-0.00901734790	0.01041251810	0.00000000000	0.76476900595
-0.00922521678	0.01052870222	0.00000000000	0.76752642540
-0.00950925654	0.01070281326	0.00000000000	0.77135857337
-0.00979480606	0.01089830708	0.00000000000	0.77530508425
-0.00997039266	0.01103021090	0.00000000000	0.77778945643
-0.01019358716	0.01121266974	0.00000000000	0.78102413417
-0.01047695622	0.01147354546	0.00000000000	0.78528117522
-0.01067032447	0.01167552551	0.00000000000	0.78830458926
-0.01087658893	0.01191851243	0.00000000000	0.79165850264
-0.01115893917	0.01231724342	0.00000000000	0.79639804669
-0.01122439566	0.01242366075	0.00000000000	0.79749808530
-0.01153090164	0.01300785432	0.00000000000	0.80290060703
-0.01159585430	0.01315699720	0.00000000000	0.80422461087
-0.01181451686	0.01379403625	0.00000000000	0.80989222487
-0.01189151756	0.01410143827	0.00000000000	0.81259050298
-0.01198717730	0.01471330686	0.00000000000	0.81764151626
-0.01198525268	0.01555714972	0.00000000000	0.82350963286
-0.01183937922	0.01652819108	0.00000000000	0.82964588330
-0.01157844218	0.01733656984	0.00000000000	0.83556205619
-0.01141906002	0.01766146470	0.00000000000	0.83843327043
-0.01105712921	0.01826691402	0.00000000000	0.84428514776
-0.01075934111	0.01869882027	0.00000000000	0.84863932432
-0.01047839227	0.01905485181	0.00000000000	0.85235337813
-0.01001518863	0.01955415123	0.00000000000	0.85789857368
-0.00957680245	0.01994493124	0.00000000000	0.86274551208
-0.00924999854	0.02019742093	0.00000000000	0.86609333321
-0.00855392173	0.02068043241	0.00000000000	0.87228441606
-0.00789878379	0.02103779916	0.00000000000	0.87769869536
-0.00767282993	0.02111348245	0.00000000000	0.87969676576
-0.00717799841	0.02117443608	0.00000000000	0.88444175567
-0.00673818723	0.02118861923	0.00000000000	0.88870287020
-0.00633828547	0.02120283428	0.00000000000	0.89257830189
-0.00600235779	0.02118703848	0.00000000000	0.89615415081
-0.00574786342	0.02112440010	0.00000000000	0.89942822953
-0.00570801548	0.02110832971	0.00000000000	0.90001038662
-0.00551506885	0.02101543210	0.00000000000	0.90299816471
-0.00534097416	0.02091854541	0.00000000000	0.90585008801
-0.00518303743	0.02082002074	0.00000000000	0.90858036362
-0.00503963493	0.02072119991	0.00000000000	0.91120057098
-0.00490939643	0.02062314773	0.00000000000	0.91372029587
-0.00479114906	0.02052671368	0.00000000000	0.91614757865
-0.00468387417	0.02043257468	0.00000000000	0.91848929377
-0.00458667563	0.02034126677	0.00000000000	0.92075143759
-0.00449877459	0.02025322794	0.00000000000	0.92293888725
-0.00441960451	0.02016894619	0.00000000000	0.92505228958
-0.00434835590	0.02008850371	0.00000000000	0.92709994900
-0.00428432553	0.02001194202	0.00000000000	0.92908889760
-0.00422653611	0.01993910911	0.00000000000	0.93101874517
-0.00417349903	0.01986935406	0.00000000000	0.93289209408
-0.00412393893	0.01980212978	0.00000000000	0.93471055543
-0.00407674369	0.01973693612	0.00000000000	0.93647650495
-0.00403108375	0.01967335310	0.00000000000	0.93819334176
-0.00398949354	0.01961220728	0.00000000000	0.93986279363
-0.00395674848	0.01955529430	0.00000000000	0.94148624001
-0.00392841555	0.01950453627	0.00000000000	0.94306550268
-0.00389802043	0.01946653437	0.00000000000	0.94441485654
-0.00387195925	0.01944251509	0.00000000000	0.94534695572
-0.00381066167	0.01939239706	0.00000000000	0.94724155488
-0.00374576836	0.01933937812	0.00000000000	0.94907463840
-0.00368191449	0.01928641164	0.00000000000	0.95084723650
-0.00362271257	0.01923613667	0.00000000000	0.95256117497
-0.00356924277	0.01918941634	0.00000000000	0.95421765461
-0.00352056159	0.01914568458	0.00000000000	0.95581892115
-0.00347580335	0.01910442043	0.00000000000	0.95736685562
-0.00343445256	0.01906535552	0.00000000000	0.95886255829
-0.00339623657	0.01902838783	0.00000000000	0.96030771369
-0.00336089907	0.01899341001	0.00000000000	0.96170452522
-0.00332821201	0.01896032457	0.00000000000	0.96305486430
-0.00329797394	0.01892904507	0.00000000000	0.96436020000
-0.00326999701	0.01889948502	0.00000000000	0.96562205088
-0.00324410609	0.01887155822	0.00000000000	0.96684198916
-0.00322013964	0.01884518103	0.00000000000	0.96802155873
-0.00319794837	0.01882027209	0.00000000000	0.96916229430
-0.00317739451	0.01879675275	0.00000000000	0.97026571023
-0.00315835329	0.01877454993	0.00000000000	0.97133316700
-0.00314071076	0.01875359476	0.00000000000	0.97236592408
-0.00312436027	0.01873381941	0.00000000000	0.97336529759
-0.00310920380	0.01871515931	0.00000000000	0.97433255295
-0.00309515292	0.01869755534	0.00000000000	0.97526878665
-0.00308212434	0.01868094894	0.00000000000	0.97617517512
-0.00307004186	0.01866528511	0.00000000000	0.97705281664
-0.00305883763	0.01865051486	0.00000000000	0.97790258243
-0.00304844610	0.01863658780	0.00000000000	0.97872552840
-0.00303880640	0.01862345551	0.00000000000	0.97952271353
-0.00302986494	0.01861107569	0.00000000000	0.98029493977
-0.00302157129	0.01859940714	0.00000000000	0.98104303695
-0.00301387532	0.01858840834	0.00000000000	0.98176788362
-0.00300672892	0.01857803965	0.00000000000	0.98247028018
-0.00300008854	0.01856826453	0.00000000000	0.98315094664
-0.00299391374	0.01855904771	0.00000000000	0.98381063873
-0.00298816763	0.01855035626	0.00000000000	0.98445007319
-0.00298281707	0.01854216011	0.00000000000	0.98506987240
-0.00297783089	0.01853442977	0.00000000000	0.98567072759
-0.00297318092	0.01852713806	0.00000000000	0.98625326656
-0.00296884164	0.01852025996	0.00000000000	0.98681804778
-0.00296478925	0.01851377126	0.00000000000	0.98736566610
-0.00296100215	0.01850764958	0.00000000000	0.98789666116
-0.00295746040	0.01850187370	0.00000000000	0.98841156727
-0.00295414557	0.01849642342	0.00000000000	0.98891092147
-0.00295104103	0.01849128025	0.00000000000	0.98939519449
-0.00294813130	0.01848642650	0.00000000000	0.98986486728
-0.00294540227	0.01848184554	0.00000000000	0.99032040277
-0.00294284260	0.01847752244	0.00000000000	0.99076224259
-0.00294044329	0.01847344356	0.00000000000	0.99119081835
-0.00293819586	0.01846959612	0.00000000000	0.99160653256
-0.00293609207	0.01846596774	0.00000000000	0.99200979518
-0.00293412416	0.01846254674	0.00000000000	0.99240098976
-0.00293228471	0.01845932208	0.00000000000	0.99278048312
-0.00293056662	0.01845628315	0.00000000000	0.99314863936
-0.00292896313	0.01845341992	0.00000000000	0.99350580578
-0.00292746778	0.01845072285	0.00000000000	0.99385231865
-0.00292607354	0.01844818246	0.00000000000	0.99418850386
-0.00292477303	0.01844578942	0.00000000000	0.99451467746
-0.00292355939	0.01844353493	0.00000000000	0.99483114660
-0.00292242629	0.01844141075	0.00000000000	0.99513821065
-0.00292136788	0.01843940909	0.00000000000	0.99543616203
-0.00292037876	0.01843752265	0.00000000000	0.99572528647
-0.00291945393	0.01843574456	0.00000000000	0.99600586081
-0.00291858880	0.01843406841	0.00000000000	0.99627814893
-0.00291777917	0.01843248824	0.00000000000	0.99654239528
-0.00291702120	0.01843099857	0.00000000000	0.99679881507
-0.00291631141	0.01842959438	0.00000000000	0.99704758927
-0.00291564664	0.01842827105	0.00000000000	0.99728887437
-0.00291502393	0.01842702419	0.00000000000	0.99752282232
-0.00291444040	0.01842584940	0.00000000000	0.99774962845
-0.00291389321	0.01842474215	0.00000000000	0.99796955682
-0.00291337959	0.01842369795	0.00000000000	0.99818292330
-0.00291289697	0.01842271252	0.00000000000	0.99839004827
-0.00291244309	0.01842178211	0.00000000000	0.99859119737
-0.00291201601	0.01842090350	0.00000000000	0.99878656023
-0.00291161407	0.01842007395	0.00000000000	0.99897626126
-0.00291123576	0.01841929097	0.00000000000	0.99916039017
-0.00291087968	0.01841855217	0.00000000000	0.99933904123
-0.00291054437	0.01841785503	0.00000000000	0.99951236472
-0.00291022838	0.01841719693	0.00000000000	0.99968057514
-0.00290993099	0.01841657674	0.00000000000	0.99984352689
-0.00290965338	0.01841599725	0.00000000000	1.00000000000
