 -2.90949568545124e-03  -1.84159682226139e-02   0.00000000000000e+00   0.00000000000000e+00 
 -2.91394637411941e-03  -1.84255174547745e-02   0.00000000000000e+00   2.18340611353712e-03 
 -2.92036832549315e-03  -1.84382086775333e-02   0.00000000000000e+00   4.36681222707424e-03 
 -2.92887502439982e-03  -1.84539826469604e-02   0.00000000000000e+00   6.55021834061135e-03 
 -2.93957995566677e-03  -1.84727801191255e-02   0.00000000000000e+00   8.73362445414847e-03 
 -2.95259660412136e-03  -1.84945418500986e-02   0.00000000000000e+00   1.09170305676856e-02 
 -2.96803845459094e-03  -1.85192085959496e-02   0.00000000000000e+00   1.31004366812227e-02 
 -2.98601899190288e-03  -1.85467211127483e-02   0.00000000000000e+00   1.52838427947598e-02 
 -3.00665170088454e-03  -1.85770201565648e-02   0.00000000000000e+00   1.74672489082969e-02 
 -3.03005006636326e-03  -1.86100464834689e-02   0.00000000000000e+00   1.96506550218341e-02 
 -3.05632757316641e-03  -1.86457408495305e-02   0.00000000000000e+00   2.18340611353712e-02 
 -3.08559770612135e-03  -1.86840440108195e-02   0.00000000000000e+00   2.40174672489083e-02 
 -3.11797395005543e-03  -1.87248967234058e-02   0.00000000000000e+00   2.62008733624454e-02 
 -3.15356978979600e-03  -1.87682397433593e-02   0.00000000000000e+00   2.83842794759825e-02 
 -3.19249871017044e-03  -1.88140138267500e-02   0.00000000000000e+00   3.05676855895196e-02 
 -3.23488157457362e-03  -1.88621534859601e-02   0.00000000000000e+00   3.27510917030568e-02 
 -3.28091884734047e-03  -1.89125258756638e-02   0.00000000000000e+00   3.49344978165939e-02 
 -3.33085956052205e-03  -1.89649570529042e-02   0.00000000000000e+00   3.71179039301310e-02 
 -3.38495343912277e-03  -1.90192724883526e-02   0.00000000000000e+00   3.93013100436681e-02 
 -3.44345020814704e-03  -1.90752976526805e-02   0.00000000000000e+00   4.14847161572052e-02 
 -3.50659959259928e-03  -1.91328580165591e-02   0.00000000000000e+00   4.36681222707424e-02 
 -3.57465131748393e-03  -1.91917790506597e-02   0.00000000000000e+00   4.58515283842795e-02 
 -3.64773181648560e-03  -1.92518954290426e-02   0.00000000000000e+00   4.80349344978166e-02 
 -3.72350829685625e-03  -1.93132254008753e-02   0.00000000000000e+00   5.02183406113537e-02 
 -3.79738131779650e-03  -1.93759564149378e-02   0.00000000000000e+00   5.24017467248908e-02 
 -3.86466674316724e-03  -1.94402822423054e-02   0.00000000000000e+00   5.45851528384279e-02 
 -3.92203227933693e-03  -1.95064794806654e-02   0.00000000000000e+00   5.67685589519651e-02 
 -3.97237059044916e-03  -1.95752061272816e-02   0.00000000000000e+00   5.89519650655022e-02 
 -4.02036496721591e-03  -1.96472298900764e-02   0.00000000000000e+00   6.11353711790393e-02 
 -4.07065710573444e-03  -1.97233037942356e-02   0.00000000000000e+00   6.33187772925764e-02 
 -4.12599733622492e-03  -1.98035153450862e-02   0.00000000000000e+00   6.55021834061135e-02 
 -4.18651158343459e-03  -1.98870285915364e-02   0.00000000000000e+00   6.76855895196506e-02 
 -4.25213245998098e-03  -1.99729395612493e-02   0.00000000000000e+00   6.98689956331878e-02 
 -4.32279257848163e-03  -2.00603442818883e-02   0.00000000000000e+00   7.20524017467249e-02 
 -4.39842455155405e-03  -2.01483387811166e-02   0.00000000000000e+00   7.42358078602620e-02 
 -4.47896099181579e-03  -2.02360190865974e-02   0.00000000000000e+00   7.64192139737991e-02 
 -4.56433535357671e-03  -2.03224833749114e-02   0.00000000000000e+00   7.86026200873362e-02 
 -4.65462328807285e-03  -2.04071928643514e-02   0.00000000000000e+00   8.07860262008734e-02 
 -4.75020152455057e-03  -2.04903774528114e-02   0.00000000000000e+00   8.29694323144105e-02 
 -4.85148513465480e-03  -2.05723649298234e-02   0.00000000000000e+00   8.51528384279476e-02 
 -4.95888919003052e-03  -2.06534830849195e-02   0.00000000000000e+00   8.73362445414847e-02 
 -5.07282876232266e-03  -2.07340597076318e-02   0.00000000000000e+00   8.95196506550218e-02 
 -5.19371892317618e-03  -2.08144225874924e-02   0.00000000000000e+00   9.17030567685589e-02 
 -5.32197477090644e-03  -2.08948993629460e-02   0.00000000000000e+00   9.38864628820961e-02 
 -5.45814232887777e-03  -2.09750759853560e-02   0.00000000000000e+00   9.60698689956332e-02 
 -5.60320210812466e-03  -2.10520770444545e-02   0.00000000000000e+00   9.82532751091703e-02 
 -5.75822463231966e-03  -2.11225172106620e-02   0.00000000000000e+00   1.00436681222707e-01 
 -5.92428042513533e-03  -2.11830111543993e-02   0.00000000000000e+00   1.02620087336245e-01 
 -6.10244001024422e-03  -2.12301735460869e-02   0.00000000000000e+00   1.04803493449782e-01 
 -6.29377391131888e-03  -2.12606190561453e-02   0.00000000000000e+00   1.06986899563319e-01 
 -6.49935265203186e-03  -2.12709623549952e-02   0.00000000000000e+00   1.09170305676856e-01 
 -6.71974693375243e-03  -2.12585121624333e-02   0.00000000000000e+00   1.11353711790393e-01 
 -6.95287505301134e-03  -2.12242603070547e-02   0.00000000000000e+00   1.13537117903930e-01 
 -7.19577884972184e-03  -2.11704156583201e-02   0.00000000000000e+00   1.15720524017467e-01 
 -7.44549961046565e-03  -2.10991878540419e-02   0.00000000000000e+00   1.17903930131004e-01 
 -7.69907862182447e-03  -2.10127865320327e-02   0.00000000000000e+00   1.20087336244541e-01 
 -7.95355717038004e-03  -2.09134213301048e-02   0.00000000000000e+00   1.22270742358079e-01 
 -8.20597654271406e-03  -2.08033018860706e-02   0.00000000000000e+00   1.24454148471616e-01 
 -8.45356904149934e-03  -2.06844698770267e-02   0.00000000000000e+00   1.26637554585153e-01 
 -8.69522951686800e-03  -2.05575050997637e-02   0.00000000000000e+00   1.28820960698690e-01 
 -8.93070885402697e-03  -2.04222346382339e-02   0.00000000000000e+00   1.31004366812227e-01 
 -9.15976501285324e-03  -2.02784793556224e-02   0.00000000000000e+00   1.33187772925764e-01 
 -9.38215595322379e-03  -2.01260601151141e-02   0.00000000000000e+00   1.35371179039301e-01 
 -9.59763963501559e-03  -1.99647977798943e-02   0.00000000000000e+00   1.37554585152838e-01 
 -9.80597401810563e-03  -1.97945132131479e-02   0.00000000000000e+00   1.39737991266376e-01 
 -1.00069170623709e-02  -1.96150272780600e-02   0.00000000000000e+00   1.41921397379913e-01 
 -1.02002267276883e-02  -1.94261608378156e-02   0.00000000000000e+00   1.44104803493450e-01 
 -1.03856609739349e-02  -1.92277347555998e-02   0.00000000000000e+00   1.46288209606987e-01 
 -1.05629777609877e-02  -1.90195698945978e-02   0.00000000000000e+00   1.48471615720524e-01 
 -1.07319350487236e-02  -1.88014871179944e-02   0.00000000000000e+00   1.50655021834061e-01 
 -1.08922907970196e-02  -1.85733072889748e-02   0.00000000000000e+00   1.52838427947598e-01 
 -1.10438029657526e-02  -1.83348512707241e-02   0.00000000000000e+00   1.55021834061135e-01 
 -1.11862240588134e-02  -1.80859589125498e-02   0.00000000000000e+00   1.57205240174672e-01 
 -1.13191348676363e-02  -1.78270676007635e-02   0.00000000000000e+00   1.59388646288210e-01 
 -1.14419140258413e-02  -1.75593182045656e-02   0.00000000000000e+00   1.61572052401747e-01 
 -1.15539285710890e-02  -1.72838919455860e-02   0.00000000000000e+00   1.63755458515284e-01 
 -1.16545455410401e-02  -1.70019700454544e-02   0.00000000000000e+00   1.65938864628821e-01 
 -1.17431319733553e-02  -1.67147337258007e-02   0.00000000000000e+00   1.68122270742358e-01 
 -1.18190549056951e-02  -1.64233642082549e-02   0.00000000000000e+00   1.70305676855895e-01 
 -1.18816813757204e-02  -1.61290427144466e-02   0.00000000000000e+00   1.72489082969432e-01 
 -1.19303784210917e-02  -1.58329504660058e-02   0.00000000000000e+00   1.74672489082969e-01 
 -1.19645130794697e-02  -1.55362686845623e-02   0.00000000000000e+00   1.76855895196507e-01 
 -1.19834523885151e-02  -1.52401785917459e-02   0.00000000000000e+00   1.79039301310044e-01 
 -1.19865633858886e-02  -1.49458614091865e-02   0.00000000000000e+00   1.81222707423581e-01 
 -1.19732131092507e-02  -1.46544983585140e-02   0.00000000000000e+00   1.83406113537118e-01 
 -1.19427685962623e-02  -1.43672706613581e-02   0.00000000000000e+00   1.85589519650655e-01 
 -1.18945978355208e-02  -1.40853595732056e-02   0.00000000000000e+00   1.87772925764192e-01 
 -1.18287582449061e-02  -1.38099708957999e-02   0.00000000000000e+00   1.89956331877729e-01 
 -1.17472119689911e-02  -1.35423782462663e-02   0.00000000000000e+00   1.92139737991266e-01 
 -1.16522473237193e-02  -1.32838668546491e-02   0.00000000000000e+00   1.94323144104803e-01 
 -1.15461526250343e-02  -1.30357219509921e-02   0.00000000000000e+00   1.96506550218341e-01 
 -1.14312161888797e-02  -1.27992287653395e-02   0.00000000000000e+00   1.98689956331878e-01 
 -1.13097263311991e-02  -1.25756725277354e-02   0.00000000000000e+00   2.00873362445415e-01 
 -1.11839713679361e-02  -1.23663384682237e-02   0.00000000000000e+00   2.03056768558952e-01 
 -1.10558528723019e-02  -1.21720985030815e-02   0.00000000000000e+00   2.05240174672489e-01 
 -1.09255733121064e-02  -1.19920087066946e-02   0.00000000000000e+00   2.07423580786026e-01 
 -1.07928686778137e-02  -1.18246266269276e-02   0.00000000000000e+00   2.09606986899563e-01 
 -1.06574749469064e-02  -1.16685097977713e-02   0.00000000000000e+00   2.11790393013100e-01 
 -1.05191280968668e-02  -1.15222157532167e-02   0.00000000000000e+00   2.13973799126638e-01 
 -1.03775641051774e-02  -1.13843020272544e-02   0.00000000000000e+00   2.16157205240175e-01 
 -1.02325189493205e-02  -1.12533261538755e-02   0.00000000000000e+00   2.18340611353712e-01 
 -1.00837807661483e-02  -1.11279726676952e-02   0.00000000000000e+00   2.20524017467249e-01 
 -9.93150807864221e-03  -1.10078279407175e-02   0.00000000000000e+00   2.22707423580786e-01 
 -9.77601968648111e-03  -1.08928685958413e-02   0.00000000000000e+00   2.24890829694323e-01 
 -9.61763503035584e-03  -1.07830728167380e-02   0.00000000000000e+00   2.27074235807860e-01 
 -9.45667355095719e-03  -1.06784187870786e-02   0.00000000000000e+00   2.29257641921397e-01 
 -9.29345468897596e-03  -1.05788846905346e-02   0.00000000000000e+00   2.31441048034934e-01 
 -9.12829788510295e-03  -1.04844487107770e-02   0.00000000000000e+00   2.33624454148472e-01 
 -8.96152515036354e-03  -1.03950769314425e-02   0.00000000000000e+00   2.35807860262009e-01 
 -8.79348953435661e-03  -1.03105893198533e-02   0.00000000000000e+00   2.37991266375546e-01 
 -8.62456467572442e-03  -1.02307089189309e-02   0.00000000000000e+00   2.40174672489083e-01 
 -8.45512458252030e-03  -1.01551570325677e-02   0.00000000000000e+00   2.42358078602620e-01 
 -8.28554326279753e-03  -1.00836549646562e-02   0.00000000000000e+00   2.44541484716157e-01 
 -8.11619472460942e-03  -1.00159240190890e-02   0.00000000000000e+00   2.46724890829694e-01 
 -7.94745297600927e-03  -9.95168549975844e-03   0.00000000000000e+00   2.48908296943231e-01 
 -7.77967500026996e-03  -9.89066509351401e-03   0.00000000000000e+00   2.51091703056769e-01 
 -7.61282621071453e-03  -9.83268929521201e-03   0.00000000000000e+00   2.53275109170306e-01 
 -7.44648045071624e-03  -9.77768540771584e-03   0.00000000000000e+00   2.55458515283843e-01 
 -7.28019453886788e-03  -9.72558511684570e-03   0.00000000000000e+00   2.57641921397380e-01 
 -7.11352529376229e-03  -9.67632010842182e-03   0.00000000000000e+00   2.59825327510917e-01 
 -6.94602953399226e-03  -9.62982206826441e-03   0.00000000000000e+00   2.62008733624454e-01 
 -6.77726407815062e-03  -9.58602268219369e-03   0.00000000000000e+00   2.64192139737991e-01 
 -6.60679416206278e-03  -9.54484930641551e-03   0.00000000000000e+00   2.66375545851528e-01 
 -6.43465415421152e-03  -9.50598798700667e-03   0.00000000000000e+00   2.68558951965065e-01 
 -6.26158565401478e-03  -9.46876098810383e-03   0.00000000000000e+00   2.70742358078603e-01 
 -6.08838882737533e-03  -9.43246044870574e-03   0.00000000000000e+00   2.72925764192140e-01 
 -5.91586384019590e-03  -9.39637850781115e-03   0.00000000000000e+00   2.75109170305677e-01 
 -5.74481085837923e-03  -9.35980730441882e-03   0.00000000000000e+00   2.77292576419214e-01 
 -5.57603004782806e-03  -9.32203897752752e-03   0.00000000000000e+00   2.79475982532751e-01 
 -5.41032041627796e-03  -9.28236611458355e-03   0.00000000000000e+00   2.81659388646288e-01 
 -5.24819138677490e-03  -9.24019343153460e-03   0.00000000000000e+00   2.83842794759825e-01 
 -5.08948317621129e-03  -9.19518476397721e-03   0.00000000000000e+00   2.86026200873362e-01 
 -4.93394176098734e-03  -9.14704043785267e-03   0.00000000000000e+00   2.88209606986900e-01 
 -4.78131311750326e-03  -9.09546077910229e-03   0.00000000000000e+00   2.90393013100437e-01 
 -4.63134322215924e-03  -9.04014611366738e-03   0.00000000000000e+00   2.92576419213974e-01 
 -4.48377805135548e-03  -8.98079676748921e-03   0.00000000000000e+00   2.94759825327511e-01 
 -4.33836358060211e-03  -8.91711306952891e-03   0.00000000000000e+00   2.96943231441048e-01 
 -4.19481380187416e-03  -8.84890385887121e-03   0.00000000000000e+00   2.99126637554585e-01 
 -4.05272620974826e-03  -8.77637321381044e-03   0.00000000000000e+00   3.01310043668122e-01 
 -3.91167178218696e-03  -8.69981517521274e-03   0.00000000000000e+00   3.03493449781659e-01 
 -3.77122149715282e-03  -8.61952378394428e-03   0.00000000000000e+00   3.05676855895196e-01 
 -3.63094633260839e-03  -8.53579308087121e-03   0.00000000000000e+00   3.07860262008734e-01 
 -3.49041726651623e-03  -8.44891710685968e-03   0.00000000000000e+00   3.10043668122271e-01 
 -3.34920527683890e-03  -8.35918990277587e-03   0.00000000000000e+00   3.12227074235808e-01 
 -3.20708346730189e-03  -8.26688843599990e-03   0.00000000000000e+00   3.14410480349345e-01 
 -3.06500528537172e-03  -8.17218997072688e-03   0.00000000000000e+00   3.16593886462882e-01 
 -2.92435141227040e-03  -8.07523568287970e-03   0.00000000000000e+00   3.18777292576419e-01 
 -2.78650311850786e-03  -7.97616669860435e-03   0.00000000000000e+00   3.20960698689956e-01 
 -2.65284167459406e-03  -7.87512414404682e-03   0.00000000000000e+00   3.23144104803493e-01 
 -2.52474835103893e-03  -7.77224914535307e-03   0.00000000000000e+00   3.25327510917031e-01 
 -2.40360441835243e-03  -7.66768282866910e-03   0.00000000000000e+00   3.27510917030568e-01 
 -2.29053602872300e-03  -7.56163613333414e-03   0.00000000000000e+00   3.29694323144105e-01 
 -2.18420124752515e-03  -7.45499539126894e-03   0.00000000000000e+00   3.31877729257642e-01 
 -2.08187414368319e-03  -7.34902566537318e-03   0.00000000000000e+00   3.34061135371179e-01 
 -1.98081350040959e-03  -7.24499620148552e-03   0.00000000000000e+00   3.36244541484716e-01 
 -1.87827810091680e-03  -7.14417624544456e-03   0.00000000000000e+00   3.38427947598253e-01 
 -1.77152672841728e-03  -7.04783504308894e-03   0.00000000000000e+00   3.40611353711790e-01 
 -1.65781816612349e-03  -6.95724184025729e-03   0.00000000000000e+00   3.42794759825327e-01 
 -1.53466029951328e-03  -6.87353959659188e-03   0.00000000000000e+00   3.44978165938865e-01 
 -1.40390373106154e-03  -6.79566966505535e-03   0.00000000000000e+00   3.47161572052402e-01 
 -1.27108775865452e-03  -6.72070335815819e-03   0.00000000000000e+00   3.49344978165939e-01 
 -1.14186888467371e-03  -6.64565256980271e-03   0.00000000000000e+00   3.51528384279476e-01 
 -1.02190361150059e-03  -6.56752919389121e-03   0.00000000000000e+00   3.53711790393013e-01 
 -9.16848441516677e-04  -6.48334512432602e-03   0.00000000000000e+00   3.55895196506550e-01 
 -8.32359877103444e-04  -6.39011225500944e-03   0.00000000000000e+00   3.58078602620087e-01 
 -7.74026067737388e-04  -6.28492174343372e-03   0.00000000000000e+00   3.60262008733624e-01 
 -7.44873500109871e-04  -6.16783530976860e-03   0.00000000000000e+00   3.62445414847162e-01 
 -7.44655219446842e-04  -6.04271063167705e-03   0.00000000000000e+00   3.64628820960699e-01 
 -7.72910874262653e-04  -5.91365284652306e-03   0.00000000000000e+00   3.66812227074236e-01 
 -8.29180113071654e-04  -5.78476709167065e-03   0.00000000000000e+00   3.68995633187773e-01 
 -9.13002584388193e-04  -5.66015850448381e-03   0.00000000000000e+00   3.71179039301310e-01 
 -1.02391793672662e-03  -5.54393222232655e-03   0.00000000000000e+00   3.73362445414847e-01 
 -1.16145173910916e-03  -5.44017830920740e-03   0.00000000000000e+00   3.75545851528384e-01 
 -1.32342594201124e-03  -5.35116295312055e-03   0.00000000000000e+00   3.77729257641921e-01 
 -1.50435381525952e-03  -5.27561010352006e-03   0.00000000000000e+00   3.79912663755459e-01 
 -1.69836848239336e-03  -5.21183672926175e-03   0.00000000000000e+00   3.82096069868996e-01 
 -1.89960306695211e-03  -5.15815979920143e-03   0.00000000000000e+00   3.84279475982533e-01 
 -2.10219069247514e-03  -5.11289628219493e-03   0.00000000000000e+00   3.86462882096070e-01 
 -2.30026448250181e-03  -5.07436314709805e-03   0.00000000000000e+00   3.88646288209607e-01 
 -2.48795874348361e-03  -5.04087753289191e-03   0.00000000000000e+00   3.90829694323144e-01 
 -2.66128147088823e-03  -5.01102605070220e-03   0.00000000000000e+00   3.93013100436681e-01 
 -2.82191097142611e-03  -4.98421081034091e-03   0.00000000000000e+00   3.95196506550218e-01 
 -2.97259407196147e-03  -4.95998759515653e-03   0.00000000000000e+00   3.97379912663755e-01 
 -3.11607759935849e-03  -4.93791218849754e-03   0.00000000000000e+00   3.99563318777293e-01 
 -3.25510838048140e-03  -4.91754037371239e-03   0.00000000000000e+00   4.01746724890830e-01 
 -3.39243324219439e-03  -4.89842793414959e-03   0.00000000000000e+00   4.03930131004367e-01 
 -3.53079901136167e-03  -4.88013065315760e-03   0.00000000000000e+00   4.06113537117904e-01 
 -3.67245734872425e-03  -4.86220951848768e-03   0.00000000000000e+00   4.08296943231441e-01 
 -3.81726976648607e-03  -4.84425063935060e-03   0.00000000000000e+00   4.10480349344978e-01 
 -3.96437754855512e-03  -4.82584769485735e-03   0.00000000000000e+00   4.12663755458515e-01 
 -4.11292183212352e-03  -4.80659436566097e-03   0.00000000000000e+00   4.14847161572052e-01 
 -4.26204375438339e-03  -4.78608433241450e-03   0.00000000000000e+00   4.17030567685589e-01 
 -4.41088445252684e-03  -4.76391127577098e-03   0.00000000000000e+00   4.19213973799127e-01 
 -4.55858506374600e-03  -4.73966887638345e-03   0.00000000000000e+00   4.21397379912664e-01 
 -4.70441315899249e-03  -4.71295445767081e-03   0.00000000000000e+00   4.23580786026201e-01 
 -4.84862911160229e-03  -4.68339394733175e-03   0.00000000000000e+00   4.25764192139738e-01 
 -4.99196218816338e-03  -4.65062678265561e-03   0.00000000000000e+00   4.27947598253275e-01 
 -5.13514443073762e-03  -4.61429248089768e-03   0.00000000000000e+00   4.30131004366812e-01 
 -5.27890788138687e-03  -4.57403055931330e-03   0.00000000000000e+00   4.32314410480349e-01 
 -5.42398458217299e-03  -4.52948053515776e-03   0.00000000000000e+00   4.34497816593886e-01 
 -5.57110657515785e-03  -4.48028192568639e-03   0.00000000000000e+00   4.36681222707424e-01 
 -5.72093964767280e-03  -4.42607548506358e-03   0.00000000000000e+00   4.38864628820961e-01 
 -5.87325011282797e-03  -4.36651875973137e-03   0.00000000000000e+00   4.41048034934498e-01 
 -6.02715604745030e-03  -4.30128139805023e-03   0.00000000000000e+00   4.43231441048035e-01 
 -6.18176121734491e-03  -4.23003331555300e-03   0.00000000000000e+00   4.45414847161572e-01 
 -6.33616938831696e-03  -4.15244442777251e-03   0.00000000000000e+00   4.47598253275109e-01 
 -6.48948432617160e-03  -4.06818465024158e-03   0.00000000000000e+00   4.49781659388646e-01 
 -6.64080979671396e-03  -3.97692389849305e-03   0.00000000000000e+00   4.51965065502183e-01 
 -6.78927565730920e-03  -3.87834698524742e-03   0.00000000000000e+00   4.54148471615720e-01 
 -6.93471003731554e-03  -3.77253740727891e-03   0.00000000000000e+00   4.56331877729258e-01 
 -7.07769866449352e-03  -3.66001121830976e-03   0.00000000000000e+00   4.58515283842795e-01 
 -7.21886524818430e-03  -3.54130615795347e-03   0.00000000000000e+00   4.60698689956332e-01 
 -7.35883349772902e-03  -3.41695996582352e-03   0.00000000000000e+00   4.62882096069869e-01 
 -7.49822712246882e-03  -3.28751038153341e-03   0.00000000000000e+00   4.65065502183406e-01 
 -7.63766983174484e-03  -3.15349514469663e-03   0.00000000000000e+00   4.67248908296943e-01 
 -7.77777514364986e-03  -3.01543890389950e-03   0.00000000000000e+00   4.69432314410480e-01 
 -7.91844229206020e-03  -2.87294878381683e-03   0.00000000000000e+00   4.71615720524017e-01 
 -8.05839982176839e-03  -2.72412811665158e-03   0.00000000000000e+00   4.73799126637555e-01 
 -8.19626776115419e-03  -2.56694084134951e-03   0.00000000000000e+00   4.75982532751092e-01 
 -8.33066613859735e-03  -2.39935089685640e-03   0.00000000000000e+00   4.78165938864629e-01 
 -8.46021498247765e-03  -2.21932222211802e-03   0.00000000000000e+00   4.80349344978166e-01 
 -8.58353432117485e-03  -2.02481875608013e-03   0.00000000000000e+00   4.82532751091703e-01 
 -8.69924379354452e-03  -1.81380738220993e-03   0.00000000000000e+00   4.84716157205240e-01 
 -8.80580675199214e-03  -1.58543639663426e-03   0.00000000000000e+00   4.86899563318777e-01 
 -8.90129189237129e-03  -1.34183741390781e-03   0.00000000000000e+00   4.89082969432314e-01 
 -8.98370657449987e-03  -1.08560570470513e-03   0.00000000000000e+00   4.91266375545852e-01 
 -9.05105815819577e-03  -8.19336539700771e-04   0.00000000000000e+00   4.93449781659389e-01 
 -9.10135400327688e-03  -5.45625189569296e-04   0.00000000000000e+00   4.95633187772926e-01 
 -9.13260146956111e-03  -2.67066924985258e-04   0.00000000000000e+00   4.97816593886463e-01 
 -9.14280791686635e-03   1.37429833767887e-05   0.00000000000000e+00   5.00000000000000e-01 
 -9.13064826410752e-03   2.94236647574062e-04   0.00000000000000e+00   5.02183406113537e-01 
 -9.09746766658765e-03   5.71955710590935e-04   0.00000000000000e+00   5.04366812227074e-01 
 -9.04527883870680e-03   8.44469198143512e-04   0.00000000000000e+00   5.06550218340611e-01 
 -8.97609449486500e-03   1.10934613594795e-03   0.00000000000000e+00   5.08733624454148e-01 
 -8.89192734946234e-03   1.36415554972037e-03   0.00000000000000e+00   5.10917030567686e-01 
 -8.79479011689884e-03   1.60646646517690e-03   0.00000000000000e+00   5.13100436681223e-01 
 -8.68669551157456e-03   1.83384790803369e-03   0.00000000000000e+00   5.15283842794760e-01 
 -8.56959133193770e-03   2.04430330335418e-03   0.00000000000000e+00   5.17467248908297e-01 
 -8.44500768550738e-03   2.23863114677742e-03   0.00000000000000e+00   5.19650655021834e-01 
 -8.31430927159599e-03   2.41873679928138e-03   0.00000000000000e+00   5.21834061135371e-01 
 -8.17886037725686e-03   2.58652838056570e-03   0.00000000000000e+00   5.24017467248908e-01 
 -8.04002528954338e-03   2.74391401033000e-03   0.00000000000000e+00   5.26200873362445e-01 
 -7.89916829550889e-03   2.89280180827393e-03   0.00000000000000e+00   5.28384279475983e-01 
 -7.75765368220675e-03   3.03509989409709e-03   0.00000000000000e+00   5.30567685589520e-01 
 -7.61673951437236e-03   3.17258849723745e-03   0.00000000000000e+00   5.32751091703057e-01 
 -7.47653791664814e-03   3.30566815046291e-03   0.00000000000000e+00   5.34934497816594e-01 
 -7.33646182980898e-03   3.43389757844017e-03   0.00000000000000e+00   5.37117903930131e-01 
 -7.19591421882975e-03   3.55682349510512e-03   0.00000000000000e+00   5.39301310043668e-01 
 -7.05429804868539e-03   3.67399261439361e-03   0.00000000000000e+00   5.41484716157205e-01 
 -6.91101628435079e-03   3.78495165024153e-03   0.00000000000000e+00   5.43668122270742e-01 
 -6.76547189080086e-03   3.88924731658475e-03   0.00000000000000e+00   5.45851528384279e-01 
 -6.61710541744348e-03   3.98644493718855e-03   0.00000000000000e+00   5.48034934497817e-01 
 -6.46610709039693e-03   4.07648103619501e-03   0.00000000000000e+00   5.50218340611354e-01 
 -6.31335810641646e-03   4.15963426997107e-03   0.00000000000000e+00   5.52401746724891e-01 
 -6.15976548099565e-03   4.23619607896144e-03   0.00000000000000e+00   5.54585152838428e-01 
 -6.00623622962804e-03   4.30645790361086e-03   0.00000000000000e+00   5.56768558951965e-01 
 -5.85367736780722e-03   4.37071118436404e-03   0.00000000000000e+00   5.58951965065502e-01 
 -5.70299591102675e-03   4.42924736166571e-03   0.00000000000000e+00   5.61135371179039e-01 
 -5.55508255620131e-03   4.48235918370249e-03   0.00000000000000e+00   5.63318777292576e-01 
 -5.41008882906242e-03   4.53039863452605e-03   0.00000000000000e+00   5.65502183406113e-01 
 -5.26714060244054e-03   4.57379989218882e-03   0.00000000000000e+00   5.67685589519651e-01 
 -5.12528820018997e-03   4.61300318910395e-03   0.00000000000000e+00   5.69868995633188e-01 
 -4.98358194616498e-03   4.64844875768455e-03   0.00000000000000e+00   5.72052401746725e-01 
 -4.84107216421985e-03   4.68057683034377e-03   0.00000000000000e+00   5.74235807860262e-01 
 -4.69680917820887e-03   4.70982763949473e-03   0.00000000000000e+00   5.76419213973799e-01 
 -4.54984695756478e-03   4.73664111580256e-03   0.00000000000000e+00   5.78602620087336e-01 
 -4.39985536191147e-03   4.76140621211202e-03   0.00000000000000e+00   5.80786026200873e-01 
 -4.24780829448546e-03   4.78440394433045e-03   0.00000000000000e+00   5.82969432314410e-01 
 -4.09484572897104e-03   4.80590158255538e-03   0.00000000000000e+00   5.85152838427948e-01 
 -3.94210763905247e-03   4.82616639688432e-03   0.00000000000000e+00   5.87336244541485e-01 
 -3.79073399841405e-03   4.84546565741477e-03   0.00000000000000e+00   5.89519650655022e-01 
 -3.64186478074006e-03   4.86406663424425e-03   0.00000000000000e+00   5.91703056768559e-01 
 -3.49663979236134e-03   4.88223661491568e-03   0.00000000000000e+00   5.93886462882096e-01 
 -3.35537730157421e-03   4.90032852652464e-03   0.00000000000000e+00   5.96069868995633e-01 
 -3.21566922179206e-03   4.91897949945702e-03   0.00000000000000e+00   5.98253275109170e-01 
 -3.07454264856992e-03   4.93888554238148e-03   0.00000000000000e+00   6.00436681222707e-01 
 -2.92902467746287e-03   4.96074266396668e-03   0.00000000000000e+00   6.02620087336245e-01 
 -2.77614240402595e-03   4.98524687288129e-03   0.00000000000000e+00   6.04803493449782e-01 
 -2.61292292381423e-03   5.01309417779398e-03   0.00000000000000e+00   6.06986899563319e-01 
 -2.43639333238275e-03   5.04498058737341e-03   0.00000000000000e+00   6.09170305676856e-01 
 -2.24476122510791e-03   5.08168351548904e-03   0.00000000000000e+00   6.11353711790393e-01 
 -2.04249875062289e-03   5.12441236863459e-03   0.00000000000000e+00   6.13537117903930e-01 
 -1.83614810700360e-03   5.17451930028899e-03   0.00000000000000e+00   6.15720524017467e-01 
 -1.63225279920594e-03   5.23335655405132e-03   0.00000000000000e+00   6.17903930131004e-01 
 -1.43735633218577e-03   5.30227637352066e-03   0.00000000000000e+00   6.20087336244541e-01 
 -1.25800221089901e-03   5.38263100229608e-03   0.00000000000000e+00   6.22270742358079e-01 
 -1.10073394030151e-03   5.47577268397669e-03   0.00000000000000e+00   6.24454148471616e-01 
 -9.71592347699072e-04   5.58267617565452e-03   0.00000000000000e+00   6.26637554585153e-01 
 -8.72243103072495e-04   5.70103070371237e-03   0.00000000000000e+00   6.28820960698690e-01 
 -8.02099135822489e-04   5.82683379574226e-03   0.00000000000000e+00   6.31004366812227e-01 
 -7.60554757659032e-04   5.95606899835449e-03   0.00000000000000e+00   6.33187772925764e-01 
 -7.47004280292089e-04   6.08471985815938e-03   0.00000000000000e+00   6.35371179039301e-01 
 -7.60842015431631e-04   6.20876992176719e-03   0.00000000000000e+00   6.37554585152838e-01 
 -8.01462274787628e-04   6.32420273578825e-03   0.00000000000000e+00   6.39737991266376e-01 
 -8.68106367237890e-04   6.42725319356100e-03   0.00000000000000e+00   6.41921397379913e-01 
 -9.57668584167095e-04   6.51801177174560e-03   0.00000000000000e+00   6.44104803493450e-01 
 -1.06520653607474e-03   6.59958617043950e-03   0.00000000000000e+00   6.46288209606987e-01 
 -1.18572882526348e-03   6.67516459838019e-03   0.00000000000000e+00   6.48471615720524e-01 
 -1.31424405403596e-03   6.74793526430512e-03   0.00000000000000e+00   6.50655021834061e-01 
 -1.44576082469483e-03   6.82108637695178e-03   0.00000000000000e+00   6.52838427947598e-01 
 -1.57528773954274e-03   6.89780614505764e-03   0.00000000000000e+00   6.55021834061135e-01 
 -1.69793612151417e-03   6.98121561646554e-03   0.00000000000000e+00   6.57205240174672e-01 
 -1.81205014841423e-03   7.07232213097935e-03   0.00000000000000e+00   6.59388646288210e-01 
 -1.91978005201292e-03   7.16964455082370e-03   0.00000000000000e+00   6.61572052401747e-01 
 -2.02349438285752e-03   7.27155899684662e-03   0.00000000000000e+00   6.63755458515284e-01 
 -2.12556169149530e-03   7.37644158989614e-03   0.00000000000000e+00   6.65938864628821e-01 
 -2.22835052847353e-03   7.48266845082030e-03   0.00000000000000e+00   6.68122270742358e-01 
 -2.33422944433949e-03   7.58861570046713e-03   0.00000000000000e+00   6.70305676855895e-01 
 -2.44555452690436e-03   7.69266638300692e-03   0.00000000000000e+00   6.72489082969432e-01 
 -2.56355346494537e-03   7.79383039293303e-03   0.00000000000000e+00   6.74672489082969e-01 
 -2.68744166839594e-03   7.89223548961237e-03   0.00000000000000e+00   6.76855895196506e-01 
 -2.81622654429503e-03   7.98812498256533e-03   0.00000000000000e+00   6.79039301310044e-01 
 -2.94891549968163e-03   8.08174218131229e-03   0.00000000000000e+00   6.81222707423581e-01 
 -3.08451594159471e-03   8.17333039537366e-03   0.00000000000000e+00   6.83406113537118e-01 
 -3.22203527707326e-03   8.26313293426981e-03   0.00000000000000e+00   6.85589519650655e-01 
 -3.36048129746915e-03   8.35139286566819e-03   0.00000000000000e+00   6.87772925764192e-01 
 -3.49914042097595e-03   8.43817791383394e-03   0.00000000000000e+00   6.89956331877729e-01 
 -3.63806884449622e-03   8.52307137153612e-03   0.00000000000000e+00   6.92139737991266e-01 
 -3.77745458425208e-03   8.60557357597554e-03   0.00000000000000e+00   6.94323144104803e-01 
 -3.91748565646569e-03   8.68518486435299e-03   0.00000000000000e+00   6.96506550218341e-01 
 -4.05835007735917e-03   8.76140557386927e-03   0.00000000000000e+00   6.98689956331878e-01 
 -4.20023586315468e-03   8.83373604172520e-03   0.00000000000000e+00   7.00873362445415e-01 
 -4.34333103007436e-03   8.90167660512156e-03   0.00000000000000e+00   7.03056768558952e-01 
 -4.48784041003028e-03   8.96485855038520e-03   0.00000000000000e+00   7.05240174672489e-01 
 -4.63404271254682e-03   9.02348847230730e-03   0.00000000000000e+00   7.07423580786026e-01 
 -4.78223692972317e-03   9.07793091254035e-03   0.00000000000000e+00   7.09606986899563e-01 
 -4.93272205422299e-03   9.12855041713244e-03   0.00000000000000e+00   7.11790393013100e-01 
 -5.08579707870993e-03   9.17571153213168e-03   0.00000000000000e+00   7.13973799126637e-01 
 -5.24176099584764e-03   9.21977880358614e-03   0.00000000000000e+00   7.16157205240175e-01 
 -5.40091279829977e-03   9.26111677754393e-03   0.00000000000000e+00   7.18340611353712e-01 
 -5.56347556965245e-03   9.30012118538059e-03   0.00000000000000e+00   7.20524017467249e-01 
 -5.72913335957331e-03   9.33740920694389e-03   0.00000000000000e+00   7.22707423580786e-01 
 -5.89733696229875e-03   9.37369384918475e-03   0.00000000000000e+00   7.24890829694323e-01 
 -6.06753623918163e-03   9.40968850230572e-03   0.00000000000000e+00   7.27074235807860e-01 
 -6.23918105157480e-03   9.44610655650936e-03   0.00000000000000e+00   7.29257641921397e-01 
 -6.41172126083113e-03   9.48366140199821e-03   0.00000000000000e+00   7.31441048034934e-01 
 -6.58460672830348e-03   9.52306642897482e-03   0.00000000000000e+00   7.33624454148472e-01 
 -6.75731530588746e-03   9.56500260744902e-03   0.00000000000000e+00   7.35807860262009e-01 
 -6.92966285070146e-03   9.60975941111118e-03   0.00000000000000e+00   7.37991266375546e-01 
 -7.10168943133489e-03   9.65736661954116e-03   0.00000000000000e+00   7.40174672489083e-01 
 -7.27343913920541e-03   9.70784935285690e-03   0.00000000000000e+00   7.42358078602620e-01 
 -7.44495606573071e-03   9.76123273117636e-03   0.00000000000000e+00   7.44541484716157e-01 
 -7.61628430232842e-03   9.81754187461750e-03   0.00000000000000e+00   7.46724890829694e-01 
 -7.78746794041623e-03   9.87680190329827e-03   0.00000000000000e+00   7.48908296943231e-01 
 -7.95854584249210e-03   9.93904326936666e-03   0.00000000000000e+00   7.51091703056769e-01 
 -8.12943660590080e-03   1.00044190616610e-02   0.00000000000000e+00   7.53275109170306e-01 
 -8.29993856283393e-03   1.00732050057099e-02   0.00000000000000e+00   7.55458515283843e-01 
 -8.46984481656336e-03   1.01456821590721e-02   0.00000000000000e+00   7.57641921397380e-01 
 -8.63894847036099e-03   1.02221315793062e-02   0.00000000000000e+00   7.59825327510917e-01 
 -8.80704262749870e-03   1.03028343239710e-02   0.00000000000000e+00   7.62008733624454e-01 
 -8.97392039124839e-03   1.03880714506251e-02   0.00000000000000e+00   7.64192139737991e-01 
 -9.13937447730800e-03   1.04781223860059e-02   0.00000000000000e+00   7.66375545851528e-01 
 -9.30317600002539e-03   1.05731756633773e-02   0.00000000000000e+00   7.68558951965066e-01 
 -9.46506350909359e-03   1.06732827914849e-02   0.00000000000000e+00   7.70742358078603e-01 
 -9.62477285749477e-03   1.07784839319401e-02   0.00000000000000e+00   7.72925764192140e-01 
 -9.78203989821110e-03   1.08888192463541e-02   0.00000000000000e+00   7.75109170305677e-01 
 -9.93660048422472e-03   1.10043288963385e-02   0.00000000000000e+00   7.77292576419214e-01 
 -1.00881904685178e-02   1.11250530435046e-02   0.00000000000000e+00   7.79475982532751e-01 
 -1.02365462135883e-02   1.12510333897662e-02   0.00000000000000e+00   7.81659388646288e-01 
 -1.03815314797401e-02   1.13826967697200e-02   0.00000000000000e+00   7.83842794759825e-01 
 -1.05233044330206e-02   1.15213600275879e-02   0.00000000000000e+00   7.86026200873362e-01 
 -1.06620646989613e-02   1.16684653425799e-02   0.00000000000000e+00   7.88209606986900e-01 
 -1.07980119030941e-02   1.18254548939059e-02   0.00000000000000e+00   7.90393013100437e-01 
 -1.09313456709507e-02   1.19937708607758e-02   0.00000000000000e+00   7.92576419213974e-01 
 -1.10622656280629e-02   1.21748554223996e-02   0.00000000000000e+00   7.94759825327511e-01 
 -1.11909713872360e-02   1.23701507440516e-02   0.00000000000000e+00   7.96943231441048e-01 
 -1.13172052649637e-02   1.25805982395422e-02   0.00000000000000e+00   7.99126637554585e-01 
 -1.14390439134990e-02   1.28053153766207e-02   0.00000000000000e+00   8.01310043668122e-01 
 -1.15541848540893e-02   1.30430044646343e-02   0.00000000000000e+00   8.03493449781659e-01 
 -1.16603256079820e-02   1.32923678129302e-02   0.00000000000000e+00   8.05676855895196e-01 
 -1.17551636964245e-02   1.35521077308558e-02   0.00000000000000e+00   8.07860262008734e-01 
 -1.18363966406642e-02   1.38209265277582e-02   0.00000000000000e+00   8.10043668122271e-01 
 -1.19017219619487e-02   1.40975265129847e-02   0.00000000000000e+00   8.12227074235808e-01 
 -1.19491678279893e-02   1.43806220733981e-02   0.00000000000000e+00   8.14410480349345e-01 
 -1.19786932661704e-02   1.46689981243262e-02   0.00000000000000e+00   8.16593886462882e-01 
 -1.19909561921747e-02   1.49614651093729e-02   0.00000000000000e+00   8.18777292576419e-01 
 -1.19866154856691e-02   1.52568335073537e-02   0.00000000000000e+00   8.20960698689956e-01 
 -1.19663300263205e-02   1.55539137970839e-02   0.00000000000000e+00   8.23144104803493e-01 
 -1.19307586937957e-02   1.58515164573789e-02   0.00000000000000e+00   8.25327510917030e-01 
 -1.18805603677614e-02   1.61484519670541e-02   0.00000000000000e+00   8.27510917030568e-01 
 -1.18163939278846e-02   1.64435308049248e-02   0.00000000000000e+00   8.29694323144105e-01 
 -1.17389182538320e-02   1.67355634498066e-02   0.00000000000000e+00   8.31877729257642e-01 
 -1.16487922252704e-02   1.70233603805146e-02   0.00000000000000e+00   8.34061135371179e-01 
 -1.15466747218667e-02   1.73057320758645e-02   0.00000000000000e+00   8.36244541484716e-01 
 -1.14332246232877e-02   1.75814890146714e-02   0.00000000000000e+00   8.38427947598253e-01 
 -1.13091008092002e-02   1.78494416757509e-02   0.00000000000000e+00   8.40611353711790e-01 
 -1.11749621592711e-02   1.81084005379182e-02   0.00000000000000e+00   8.42794759825327e-01 
 -1.10314549169170e-02   1.83572168561181e-02   0.00000000000000e+00   8.44978165938865e-01 
 -1.08790050318626e-02   1.85954527547420e-02   0.00000000000000e+00   8.47161572052402e-01 
 -1.07178513367965e-02   1.88232741693134e-02   0.00000000000000e+00   8.49344978165939e-01 
 -1.05482267189563e-02   1.90408662208324e-02   0.00000000000000e+00   8.51528384279476e-01 
 -1.03703640655799e-02   1.92484140302990e-02   0.00000000000000e+00   8.53711790393013e-01 
 -1.01844962639048e-02   1.94461027187132e-02   0.00000000000000e+00   8.55895196506550e-01 
 -9.99085620116882e-03   1.96341174070750e-02   0.00000000000000e+00   8.58078602620087e-01 
 -9.78967676460961e-03   1.98126432163845e-02   0.00000000000000e+00   8.60262008733624e-01 
 -9.58119084146489e-03   1.99818652676417e-02   0.00000000000000e+00   8.62445414847162e-01 
 -9.36563131897236e-03   2.01419686818465e-02   0.00000000000000e+00   8.64628820960699e-01 
 -9.14323108436969e-03   2.02931385799991e-02   0.00000000000000e+00   8.66812227074236e-01 
 -8.91422302489462e-03   2.04355600830994e-02   0.00000000000000e+00   8.68995633187773e-01 
 -8.67884002778481e-03   2.05694183121475e-02   0.00000000000000e+00   8.71179039301310e-01 
 -8.43731498027798e-03   2.06948983881433e-02   0.00000000000000e+00   8.73362445414847e-01 
 -8.18988796336153e-03   2.08121793406559e-02   0.00000000000000e+00   8.75545851528384e-01 
 -7.93766950173727e-03   2.09207031360886e-02   0.00000000000000e+00   8.77729257641921e-01 
 -7.68346065128781e-03   2.10184802545321e-02   0.00000000000000e+00   8.79912663755459e-01 
 -7.43025669913791e-03   2.11033567074369e-02   0.00000000000000e+00   8.82096069868996e-01 
 -7.18105293241221e-03   2.11731785062532e-02   0.00000000000000e+00   8.84279475982533e-01 
 -6.93884463823546e-03   2.12257916624315e-02   0.00000000000000e+00   8.86462882096070e-01 
 -6.70662710373233e-03   2.12590421874223e-02   0.00000000000000e+00   8.88646288209607e-01 
 -6.48739504447198e-03   2.12707768445782e-02   0.00000000000000e+00   8.90829694323144e-01 
 -6.28323785320399e-03   2.12600333827561e-02   0.00000000000000e+00   8.93013100436681e-01 
 -6.09350516057333e-03   2.12294538087424e-02   0.00000000000000e+00   8.95196506550218e-01 
 -5.91703031321522e-03   2.11823593199486e-02   0.00000000000000e+00   8.97379912663755e-01 
 -5.75264665776485e-03   2.11220711137861e-02   0.00000000000000e+00   8.99563318777293e-01 
 -5.59918754085743e-03   2.10519103876663e-02   0.00000000000000e+00   9.01746724890830e-01 
 -5.45548630912814e-03   2.09751983390005e-02   0.00000000000000e+00   9.03930131004367e-01 
 -5.32037630921221e-03   2.08952561652003e-02   0.00000000000000e+00   9.06113537117904e-01 
 -5.19280442839429e-03   2.08149072294209e-02   0.00000000000000e+00   9.08296943231441e-01 
 -5.07226561046886e-03   2.07345718673019e-02   0.00000000000000e+00   9.10480349344978e-01 
 -4.95841994620768e-03   2.06539463053380e-02   0.00000000000000e+00   9.12663755458515e-01 
 -4.85092756002414e-03   2.05727266225179e-02   0.00000000000000e+00   9.14847161572052e-01 
 -4.74944857633169e-03   2.04906088978298e-02   0.00000000000000e+00   9.17030567685589e-01 
 -4.65364311954372e-03   2.04072892102622e-02   0.00000000000000e+00   9.19213973799127e-01 
 -4.56317131407367e-03   2.03224636388036e-02   0.00000000000000e+00   9.21397379912664e-01 
 -4.47772314554017e-03   2.02359236213143e-02   0.00000000000000e+00   9.23580786026201e-01 
 -4.39722308025649e-03   2.01482093870829e-02   0.00000000000000e+00   9.25764192139738e-01 
 -4.32170632804045e-03   2.00602148140735e-02   0.00000000000000e+00   9.27947598253275e-01 
 -4.25120875422310e-03   1.99728358735678e-02   0.00000000000000e+00   9.30131004366812e-01 
 -4.18576622413545e-03   1.98869685368476e-02   0.00000000000000e+00   9.32314410480349e-01 
 -4.12541460310855e-03   1.98035087751949e-02   0.00000000000000e+00   9.34497816593886e-01 
 -4.07018975647341e-03   1.97233525598914e-02   0.00000000000000e+00   9.36681222707423e-01 
 -4.01993707729798e-03   1.96473283223572e-02   0.00000000000000e+00   9.38864628820961e-01 
 -3.97191610720673e-03   1.95753475728480e-02   0.00000000000000e+00   9.41048034934498e-01 
 -3.92152280720216e-03   1.95066610116112e-02   0.00000000000000e+00   9.43231441048035e-01 
 -3.86411215619398e-03   1.94405047599557e-02   0.00000000000000e+00   9.45414847161572e-01 
 -3.79681985682365e-03   1.93762226351504e-02   0.00000000000000e+00   9.47598253275109e-01 
 -3.72297214315636e-03   1.93135328501175e-02   0.00000000000000e+00   9.49781659388646e-01 
 -3.64723961556872e-03   1.92522349233841e-02   0.00000000000000e+00   9.51965065502183e-01 
 -3.57420841251837e-03   1.91921348716552e-02   0.00000000000000e+00   9.54148471615720e-01 
 -3.50620427130474e-03   1.91332126182679e-02   0.00000000000000e+00   9.56331877729258e-01 
 -3.44310048043458e-03   1.90756367686037e-02   0.00000000000000e+00   9.58515283842795e-01 
 -3.38464737688634e-03   1.90195853874651e-02   0.00000000000000e+00   9.60698689956332e-01 
 -3.33059529763850e-03   1.89652365396544e-02   0.00000000000000e+00   9.62882096069869e-01 
 -3.28069457966950e-03   1.89127682899742e-02   0.00000000000000e+00   9.65065502183406e-01 
 -3.23469555995782e-03   1.88623587032269e-02   0.00000000000000e+00   9.67248908296943e-01 
 -3.19234926777773e-03   1.88141852369483e-02   0.00000000000000e+00   9.69432314410480e-01 
 -3.15345525403304e-03   1.87683827865679e-02   0.00000000000000e+00   9.71615720524017e-01 
 -3.11789259503315e-03   1.87250164895785e-02   0.00000000000000e+00   9.73799126637555e-01 
 -3.08554773865335e-03   1.86841450172973e-02   0.00000000000000e+00   9.75982532751092e-01 
 -3.05630713276895e-03   1.86458270410417e-02   0.00000000000000e+00   9.78165938864629e-01 
 -3.03005722525525e-03   1.86101212321290e-02   0.00000000000000e+00   9.80349344978166e-01 
 -3.00668446398755e-03   1.85770862618765e-02   0.00000000000000e+00   9.82532751091703e-01 
 -2.98607529684114e-03   1.85467808016013e-02   0.00000000000000e+00   9.84716157205240e-01 
 -2.96811617169134e-03   1.85192635226210e-02   0.00000000000000e+00   9.86899563318777e-01 
 -2.95269353641344e-03   1.84945930962527e-02   0.00000000000000e+00   9.89082969432314e-01 
 -2.93969383888274e-03   1.84728281938137e-02   0.00000000000000e+00   9.91266375545852e-01 
 -2.92900352697455e-03   1.84540274866213e-02   0.00000000000000e+00   9.93449781659389e-01 
 -2.92050904856416e-03   1.84382496459929e-02   0.00000000000000e+00   9.95633187772926e-01 
 -2.91409685152687e-03   1.84255533432457e-02   0.00000000000000e+00   9.97816593886463e-01 
 -2.90965338373799e-03   1.84159972496970e-02   0.00000000000000e+00   1.00000000000000e+00 
