 -2.90949568545124e-03  -1.84159682226139e-02   0.00000000000000e+00   0.00000000000000e+00 
 -2.91386998659395e-03  -1.84248131880665e-02   0.00000000000000e+00   2.18340611353712e-03 
 -2.92021460739198e-03  -1.84371085278351e-02   0.00000000000000e+00   4.36681222707424e-03 
 -2.92864900596481e-03  -1.84527502746216e-02   0.00000000000000e+00   6.55021834061135e-03 
 -2.93929264043195e-03  -1.84716344611278e-02   0.00000000000000e+00   8.73362445414847e-03 
 -2.95226496891288e-03  -1.84936571200556e-02   0.00000000000000e+00   1.09170305676856e-02 
 -2.96768544952708e-03  -1.85187142841068e-02   0.00000000000000e+00   1.31004366812227e-02 
 -2.98567354039406e-03  -1.85467019859833e-02   0.00000000000000e+00   1.52838427947598e-02 
 -3.00634869963330e-03  -1.85775162583870e-02   0.00000000000000e+00   1.74672489082969e-02 
 -3.02983038536430e-03  -1.86110531340197e-02   0.00000000000000e+00   1.96506550218341e-02 
 -3.05623805570655e-03  -1.86472086455832e-02   0.00000000000000e+00   2.18340611353712e-02 
 -3.08569116877953e-03  -1.86858788257795e-02   0.00000000000000e+00   2.40174672489083e-02 
 -3.11830918270274e-03  -1.87269597073103e-02   0.00000000000000e+00   2.62008733624454e-02 
 -3.15421155559567e-03  -1.87703473228775e-02   0.00000000000000e+00   2.83842794759825e-02 
 -3.19351774557781e-03  -1.88159377051831e-02   0.00000000000000e+00   3.05676855895196e-02 
 -3.23634721076866e-03  -1.88636268869288e-02   0.00000000000000e+00   3.27510917030568e-02 
 -3.28281940928770e-03  -1.89133109008164e-02   0.00000000000000e+00   3.49344978165939e-02 
 -3.33305379925442e-03  -1.89648857795480e-02   0.00000000000000e+00   3.71179039301310e-02 
 -3.38716983878832e-03  -1.90182475558252e-02   0.00000000000000e+00   3.93013100436681e-02 
 -3.44528698600888e-03  -1.90732922623500e-02   0.00000000000000e+00   4.14847161572052e-02 
 -3.50752469903561e-03  -1.91299159318242e-02   0.00000000000000e+00   4.36681222707424e-02 
 -3.57398191542132e-03  -1.91880184625312e-02   0.00000000000000e+00   4.58515283842795e-02 
 -3.64391344270781e-03  -1.92476587665604e-02   0.00000000000000e+00   4.80349344978166e-02 
 -3.71544991325857e-03  -1.93091075235858e-02   0.00000000000000e+00   5.02183406113537e-02 
 -3.78664398472558e-03  -1.93726501018430e-02   0.00000000000000e+00   5.24017467248908e-02 
 -3.85554831476084e-03  -1.94385718695675e-02   0.00000000000000e+00   5.45851528384279e-02 
 -3.92021556101633e-03  -1.95071581949950e-02   0.00000000000000e+00   5.67685589519651e-02 
 -3.97884373879194e-03  -1.95786759160706e-02   0.00000000000000e+00   5.89519650655022e-02 
 -4.03215303047894e-03  -1.96530703431876e-02   0.00000000000000e+00   6.11353711790393e-02 
 -4.08299964443465e-03  -1.97300144847166e-02   0.00000000000000e+00   6.33187772925764e-02 
 -4.13430724933338e-03  -1.98091727491420e-02   0.00000000000000e+00   6.55021834061135e-02 
 -4.18899951384942e-03  -1.98902095449482e-02   0.00000000000000e+00   6.76855895196506e-02 
 -4.24970259849951e-03  -1.99727991800063e-02   0.00000000000000e+00   6.98689956331878e-02 
 -4.31707888275224e-03  -2.00566813057022e-02   0.00000000000000e+00   7.20524017467249e-02 
 -4.39099479205231e-03  -2.01416220582646e-02   0.00000000000000e+00   7.42358078602620e-02 
 -4.47131448620886e-03  -2.02273876493100e-02   0.00000000000000e+00   7.64192139737991e-02 
 -4.55790212503101e-03  -2.03137442904548e-02   0.00000000000000e+00   7.86026200873362e-02 
 -4.65062186832791e-03  -2.04004581933154e-02   0.00000000000000e+00   8.07860262008734e-02 
 -4.74933787590870e-03  -2.04872955695083e-02   0.00000000000000e+00   8.29694323144105e-02 
 -4.85391430758251e-03  -2.05740226306497e-02   0.00000000000000e+00   8.51528384279476e-02 
 -4.96421532315847e-03  -2.06604055883563e-02   0.00000000000000e+00   8.73362445414847e-02 
 -5.08010508244573e-03  -2.07462106542443e-02   0.00000000000000e+00   8.95196506550218e-02 
 -5.20144774525343e-03  -2.08312040399302e-02   0.00000000000000e+00   9.17030567685589e-02 
 -5.32814446663227e-03  -2.09150460167869e-02   0.00000000000000e+00   9.38864628820961e-02 
 -5.46093540503702e-03  -2.09949942708502e-02   0.00000000000000e+00   9.60698689956332e-02 
 -5.60139317101206e-03  -2.10659226632815e-02   0.00000000000000e+00   9.82532751091703e-02 
 -5.75112606005525e-03  -2.11226028671635e-02   0.00000000000000e+00   1.00436681222707e-01 
 -5.91176379558916e-03  -2.11598519159763e-02   0.00000000000000e+00   1.02620087336245e-01 
 -6.08778510638241e-03  -2.11785178525815e-02   0.00000000000000e+00   1.04803493449782e-01 
 -6.28838118203413e-03  -2.11906151732688e-02   0.00000000000000e+00   1.06986899563319e-01 
 -6.51219321347586e-03  -2.11996846709202e-02   0.00000000000000e+00   1.09170305676856e-01 
 -6.75061533141909e-03  -2.12028756848211e-02   0.00000000000000e+00   1.11353711790393e-01 
 -6.99492058465420e-03  -2.11972307675796e-02   0.00000000000000e+00   1.13537117903930e-01 
 -7.23638202197158e-03  -2.11797924718039e-02   0.00000000000000e+00   1.15720524017467e-01 
 -7.46627289226354e-03  -2.11476033239491e-02   0.00000000000000e+00   1.17903930131004e-01 
 -7.68096850091845e-03  -2.10970390188364e-02   0.00000000000000e+00   1.20087336244541e-01 
 -7.89521155055512e-03  -2.10220746582101e-02   0.00000000000000e+00   1.22270742358079e-01 
 -8.12787649321565e-03  -2.09161453299555e-02   0.00000000000000e+00   1.24454148471616e-01 
 -8.39389198483480e-03  -2.07745770700155e-02   0.00000000000000e+00   1.26637554585153e-01 
 -8.67933834120199e-03  -2.06065209350122e-02   0.00000000000000e+00   1.28820960698690e-01 
 -8.95750065297366e-03  -2.04272593621448e-02   0.00000000000000e+00   1.31004366812227e-01 
 -9.20926485112152e-03  -2.02481443097348e-02   0.00000000000000e+00   1.33187772925764e-01 
 -9.43606718994165e-03  -2.00699068162398e-02   0.00000000000000e+00   1.35371179039301e-01 
 -9.64275495378501e-03  -1.98915150146735e-02   0.00000000000000e+00   1.37554585152838e-01 
 -9.83417542700255e-03  -1.97119370380495e-02   0.00000000000000e+00   1.39737991266376e-01 
 -1.00151758939453e-02  -1.95301410193813e-02   0.00000000000000e+00   1.41921397379913e-01 
 -1.01906036389641e-02  -1.93450950916826e-02   0.00000000000000e+00   1.44104803493450e-01 
 -1.03648861694239e-02  -1.91557830951603e-02   0.00000000000000e+00   1.46288209606987e-01 
 -1.05382266608940e-02  -1.89613469358464e-02   0.00000000000000e+00   1.48471615720524e-01 
 -1.07083850155557e-02  -1.87610199420485e-02   0.00000000000000e+00   1.50655021834061e-01 
 -1.08730913991533e-02  -1.85540365547503e-02   0.00000000000000e+00   1.52838427947598e-01 
 -1.10301743312466e-02  -1.83395216633938e-02   0.00000000000000e+00   1.55021834061135e-01 
 -1.11782894244221e-02  -1.81156788986409e-02   0.00000000000000e+00   1.57205240174672e-01 
 -1.13165061891203e-02  -1.78802508704219e-02   0.00000000000000e+00   1.59388646288210e-01 
 -1.14438972149409e-02  -1.76309767589409e-02   0.00000000000000e+00   1.61572052401747e-01 
 -1.15595395366195e-02  -1.73656565932669e-02   0.00000000000000e+00   1.63755458515284e-01 
 -1.16626718621520e-02  -1.70843035258505e-02   0.00000000000000e+00   1.65938864628821e-01 
 -1.17527366968826e-02  -1.67897204634721e-02   0.00000000000000e+00   1.68122270742358e-01 
 -1.18291895579583e-02  -1.64848884297235e-02   0.00000000000000e+00   1.70305676855895e-01 
 -1.18914859625267e-02  -1.61727884481965e-02   0.00000000000000e+00   1.72489082969432e-01 
 -1.19390814277348e-02  -1.58564015424828e-02   0.00000000000000e+00   1.74672489082969e-01 
 -1.19714314707299e-02  -1.55387087361744e-02   0.00000000000000e+00   1.76855895196507e-01 
 -1.19879916086593e-02  -1.52226910528628e-02   0.00000000000000e+00   1.79039301310044e-01 
 -1.19882173586703e-02  -1.49113295161401e-02   0.00000000000000e+00   1.81222707423581e-01 
 -1.19715642379100e-02  -1.46076051495979e-02   0.00000000000000e+00   1.83406113537118e-01 
 -1.19375135130365e-02  -1.43144615403544e-02   0.00000000000000e+00   1.85589519650655e-01 
 -1.18864805692185e-02  -1.40334841874689e-02   0.00000000000000e+00   1.87772925764192e-01 
 -1.18200569044143e-02  -1.37645486734137e-02   0.00000000000000e+00   1.89956331877729e-01 
 -1.17399089715312e-02  -1.35074216058154e-02   0.00000000000000e+00   1.92139737991266e-01 
 -1.16477032234762e-02  -1.32618695923003e-02   0.00000000000000e+00   1.94323144104803e-01 
 -1.15451061131567e-02  -1.30276592404948e-02   0.00000000000000e+00   1.96506550218341e-01 
 -1.14337840934796e-02  -1.28045571580254e-02   0.00000000000000e+00   1.98689956331878e-01 
 -1.13154036173522e-02  -1.25923299525185e-02   0.00000000000000e+00   2.00873362445415e-01 
 -1.11916310903999e-02  -1.23907442264140e-02   0.00000000000000e+00   2.03056768558952e-01 
 -1.10638366963501e-02  -1.21995340887786e-02   0.00000000000000e+00   2.05240174672489e-01 
 -1.09323924118195e-02  -1.20183241526680e-02   0.00000000000000e+00   2.07423580786026e-01 
 -1.07974601709689e-02  -1.18467159910185e-02   0.00000000000000e+00   2.09606986899563e-01 
 -1.06592019079590e-02  -1.16843111767662e-02   0.00000000000000e+00   2.11790393013100e-01 
 -1.05177795569505e-02  -1.15307112828473e-02   0.00000000000000e+00   2.13973799126638e-01 
 -1.03733550521042e-02  -1.13855178821981e-02   0.00000000000000e+00   2.16157205240175e-01 
 -1.02260903275808e-02  -1.12483325477547e-02   0.00000000000000e+00   2.18340611353712e-01 
 -1.00761473175410e-02  -1.11187568524534e-02   0.00000000000000e+00   2.20524017467249e-01 
 -9.92368795614546e-03  -1.09963923692304e-02   0.00000000000000e+00   2.22707423580786e-01 
 -9.76887417755498e-03  -1.08808406710219e-02   0.00000000000000e+00   2.24890829694323e-01 
 -9.61186791593024e-03  -1.07717033307641e-02   0.00000000000000e+00   2.27074235807860e-01 
 -9.45283110543197e-03  -1.06685819213932e-02   0.00000000000000e+00   2.29257641921397e-01 
 -9.29192568022089e-03  -1.05710780158454e-02   0.00000000000000e+00   2.31441048034934e-01 
 -9.12931357445771e-03  -1.04787931870570e-02   0.00000000000000e+00   2.33624454148472e-01 
 -8.96515548864850e-03  -1.03913510225012e-02   0.00000000000000e+00   2.35807860262009e-01 
 -8.79960535639366e-03  -1.03084958649154e-02   0.00000000000000e+00   2.37991266375546e-01 
 -8.63281480310504e-03  -1.02300132466054e-02   0.00000000000000e+00   2.40174672489083e-01 
 -8.46493545222797e-03  -1.01556887349691e-02   0.00000000000000e+00   2.42358078602620e-01 
 -8.29611892720781e-03  -1.00853078974041e-02   0.00000000000000e+00   2.44541484716157e-01 
 -8.12651685148988e-03  -1.00186563013082e-02   0.00000000000000e+00   2.46724890829694e-01 
 -7.95628084851955e-03  -9.95551951407935e-03   0.00000000000000e+00   2.48908296943231e-01 
 -7.78556254174214e-03  -9.89568310311520e-03   0.00000000000000e+00   2.51091703056769e-01 
 -7.61451355460300e-03  -9.83893263581355e-03   0.00000000000000e+00   2.53275109170306e-01 
 -7.44328551054748e-03  -9.78505367957220e-03   0.00000000000000e+00   2.55458515283843e-01 
 -7.27203003302092e-03  -9.73383180178892e-03   0.00000000000000e+00   2.57641921397380e-01 
 -7.10089874546866e-03  -9.68505256986150e-03   0.00000000000000e+00   2.59825327510917e-01 
 -6.93004327133604e-03  -9.63850155118771e-03   0.00000000000000e+00   2.62008733624454e-01 
 -6.75961523406840e-03  -9.59396431316535e-03   0.00000000000000e+00   2.64192139737991e-01 
 -6.58976625711110e-03  -9.55122642319218e-03   0.00000000000000e+00   2.66375545851528e-01 
 -6.42064777280007e-03  -9.51007259033108e-03   0.00000000000000e+00   2.68558951965065e-01 
 -6.25239144706926e-03  -9.47019874626429e-03   0.00000000000000e+00   2.70742358078603e-01 
 -6.08509224181098e-03  -9.43113597280991e-03   0.00000000000000e+00   2.72925764192140e-01 
 -5.91884112790981e-03  -9.39239742686410e-03   0.00000000000000e+00   2.75109170305677e-01 
 -5.75372907625032e-03  -9.35349626532305e-03   0.00000000000000e+00   2.77292576419214e-01 
 -5.58984705771709e-03  -9.31394564508291e-03   0.00000000000000e+00   2.79475982532751e-01 
 -5.42728604319469e-03  -9.27325872303987e-03   0.00000000000000e+00   2.81659388646288e-01 
 -5.26613700356769e-03  -9.23094865609008e-03   0.00000000000000e+00   2.83842794759825e-01 
 -5.10649090972067e-03  -9.18652860112971e-03   0.00000000000000e+00   2.86026200873362e-01 
 -4.94843873253819e-03  -9.13951171505494e-03   0.00000000000000e+00   2.88209606986900e-01 
 -4.79207144290485e-03  -9.08941115476194e-03   0.00000000000000e+00   2.90393013100437e-01 
 -4.63748001170520e-03  -9.03574007714687e-03   0.00000000000000e+00   2.92576419213974e-01 
 -4.48475540982383e-03  -8.97801163910591e-03   0.00000000000000e+00   2.94759825327511e-01 
 -4.33398860643267e-03  -8.91573901071885e-03   0.00000000000000e+00   2.96943231441048e-01 
 -4.18525026172611e-03  -8.84859169816697e-03   0.00000000000000e+00   2.99126637554585e-01 
 -4.03854021920699e-03  -8.77678434612732e-03   0.00000000000000e+00   3.01310043668122e-01 
 -3.89384289631233e-03  -8.70065034730281e-03   0.00000000000000e+00   3.03493449781659e-01 
 -3.75114271047914e-03  -8.62052309439634e-03   0.00000000000000e+00   3.05676855895196e-01 
 -3.61042407914444e-03  -8.53673598011084e-03   0.00000000000000e+00   3.07860262008734e-01 
 -3.47167141974524e-03  -8.44962239714919e-03   0.00000000000000e+00   3.10043668122271e-01 
 -3.33486914971855e-03  -8.35951573821432e-03   0.00000000000000e+00   3.12227074235808e-01 
 -3.20000168650140e-03  -8.26674939600914e-03   0.00000000000000e+00   3.14410480349345e-01 
 -3.06705344753078e-03  -8.17165676323656e-03   0.00000000000000e+00   3.16593886462882e-01 
 -2.93600885024373e-03  -8.07457123259948e-03   0.00000000000000e+00   3.18777292576419e-01 
 -2.80685231207725e-03  -7.97582619680081e-03   0.00000000000000e+00   3.20960698689956e-01 
 -2.67956825046836e-03  -7.87575504854347e-03   0.00000000000000e+00   3.23144104803493e-01 
 -2.55414108285408e-03  -7.77469118053036e-03   0.00000000000000e+00   3.25327510917031e-01 
 -2.43055522667141e-03  -7.67296798546440e-03   0.00000000000000e+00   3.27510917030568e-01 
 -2.30879509935738e-03  -7.57091885604849e-03   0.00000000000000e+00   3.29694323144105e-01 
 -2.18884511834899e-03  -7.46887718498555e-03   0.00000000000000e+00   3.31877729257642e-01 
 -2.07068970108327e-03  -7.36717636497849e-03   0.00000000000000e+00   3.34061135371179e-01 
 -1.95431326499722e-03  -7.26614978873020e-03   0.00000000000000e+00   3.36244541484716e-01 
 -1.83970022752787e-03  -7.16613084894362e-03   0.00000000000000e+00   3.38427947598253e-01 
 -1.72683500611223e-03  -7.06745293832163e-03   0.00000000000000e+00   3.40611353711790e-01 
 -1.61570201818730e-03  -6.97044944956716e-03   0.00000000000000e+00   3.42794759825327e-01 
 -1.50628568119011e-03  -6.87545377538311e-03   0.00000000000000e+00   3.44978165938865e-01 
 -1.39857041255768e-03  -6.78279930847240e-03   0.00000000000000e+00   3.47161572052402e-01 
 -1.29254062972700e-03  -6.69281944153793e-03   0.00000000000000e+00   3.49344978165939e-01 
 -1.18818075013511e-03  -6.60584756728261e-03   0.00000000000000e+00   3.51528384279476e-01 
 -1.08547519121902e-03  -6.52221707840936e-03   0.00000000000000e+00   3.53711790393013e-01 
 -9.84408370415736e-04  -6.44226136762108e-03   0.00000000000000e+00   3.55895196506550e-01 
 -8.84964705162276e-04  -6.36631382762068e-03   0.00000000000000e+00   3.58078602620087e-01 
 -7.89003200824719e-04  -6.29297794291111e-03   0.00000000000000e+00   3.60262008733624e-01 
 -7.10768790652986e-04  -6.20942720963454e-03   0.00000000000000e+00   3.62445414847162e-01 
 -6.69531127523832e-04  -6.09819820957439e-03   0.00000000000000e+00   3.64628820960699e-01 
 -6.82366972140743e-04  -5.94686327618990e-03   0.00000000000000e+00   3.66812227074236e-01 
 -7.51160308124636e-04  -5.77774749845389e-03   0.00000000000000e+00   3.68995633187773e-01 
 -8.71264380035732e-04  -5.62731798367085e-03   0.00000000000000e+00   3.71179039301310e-01 
 -1.03244712623904e-03  -5.51228177380180e-03   0.00000000000000e+00   3.73362445414847e-01 
 -1.21709137490474e-03  -5.42304618723112e-03   0.00000000000000e+00   3.75545851528384e-01 
 -1.40730582265175e-03  -5.34834206631826e-03   0.00000000000000e+00   3.77729257641921e-01 
 -1.59313750673942e-03  -5.28158634285850e-03   0.00000000000000e+00   3.79912663755459e-01 
 -1.77428833320937e-03  -5.22189532344782e-03   0.00000000000000e+00   3.82096069868996e-01 
 -1.95104334617876e-03  -5.16872954747581e-03   0.00000000000000e+00   3.84279475982533e-01 
 -2.12368758976470e-03  -5.12154955433208e-03   0.00000000000000e+00   3.86462882096070e-01 
 -2.29250610808436e-03  -5.07981588340622e-03   0.00000000000000e+00   3.88646288209607e-01 
 -2.45778394525487e-03  -5.04298907408781e-03   0.00000000000000e+00   3.90829694323144e-01 
 -2.61980614539336e-03  -5.01052966576646e-03   0.00000000000000e+00   3.93013100436681e-01 
 -2.77885775261698e-03  -4.98189819783176e-03   0.00000000000000e+00   3.95196506550218e-01 
 -2.93522381104287e-03  -4.95655520967330e-03   0.00000000000000e+00   3.97379912663755e-01 
 -3.08918936478817e-03  -4.93396124068068e-03   0.00000000000000e+00   3.99563318777293e-01 
 -3.24103945797001e-03  -4.91357683024348e-03   0.00000000000000e+00   4.01746724890830e-01 
 -3.39105913470554e-03  -4.89486251775131e-03   0.00000000000000e+00   4.03930131004367e-01 
 -3.53953343911189e-03  -4.87727884259376e-03   0.00000000000000e+00   4.06113537117904e-01 
 -3.68674741530621e-03  -4.86028634416043e-03   0.00000000000000e+00   4.08296943231441e-01 
 -3.83298610740564e-03  -4.84334556184089e-03   0.00000000000000e+00   4.10480349344978e-01 
 -3.97853455794332e-03  -4.82591703642545e-03   0.00000000000000e+00   4.12663755458515e-01 
 -4.12364721118632e-03  -4.80748836589647e-03   0.00000000000000e+00   4.14847161572052e-01 
 -4.26846951650221e-03  -4.78764352938183e-03   0.00000000000000e+00   4.17030567685589e-01 
 -4.41312266450434e-03  -4.76598795734824e-03   0.00000000000000e+00   4.19213973799127e-01 
 -4.55772784580603e-03  -4.74212708026243e-03   0.00000000000000e+00   4.21397379912664e-01 
 -4.70240625102064e-03  -4.71566632859111e-03   0.00000000000000e+00   4.23580786026201e-01 
 -4.84727907076150e-03  -4.68621113280099e-03   0.00000000000000e+00   4.25764192139738e-01 
 -4.99246749564195e-03  -4.65336692335878e-03   0.00000000000000e+00   4.27947598253275e-01 
 -5.13809271627534e-03  -4.61673913073120e-03   0.00000000000000e+00   4.30131004366812e-01 
 -5.28427592327500e-03  -4.57593318538497e-03   0.00000000000000e+00   4.32314410480349e-01 
 -5.43113830725428e-03  -4.53055451778679e-03   0.00000000000000e+00   4.34497816593886e-01 
 -5.57879898633461e-03  -4.48021037824367e-03   0.00000000000000e+00   4.36681222707424e-01 
 -5.72726244442175e-03  -4.42460867654500e-03   0.00000000000000e+00   4.38864628820961e-01 
 -5.87636085433249e-03  -4.36360862761126e-03   0.00000000000000e+00   4.41048034934498e-01 
 -6.02591217697583e-03  -4.29708192573722e-03   0.00000000000000e+00   4.43231441048035e-01 
 -6.17573437326076e-03  -4.22490026521764e-03   0.00000000000000e+00   4.45414847161572e-01 
 -6.32564540409628e-03  -4.14693534034729e-03   0.00000000000000e+00   4.47598253275109e-01 
 -6.47546323039139e-03  -4.06305884542093e-03   0.00000000000000e+00   4.49781659388646e-01 
 -6.62500581305509e-03  -3.97314247473332e-03   0.00000000000000e+00   4.51965065502183e-01 
 -6.77409111299638e-03  -3.87705792257922e-03   0.00000000000000e+00   4.54148471615720e-01 
 -6.92253709112425e-03  -3.77467688325340e-03   0.00000000000000e+00   4.56331877729258e-01 
 -7.07016170834771e-03  -3.66587105105062e-03   0.00000000000000e+00   4.58515283842795e-01 
 -7.21678292557574e-03  -3.55051212026565e-03   0.00000000000000e+00   4.60698689956332e-01 
 -7.36221870371736e-03  -3.42847178519324e-03   0.00000000000000e+00   4.62882096069869e-01 
 -7.50628700368155e-03  -3.29962174012816e-03   0.00000000000000e+00   4.65065502183406e-01 
 -7.64880578637732e-03  -3.16383367936517e-03   0.00000000000000e+00   4.67248908296943e-01 
 -7.78959301271366e-03  -3.02097929719903e-03   0.00000000000000e+00   4.69432314410480e-01 
 -7.92846664359957e-03  -2.87093028792451e-03   0.00000000000000e+00   4.71615720524017e-01 
 -8.06524463994405e-03  -2.71355834583638e-03   0.00000000000000e+00   4.73799126637555e-01 
 -8.19974496265610e-03  -2.54873516522938e-03   0.00000000000000e+00   4.75982532751092e-01 
 -8.33177462629905e-03  -2.37632542638586e-03   0.00000000000000e+00   4.78165938864629e-01 
 -8.46045444885733e-03  -2.19575412026245e-03   0.00000000000000e+00   4.80349344978166e-01 
 -8.58382437559560e-03  -2.00575365465253e-03   0.00000000000000e+00   4.82532751091703e-01 
 -8.69982932554005e-03  -1.80499554805909e-03   0.00000000000000e+00   4.84716157205240e-01 
 -8.80641421771681e-03  -1.59215131898514e-03   0.00000000000000e+00   4.86899563318777e-01 
 -8.90152397115205e-03  -1.36589248593368e-03   0.00000000000000e+00   4.89082969432314e-01 
 -8.98310350487192e-03  -1.12489056740771e-03   0.00000000000000e+00   4.91266375545852e-01 
 -9.04909773790257e-03  -8.67817081910231e-04   0.00000000000000e+00   4.93449781659389e-01 
 -9.09745158927017e-03  -5.93343547944248e-04   0.00000000000000e+00   4.95633187772926e-01 
 -9.12613964742768e-03  -3.00269661689596e-04   0.00000000000000e+00   4.97816593886463e-01 
 -9.13433636134374e-03   7.42125058892080e-06   0.00000000000000e+00   5.00000000000000e-01 
 -9.12280226563480e-03   3.18893665080322e-04   0.00000000000000e+00   5.02183406113537e-01 
 -9.09240670003581e-03   6.22841998763984e-04   0.00000000000000e+00   5.04366812227074e-01 
 -9.04401900428172e-03   9.07960668619231e-04   0.00000000000000e+00   5.06550218340611e-01 
 -8.97855021760428e-03   1.16413418326869e-03   0.00000000000000e+00   5.08733624454148e-01 
 -8.89731648929824e-03   1.39280877600564e-03   0.00000000000000e+00   5.10917030567686e-01 
 -8.80186189194107e-03   1.60193554504990e-03   0.00000000000000e+00   5.13100436681223e-01 
 -8.69373304226406e-03   1.79953819804078e-03   0.00000000000000e+00   5.15283842794760e-01 
 -8.57447655699856e-03   1.99364044261754e-03   0.00000000000000e+00   5.17467248908297e-01 
 -8.44564145107236e-03   2.19224610325783e-03   0.00000000000000e+00   5.19650655021834e-01 
 -8.30956234530769e-03   2.39684563949608e-03   0.00000000000000e+00   5.21834061135371e-01 
 -8.17048757142569e-03   2.59306316163321e-03   0.00000000000000e+00   5.24017467248908e-01 
 -8.03277078907292e-03   2.76490907111339e-03   0.00000000000000e+00   5.26200873362445e-01 
 -7.89728890123793e-03   2.91095984299300e-03   0.00000000000000e+00   5.28384279475983e-01 
 -7.76178051930405e-03   3.04294000697669e-03   0.00000000000000e+00   5.30567685589520e-01 
 -7.62389602895925e-03   3.17293002502640e-03   0.00000000000000e+00   5.32751091703057e-01 
 -7.48267762646081e-03   3.30639805386478e-03   0.00000000000000e+00   5.34934497816594e-01 
 -7.33928438663932e-03   3.43875524418886e-03   0.00000000000000e+00   5.37117903930131e-01 
 -7.19505068179828e-03   3.56457766268499e-03   0.00000000000000e+00   5.39301310043668e-01 
 -7.05079045164959e-03   3.68036589492676e-03   0.00000000000000e+00   5.41484716157205e-01 
 -6.90612360698346e-03   3.78703595174887e-03   0.00000000000000e+00   5.43668122270742e-01 
 -6.76050327765233e-03   3.88612058680718e-03   0.00000000000000e+00   5.45851528384279e-01 
 -6.61338259350862e-03   3.97915255375759e-03   0.00000000000000e+00   5.48034934497817e-01 
 -6.46432026821784e-03   4.06749801841083e-03   0.00000000000000e+00   5.50218340611354e-01 
 -6.31366043706509e-03   4.15128392541915e-03   0.00000000000000e+00   5.52401746724891e-01 
 -6.16210126576954e-03   4.23007863791158e-03   0.00000000000000e+00   5.54585152838428e-01 
 -6.01034263336330e-03   4.30344781578928e-03   0.00000000000000e+00   5.56768558951965e-01 
 -5.85908441887848e-03   4.37095711895339e-03   0.00000000000000e+00   5.58951965065502e-01 
 -5.70899924705700e-03   4.43219984207909e-03   0.00000000000000e+00   5.61135371179039e-01 
 -5.56029233549239e-03   4.48724321223330e-03   0.00000000000000e+00   5.63318777292576e-01 
 -5.41277594178568e-03   4.53655290239836e-03   0.00000000000000e+00   5.65502183406113e-01 
 -5.26625009931065e-03   4.58060698044030e-03   0.00000000000000e+00   5.67685589519651e-01 
 -5.12051484144110e-03   4.61988351422516e-03   0.00000000000000e+00   5.69868995633188e-01 
 -4.97537020155081e-03   4.65486057161898e-03   0.00000000000000e+00   5.72052401746725e-01 
 -4.83061621301360e-03   4.68601622048777e-03   0.00000000000000e+00   5.74235807860262e-01 
 -4.68605290920324e-03   4.71382852869759e-03   0.00000000000000e+00   5.76419213973799e-01 
 -4.54148032349354e-03   4.73877556411446e-03   0.00000000000000e+00   5.78602620087336e-01 
 -4.39669848925828e-03   4.76133539460442e-03   0.00000000000000e+00   5.80786026200873e-01 
 -4.25150743987127e-03   4.78198608803351e-03   0.00000000000000e+00   5.82969432314410e-01 
 -4.10570720870629e-03   4.80120571226774e-03   0.00000000000000e+00   5.85152838427948e-01 
 -3.95909782913714e-03   4.81947233517317e-03   0.00000000000000e+00   5.87336244541485e-01 
 -3.81147933453762e-03   4.83726402461582e-03   0.00000000000000e+00   5.89519650655022e-01 
 -3.66265175828151e-03   4.85505884846173e-03   0.00000000000000e+00   5.91703056768559e-01 
 -3.51241513374262e-03   4.87333487457693e-03   0.00000000000000e+00   5.93886462882096e-01 
 -3.36056949429473e-03   4.89257017082746e-03   0.00000000000000e+00   5.96069868995633e-01 
 -3.20691487331164e-03   4.91324280507934e-03   0.00000000000000e+00   5.98253275109170e-01 
 -3.05125130416714e-03   4.93583084519862e-03   0.00000000000000e+00   6.00436681222707e-01 
 -2.89337882023504e-03   4.96081235905133e-03   0.00000000000000e+00   6.02620087336245e-01 
 -2.73309745488911e-03   4.98866541450350e-03   0.00000000000000e+00   6.04803493449782e-01 
 -2.57020724150317e-03   5.01986807942116e-03   0.00000000000000e+00   6.06986899563319e-01 
 -2.40450821345099e-03   5.05489842167036e-03   0.00000000000000e+00   6.09170305676856e-01 
 -2.23580040410638e-03   5.09423450911711e-03   0.00000000000000e+00   6.11353711790393e-01 
 -2.06388384684312e-03   5.13835440962747e-03   0.00000000000000e+00   6.13537117903930e-01 
 -1.88855857503502e-03   5.18773619106745e-03   0.00000000000000e+00   6.15720524017467e-01 
 -1.70962462205586e-03   5.24285792130310e-03   0.00000000000000e+00   6.17903930131004e-01 
 -1.52688202127944e-03   5.30419766820046e-03   0.00000000000000e+00   6.20087336244541e-01 
 -1.34013080607957e-03   5.37223349962554e-03   0.00000000000000e+00   6.22270742358079e-01 
 -1.15174710518815e-03   5.44915920591588e-03   0.00000000000000e+00   6.24454148471616e-01 
 -9.75225886986583e-04   5.54457391005051e-03   0.00000000000000e+00   6.26637554585153e-01 
 -8.27061284345361e-04   5.67007422857697e-03   0.00000000000000e+00   6.28820960698690e-01 
 -7.22360012199184e-04   5.83015543691826e-03   0.00000000000000e+00   6.31004366812227e-01 
 -6.69961457610182e-04   5.99723511596174e-03   0.00000000000000e+00   6.33187772925764e-01 
 -6.76220409560954e-04   6.13606256693615e-03   0.00000000000000e+00   6.35371179039301e-01 
 -7.33644216858009e-04   6.23817708991172e-03   0.00000000000000e+00   6.37554585152838e-01 
 -8.22206976604901e-04   6.31936614988477e-03   0.00000000000000e+00   6.39737991266376e-01 
 -9.21966041643036e-04   6.39585013575395e-03   0.00000000000000e+00   6.41921397379913e-01 
 -1.02329757764345e-03   6.47533336954043e-03   0.00000000000000e+00   6.44104803493450e-01 
 -1.12589628545757e-03   6.55782963074783e-03   0.00000000000000e+00   6.46288209606987e-01 
 -1.22979157663147e-03   6.64307646374433e-03   0.00000000000000e+00   6.48471615720524e-01 
 -1.33501286271120e-03   6.73081141289808e-03   0.00000000000000e+00   6.50655021834061e-01 
 -1.44158955524280e-03   6.82077202257723e-03   0.00000000000000e+00   6.52838427947598e-01 
 -1.54955106577236e-03   6.91269583714996e-03   0.00000000000000e+00   6.55021834061135e-01 
 -1.65892680584592e-03   7.00632040098441e-03   0.00000000000000e+00   6.57205240174672e-01 
 -1.76974618700953e-03   7.10138325844875e-03   0.00000000000000e+00   6.59388646288210e-01 
 -1.88203862080926e-03   7.19762195391114e-03   0.00000000000000e+00   6.61572052401747e-01 
 -1.99583351879117e-03   7.29477403173973e-03   0.00000000000000e+00   6.63755458515284e-01 
 -2.11116029250130e-03   7.39257703630268e-03   0.00000000000000e+00   6.65938864628821e-01 
 -2.22804835348573e-03   7.49076851196816e-03   0.00000000000000e+00   6.68122270742358e-01 
 -2.34652711329050e-03   7.58908600310431e-03   0.00000000000000e+00   6.70305676855895e-01 
 -2.46662598346168e-03   7.68726705407931e-03   0.00000000000000e+00   6.72489082969432e-01 
 -2.58837437554532e-03   7.78504920926131e-03   0.00000000000000e+00   6.74672489082969e-01 
 -2.71180170108747e-03   7.88217001301847e-03   0.00000000000000e+00   6.76855895196506e-01 
 -2.83693737163421e-03   7.97836700971895e-03   0.00000000000000e+00   6.79039301310044e-01 
 -2.96381079873158e-03   8.07337774373090e-03   0.00000000000000e+00   6.81222707423581e-01 
 -3.09245139392564e-03   8.16693975942249e-03   0.00000000000000e+00   6.83406113537118e-01 
 -3.22288856876245e-03   8.25879060116187e-03   0.00000000000000e+00   6.85589519650655e-01 
 -3.35515173478807e-03   8.34866781331722e-03   0.00000000000000e+00   6.87772925764192e-01 
 -3.48927030354855e-03   8.43630894025667e-03   0.00000000000000e+00   6.89956331877729e-01 
 -3.62527368658995e-03   8.52145152634840e-03   0.00000000000000e+00   6.92139737991266e-01 
 -3.76319129545833e-03   8.60383311596056e-03   0.00000000000000e+00   6.94323144104803e-01 
 -3.90305254169976e-03   8.68319125346131e-03   0.00000000000000e+00   6.96506550218341e-01 
 -4.04488683686027e-03   8.75926348321881e-03   0.00000000000000e+00   6.98689956331878e-01 
 -4.18872359248594e-03   8.83178734960122e-03   0.00000000000000e+00   7.00873362445415e-01 
 -4.33459222012282e-03   8.90050039697670e-03   0.00000000000000e+00   7.03056768558952e-01 
 -4.48252213131696e-03   8.96514016971341e-03   0.00000000000000e+00   7.05240174672489e-01 
 -4.63254273761444e-03   9.02544421217950e-03   0.00000000000000e+00   7.07423580786026e-01 
 -4.78468333092789e-03   9.08115090194801e-03   0.00000000000000e+00   7.09606986899563e-01 
 -4.93893892760187e-03   9.13223733395985e-03   0.00000000000000e+00   7.11790393013100e-01 
 -5.09522314580355e-03   9.17924751304880e-03   0.00000000000000e+00   7.13973799126637e-01 
 -5.25343778393409e-03   9.22280776459345e-03   0.00000000000000e+00   7.16157205240175e-01 
 -5.41348464039459e-03   9.26354441397233e-03   0.00000000000000e+00   7.18340611353712e-01 
 -5.57526551358623e-03   9.30208378656404e-03   0.00000000000000e+00   7.20524017467249e-01 
 -5.73868220191010e-03   9.33905220774713e-03   0.00000000000000e+00   7.22707423580786e-01 
 -5.90363650376737e-03   9.37507600290016e-03   0.00000000000000e+00   7.24890829694323e-01 
 -6.07003021755917e-03   9.41078149740171e-03   0.00000000000000e+00   7.27074235807860e-01 
 -6.23776514168662e-03   9.44679501663035e-03   0.00000000000000e+00   7.29257641921397e-01 
 -6.40674307455088e-03   9.48374288596463e-03   0.00000000000000e+00   7.31441048034934e-01 
 -6.57686581455307e-03   9.52225143078312e-03   0.00000000000000e+00   7.33624454148472e-01 
 -6.74803516009433e-03   9.56294697646440e-03   0.00000000000000e+00   7.35807860262009e-01 
 -6.92015290957579e-03   9.60645584838702e-03   0.00000000000000e+00   7.37991266375546e-01 
 -7.09311170014256e-03   9.65336865506492e-03   0.00000000000000e+00   7.40174672489083e-01 
 -7.26670026803674e-03   9.70387092797122e-03   0.00000000000000e+00   7.42358078602620e-01 
 -7.44064153033950e-03   9.75789159030905e-03   0.00000000000000e+00   7.44541484716157e-01 
 -7.61465736040689e-03   9.81535549612490e-03   0.00000000000000e+00   7.46724890829694e-01 
 -7.78846963159503e-03   9.87618749946522e-03   0.00000000000000e+00   7.48908296943231e-01 
 -7.96180021726000e-03   9.94031245437648e-03   0.00000000000000e+00   7.51091703056769e-01 
 -8.13437099075789e-03   1.00076552149051e-02   0.00000000000000e+00   7.53275109170306e-01 
 -8.30590382544479e-03   1.00781406350977e-02   0.00000000000000e+00   7.55458515283843e-01 
 -8.47612059467677e-03   1.01516935690005e-02   0.00000000000000e+00   7.57641921397380e-01 
 -8.64474317180995e-03   1.02282388706602e-02   0.00000000000000e+00   7.59825327510917e-01 
 -8.81151912190723e-03   1.03077478113030e-02   0.00000000000000e+00   7.62008733624454e-01 
 -8.97643683745239e-03   1.03906267648057e-02   0.00000000000000e+00   7.64192139737991e-01 
 -9.13961640730793e-03   1.04775200407553e-02   0.00000000000000e+00   7.66375545851528e-01 
 -9.30117926064934e-03   1.05690743702805e-02   0.00000000000000e+00   7.68558951965066e-01 
 -9.46123502610560e-03   1.06659277244429e-02   0.00000000000000e+00   7.70742358078603e-01 
 -9.61971345748242e-03   1.07685845452654e-02   0.00000000000000e+00   7.72925764192140e-01 
 -9.77640413123551e-03   1.08774452149239e-02   0.00000000000000e+00   7.75109170305677e-01 
 -9.93109291783877e-03   1.09929073644795e-02   0.00000000000000e+00   7.77292576419214e-01 
 -1.00835656877662e-02   1.11153686249938e-02   0.00000000000000e+00   7.79475982532751e-01 
 -1.02336083114917e-02   1.12452266275280e-02   0.00000000000000e+00   7.81659388646288e-01 
 -1.03810066594892e-02   1.13828790031437e-02   0.00000000000000e+00   7.83842794759825e-01 
 -1.05255466022327e-02   1.15287233829021e-02   0.00000000000000e+00   7.86026200873362e-01 
 -1.06670140101961e-02   1.16831573978647e-02   0.00000000000000e+00   7.88209606986900e-01 
 -1.08051947538534e-02   1.18465786790929e-02   0.00000000000000e+00   7.90393013100437e-01 
 -1.09398747036785e-02   1.20193848576480e-02   0.00000000000000e+00   7.92576419213974e-01 
 -1.10708397301454e-02   1.22019735645914e-02   0.00000000000000e+00   7.94759825327511e-01 
 -1.11978757037279e-02   1.23947424309846e-02   0.00000000000000e+00   7.96943231441048e-01 
 -1.13205661543606e-02   1.25980333266973e-02   0.00000000000000e+00   7.99126637554585e-01 
 -1.14376798555797e-02   1.28119635902840e-02   0.00000000000000e+00   8.01310043668122e-01 
 -1.15477805342865e-02   1.30365940533591e-02   0.00000000000000e+00   8.03493449781659e-01 
 -1.16494319173803e-02   1.32719855475367e-02   0.00000000000000e+00   8.05676855895196e-01 
 -1.17411977317602e-02   1.35181989044306e-02   0.00000000000000e+00   8.07860262008734e-01 
 -1.18216417043252e-02   1.37752949556547e-02   0.00000000000000e+00   8.10043668122271e-01 
 -1.18893275619745e-02   1.40433345328231e-02   0.00000000000000e+00   8.12227074235808e-01 
 -1.19428190316071e-02   1.43223784675496e-02   0.00000000000000e+00   8.14410480349345e-01 
 -1.19806798401224e-02   1.46124875914482e-02   0.00000000000000e+00   8.16593886462882e-01 
 -1.20014737144192e-02   1.49137227361328e-02   0.00000000000000e+00   8.18777292576419e-01 
 -1.20037668094499e-02   1.52261396603075e-02   0.00000000000000e+00   8.20960698689956e-01 
 -1.19868358623619e-02   1.55483095095692e-02   0.00000000000000e+00   8.23144104803493e-01 
 -1.19516520825545e-02   1.58752631835987e-02   0.00000000000000e+00   8.25327510917030e-01 
 -1.18994338685598e-02   1.62015151320036e-02   0.00000000000000e+00   8.27510917030568e-01 
 -1.18313996189102e-02   1.65215798043916e-02   0.00000000000000e+00   8.29694323144105e-01 
 -1.17487677321378e-02   1.68299716503704e-02   0.00000000000000e+00   8.31877729257642e-01 
 -1.16527516551970e-02   1.71215701198400e-02   0.00000000000000e+00   8.34061135371179e-01 
 -1.15445074220911e-02   1.73954867971569e-02   0.00000000000000e+00   8.36244541484716e-01 
 -1.14251540969066e-02   1.76535584647047e-02   0.00000000000000e+00   8.38427947598253e-01 
 -1.12958101307332e-02   1.78976670912758e-02   0.00000000000000e+00   8.40611353711790e-01 
 -1.11575939746604e-02   1.81296946456629e-02   0.00000000000000e+00   8.42794759825327e-01 
 -1.10116240797777e-02   1.83515230966584e-02   0.00000000000000e+00   8.44978165938865e-01 
 -1.08590188971748e-02   1.85650344130550e-02   0.00000000000000e+00   8.47161572052402e-01 
 -1.07008968779413e-02   1.87721105636453e-02   0.00000000000000e+00   8.49344978165939e-01 
 -1.05383178281251e-02   1.89745934777108e-02   0.00000000000000e+00   8.51528384279476e-01 
 -1.03708024698661e-02   1.91732742852630e-02   0.00000000000000e+00   8.53711790393013e-01 
 -1.01962186846218e-02   1.93678156503642e-02   0.00000000000000e+00   8.55895196506550e-01 
 -1.00123529211817e-02   1.95578246394658e-02   0.00000000000000e+00   8.58078602620087e-01 
 -9.81699162833495e-03   1.97429083190190e-02   0.00000000000000e+00   8.60262008733624e-01 
 -9.60853198554748e-03   1.99228270221769e-02   0.00000000000000e+00   8.62445414847162e-01 
 -9.38802424439859e-03   2.00980068872130e-02   0.00000000000000e+00   8.64628820960699e-01 
 -9.15723890392150e-03   2.02690548030260e-02   0.00000000000000e+00   8.66812227074236e-01 
 -8.91794647695224e-03   2.04365776619785e-02   0.00000000000000e+00   8.68995633187773e-01 
 -8.67197473596496e-03   2.06003538687153e-02   0.00000000000000e+00   8.71179039301310e-01 
 -8.42145050119825e-03   2.07558349161563e-02   0.00000000000000e+00   8.73362445414847e-01 
 -8.16859789922655e-03   2.08970643752239e-02   0.00000000000000e+00   8.75545851528384e-01 
 -7.91564110904261e-03   2.10180850584027e-02   0.00000000000000e+00   8.77729257641921e-01 
 -7.66480430963909e-03   2.11129397781773e-02   0.00000000000000e+00   8.79912663755459e-01 
 -7.41831167959900e-03   2.11756713527279e-02   0.00000000000000e+00   8.82096069868996e-01 
 -7.17815780632178e-03   2.12035139974806e-02   0.00000000000000e+00   8.84279475982533e-01 
 -6.94545211978354e-03   2.12060059236850e-02   0.00000000000000e+00   8.86462882096070e-01 
 -6.72109076435630e-03   2.11956500866159e-02   0.00000000000000e+00   8.88646288209607e-01 
 -6.50596985470664e-03   2.11849469947579e-02   0.00000000000000e+00   8.90829694323144e-01 
 -6.30092696584265e-03   2.11815753361410e-02   0.00000000000000e+00   8.93013100436681e-01 
 -6.10661876082598e-03   2.11783123636710e-02   0.00000000000000e+00   8.95196506550218e-01 
 -5.92366706302722e-03   2.11650656391834e-02   0.00000000000000e+00   8.97379912663755e-01 
 -5.75269369581691e-03   2.11317427245138e-02   0.00000000000000e+00   8.99563318777293e-01 
 -5.59404148888637e-03   2.10714498164958e-02   0.00000000000000e+00   9.01746724890830e-01 
 -5.44666967167221e-03   2.09931559523315e-02   0.00000000000000e+00   9.03930131004367e-01 
 -5.30917916138412e-03   2.09096811475475e-02   0.00000000000000e+00   9.06113537117904e-01 
 -5.18073244662672e-03   2.08253387154325e-02   0.00000000000000e+00   9.08296943231441e-01 
 -5.06076288483741e-03   2.07403390648494e-02   0.00000000000000e+00   9.10480349344978e-01 
 -4.94870557862364e-03   2.06548661702215e-02   0.00000000000000e+00   9.12663755458515e-01 
 -4.84399563059281e-03   2.05691040059720e-02   0.00000000000000e+00   9.14847161572052e-01 
 -4.74606814335236e-03   2.04832365465242e-02   0.00000000000000e+00   9.17030567685589e-01 
 -4.65435821950972e-03   2.03974477663014e-02   0.00000000000000e+00   9.19213973799127e-01 
 -4.56830096167233e-03   2.03119216397268e-02   0.00000000000000e+00   9.21397379912664e-01 
 -4.48733147244758e-03   2.02268421412236e-02   0.00000000000000e+00   9.23580786026201e-01 
 -4.41088485444294e-03   2.01423932452151e-02   0.00000000000000e+00   9.25764192139738e-01 
 -4.33839621026581e-03   2.00587589261246e-02   0.00000000000000e+00   9.27947598253275e-01 
 -4.26930064252363e-03   1.99761231583753e-02   0.00000000000000e+00   9.30131004366812e-01 
 -4.20303325382382e-03   1.98946699163905e-02   0.00000000000000e+00   9.32314410480349e-01 
 -4.13902914677382e-03   1.98145831745934e-02   0.00000000000000e+00   9.34497816593886e-01 
 -4.07672342398105e-03   1.97360469074073e-02   0.00000000000000e+00   9.36681222707423e-01 
 -4.01555118805293e-03   1.96592450892554e-02   0.00000000000000e+00   9.38864628820961e-01 
 -3.95494754159690e-03   1.95843616945611e-02   0.00000000000000e+00   9.41048034934498e-01 
 -3.89434758722038e-03   1.95115806977474e-02   0.00000000000000e+00   9.43231441048035e-01 
 -3.83318882419115e-03   1.94410855261215e-02   0.00000000000000e+00   9.45414847161572e-01 
 -3.77121507411032e-03   1.93729896788763e-02   0.00000000000000e+00   9.47598253275109e-01 
 -3.70877407197237e-03   1.93072687921762e-02   0.00000000000000e+00   9.49781659388646e-01 
 -3.64628420989742e-03   1.92438823723807e-02   0.00000000000000e+00   9.51965065502183e-01 
 -3.58416388000561e-03   1.91827899258491e-02   0.00000000000000e+00   9.54148471615720e-01 
 -3.52283147441706e-03   1.91239509589408e-02   0.00000000000000e+00   9.56331877729258e-01 
 -3.46270538525189e-03   1.90673249780150e-02   0.00000000000000e+00   9.58515283842795e-01 
 -3.40420400463024e-03   1.90128714894312e-02   0.00000000000000e+00   9.60698689956332e-01 
 -3.34774572467223e-03   1.89605499995488e-02   0.00000000000000e+00   9.62882096069869e-01 
 -3.29374893749800e-03   1.89103200147270e-02   0.00000000000000e+00   9.65065502183406e-01 
 -3.24263203522766e-03   1.88621410413253e-02   0.00000000000000e+00   9.67248908296943e-01 
 -3.19481340998134e-03   1.88159725857029e-02   0.00000000000000e+00   9.69432314410480e-01 
 -3.15071145387918e-03   1.87717741542194e-02   0.00000000000000e+00   9.71615720524017e-01 
 -3.11074455904130e-03   1.87295052532339e-02   0.00000000000000e+00   9.73799126637555e-01 
 -3.07533111758782e-03   1.86891253891059e-02   0.00000000000000e+00   9.75982532751092e-01 
 -3.04488952163888e-03   1.86505940681947e-02   0.00000000000000e+00   9.78165938864629e-01 
 -3.01983816331461e-03   1.86138707968597e-02   0.00000000000000e+00   9.80349344978166e-01 
 -3.00052613689262e-03   1.85789378357488e-02   0.00000000000000e+00   9.82532751091703e-01 
 -2.98582435228606e-03   1.85462628146384e-02   0.00000000000000e+00   9.84716157205240e-01 
 -2.97318707403429e-03   1.85167785258029e-02   0.00000000000000e+00   9.86899563318777e-01 
 -2.96001158360929e-03   1.84914364721877e-02   0.00000000000000e+00   9.89082969432314e-01 
 -2.94377715081194e-03   1.84711559435817e-02   0.00000000000000e+00   9.91266375545852e-01 
 -2.92692723839178e-03   1.84549058018686e-02   0.00000000000000e+00   9.93449781659389e-01 
 -2.91830451768210e-03   1.84391582361579e-02   0.00000000000000e+00   9.95633187772926e-01 
 -2.91547340032689e-03   1.84249755262562e-02   0.00000000000000e+00   9.97816593886463e-01 
 -2.90965338373799e-03   1.84159972496970e-02   0.00000000000000e+00   1.00000000000000e+00 
