-0.00290949569	-0.01841596822	0.00000000000
-0.00292620737	-0.01845393685	0.00000000000
-0.00304641525	-0.01867483113	0.00000000000
-0.00349872023	-0.01914344639	0.00000000000
-0.00389210118	-0.01943950397	0.00000000000
-0.00408931829	-0.01976624889	0.00000000000
-0.00450441248	-0.02032014291	0.00000000000
-0.00524754551	-0.02088626381	0.00000000000
-0.00638781616	-0.02147396282	0.00000000000
-0.00896080207	-0.02063210112	0.00000000000
-0.01143989427	-0.01855653501	0.00000000000
-0.01234477196	-0.01467897691	0.00000000000
-0.01119625994	-0.01222733648	0.00000000000
-0.01023730290	-0.01118482707	0.00000000000
-0.00908401247	-0.01040989602	0.00000000000
-0.00785345897	-0.00989454798	0.00000000000
-0.00668271082	-0.00953664492	0.00000000000
-0.00540934858	-0.00931115072	0.00000000000
-0.00432662125	-0.00895864475	0.00000000000
-0.00334143293	-0.00836930088	0.00000000000
-0.00229655337	-0.00765088075	0.00000000000
-0.00169819785	-0.00685510503	0.00000000000
-0.00054175082	-0.00644713359	0.00000000000
-0.00090023702	-0.00533186960	0.00000000000
-0.00260494443	-0.00501378539	0.00000000000
-0.00350574930	-0.00487607486	0.00000000000
-0.00460932318	-0.00475593915	0.00000000000
-0.00560090552	-0.00450446822	0.00000000000
-0.00674877894	-0.00398955044	0.00000000000
-0.00772448682	-0.00309021472	0.00000000000
-0.00875660944	-0.00200353471	0.00000000000
-0.00933940755	0.00001667595	0.00000000000
-0.00874260787	0.00201928882	0.00000000000
-0.00770384059	0.00311338766	0.00000000000
-0.00672309679	0.00399827021	0.00000000000
-0.00558157193	0.00450781381	0.00000000000
-0.00461167383	0.00474882708	0.00000000000
-0.00346536017	0.00488264873	0.00000000000
-0.00256041451	0.00500722929	0.00000000000
-0.00080731119	0.00537764568	0.00000000000
-0.00060414833	0.00648947526	0.00000000000
-0.00172895009	0.00687074706	0.00000000000
-0.00235244279	0.00768989259	0.00000000000
-0.00334266529	0.00835178407	0.00000000000
-0.00433584691	0.00894559085	0.00000000000
-0.00540089282	0.00928819389	0.00000000000
-0.00664737942	0.00951319394	0.00000000000
-0.00787368901	0.00988203799	0.00000000000
-0.00909598044	0.01040393220	0.00000000000
-0.01023842911	0.01118188001	0.00000000000
-0.01120422903	0.01223060007	0.00000000000
-0.01235397702	0.01469463971	0.00000000000
-0.01142287837	0.01858400219	0.00000000000
-0.00894386609	0.02064616871	0.00000000000
-0.00637330707	0.02147096082	0.00000000000
-0.00524944177	0.02088767929	0.00000000000
-0.00450206919	0.02031969206	0.00000000000
-0.00408920314	0.01976629580	0.00000000000
-0.00389144902	0.01943971478	0.00000000000
-0.00349832232	0.01914389879	0.00000000000
-0.00304636902	0.01867483434	0.00000000000
-0.00292633677	0.01845400377	0.00000000000
-0.00290965338	0.01841599725	0.00000000000
