-0.00000000000 -1.0
-0.00000000000 -1.0
-0.00000000000 -1.0
-0.00000000000 -1.0
-0.00000000710 -1.0
-0.00000000910 -1.0
-0.00000001073 -1.0
-0.00000001463 -1.0
-0.00000001610 -1.0
-0.00000001664 -1.0
-0.00000001858 -1.0
-0.00000001969 -1.0
-0.00000002061 -1.0
-0.00000002283 -1.0
-0.00000002418 -1.0
-0.00000002568 -1.0
-0.00000002913 -1.0
-0.00000003200 -1.0
-0.00000003688 -1.0
-0.00000004226 -1.0
-0.00000004681 -1.0
-0.00000005653 -1.0
-0.00000005756 -1.0
-0.00000005840 -1.0
-0.00000005942 -1.0
-0.00000006506 -1.0
-0.00000006875 -1.0
-0.00000007529 -1.0
-0.00000007837 -1.0
-0.00000007998 -1.0
-0.00000008189 -1.0
-0.00000008280 -1.0
-0.00000008390 -1.0
-0.00000008498 -1.0
-0.00000008649 -1.0
-0.00000008830 -1.0
-0.00000009814 -1.0
-0.00000009918 -1.0
-0.00000010001 -1.0
-0.00000010104 -1.0
-0.00000011184 -1.0
-0.00000011649 -1.0
-0.00000011992 -1.0
-0.00000012134 -1.0
-0.00000012568 -1.0
-0.00000012940 -1.0
-0.00000013130 -1.0
-0.00000013412 -1.0
-0.00000013567 -1.0
-0.00000013707 -1.0
-0.00000013910 -1.0
-0.00000014045 -1.0
-0.00000014188 -1.0
-0.00000014263 -1.0
-0.00000014901 -1.0
-0.00000015477 -1.0
-0.00000015621 -1.0
-0.00000015676 -1.0
-0.00000015770 -1.0
-0.00000015770 -1.0
-0.00000015770 -1.0
-0.00000015770 -1.0
