-0.00290949569	-0.01841596822	0.00000000000	0.00000000000
-0.00290974623	-0.01841648519	0.00000000000	0.00015650209
-0.00291001731	-0.01841704295	0.00000000000	0.00031948775
-0.00291030806	-0.01841763940	0.00000000000	0.00048773449
-0.00291061931	-0.01841827591	0.00000000000	0.00066109552
-0.00291095257	-0.01841895523	0.00000000000	0.00083978520
-0.00291130935	-0.01841968001	0.00000000000	0.00102395381
-0.00291169112	-0.01842045281	0.00000000000	0.00121369560
-0.00291209942	-0.01842127627	0.00000000000	0.00140910047
-0.00291253595	-0.01842215330	0.00000000000	0.00161029330
-0.00291300265	-0.01842308726	0.00000000000	0.00181746445
-0.00291350178	-0.01842408200	0.00000000000	0.00203088028
-0.00291403589	-0.01842514193	0.00000000000	0.00225086143
-0.00291460769	-0.01842627166	0.00000000000	0.00247772335
-0.00291521997	-0.01842747583	0.00000000000	0.00271172933
-0.00291587551	-0.01842875897	0.00000000000	0.00295307405
-0.00291657714	-0.01843012562	0.00000000000	0.00320190921
-0.00291732787	-0.01843158050	0.00000000000	0.00345839122
-0.00291813098	-0.01843312872	0.00000000000	0.00372270216
-0.00291899002	-0.01843477583	0.00000000000	0.00399505704
-0.00291990890	-0.01843652782	0.00000000000	0.00427570043
-0.00292089181	-0.01843839113	0.00000000000	0.00456489723
-0.00292194330	-0.01844037257	0.00000000000	0.00486292367
-0.00292306822	-0.01844247939	0.00000000000	0.00517006587
-0.00292427179	-0.01844471924	0.00000000000	0.00548661635
-0.00292555958	-0.01844710022	0.00000000000	0.00581287460
-0.00292693759	-0.01844963086	0.00000000000	0.00614914791
-0.00292841224	-0.01845232022	0.00000000000	0.00649575247
-0.00292999042	-0.01845517785	0.00000000000	0.00685301436
-0.00293167954	-0.01845821386	0.00000000000	0.00722126993
-0.00293348756	-0.01846143896	0.00000000000	0.00760086674
-0.00293542306	-0.01846486451	0.00000000000	0.00799216908
-0.00293749521	-0.01846850244	0.00000000000	0.00839554395
-0.00293971389	-0.01847236541	0.00000000000	0.00881137521
-0.00294208982	-0.01847646693	0.00000000000	0.00924007268
-0.00294463439	-0.01848082109	0.00000000000	0.00968203934
-0.00294735999	-0.01848544292	0.00000000000	0.01013770735
-0.00295027990	-0.01849034826	0.00000000000	0.01060751814
-0.00295340845	-0.01849555392	0.00000000000	0.01109193421
-0.00295676118	-0.01850107772	0.00000000000	0.01159144088
-0.00296035461	-0.01850693823	0.00000000000	0.01210651514
-0.00296420667	-0.01851315516	0.00000000000	0.01263766254
-0.00296833694	-0.01851974973	0.00000000000	0.01318543970
-0.00297276649	-0.01852674425	0.00000000000	0.01375041109
-0.00297751783	-0.01853416191	0.00000000000	0.01433313432
-0.00298261525	-0.01854202712	0.00000000000	0.01493418254
-0.00298808532	-0.01855036615	0.00000000000	0.01555418857
-0.00299395710	-0.01855920719	0.00000000000	0.01619384278
-0.00300026133	-0.01856857897	0.00000000000	0.01685378430
-0.00300703114	-0.01857851157	0.00000000000	0.01753466563
-0.00301430351	-0.01858903832	0.00000000000	0.01823727305
-0.00302211836	-0.01860019411	0.00000000000	0.01896240294
-0.00303051812	-0.01861201454	0.00000000000	0.01971080283
-0.00303954896	-0.01862453731	0.00000000000	0.02048326761
-0.00304926220	-0.01863780379	0.00000000000	0.02128072270
-0.00305971311	-0.01865185689	0.00000000000	0.02210408603
-0.00307096024	-0.01866673978	0.00000000000	0.02295419949
-0.00308306867	-0.01868249976	0.00000000000	0.02383204889
-0.00309611020	-0.01869918784	0.00000000000	0.02473872831
-0.00311016259	-0.01871685704	0.00000000000	0.02567533920
-0.00312530989	-0.01873556224	0.00000000000	0.02664298445
-0.00314164322	-0.01875536046	0.00000000000	0.02764278420
-0.00315926237	-0.01877631195	0.00000000000	0.02867593206
-0.00317827880	-0.01879848283	0.00000000000	0.02974381660
-0.00319881303	-0.01882194082	0.00000000000	0.03084780583
-0.00322099447	-0.01884675415	0.00000000000	0.03198920647
-0.00324496257	-0.01887299188	0.00000000000	0.03316929136
-0.00327087353	-0.01890072996	0.00000000000	0.03438957717
-0.00329890162	-0.01893005080	0.00000000000	0.03565179047
-0.00332923326	-0.01896103534	0.00000000000	0.03695752456
-0.00336207099	-0.01899376569	0.00000000000	0.03830837736
-0.00339763742	-0.01902832729	0.00000000000	0.03970605069
-0.00343618149	-0.01906481265	0.00000000000	0.04115250526
-0.00347796078	-0.01910330233	0.00000000000	0.04264922477
-0.00352325162	-0.01914387338	0.00000000000	0.04419759972
-0.00357236624	-0.01918663000	0.00000000000	0.04579998267
-0.00362519362	-0.01923173077	0.00000000000	0.04745782631
-0.00368108794	-0.01927941360	0.00000000000	0.04917191178
-0.00373926638	-0.01932999825	0.00000000000	0.05094464260
-0.00379872949	-0.01938382687	0.00000000000	0.05277781520
-0.00385822860	-0.01944126154	0.00000000000	0.05467246576
-0.00388524176	-0.01946903877	0.00000000000	0.05556608600
-0.00392482267	-0.01951239716	0.00000000000	0.05693168068
-0.00396751808	-0.01956399065	0.00000000000	0.05851100627
-0.00400821033	-0.01961864825	0.00000000000	0.06013499798
-0.00404786415	-0.01967639860	0.00000000000	0.06180459446
-0.00408769798	-0.01973727422	0.00000000000	0.06352145033
-0.00412917735	-0.01980132761	0.00000000000	0.06528823232
-0.00417402437	-0.01986858914	0.00000000000	0.06710747996
-0.00422421908	-0.01993906314	0.00000000000	0.06898159427
-0.00428105517	-0.02001271201	0.00000000000	0.07091172758
-0.00434502380	-0.02008956549	0.00000000000	0.07290059307
-0.00441649436	-0.02016951565	0.00000000000	0.07494793673
-0.00449612614	-0.02025272493	0.00000000000	0.07706111772
-0.00458471422	-0.02033938477	0.00000000000	0.07924890489
-0.00468276077	-0.02042930683	0.00000000000	0.08151144013
-0.00479098852	-0.02052244287	0.00000000000	0.08385362007
-0.00491022509	-0.02061873355	0.00000000000	0.08628148778
-0.00504140011	-0.02071808189	0.00000000000	0.08880189470
-0.00518557106	-0.02082034728	0.00000000000	0.09142277987
-0.00534403474	-0.02092513684	0.00000000000	0.09415361761
-0.00552012526	-0.02102681499	0.00000000000	0.09700602436
-0.00571996397	-0.02111252369	0.00000000000	0.09999433513
-0.00575175725	-0.02112279750	0.00000000000	0.10044557654
-0.00599981242	-0.02117105398	0.00000000000	0.10374352049
-0.00632129015	-0.02119226381	0.00000000000	0.10732056377
-0.00673301946	-0.02120290587	0.00000000000	0.11119534661
-0.00720750373	-0.02118263796	0.00000000000	0.11545538542
-0.00769176611	-0.02109385592	0.00000000000	0.12019889945
-0.00788463026	-0.02102633899	0.00000000000	0.12216566660
-0.00851906722	-0.02070276154	0.00000000000	0.12760127367
-0.00927702570	-0.02019669353	0.00000000000	0.13381749801
-0.00959886796	-0.01993073380	0.00000000000	0.13707537508
-0.01001977190	-0.01952539063	0.00000000000	0.14197798502
-0.01046211474	-0.01904769159	0.00000000000	0.14750965823
-0.01074778851	-0.01871285340	0.00000000000	0.15116974138
-0.01106710868	-0.01828595129	0.00000000000	0.15555359010
-0.01143324881	-0.01765330998	0.00000000000	0.16138176103
-0.01158803441	-0.01729275632	0.00000000000	0.16433247456
-0.01182607979	-0.01649865005	0.00000000000	0.17020837370
-0.01196525542	-0.01561302202	0.00000000000	0.17634488604
-0.01198277220	-0.01477213350	0.00000000000	0.18221526204
-0.01190230379	-0.01411048045	0.00000000000	0.18716513047
-0.01181736848	-0.01375497779	0.00000000000	0.19003585591
-0.01158412736	-0.01311290858	0.00000000000	0.19569964125
-0.01152554336	-0.01298643721	0.00000000000	0.19690197820
-0.01123500291	-0.01245936831	0.00000000000	0.20230060188
-0.01116236238	-0.01234554190	0.00000000000	0.20356252801
-0.01088066605	-0.01195090710	0.00000000000	0.20826713790
-0.01066694160	-0.01169306971	0.00000000000	0.21166949633
-0.01047381350	-0.01148532277	0.00000000000	0.21464318783
-0.01018790907	-0.01121441326	0.00000000000	0.21890021335
-0.00995984696	-0.01102461017	0.00000000000	0.22219270556
-0.00978983503	-0.01089600551	0.00000000000	0.22459706023
-0.00950575412	-0.01070211649	0.00000000000	0.22853401683
-0.00922404254	-0.01053182853	0.00000000000	0.23235518408
-0.00899966379	-0.01040928152	0.00000000000	0.23535047841
-0.00883110041	-0.01032386610	0.00000000000	0.23757720274
-0.00855210505	-0.01019371909	0.00000000000	0.24122601397
-0.00827635703	-0.01007733879	0.00000000000	0.24479637730
-0.00800358665	-0.00997270381	0.00000000000	0.24830226729
-0.00773378916	-0.00987818057	0.00000000000	0.25175293679
-0.00757301449	-0.00982561557	0.00000000000	0.25380441865
-0.00736154779	-0.00976028972	0.00000000000	0.25650054780
-0.00709986737	-0.00968476537	0.00000000000	0.25983849521
-0.00684237058	-0.00961536886	0.00000000000	0.26313112911
-0.00658966431	-0.00955120122	0.00000000000	0.26637685896
-0.00634202502	-0.00949133531	0.00000000000	0.26957774269
-0.00609914209	-0.00943440633	0.00000000000	0.27274189009
-0.00586096567	-0.00937883671	0.00000000000	0.27587272856
-0.00562737297	-0.00932311227	0.00000000000	0.27897451054
-0.00539795429	-0.00926572054	0.00000000000	0.28205534809
-0.00517249449	-0.00920523314	0.00000000000	0.28512092603
-0.00497009876	-0.00914615629	0.00000000000	0.28790903210
-0.00487933166	-0.00911784668	0.00000000000	0.28917159644
-0.00466185339	-0.00904450241	0.00000000000	0.29223045161
-0.00444702505	-0.00896294844	0.00000000000	0.29530353429
-0.00423570201	-0.00887201127	0.00000000000	0.29838267494
-0.00402772871	-0.00877127663	0.00000000000	0.30147214285
-0.00382264955	-0.00866129271	0.00000000000	0.30457894977
-0.00364299801	-0.00855654534	0.00000000000	0.30735210885
-0.00355306215	-0.00850125499	0.00000000000	0.30875917447
-0.00335830741	-0.00837524382	0.00000000000	0.31185078320
-0.00316660617	-0.00824319609	0.00000000000	0.31495599046
-0.00297795958	-0.00810600105	0.00000000000	0.31807488368
-0.00279391421	-0.00796577548	0.00000000000	0.32118118289
-0.00276997017	-0.00794710116	0.00000000000	0.32159008461
-0.00259214226	-0.00780555378	0.00000000000	0.32466258867
-0.00241779619	-0.00766235504	0.00000000000	0.32773819060
-0.00224699260	-0.00751851293	0.00000000000	0.33081519377
-0.00210990569	-0.00740104344	0.00000000000	0.33333279083
-0.00202168360	-0.00732472003	0.00000000000	0.33497652106
-0.00187154036	-0.00719395010	0.00000000000	0.33781802116
-0.00172558879	-0.00706636363	0.00000000000	0.34063565107
-0.00158377965	-0.00694266569	0.00000000000	0.34342825763
-0.00144606299	-0.00682352093	0.00000000000	0.34619465619
-0.00133527607	-0.00672891383	0.00000000000	0.34846079223
-0.00126729349	-0.00667161819	0.00000000000	0.34987001785
-0.00114909361	-0.00657376660	0.00000000000	0.35235521394
-0.00103462372	-0.00648166869	0.00000000000	0.35480596035
-0.00092345755	-0.00639536070	0.00000000000	0.35722923208
-0.00081506015	-0.00631390713	0.00000000000	0.35964724004
-0.00072157689	-0.00622456332	0.00000000000	0.36208730635
-0.00067151411	-0.00611148922	0.00000000000	0.36440314708
-0.00066819234	-0.00603332433	0.00000000000	0.36563039126
-0.00076234132	-0.00575901305	0.00000000000	0.36924425624
-0.00088619565	-0.00561399376	0.00000000000	0.37140308342
-0.00118804837	-0.00543548055	0.00000000000	0.37521184381
-0.00146408938	-0.00532734954	0.00000000000	0.37839042354
-0.00178897815	-0.00521728673	0.00000000000	0.38227552895
-0.00206763035	-0.00513636191	0.00000000000	0.38574843322
-0.00222703792	-0.00509549470	0.00000000000	0.38779390614
-0.00249593622	-0.00503503074	0.00000000000	0.39134004567
-0.00273960997	-0.00498868252	0.00000000000	0.39465413287
-0.00284785050	-0.00497039398	0.00000000000	0.39615549879
-0.00303902560	-0.00494108927	0.00000000000	0.39884843956
-0.00324701132	-0.00491280778	0.00000000000	0.40183316101
-0.00344656580	-0.00488820519	0.00000000000	0.40474395831
-0.00363903851	-0.00486577539	0.00000000000	0.40758755678
-0.00370924285	-0.00485769702	0.00000000000	0.40863197016
-0.00388097076	-0.00483768741	0.00000000000	0.41119924403
-0.00406467575	-0.00481513134	0.00000000000	0.41395922997
-0.00424732293	-0.00479064662	0.00000000000	0.41671154957
-0.00442958755	-0.00476338980	0.00000000000	0.41946257627
-0.00461191111	-0.00473254028	0.00000000000	0.42221531121
-0.00469001769	-0.00471804263	0.00000000000	0.42339391363
-0.00485636972	-0.00468425595	0.00000000000	0.42590105961
-0.00504330689	-0.00464101597	0.00000000000	0.42871068720
-0.00523412764	-0.00459040710	0.00000000000	0.43156644210
-0.00542975361	-0.00453100380	0.00000000000	0.43447728284
-0.00562618472	-0.00446301297	0.00000000000	0.43737928858
-0.00567121783	-0.00444619359	0.00000000000	0.43804163881
-0.00588517099	-0.00435983935	0.00000000000	0.44117681777
-0.00610580929	-0.00425929013	0.00000000000	0.44439612936
-0.00633438357	-0.00414220915	0.00000000000	0.44772553806
-0.00646643670	-0.00406828556	0.00000000000	0.44965002197
-0.00667354169	-0.00394258239	0.00000000000	0.45267502640
-0.00692946317	-0.00376973085	0.00000000000	0.45643402443
-0.00713447489	-0.00361619020	0.00000000000	0.45947100322
-0.00730619526	-0.00347641084	0.00000000000	0.46203874048
-0.00758301354	-0.00322758404	0.00000000000	0.46623783378
-0.00776316424	-0.00304848604	0.00000000000	0.46902025608
-0.00797382319	-0.00281983704	0.00000000000	0.47233591368
-0.00825211341	-0.00248166768	0.00000000000	0.47684346648
-0.00832537871	-0.00238494125	0.00000000000	0.47805911532
-0.00860255712	-0.00197501334	0.00000000000	0.48287518088
-0.00876818268	-0.00167244364	0.00000000000	0.48609122257
-0.00898043296	-0.00113381032	0.00000000000	0.49118801244
-0.00906351617	-0.00079784216	0.00000000000	0.49402021027
-0.00913440067	-0.00000752657	0.00000000000	0.49989518236
-0.00906330913	0.00080901575	0.00000000000	0.50577051475
-0.00898423998	0.00114525403	0.00000000000	0.50856342608
-0.00877419023	0.00165544917	0.00000000000	0.51368294164
-0.00860870008	0.00193950116	0.00000000000	0.51685949764
-0.00831777457	0.00238476034	0.00000000000	0.52170435558
-0.00824989190	0.00248318271	0.00000000000	0.52277246380
-0.00796600532	0.00283925028	0.00000000000	0.52727450546
-0.00775657355	0.00304786509	0.00000000000	0.53065106030
-0.00758451515	0.00321022814	0.00000000000	0.53336456007
-0.00731028395	0.00346477448	0.00000000000	0.53755728714
-0.00713467214	0.00361425903	0.00000000000	0.54021536877
-0.00694027389	0.00376264351	0.00000000000	0.54315369377
-0.00669013947	0.00393141592	0.00000000000	0.54689907027
-0.00647567281	0.00406096218	0.00000000000	0.55005299957
-0.00635687324	0.00412781086	0.00000000000	0.55177726899
-0.00612590629	0.00424808242	0.00000000000	0.55510578610
-0.00590221665	0.00435228874	0.00000000000	0.55832802678
-0.00568617365	0.00444100759	0.00000000000	0.56146926131
-0.00561368456	0.00446811114	0.00000000000	0.56253267281
-0.00542505783	0.00453264167	0.00000000000	0.56531979566
-0.00523018198	0.00459073568	0.00000000000	0.56822497644
-0.00503998613	0.00463977536	0.00000000000	0.57107948148
-0.00485303123	0.00468141899	0.00000000000	0.57389744509
-0.00467890065	0.00471512648	0.00000000000	0.57652725904
-0.00462038752	0.00472548827	0.00000000000	0.57741112377
-0.00443843246	0.00475505439	0.00000000000	0.58015715017
-0.00425564153	0.00478142117	0.00000000000	0.58290737543
-0.00407208426	0.00480547176	0.00000000000	0.58565474881
-0.00388707093	0.00482819975	0.00000000000	0.58840363326
-0.00370329613	0.00485018723	0.00000000000	0.59110869941
-0.00366431041	0.00485485965	0.00000000000	0.59167883116
-0.00346864302	0.00487878209	0.00000000000	0.59451837335
-0.00326524302	0.00490522630	0.00000000000	0.59742764495
-0.00305341222	0.00493550422	0.00000000000	0.60040657552
-0.00284842556	0.00496835662	0.00000000000	0.60323589591
-0.00276129710	0.00498356863	0.00000000000	0.60442183475
-0.00251447923	0.00503126580	0.00000000000	0.60772549816
-0.00224329291	0.00509240579	0.00000000000	0.61125759910
-0.00206438281	0.00513822028	0.00000000000	0.61353084171
-0.00179876116	0.00521479426	0.00000000000	0.61682191600
-0.00146129951	0.00532747089	0.00000000000	0.62085957299
-0.00120832912	0.00542443110	0.00000000000	0.62379260079
-0.00089237498	0.00560638702	0.00000000000	0.62779097947
-0.00076314865	0.00575550256	0.00000000000	0.63002774443
-0.00066642049	0.00602775745	0.00000000000	0.63361712423
-0.00066864953	0.00610234866	0.00000000000	0.63477499303
-0.00071849964	0.00621927223	0.00000000000	0.63710180711
-0.00081331327	0.00631233667	0.00000000000	0.63953736040
-0.00092335105	0.00639692154	0.00000000000	0.64195142258
-0.00103579065	0.00648527726	0.00000000000	0.64437213020
-0.00115114717	0.00657840347	0.00000000000	0.64682140641
-0.00126981876	0.00667630411	0.00000000000	0.64930548501
-0.00134513243	0.00673931108	0.00000000000	0.65086354738
-0.00145005310	0.00682795358	0.00000000000	0.65301061911
-0.00158710098	0.00694479739	0.00000000000	0.65577464035
-0.00172776269	0.00706536386	0.00000000000	0.65856484941
-0.00187217480	0.00718917906	0.00000000000	0.66138141679
-0.00202030794	0.00731559374	0.00000000000	0.66422126928
-0.00211820203	0.00739852161	0.00000000000	0.66607123656
-0.00224373690	0.00750386255	0.00000000000	0.66841309382
-0.00241126021	0.00764220510	0.00000000000	0.67148622068
-0.00258188653	0.00777988637	0.00000000000	0.67455688785
-0.00275574462	0.00791622082	0.00000000000	0.67762605415
-0.00282242725	0.00796733566	0.00000000000	0.67878766038
-0.00299101977	0.00809340569	0.00000000000	0.68168705107
-0.00317569904	0.00822592160	0.00000000000	0.68480310373
-0.00336325909	0.00835406702	0.00000000000	0.68790577869
-0.00355382431	0.00847719789	0.00000000000	0.69099648843
-0.00367378482	0.00855088891	0.00000000000	0.69291121523
-0.00382859571	0.00864147486	0.00000000000	0.69534799402
-0.00402931547	0.00875113149	0.00000000000	0.69845173972
-0.00423307108	0.00885319630	0.00000000000	0.70154041598
-0.00444017557	0.00894715896	0.00000000000	0.70461827476
-0.00465091021	0.00903246163	0.00000000000	0.70768880848
-0.00486507529	0.00910840788	0.00000000000	0.71074855956
-0.00503298405	0.00916104491	0.00000000000	0.71310757666
-0.00517323839	0.00920118390	0.00000000000	0.71505367647
-0.00539728993	0.00925955266	0.00000000000	0.71812077161
-0.00562580398	0.00931369408	0.00000000000	0.72120153801
-0.00585923497	0.00936546829	0.00000000000	0.72430503598
-0.00609794988	0.00941675708	0.00000000000	0.72743884584
-0.00634222874	0.00946951715	0.00000000000	0.73060925527
-0.00659166620	0.00952568417	0.00000000000	0.73381375583
-0.00684652288	0.00958748661	0.00000000000	0.73705862194
-0.00710700513	0.00965728490	0.00000000000	0.74034967083
-0.00737241070	0.00973629426	0.00000000000	0.74368531859
-0.00762452105	0.00981871547	0.00000000000	0.74684869581
-0.00772126930	0.00985225895	0.00000000000	0.74806360941
-0.00799578276	0.00995329505	0.00000000000	0.75152078838
-0.00827213358	0.01006397930	0.00000000000	0.75502744562
-0.00854992588	0.01018473707	0.00000000000	0.75859483698
-0.00882935061	0.01031649206	0.00000000000	0.76224365780
-0.00901971363	0.01041316770	0.00000000000	0.76476900595
-0.00922497044	0.01052515664	0.00000000000	0.76752642540
-0.00950613051	0.01069429490	0.00000000000	0.77135857337
-0.00979036907	0.01088752998	0.00000000000	0.77530508425
-0.00996599377	0.01102014654	0.00000000000	0.77778945643
-0.01019021718	0.01120665856	0.00000000000	0.78102413417
-0.01047656101	0.01147801266	0.00000000000	0.78528117522
-0.01067309506	0.01169007668	0.00000000000	0.78830458926
-0.01088369472	0.01194556725	0.00000000000	0.79165850264
-0.01116653526	0.01234563374	0.00000000000	0.79639804669
-0.01122950348	0.01244539837	0.00000000000	0.79749808530
-0.01151866120	0.01297454024	0.00000000000	0.80290060703
-0.01158283285	0.01311421859	0.00000000000	0.80422461087
-0.01181645727	0.01375711001	0.00000000000	0.80989222487
-0.01189925467	0.01408901646	0.00000000000	0.81259050298
-0.01199287535	0.01475563234	0.00000000000	0.81764151626
-0.01198218472	0.01560286080	0.00000000000	0.82350963286
-0.01183307183	0.01651458536	0.00000000000	0.82964588330
-0.01157958831	0.01731165720	0.00000000000	0.83556205619
-0.01142485047	0.01765416978	0.00000000000	0.83843327043
-0.01105872726	0.01828210474	0.00000000000	0.84428514776
-0.01075253525	0.01870577450	0.00000000000	0.84863932432
-0.01047571276	0.01905012604	0.00000000000	0.85235337813
-0.01002791789	0.01954233873	0.00000000000	0.85789857368
-0.00957889878	0.01994717180	0.00000000000	0.86274551208
-0.00923425176	0.02021315564	0.00000000000	0.86609333321
-0.00854557311	0.02068047856	0.00000000000	0.87228441606
-0.00791917244	0.02101655774	0.00000000000	0.87769869536
-0.00768945013	0.02110489435	0.00000000000	0.87969676576
-0.00716059491	0.02120441725	0.00000000000	0.88444175567
-0.00671539551	0.02119532317	0.00000000000	0.88870287020
-0.00634092257	0.02118191641	0.00000000000	0.89257830189
-0.00602494108	0.02117432732	0.00000000000	0.89615415081
-0.00576291268	0.02113457631	0.00000000000	0.89942822953
-0.00571921865	0.02112153803	0.00000000000	0.90001038662
-0.00550828829	0.02102788682	0.00000000000	0.90299816471
-0.00532527763	0.02091980465	0.00000000000	0.90585008801
-0.00516469285	0.02081433841	0.00000000000	0.90858036362
-0.00502295266	0.02071218814	0.00000000000	0.91120057098
-0.00489715433	0.02061339100	0.00000000000	0.91372029587
-0.00478489026	0.02051796301	0.00000000000	0.91614757865
-0.00468414253	0.02042590129	0.00000000000	0.91848929377
-0.00459320492	0.02033718558	0.00000000000	0.92075143759
-0.00451064099	0.02025179742	0.00000000000	0.92293888725
-0.00443534808	0.02016984736	0.00000000000	0.92505228958
-0.00436610401	0.02009111925	0.00000000000	0.92709994900
-0.00430189142	0.02001542775	0.00000000000	0.92908889760
-0.00424204807	0.01994285241	0.00000000000	0.93101874517
-0.00418590208	0.01987334015	0.00000000000	0.93289209408
-0.00413289283	0.01980685991	0.00000000000	0.93471055543
-0.00408250835	0.01974333969	0.00000000000	0.93647650495
-0.00403427182	0.01968266206	0.00000000000	0.93819334176
-0.00398780915	0.01962476230	0.00000000000	0.93986279363
-0.00394280309	0.01956958016	0.00000000000	0.94148624001
-0.00389896576	0.01951703408	0.00000000000	0.94306550268
-0.00386130367	0.01947307679	0.00000000000	0.94441485654
-0.00383510382	0.01944324143	0.00000000000	0.94534695572
-0.00378138261	0.01938395098	0.00000000000	0.94724155488
-0.00372901901	0.01932829271	0.00000000000	0.94907463840
-0.00367825705	0.01927604491	0.00000000000	0.95084723650
-0.00362926994	0.01922697708	0.00000000000	0.95256117497
-0.00358220622	0.01918089121	0.00000000000	0.95421765461
-0.00353714762	0.01913757386	0.00000000000	0.95581892115
-0.00349415450	0.01909683572	0.00000000000	0.95736685562
-0.00345328118	0.01905851981	0.00000000000	0.95886255829
-0.00341454160	0.01902246445	0.00000000000	0.96030771369
-0.00337791611	0.01898850601	0.00000000000	0.96170452522
-0.00334337791	0.01895649974	0.00000000000	0.96305486430
-0.00331089672	0.01892631952	0.00000000000	0.96436020000
-0.00328042917	0.01889784607	0.00000000000	0.96562205088
-0.00325192112	0.01887096646	0.00000000000	0.96684198916
-0.00322531161	0.01884557547	0.00000000000	0.96802155873
-0.00320053420	0.01882157463	0.00000000000	0.96916229430
-0.00317751859	0.01879887199	0.00000000000	0.97026571023
-0.00315619461	0.01877738430	0.00000000000	0.97133316700
-0.00313649166	0.01875703530	0.00000000000	0.97236592408
-0.00311833655	0.01873775215	0.00000000000	0.97336529759
-0.00310165637	0.01871946725	0.00000000000	0.97433255295
-0.00308638099	0.01870212005	0.00000000000	0.97526878665
-0.00307243916	0.01868565200	0.00000000000	0.97617517512
-0.00305976174	0.01867000925	0.00000000000	0.97705281664
-0.00304828372	0.01865514492	0.00000000000	0.97790258243
-0.00303793865	0.01864101149	0.00000000000	0.97872552840
-0.00302866188	0.01862756402	0.00000000000	0.97952271353
-0.00302039355	0.01861476421	0.00000000000	0.98029493977
-0.00301307505	0.01860257533	0.00000000000	0.98104303695
-0.00300664686	0.01859096254	0.00000000000	0.98176788362
-0.00300100306	0.01857991021	0.00000000000	0.98247028018
-0.00299600289	0.01856941789	0.00000000000	0.98315094664
-0.00299152207	0.01855948126	0.00000000000	0.98381063873
-0.00298745346	0.01855009312	0.00000000000	0.98445007319
-0.00298370539	0.01854124472	0.00000000000	0.98506987240
-0.00298019883	0.01853292385	0.00000000000	0.98567072759
-0.00297686668	0.01852511723	0.00000000000	0.98625326656
-0.00297365237	0.01851781077	0.00000000000	0.98681804778
-0.00297050800	0.01851098857	0.00000000000	0.98736566610
-0.00296739377	0.01850463434	0.00000000000	0.98789666116
-0.00296427672	0.01849873102	0.00000000000	0.98841156727
-0.00296112981	0.01849326092	0.00000000000	0.98891092147
-0.00295793157	0.01848820665	0.00000000000	0.98939519449
-0.00295466494	0.01848355042	0.00000000000	0.98986486728
-0.00295131684	0.01847927447	0.00000000000	0.99032040277
-0.00294787999	0.01847536034	0.00000000000	0.99076224259
-0.00294439968	0.01847177020	0.00000000000	0.99119081835
-0.00294096201	0.01846845164	0.00000000000	0.99160653256
-0.00293764062	0.01846535810	0.00000000000	0.99200979518
-0.00293449637	0.01846244930	0.00000000000	0.99240098976
-0.00293157888	0.01845969045	0.00000000000	0.99278048312
-0.00292892782	0.01845705154	0.00000000000	0.99314863936
-0.00292657424	0.01845450688	0.00000000000	0.99350580578
-0.00292454172	0.01845203460	0.00000000000	0.99385231865
-0.00292284578	0.01844961675	0.00000000000	0.99418850386
-0.00292146427	0.01844725136	0.00000000000	0.99451467746
-0.00292034553	0.01844494908	0.00000000000	0.99483114660
-0.00291944296	0.01844271903	0.00000000000	0.99513821065
-0.00291871591	0.01844056851	0.00000000000	0.99543616203
-0.00291812895	0.01843850315	0.00000000000	0.99572528647
-0.00291765137	0.01843652722	0.00000000000	0.99600586081
-0.00291725661	0.01843464378	0.00000000000	0.99627814893
-0.00291692184	0.01843285490	0.00000000000	0.99654239528
-0.00291662751	0.01843116189	0.00000000000	0.99679881507
-0.00291635701	0.01842956539	0.00000000000	0.99704758927
-0.00291609631	0.01842806544	0.00000000000	0.99728887437
-0.00291583372	0.01842666142	0.00000000000	0.99752282232
-0.00291555952	0.01842535186	0.00000000000	0.99774962845
-0.00291526573	0.01842413444	0.00000000000	0.99796955682
-0.00291494580	0.01842300626	0.00000000000	0.99818292330
-0.00291459446	0.01842196421	0.00000000000	0.99839004827
-0.00291420759	0.01842100531	0.00000000000	0.99859119737
-0.00291378215	0.01842012680	0.00000000000	0.99878656023
-0.00291331611	0.01841932608	0.00000000000	0.99897626126
-0.00291280835	0.01841860047	0.00000000000	0.99916039017
-0.00291225844	0.01841794713	0.00000000000	0.99933904123
-0.00291166643	0.01841736290	0.00000000000	0.99951236472
-0.00291103254	0.01841684439	0.00000000000	0.99968057514
-0.00291035889	0.01841638922	0.00000000000	0.99984352689
-0.00290965338	0.01841599725	0.00000000000	1.00000000000
