1	0.002340379358913
2	0.001623994470948
3	0.001365650521539
4	0.001110658756687
8	0.001005185651125
9	0.000738738617780
10	0.000615338529887
11	0.000498029082679
12	0.000412859069226
13	0.000328626120241
14	0.000241707755381
15	0.000188460732504
16	0.000153520138788
17	0.000136359893387
18	0.000130932739688
19	0.000120093485160
20	0.000104777128386
21	0.000100453392296
22	0.000094963965206
23	0.000093636524664
24	0.000092641229033
25	0.000091418944731
26	0.000089805450537
27	0.000084226227384
28	0.000082014036387
30	0.000080461704225
31	0.000079544670210
33	0.000075292545913
34	0.000074423935689
35	0.000063646236018
36	0.000061435005034
37	0.000052607701868
38	0.000051597367584
39	0.000044108485369
40	0.000043565897154
41	0.000036148664343
42	0.000028943266659
43	0.000026662977225
44	0.000025533811083
45	0.000024822094003
46	0.000024232216788
47	0.000023240885672
49	0.000022887614135
50	0.000022578234773
51	0.000020776963649
52	0.000018440981819
54	0.000015129529717
55	0.000014559512313
56	0.000014235555120
58	0.000014083279494
59	0.000013657528801
60	0.000013401852969
61	0.000013177780742
63	0.000012927113391
65	0.000012574894009
66	0.000011258764072
67	0.000010841026473
69	0.000010556983783
70	0.000009625955885
71	0.000009036405680
72	0.000008841843135
73	0.000008213784952
74	0.000007808267270
75	0.000007583750543
76	0.000007434475994
77	0.000007350520702
78	0.000007084640095
79	0.000006855796959
80	0.000006787074060
81	0.000006647441774
82	0.000006437186443
83	0.000006342244831
84	0.000005676310466
85	0.000005573187881
86	0.000005407240203
87	0.000005257352043
88	0.000005119179929
89	0.000004895726984
90	0.000004801472227
92	0.000004666257525
94	0.000004107710690
96	0.000004032853211
101	0.000003849765558
109	0.000003781007885
118	0.000003643976300
125	0.000003591435675
128	0.000003510105499
136	0.000002980272493
146	0.000002955302843
148	0.000002955134679
149	0.000002674343629
150	0.000002630224752
151	0.000002549503601
156	0.000002511632526
160	0.000002479019488
