-161.05240075734	719.09997558594	0.00000000000
-139.50669408593	719.20941563978	0.00000000000
-100.17903323519	719.28920419691	0.00000000000
-34.54329684893	718.56705568134	0.00000000000
19.69588338156	729.44014413924	0.00000000000
69.48508393636	708.02541633082	0.00000000000
90.70727705578	757.34278996305	0.00000000000
107.66280697203	741.70068264667	0.00000000000
119.10415716626	749.30374986530	0.00000000000
127.63729055274	746.79805216577	0.00000000000
136.61646252632	748.20800990195	0.00000000000
146.50717945710	750.00558216142	0.00000000000
156.17515507236	748.91474120824	0.00000000000
165.67000792545	747.40642189891	0.00000000000
188.37534245480	753.25956138827	0.00000000000
214.77908016516	748.22567806016	0.00000000000
261.91682456603	743.88589377847	0.00000000000
332.47316440678	746.48424707793	0.00000000000
397.15215377509	743.59521911090	0.00000000000
441.61324771903	759.02085192561	0.00000000000
447.88284152075	777.04504348213	0.00000000000
452.87245556561	794.13932776848	0.00000000000
462.68581715610	802.86825288158	0.00000000000
471.77488770188	763.48716789379	0.00000000000
489.65454360924	748.99699616531	0.00000000000
511.63614135918	748.55989176869	0.00000000000
526.06679723715	753.82074432252	0.00000000000
540.45065460921	762.91530838067	0.00000000000
550.42314167126	777.41017126066	0.00000000000
559.55118109558	784.11718759187	0.00000000000
566.94924542996	795.76277391103	0.00000000000
578.99456234053	790.97853839253	0.00000000000
601.29999670175	764.20862454904	0.00000000000
631.04054594832	750.46368617416	0.00000000000
670.26169973073	750.96583276697	0.00000000000
717.21412429986	746.51270429730	0.00000000000
777.68752884150	749.04324249492	0.00000000000
845.06483972521	746.92341359443	0.00000000000
922.74941963955	752.10244788305	0.00000000000
983.22290411502	750.09190852171	0.00000000000
1027.36687531510	751.84804175451	0.00000000000
1051.08408624271	749.52217729188	0.00000000000
1143.52279268716	756.67345069151	0.00000000000
1272.49394129271	749.23139017287	0.00000000000
1473.30747234044	750.62275618992	0.00000000000
1680.66724571224	750.96506506051	0.00000000000
1869.37627295240	748.64103467621	0.00000000000
2116.59399685744	749.12863414978	0.00000000000
2529.33460231669	746.42871679518	0.00000000000
3121.43918691395	745.81827444073	0.00000000000
3576.60365631397	744.27677673703	0.00000000000
3785.05273100123	750.59997558594	0.00000000000
