1	3.87780e-05	3.87780e-05	3.87780e-06	0.00000e+00	0.00000e+00
2	3.43079e-05	3.43079e-05	3.43079e-06	0.00000e+00	0.00000e+00
4	3.30623e-05	3.30623e-05	3.30623e-06	0.00000e+00	0.00000e+00
5	2.95602e-05	2.95602e-05	2.95602e-06	0.00000e+00	0.00000e+00
7	2.91460e-05	2.91460e-05	2.91460e-06	0.00000e+00	0.00000e+00
9	2.77445e-05	2.77445e-05	2.77445e-06	0.00000e+00	0.00000e+00
11	2.70342e-05	2.70342e-05	2.70342e-06	0.00000e+00	0.00000e+00
13	2.58817e-05	2.58817e-05	2.58817e-06	0.00000e+00	0.00000e+00
14	2.30647e-05	2.30647e-05	2.30647e-06	0.00000e+00	0.00000e+00
15	1.84706e-05	1.84706e-05	1.84706e-06	0.00000e+00	0.00000e+00
16	1.52759e-05	1.52759e-05	1.52759e-06	0.00000e+00	0.00000e+00
18	1.50837e-05	1.50837e-05	1.50837e-06	0.00000e+00	0.00000e+00
20	1.34042e-05	1.34042e-05	1.34042e-06	0.00000e+00	0.00000e+00
22	1.33974e-05	1.33974e-05	1.33974e-06	0.00000e+00	0.00000e+00
23	1.18949e-05	1.18949e-05	1.18949e-06	0.00000e+00	0.00000e+00
25	1.07256e-05	1.07256e-05	1.07256e-06	0.00000e+00	0.00000e+00
27	9.88806e-06	9.88806e-06	1.00000e-06	0.00000e+00	0.00000e+00
29	9.44569e-06	9.44569e-06	1.00000e-06	0.00000e+00	0.00000e+00
31	9.30647e-06	9.30647e-06	1.00000e-06	0.00000e+00	0.00000e+00
32	8.25444e-06	8.25444e-06	1.00000e-06	0.00000e+00	0.00000e+00
34	8.13216e-06	8.13216e-06	1.00000e-06	0.00000e+00	0.00000e+00
36	8.03156e-06	8.03156e-06	1.00000e-06	0.00000e+00	0.00000e+00
38	7.90329e-06	7.90329e-06	1.00000e-06	0.00000e+00	0.00000e+00
40	7.89087e-06	7.89087e-06	1.00000e-06	0.00000e+00	0.00000e+00
42	7.41890e-06	7.41890e-06	1.00000e-06	0.00000e+00	0.00000e+00
44	7.35811e-06	7.35811e-06	1.00000e-06	0.00000e+00	0.00000e+00
47	7.29730e-06	7.29730e-06	1.00000e-06	0.00000e+00	0.00000e+00
49	7.27835e-06	7.27835e-06	1.00000e-06	0.00000e+00	0.00000e+00
52	7.26719e-06	7.26719e-06	1.00000e-06	0.00000e+00	0.00000e+00
54	7.26586e-06	7.26586e-06	1.00000e-06	0.00000e+00	0.00000e+00
56	7.11410e-06	7.11410e-06	1.00000e-06	0.00000e+00	0.00000e+00
59	7.09122e-06	7.09122e-06	1.00000e-06	0.00000e+00	0.00000e+00
61	7.07157e-06	7.07157e-06	1.00000e-06	0.00000e+00	0.00000e+00
63	6.99713e-06	6.99713e-06	1.00000e-06	0.00000e+00	0.00000e+00
65	6.90985e-06	6.90985e-06	1.00000e-06	0.00000e+00	0.00000e+00
68	6.89650e-06	6.89650e-06	1.00000e-06	0.00000e+00	0.00000e+00
71	6.82990e-06	6.82990e-06	1.00000e-06	0.00000e+00	0.00000e+00
74	6.79269e-06	6.79269e-06	1.00000e-06	0.00000e+00	0.00000e+00
77	6.75964e-06	6.75964e-06	1.00000e-06	0.00000e+00	0.00000e+00
80	6.75554e-06	6.75554e-06	1.00000e-06	0.00000e+00	0.00000e+00
83	6.75514e-06	6.75514e-06	1.00000e-06	0.00000e+00	0.00000e+00
86	6.73751e-06	6.73751e-06	1.00000e-06	0.00000e+00	0.00000e+00
89	6.73188e-06	6.73188e-06	1.00000e-06	0.00000e+00	0.00000e+00
92	6.72367e-06	6.72367e-06	1.00000e-06	0.00000e+00	0.00000e+00
95	6.71391e-06	6.71391e-06	1.00000e-06	0.00000e+00	0.00000e+00
98	6.70717e-06	6.70717e-06	1.00000e-06	0.00000e+00	0.00000e+00
