0.00000000000 -1.0
0.00000000000 -1.0
0.00000000000 -1.0
0.00000000000 -1.0
0.01318359375 -1.0
0.02636718750 -1.0
0.03955078125 -1.0
0.05273437500 -1.0
0.05603027344 -1.0
0.05932617188 -1.0
0.06262207031 -1.0
0.06427001953 -1.0
0.06591796875 -1.0
0.06838989258 -1.0
0.07086181641 -1.0
0.07271575928 -1.0
0.07433795929 -1.0
0.08569335938 -1.0
0.09063720703 -1.0
0.10546875000 -1.0
0.13183593750 -1.0
0.13403320312 -1.0
0.13623046875 -1.0
0.13842773438 -1.0
0.14062500000 -1.0
0.14309692383 -1.0
0.15051269531 -1.0
0.15380859375 -1.0
0.15820312500 -1.0
0.16113281250 -1.0
0.16406250000 -1.0
0.16699218750 -1.0
0.16845703125 -1.0
0.16992187500 -1.0
0.17578125000 -1.0
0.18750000000 -1.0
0.19140625000 -1.0
0.20312500000 -1.0
0.21875000000 -1.0
0.23437500000 -1.0
0.25000000000 -1.0
0.27343750000 -1.0
0.27783203125 -1.0
0.28112792969 -1.0
0.29101562500 -1.0
0.34375000000 -1.0
0.37500000000 -1.0
0.43750000000 -1.0
0.50000000000 -1.0
0.51562500000 -1.0
0.62500000000 -1.0
0.81250000000 -1.0
1.00000000000 -1.0
1.00000000000 -1.0
1.00000000000 -1.0
1.00000000000 -1.0
