-161.05240075734	719.09997558594	0.00000000000	0.00000000000
-157.82233407971	719.11591837811	0.00000000000	0.00066163793
-154.62542518302	719.13072529031	0.00000000000	0.00132182764
-151.45284283855	719.14437691874	0.00000000000	0.00198190852
-148.29594188928	719.15684458620	0.00000000000	0.00264322190
-145.16287928962	719.16803302325	0.00000000000	0.00330358931
-142.04343853332	719.17791774116	0.00000000000	0.00396468582
-138.94326312711	719.18642096083	0.00000000000	0.00462483577
-135.83978205383	719.19353713306	0.00000000000	0.00528837870
-132.76348069359	719.19913835840	0.00000000000	0.00594831211
-129.67100069755	719.20323998618	0.00000000000	0.00661345484
-126.60952324608	719.20572361560	0.00000000000	0.00727317136
-123.54272369379	719.20657589930	0.00000000000	0.00793479112
-120.48310027976	719.20573699942	0.00000000000	0.00859513199
-117.42921832725	719.20316445492	0.00000000000	0.00925401717
-114.32430943433	719.19872276011	0.00000000000	0.00992319288
-111.24389567269	719.19245342704	0.00000000000	0.01058588234
-108.17489998768	719.18432547186	0.00000000000	0.01124444160
-105.08459283838	719.17421213077	0.00000000000	0.01190541646
-101.96682536836	719.16202219067	0.00000000000	0.01256960737
-98.86248113413	719.14788329334	0.00000000000	0.01322784130
-95.73083176671	719.13190614804	0.00000000000	0.01388849524
-92.59507676115	719.11553686189	0.00000000000	0.01454702046
-89.43103153545	719.10020272216	0.00000000000	0.01520896427
-86.25773423425	719.08756490044	0.00000000000	0.01587080165
-83.09445330606	719.07922578905	0.00000000000	0.01652900242
-79.92654268632	719.07665472715	0.00000000000	0.01718709507
-76.73921861104	719.08144343373	0.00000000000	0.01784861329
-73.56878642825	719.09508987665	0.00000000000	0.01850648979
-70.39638890825	719.11917763724	0.00000000000	0.01916510541
-67.22267744776	719.15531671633	0.00000000000	0.01982479447
-64.02927280328	719.20550080312	0.00000000000	0.02048986574
-60.82005732711	719.27164895293	0.00000000000	0.02116002912
-57.68297262605	719.35329704102	0.00000000000	0.02181736562
-54.54244020516	719.45367318980	0.00000000000	0.02247813992
-51.43681626810	719.57313746476	0.00000000000	0.02313474890
-48.34261011313	719.71408988649	0.00000000000	0.02379261174
-45.27247071806	719.87761113270	0.00000000000	0.02444951663
-42.22460967507	720.06539628672	0.00000000000	0.02510631368
-39.20359677853	720.27879363913	0.00000000000	0.02576249022
-36.20692656215	720.51965900463	0.00000000000	0.02641907163
-33.24119170465	720.78742779693	0.00000000000	0.02707486089
-30.28883934343	721.07830225987	0.00000000000	0.02773326735
-27.36835612246	721.38389147174	0.00000000000	0.02838952508
-24.46763643021	721.69876710535	0.00000000000	0.02904567551
-21.58602455514	722.01638719813	0.00000000000	0.02970120425
-18.71609498878	722.33096695584	0.00000000000	0.03035713932
-15.78817192953	722.64318322842	0.00000000000	0.03102882796
-12.93980997544	722.93167014228	0.00000000000	0.03168403280
-9.81367727358	723.22298881887	0.00000000000	0.03240435441
-6.32057691763	723.50670458968	0.00000000000	0.03320969258
-2.82465883432	723.73485964168	0.00000000000	0.03401497275
0.14224844184	723.87601308965	0.00000000000	0.03469692594
3.94456669680	723.97501525293	0.00000000000	0.03556769070
7.36661230792	723.97522297609	0.00000000000	0.03634715027
10.45562326876	723.89531683672	0.00000000000	0.03704643123
13.45390690838	723.73917716378	0.00000000000	0.03772055555
16.40435775269	723.50512728893	0.00000000000	0.03837889343
19.36076202716	723.18641636203	0.00000000000	0.03903302072
22.34665890215	722.77534526267	0.00000000000	0.03968755814
25.35676824423	722.27692427865	0.00000000000	0.04034129738
28.38960917723	721.71731785485	0.00000000000	0.04099510185
31.45028293525	721.12394304617	0.00000000000	0.04165137876
34.51097554596	720.53072236892	0.00000000000	0.04230548649
37.58478094059	719.96378177923	0.00000000000	0.04296155004
40.64376477490	719.45677144416	0.00000000000	0.04361492439
43.75652408954	719.02940310009	0.00000000000	0.04428163625
46.97804095045	718.71488170333	0.00000000000	0.04497512534
50.00194142690	718.57094765347	0.00000000000	0.04563076495
52.98844866100	718.60613687788	0.00000000000	0.04628422946
55.98660940798	718.85480890438	0.00000000000	0.04694774336
58.89613321761	719.33870491881	0.00000000000	0.04760047345
61.76171468340	720.09011773153	0.00000000000	0.04825361667
64.59032098934	721.14484162354	0.00000000000	0.04891026696
67.38712390505	722.54496104191	0.00000000000	0.04957337362
70.14113870700	724.32968994594	0.00000000000	0.05024226704
73.91710415259	727.56274986999	0.00000000000	0.05119058030
77.47723267157	731.63834758131	0.00000000000	0.05212590479
81.08294205604	737.04847306122	0.00000000000	0.05312519530
84.32633824194	742.58259557354	0.00000000000	0.05405394248
86.64825355892	746.14019294054	0.00000000000	0.05470709900
89.37433970284	749.21006111194	0.00000000000	0.05543607508
92.35788323552	750.78239507605	0.00000000000	0.05617077210
95.23996212255	750.69578082010	0.00000000000	0.05682273947
98.34165055045	749.61720196667	0.00000000000	0.05748763773
101.68232904100	747.99286751557	0.00000000000	0.05818428291
104.83892368004	746.54098083915	0.00000000000	0.05884144711
107.89760141332	745.69416987435	0.00000000000	0.05949298745
111.15514020360	745.71326024278	0.00000000000	0.06021573787
114.07827757823	746.32325593825	0.00000000000	0.06089027887
116.95661151326	747.15138730289	0.00000000000	0.06157713522
119.71914682403	747.80539316433	0.00000000000	0.06225538876
122.83797690210	747.91193758216	0.00000000000	0.06303885234
126.11456563809	747.47550005683	0.00000000000	0.06385483985
129.21285151035	747.30126291309	0.00000000000	0.06458282382
132.19223327994	747.55125104284	0.00000000000	0.06524378904
135.22367411827	748.01305676679	0.00000000000	0.06590212598
138.23621625402	748.51644017105	0.00000000000	0.06656036160
141.17642774198	748.96888281636	0.00000000000	0.06721072960
144.08250396243	749.31365402877	0.00000000000	0.06786186792
147.44208570455	749.49563548692	0.00000000000	0.06862573650
150.46957190048	749.42065130999	0.00000000000	0.06932098676
153.47060031828	749.16824442430	0.00000000000	0.07000675458
156.37746029507	748.81137053192	0.00000000000	0.07065869382
159.36406482935	748.39432241951	0.00000000000	0.07130930249
162.40906476579	748.05140496916	0.00000000000	0.07195839635
165.46615347435	747.96504255293	0.00000000000	0.07260720690
168.56918485200	748.29084509935	0.00000000000	0.07327293111
171.63491306039	748.89423159130	0.00000000000	0.07393855672
174.62108674611	749.50739526662	0.00000000000	0.07459143275
177.58816966690	749.99950342449	0.00000000000	0.07524263467
180.67842679562	750.38555619677	0.00000000000	0.07592318414
183.61348795125	750.64056331148	0.00000000000	0.07657153307
186.72587285950	750.80095168476	0.00000000000	0.07726092398
189.65700092930	750.85688511442	0.00000000000	0.07791170646
192.67794321825	750.82689684625	0.00000000000	0.07858376029
195.61318090707	750.72127136780	0.00000000000	0.07923781510
198.79260479257	750.53199763847	0.00000000000	0.07994720535
201.85678606482	750.28618605617	0.00000000000	0.08063152836
204.83080721018	749.99792444296	0.00000000000	0.08129607127
207.83582721714	749.66670129216	0.00000000000	0.08196764899
210.73956056860	749.31769759902	0.00000000000	0.08261646148
213.91444260798	748.91417770482	0.00000000000	0.08332544757
216.81451235801	748.53515845302	0.00000000000	0.08397244952
219.72494959215	748.15394999983	0.00000000000	0.08462094578
222.63318473346	747.78103657524	0.00000000000	0.08526791385
225.55857481092	747.42278484866	0.00000000000	0.08591743702
228.58666006134	747.07555155383	0.00000000000	0.08658834704
232.00466612109	746.71322580635	0.00000000000	0.08734408621
235.01123970711	746.42074440342	0.00000000000	0.08800764774
238.07237858078	746.14845124625	0.00000000000	0.08868224451
241.02110796966	745.91074923307	0.00000000000	0.08933124526
243.98839964364	745.69619158538	0.00000000000	0.08998364925
246.95774052631	745.50652581670	0.00000000000	0.09063595037
250.04817992455	745.33572433009	0.00000000000	0.09131439080
253.00436077027	745.19649810647	0.00000000000	0.09196297340
255.98790613440	745.07841523364	0.00000000000	0.09261722172
258.93624247238	744.98240205172	0.00000000000	0.09326345710
261.93312094206	744.90438517013	0.00000000000	0.09392007692
264.89963804654	744.84513167624	0.00000000000	0.09456983270
267.86645519219	744.80230298255	0.00000000000	0.09521948487
270.81632125844	744.77458295423	0.00000000000	0.09586529811
273.76281601641	744.76027859296	0.00000000000	0.09651028716
276.70986066658	744.75794768611	0.00000000000	0.09715535076
279.76766749564	744.76669162270	0.00000000000	0.09782465314
282.72587808409	744.78451827219	0.00000000000	0.09847219214
285.69938988555	744.81028030575	0.00000000000	0.09912315830
288.68224262156	744.84258546505	0.00000000000	0.09977628930
291.65353741769	744.87976596890	0.00000000000	0.10042705047
294.74398879004	744.92219300699	0.00000000000	0.10110412390
297.71227231947	744.96507070125	0.00000000000	0.10175468149
300.65282020849	745.00817829285	0.00000000000	0.10239944269
303.71855386834	745.05227915268	0.00000000000	0.10307199619
306.68090916944	745.09260818729	0.00000000000	0.10372224667
309.66308497791	745.12946896231	0.00000000000	0.10437726403
312.64270336323	745.16108691424	0.00000000000	0.10503217968
315.58860028048	745.18579777735	0.00000000000	0.10568017772
318.53165933590	745.20359797553	0.00000000000	0.10632807260
321.48066991146	745.21579088681	0.00000000000	0.10697781177
324.43707107971	745.22376494949	0.00000000000	0.10762972612
327.54200969070	745.22912626561	0.00000000000	0.10831499514
330.45606649514	745.23281207467	0.00000000000	0.10895870645
333.45858362867	745.23674325748	0.00000000000	0.10962254712
336.59914979875	745.24264093559	0.00000000000	0.11031756086
339.57933810072	745.25149722497	0.00000000000	0.11097770972
342.47745187292	745.26461315151	0.00000000000	0.11162027438
345.42355875614	745.28394916380	0.00000000000	0.11227409329
348.50561814271	745.31224863162	0.00000000000	0.11295875715
351.54268318279	745.34983712121	0.00000000000	0.11363411143
354.50618727079	745.39737037849	0.00000000000	0.11429377563
357.41666394026	745.45598099292	0.00000000000	0.11494228912
360.30204946368	745.52719793473	0.00000000000	0.11558586126
363.17995895976	745.61266180565	0.00000000000	0.11622842068
366.05442889889	745.71383686776	0.00000000000	0.11687087554
369.11172709749	745.84039732903	0.00000000000	0.11755493283
371.98872251841	745.97885718776	0.00000000000	0.11819935589
374.90004299572	746.13960167022	0.00000000000	0.11885217746
377.77703768946	746.32032299311	0.00000000000	0.11949801479
380.77808588020	746.53361070032	0.00000000000	0.12017246726
383.63068549775	746.76131923220	0.00000000000	0.12081429532
386.64406688254	747.02994399528	0.00000000000	0.12149309239
390.06495577012	747.37203010719	0.00000000000	0.12226468957
392.90546263204	747.68784749834	0.00000000000	0.12290620413
395.75899389991	748.03573230923	0.00000000000	0.12355142629
398.71674171154	748.43033060170	0.00000000000	0.12422103608
401.59279180296	748.84882454366	0.00000000000	0.12487296569
404.62392661912	749.32877318782	0.00000000000	0.12556093303
407.44203157375	749.81239625526	0.00000000000	0.12620137570
410.26817736571	750.33515475792	0.00000000000	0.12684445721
413.45825050246	750.97258220676	0.00000000000	0.12757134065
416.26613287547	751.57689899908	0.00000000000	0.12821202203
419.07389944592	752.22329645116	0.00000000000	0.12885351635
422.03627403409	752.95264749692	0.00000000000	0.12953125751
425.08216898695	753.75517077547	0.00000000000	0.13022911017
428.07759386462	754.59836062302	0.00000000000	0.13091640702
431.09064520365	755.50247323312	0.00000000000	0.13160877170
433.97366039596	756.44183892997	0.00000000000	0.13227320220
436.74887795437	757.66908758239	0.00000000000	0.13292690222
439.95326068497	760.13889925266	0.00000000000	0.13373066249
443.49052410710	765.65728551904	0.00000000000	0.13475173602
445.51429003112	770.54818811623	0.00000000000	0.13542877573
448.69778301114	780.12278508917	0.00000000000	0.13663803202
451.18223435275	787.39693222543	0.00000000000	0.13760812941
454.52298709684	794.17399720369	0.00000000000	0.13869654283
457.97132988550	797.81632048135	0.00000000000	0.13962742813
460.34730729674	798.40085055148	0.00000000000	0.14026599487
463.55939666642	795.13613759631	0.00000000000	0.14126162657
465.85993079603	789.14069634988	0.00000000000	0.14211213800
468.96933440850	779.35475606662	0.00000000000	0.14329340941
472.00664384462	771.90403358618	0.00000000000	0.14432048719
474.75220628477	766.73027314855	0.00000000000	0.14516410900
478.31535355320	761.55180478465	0.00000000000	0.14617859665
481.03816280593	758.47226476248	0.00000000000	0.14690997544
484.26092692045	755.58780695159	0.00000000000	0.14773993389
486.99317592805	753.66963277991	0.00000000000	0.14842055453
489.63124105148	752.20057635107	0.00000000000	0.14906251249
492.43990231517	750.98987202909	0.00000000000	0.14973356346
495.17177709071	750.11408376891	0.00000000000	0.15037732091
498.25153102127	749.43620684182	0.00000000000	0.15109610768
501.20315101942	749.06245431282	0.00000000000	0.15178131276
503.94879941295	748.93697127522	0.00000000000	0.15241813612
507.19754379045	749.04449565826	0.00000000000	0.15317429152
510.44499292982	749.41098315263	0.00000000000	0.15393689499
513.12609470028	749.89975106506	0.00000000000	0.15457359473
515.90634471554	750.58167107992	0.00000000000	0.15523956296
518.70612654861	751.44473510728	0.00000000000	0.15591442360
521.93921920051	752.65363845178	0.00000000000	0.15669661130
524.83396717115	753.91922141230	0.00000000000	0.15739729256
527.47099744088	755.21298170453	0.00000000000	0.15803403726
530.27579657343	756.73053856700	0.00000000000	0.15870855108
533.03501753871	758.40594776295	0.00000000000	0.15937397772
536.49648670112	760.87554396515	0.00000000000	0.16022344218
539.00662610528	763.01974406224	0.00000000000	0.16085921172
542.30736463104	766.44798721489	0.00000000000	0.16173565912
545.21892555518	769.93401216297	0.00000000000	0.16254430518
547.97847780047	773.33324183706	0.00000000000	0.16332599292
550.22598293078	775.94284787322	0.00000000000	0.16396134975
553.82011907140	779.56394980348	0.00000000000	0.16495614052
556.98204594760	782.59223886910	0.00000000000	0.16581208506
559.35715769231	785.08315397315	0.00000000000	0.16644713287
562.10468499207	788.47395490140	0.00000000000	0.16717659690
565.44798480723	792.65937837846	0.00000000000	0.16805273009
568.42453453173	794.37061123562	0.00000000000	0.16880758916
570.98486105758	794.01205428415	0.00000000000	0.16944222503
573.60109213227	792.73632084979	0.00000000000	0.17009470720
576.99237699691	790.52601085930	0.00000000000	0.17096392160
579.88599297962	788.25562091952	0.00000000000	0.17172508756
582.43684627648	786.01540864207	0.00000000000	0.17240797365
585.88809092110	782.73152255013	0.00000000000	0.17334401034
588.58134645223	780.05914557958	0.00000000000	0.17407914999
591.46961818959	777.18621570355	0.00000000000	0.17486672121
593.87602670789	774.85682036414	0.00000000000	0.17551854163
596.35207104822	772.57951347552	0.00000000000	0.17618199468
600.36053760635	769.18792427068	0.00000000000	0.17723899692
603.05068194415	767.10605085165	0.00000000000	0.17793760004
605.91305222198	765.05331073154	0.00000000000	0.17867234086
608.68658356180	763.21729680419	0.00000000000	0.17937653315
611.48774501245	761.50977416005	0.00000000000	0.18008065440
614.65026808275	759.75248164484	0.00000000000	0.18086779798
617.25222450779	758.43755251797	0.00000000000	0.18150974279
620.15140476320	757.10704818368	0.00000000000	0.18221951928
622.80280539387	756.01096312849	0.00000000000	0.18286399542
625.69325361329	754.94387937342	0.00000000000	0.18356198737
628.34041106777	754.08076013765	0.00000000000	0.18419741374
631.63736436051	753.15475069095	0.00000000000	0.18498424194
634.89632345642	752.39821162187	0.00000000000	0.18575757845
637.61110850261	751.88610989881	0.00000000000	0.18639883773
640.42462553791	751.46675418868	0.00000000000	0.18706094945
643.26609941958	751.15651123969	0.00000000000	0.18772742552
646.01883594604	750.95488780077	0.00000000000	0.18837112694
648.72933172405	750.83068074354	0.00000000000	0.18900299356
651.73070888651	750.75383558931	0.00000000000	0.18970030045
654.69496480969	750.71423275294	0.00000000000	0.19038643323
657.44021350864	750.68677724214	0.00000000000	0.19101952246
660.20841206507	750.64703003279	0.00000000000	0.19165553725
663.33121583540	750.57471907845	0.00000000000	0.19237026193
666.15050879118	750.48640778656	0.00000000000	0.19301328526
668.96544105748	750.37907931788	0.00000000000	0.19365346774
671.81263642880	750.25358229424	0.00000000000	0.19429936974
674.65189141756	750.11394914505	0.00000000000	0.19494210367
677.48349255570	749.96270144784	0.00000000000	0.19558199310
680.27839614848	749.80398132642	0.00000000000	0.19621273743
683.20930504126	749.62992833497	0.00000000000	0.19687351757
686.27508187570	749.44226594543	0.00000000000	0.19756426456
689.07382618352	749.26837608839	0.00000000000	0.19819470364
691.88444497247	749.09356894120	0.00000000000	0.19882791567
694.68723257588	748.92128937954	0.00000000000	0.19945968964
697.54636218046	748.74995669131	0.00000000000	0.20010473712
700.41644830321	748.58482982985	0.00000000000	0.20075308450
703.29766482881	748.42843063012	0.00000000000	0.20140503346
706.08228918197	748.28854541119	0.00000000000	0.20203640370
708.85989329172	748.16237122461	0.00000000000	0.20266767307
711.67466855534	748.05050635286	0.00000000000	0.20330915604
714.43557719073	747.95769776179	0.00000000000	0.20394022378
717.54734400170	747.87231443747	0.00000000000	0.20465361796
720.70358764191	747.80524028949	0.00000000000	0.20537939446
723.49751137040	747.76116890258	0.00000000000	0.20602358789
726.27104509534	747.73061594492	0.00000000000	0.20666459286
729.02610608566	747.71230331911	0.00000000000	0.20730272797
731.73838782899	747.70502819190	0.00000000000	0.20793222534
734.49385020124	747.70756441703	0.00000000000	0.20857294100
737.20549105577	747.71883429063	0.00000000000	0.20920454971
740.18431971514	747.74005388993	0.00000000000	0.20989951733
742.93865501218	747.76678113444	0.00000000000	0.21054304975
745.62497087052	747.79837206318	0.00000000000	0.21117145874
748.30719685775	747.83434413041	0.00000000000	0.21179957146
751.09911538811	747.87539823314	0.00000000000	0.21245396795
753.88852465919	747.91896063544	0.00000000000	0.21310827496
756.84756715413	747.96666573791	0.00000000000	0.21380279348
760.15937549318	748.02020659576	0.00000000000	0.21458046231
763.29994342091	748.06942181990	0.00000000000	0.21531810050
766.44019820553	748.11542675736	0.00000000000	0.21605567641
769.19156322048	748.15179442006	0.00000000000	0.21670179351
771.91557444305	748.18303322362	0.00000000000	0.21734126823
774.70152665115	748.20895455499	0.00000000000	0.21799494976
777.38926446280	748.22712570749	0.00000000000	0.21862516337
780.25796892850	748.23814936343	0.00000000000	0.21929725246
782.97616962481	748.24093522852	0.00000000000	0.21993354953
785.66913350474	748.23713389079	0.00000000000	0.22056346473
788.35772777986	748.22758667430	0.00000000000	0.22119192162
791.05343512954	748.21300267578	0.00000000000	0.22182163802
793.74028634940	748.19422457050	0.00000000000	0.22244891801
796.73748703547	748.16919499586	0.00000000000	0.22314826143
799.68623726220	748.14133394674	0.00000000000	0.22383594041
802.45323862465	748.11314670087	0.00000000000	0.22448094907
805.33433655821	748.08258068136	0.00000000000	0.22515230162
808.04251507248	748.05351667416	0.00000000000	0.22578316137
810.73762232414	748.02503365718	0.00000000000	0.22641081883
813.47787796988	747.99728788475	0.00000000000	0.22704886417
816.33866014738	747.97046440725	0.00000000000	0.22771487445
819.09225195846	747.94752549250	0.00000000000	0.22835587131
821.78270355396	747.92860583609	0.00000000000	0.22898214868
824.49932683171	747.91376004398	0.00000000000	0.22961453059
827.29998117025	747.90373357922	0.00000000000	0.23026652222
830.05145027980	747.89989955024	0.00000000000	0.23090714737
833.70988130562	747.90540486023	0.00000000000	0.23175913037
836.65765228326	747.91980371096	0.00000000000	0.23244582252
839.40556049399	747.94216767344	0.00000000000	0.23308616567
842.30332159734	747.97599854486	0.00000000000	0.23376168813
845.11516049304	748.01975699990	0.00000000000	0.23441747369
847.82202086481	748.07255502689	0.00000000000	0.23504907881
850.49707572048	748.13447664189	0.00000000000	0.23567356367
853.38794550768	748.21142366819	0.00000000000	0.23634877209
856.15677772788	748.29404417517	0.00000000000	0.23699581540
858.86712133399	748.38256642664	0.00000000000	0.23762951688
861.66823366455	748.48116984461	0.00000000000	0.23828478548
864.44891860767	748.58536781087	0.00000000000	0.23893562748
867.11639080576	748.69044911868	0.00000000000	0.23956030588
869.78201761325	748.79971321799	0.00000000000	0.24018488458
872.68294380006	748.92257905076	0.00000000000	0.24086497936
875.73436148573	749.05523343697	0.00000000000	0.24158079361
878.54334216856	749.17948538780	0.00000000000	0.24224013946
881.20518925954	749.29829251265	0.00000000000	0.24286531139
883.87845693068	749.41787414204	0.00000000000	0.24349352573
886.60987274122	749.53953179395	0.00000000000	0.24413578290
889.31090049727	749.65851305969	0.00000000000	0.24477127588
891.97065151791	749.77361071401	0.00000000000	0.24539743297
894.74793535680	749.89077347871	0.00000000000	0.24605166297
897.50459780477	750.00316306205	0.00000000000	0.24670144858
900.56388919738	750.12229294522	0.00000000000	0.24742305731
903.62069767266	750.23430502891	0.00000000000	0.24814460197
906.26950934801	750.32477751579	0.00000000000	0.24877026881
908.99981024419	750.41077197546	0.00000000000	0.24941560551
911.63844749864	750.48608499735	0.00000000000	0.25003968852
914.30794321098	750.55393708460	0.00000000000	0.25067148151
917.12909137894	750.61684177757	0.00000000000	0.25133959276
919.82001709082	750.66889854896	0.00000000000	0.25197724588
922.68261100350	750.71629633753	0.00000000000	0.25265595741
925.61672779541	750.75692417992	0.00000000000	0.25335200008
928.52402637078	750.78983911248	0.00000000000	0.25404202025
931.61506236857	750.81749568872	0.00000000000	0.25477598181
934.26140675481	750.83570287004	0.00000000000	0.25540459491
937.16439463583	750.85044528945	0.00000000000	0.25609439702
939.85925025886	750.85974751817	0.00000000000	0.25673492616
942.81080663041	750.86568504339	0.00000000000	0.25743663886
945.43622015143	750.86773617667	0.00000000000	0.25806093421
948.05498378586	750.86722196611	0.00000000000	0.25868373573
950.77994000380	750.86445751678	0.00000000000	0.25933185814
953.45606580167	750.86001495555	0.00000000000	0.25996840494
956.28243267674	750.85400027130	0.00000000000	0.26064070014
959.23080682354	750.84688114494	0.00000000000	0.26134199631
961.88038652579	750.84027147605	0.00000000000	0.26197217498
964.49676165622	750.83402209057	0.00000000000	0.26259438671
967.11311931655	750.82850043126	0.00000000000	0.26321650024
969.80326208925	750.82405495818	0.00000000000	0.26385603413
972.52724389582	750.82132093294	0.00000000000	0.26450345710
975.45130697354	750.82093921404	0.00000000000	0.26519822859
978.06880135501	750.82333833505	0.00000000000	0.26581994964
980.85330633199	750.82925195114	0.00000000000	0.26648109537
984.05469352418	750.84101429184	0.00000000000	0.26724087548
986.93257553712	750.85675737185	0.00000000000	0.26792352483
989.64370209608	750.87661075228	0.00000000000	0.26856628244
992.25861518443	750.90084146368	0.00000000000	0.26918589481
994.88144306431	750.93060093412	0.00000000000	0.26980702800
997.49861143725	750.96617646115	0.00000000000	0.27042644306
1000.38336706844	751.01271159302	0.00000000000	0.27110872328
1003.19984891345	751.06608512229	0.00000000000	0.27177435554
1005.82838323086	751.12344524595	0.00000000000	0.27239509741
1008.45165532373	751.18839265213	0.00000000000	0.27301411844
1011.27378678412	751.26724356514	0.00000000000	0.27367951278
1014.52375485909	751.36374814056	0.00000000000	0.27444557077
1017.38853716898	751.44133560343	0.00000000000	0.27512169876
1020.04333696131	751.49614890285	0.00000000000	0.27574989744
1022.72847086944	751.52470359058	0.00000000000	0.27638772122
1025.39931489816	751.51600704639	0.00000000000	0.27702545532
1028.08571326374	751.45902972604	0.00000000000	0.27767114519
1030.68979037406	751.34868622208	0.00000000000	0.27830187804
1033.25418524410	751.19590592773	0.00000000000	0.27892705277
1036.11036165530	750.99720316029	0.00000000000	0.27962644208
1039.17491517529	750.78028786809	0.00000000000	0.28037831572
1041.82562827681	750.61493983431	0.00000000000	0.28102802631
1044.36043812707	750.49489232385	0.00000000000	0.28164740229
1046.90941008512	750.41416878658	0.00000000000	0.28226810088
1049.66854547407	750.36797969125	0.00000000000	0.28293776528
1052.26004243363	750.35986561491	0.00000000000	0.28356484025
1054.83077327911	750.38209029298	0.00000000000	0.28418524800
1057.39704344013	750.43106111306	0.00000000000	0.28480311601
1059.99521330458	750.50462726641	0.00000000000	0.28542734258
1062.72148722114	750.60422710457	0.00000000000	0.28608109809
1065.32810472595	750.71756298158	0.00000000000	0.28670513539
1068.38583750491	750.86872939445	0.00000000000	0.28743611687
1070.97561912979	751.00858141398	0.00000000000	0.28805452074
1073.77945298990	751.16848186028	0.00000000000	0.28872349429
1076.48071215142	751.32739221468	0.00000000000	0.28936763801
1079.60258866699	751.51246510224	0.00000000000	0.29011187711
1082.48005864201	751.68007311974	0.00000000000	0.29079787595
1085.62886451086	751.85554709204	0.00000000000	0.29154882730
1088.80471280180	752.02249434419	0.00000000000	0.29230659461
1091.89305745240	752.17533108225	0.00000000000	0.29304383338
1094.69195636735	752.30588749565	0.00000000000	0.29371227143
1097.40429005687	752.42531319475	0.00000000000	0.29436030025
1100.01044912795	752.53359679615	0.00000000000	0.29498320447
1102.80506522445	752.64278829230	0.00000000000	0.29565141352
1105.69592420323	752.74833577961	0.00000000000	0.29634291614
1108.26802850365	752.83602942731	0.00000000000	0.29695840942
1111.03579874258	752.92397636252	0.00000000000	0.29762097192
1113.63497702814	753.00061864850	0.00000000000	0.29824340678
1116.20217585219	753.07076777979	0.00000000000	0.29885840026
1119.16538577248	753.14501322106	0.00000000000	0.29956852621
1121.92776808841	753.20786786125	0.00000000000	0.30023077671
1124.58997962138	753.26275875687	0.00000000000	0.30086923990
1127.49593445540	753.31644195770	0.00000000000	0.30156641035
1130.05989604025	753.35851992150	0.00000000000	0.30218174825
1132.70183600787	753.39680545945	0.00000000000	0.30281600906
1135.26331643752	753.42911494188	0.00000000000	0.30343115315
1137.82358657376	753.45678060401	0.00000000000	0.30404620038
1140.40062397847	753.48005862720	0.00000000000	0.30466546873
1142.95850274786	753.49873444614	0.00000000000	0.30528032233
1145.53317779863	753.51318141691	0.00000000000	0.30589940113
1148.09903075691	753.52334019156	0.00000000000	0.30651654355
1150.73269791800	753.52947676903	0.00000000000	0.30715018604
1153.28331191150	753.53138274107	0.00000000000	0.30776402672
1155.91471173857	753.52929657223	0.00000000000	0.30839749282
1158.75528550108	753.52255489563	0.00000000000	0.30908151978
1161.38438417438	753.51228295810	0.00000000000	0.30971480963
1163.99724739992	753.49834976315	0.00000000000	0.31034436437
1166.80974041577	753.47933130868	0.00000000000	0.31102221134
1169.40660844119	753.45818779101	0.00000000000	0.31164826432
1172.06544135120	753.43309402244	0.00000000000	0.31228942640
1174.78276914784	753.40396882449	0.00000000000	0.31294486956
1177.54348041830	753.37090684862	0.00000000000	0.31361095560
1180.10361328815	753.33723584718	0.00000000000	0.31422880528
1182.64904220724	753.30099406848	0.00000000000	0.31484325437
1185.32156681412	753.26009202408	0.00000000000	0.31548853947
1187.92498284449	753.21755434199	0.00000000000	0.31611728905
1190.70420070855	753.16933954361	0.00000000000	0.31678865760
1193.43635339631	753.11924886941	0.00000000000	0.31744881578
1196.01064889374	753.06972820014	0.00000000000	0.31807097301
1198.86134817872	753.01239476338	0.00000000000	0.31876008843
1201.41355396085	752.95895767632	0.00000000000	0.31937718427
1204.48047543748	752.89226771670	0.00000000000	0.32011890006
1207.01009712249	752.83535181421	0.00000000000	0.32073080761
1209.63754018862	752.77452782057	0.00000000000	0.32136650350
1212.19536657422	752.71375519618	0.00000000000	0.32198547630
1214.72233183358	752.65231171144	0.00000000000	0.32259709485
1217.31554895542	752.58791702444	0.00000000000	0.32322486379
1219.88170814463	752.52296840685	0.00000000000	0.32384619447
1222.56147565096	752.45396276422	0.00000000000	0.32449514847
1225.12596579110	752.38690960281	0.00000000000	0.32511629409
1228.07391084778	752.30874796080	0.00000000000	0.32583044346
1230.94059413734	752.23178323015	0.00000000000	0.32652503348
1233.47466038910	752.16308727822	0.00000000000	0.32713913212
1236.02501535795	752.09343604734	0.00000000000	0.32775727091
1238.72107867032	752.01936571978	0.00000000000	0.32841082383
1241.80572876666	751.93422816769	0.00000000000	0.32915869395
1244.97600979343	751.84648685327	0.00000000000	0.32992745370
1247.71442508647	751.77066181231	0.00000000000	0.33059159147
1250.47566167017	751.69431582020	0.00000000000	0.33126135514
1253.07392246690	751.62270190144	0.00000000000	0.33189166801
1255.59151238205	751.55363221004	0.00000000000	0.33250248262
1258.14688088854	751.48395856663	0.00000000000	0.33312253249
1260.88210530746	751.40998851798	0.00000000000	0.33378629814
1263.40204363342	751.34251066242	0.00000000000	0.33439788494
1265.91698018250	751.27591616037	0.00000000000	0.33500831759
1268.67399604826	751.20389689565	0.00000000000	0.33567757394
1271.98408440201	751.11898224504	0.00000000000	0.33648117259
1274.86705444545	751.04658120200	0.00000000000	0.33718115053
1277.49406367665	750.98201142847	0.00000000000	0.33781903663
1280.34955466190	750.91348838979	0.00000000000	0.33851245795
1283.31283699595	750.84437114286	0.00000000000	0.33923211241
1285.95718463151	750.78454536520	0.00000000000	0.33987435713
1288.71049143535	750.72424867292	0.00000000000	0.34054310777
1291.46333678335	750.66613284629	0.00000000000	0.34121178630
1293.99999187997	750.61462216145	0.00000000000	0.34182798365
1296.66247900337	750.56278395062	0.00000000000	0.34247477818
1299.25093871255	750.51469160365	0.00000000000	0.34310361626
1301.76283374934	750.47030418846	0.00000000000	0.34371387643
1304.27425467526	750.42825749377	0.00000000000	0.34432404206
1306.95612559683	750.38590988536	0.00000000000	0.34497564598
1309.54274686373	750.34750885212	0.00000000000	0.34560413837
1312.04824331891	750.31254732718	0.00000000000	0.34621295292
1314.57150525346	750.27951063914	0.00000000000	0.34682612253
1317.19115952536	750.24746532916	0.00000000000	0.34746276163
1319.82931736895	750.21745771100	0.00000000000	0.34810394960
1322.42993013318	750.19004537483	0.00000000000	0.34873606878
1325.13027573585	750.16380100893	0.00000000000	0.34939249422
1327.69756525825	750.14089132312	0.00000000000	0.35001664135
1330.20931961618	750.12035171365	0.00000000000	0.35062735431
1332.76127791021	750.10133109308	0.00000000000	0.35124791546
1335.39572454271	750.08359497746	0.00000000000	0.35188861755
1337.93370586950	750.06828073873	0.00000000000	0.35250594302
1340.51297875195	750.05444654058	0.00000000000	0.35313340137
1343.03842153502	750.04253912552	0.00000000000	0.35374785656
1346.19010194954	750.02987618541	0.00000000000	0.35451481407
1348.82081218208	750.02110913046	0.00000000000	0.35515511506
1351.79882677430	750.01308848345	0.00000000000	0.35588008805
1354.39073044754	750.00769210096	0.00000000000	0.35651119232
1357.17852233635	750.00346899852	0.00000000000	0.35719013139
1359.73648307876	750.00097956140	0.00000000000	0.35781322840
1362.42634987620	749.99973334715	0.00000000000	0.35846859746
1365.03265221151	749.99981097504	0.00000000000	0.35910374968
1367.52216598335	750.00101508729	0.00000000000	0.35971057712
1370.07640535936	750.00334693968	0.00000000000	0.36033332509
1372.78551914115	750.00697641140	0.00000000000	0.36099399720
1375.28263129544	750.01132368648	0.00000000000	0.36160312323
1377.96677319893	750.01701126891	0.00000000000	0.36225804294
1381.33973480293	750.02555820928	0.00000000000	0.36308129197
1383.93883218282	750.03313774866	0.00000000000	0.36371586599
1386.50207995035	750.04140085986	0.00000000000	0.36434186721
1389.09899048075	750.05051635069	0.00000000000	0.36497627710
1391.58321636983	750.05988656268	0.00000000000	0.36558334032
1394.12764786400	750.07009194011	0.00000000000	0.36620530477
1396.68638682202	750.08092333395	0.00000000000	0.36683096445
1399.17329580532	750.09194710898	0.00000000000	0.36743925541
1401.99519714537	750.10498653645	0.00000000000	0.36812972350
1404.47960224812	750.11687937890	0.00000000000	0.36873782793
1407.22212528067	750.13039594241	0.00000000000	0.36940935191
1409.69070159057	750.14285829938	0.00000000000	0.37001401915
1412.18867862402	750.15570382999	0.00000000000	0.37062610595
1414.97802616456	750.17026602916	0.00000000000	0.37130985323
1417.90072312604	750.18569861784	0.00000000000	0.37202659548
1420.76684370646	750.20092970180	0.00000000000	0.37272977621
1423.23115455464	750.21404451078	0.00000000000	0.37333462947
1425.77539597471	750.22754935742	0.00000000000	0.37395935252
1428.23694356682	750.24053162252	0.00000000000	0.37456401843
1430.69709682878	750.25337581032	0.00000000000	0.37516859018
1433.27192135962	750.26664375715	0.00000000000	0.37580161017
1435.82730896386	750.27962958192	0.00000000000	0.37643012033
1438.30169094648	750.29202910688	0.00000000000	0.37703895896
1440.79532882880	750.30434940255	0.00000000000	0.37765278377
1443.25293908720	750.31631727776	0.00000000000	0.37825798107
1445.72325543445	750.32817071368	0.00000000000	0.37886654549
1448.19224392771	750.33983933450	0.00000000000	0.37947501856
1450.96185060141	750.35271414572	0.00000000000	0.38015785485
1453.80960022631	750.36571304874	0.00000000000	0.38086025828
1456.25327287682	750.37667207133	0.00000000000	0.38146323549
1458.85382738004	750.38813431559	0.00000000000	0.38210516374
1461.51931327104	750.39966620000	0.00000000000	0.38276337358
1464.02762524305	750.41031584389	0.00000000000	0.38338300255
1466.47944683279	750.42053424609	0.00000000000	0.38398889048
1468.91943787081	750.43051371090	0.00000000000	0.38459206184
1471.67861776424	750.44156852157	0.00000000000	0.38527438258
1474.18199520955	750.45138506608	0.00000000000	0.38589366748
1476.62892276858	750.46078217910	0.00000000000	0.38649918871
1479.19938497693	750.47044086496	0.00000000000	0.38713549076
1481.67248783868	750.47952598302	0.00000000000	0.38774789279
1484.40017334945	750.48930785031	0.00000000000	0.38842356044
1486.98735227980	750.49835253230	0.00000000000	0.38906463771
1490.35972850748	750.50979771992	0.00000000000	0.38990058622
1492.90502522004	750.51817519313	0.00000000000	0.39053174320
1495.50980464503	750.52651390419	0.00000000000	0.39117784744
1498.28321811339	750.53512930923	0.00000000000	0.39186599606
1500.76076884234	750.54259406892	0.00000000000	0.39248091865
1503.18275444881	750.54967836508	0.00000000000	0.39308221525
1505.76207851323	750.55698934490	0.00000000000	0.39372274987
1508.34037504289	750.56405466512	0.00000000000	0.39436320754
1511.21683037144	750.57164809505	0.00000000000	0.39507793484
1513.90739506382	750.57847254184	0.00000000000	0.39574666540
1516.59694186367	750.58502321379	0.00000000000	0.39641532475
1519.17114666533	750.59103686625	0.00000000000	0.39705547495
1521.96190494712	750.59727104530	0.00000000000	0.39774965722
1525.11826875352	750.60396099105	0.00000000000	0.39853500126
1527.63203590680	750.60901248559	0.00000000000	0.39916062171
1530.05094593627	750.61364002514	0.00000000000	0.39976276720
1532.64166019962	750.61834050349	0.00000000000	0.40040782147
1535.50953981434	750.62323296419	0.00000000000	0.40112205219
1537.92572241026	750.62709932215	0.00000000000	0.40172392183
1540.34106539733	750.63072900816	0.00000000000	0.40232569958
1542.77926303918	750.63415271607	0.00000000000	0.40293328737
1545.20708292991	750.63732025366	0.00000000000	0.40353840171
1547.77161458800	750.64040247159	0.00000000000	0.40417770901
1550.47491218531	750.64335604146	0.00000000000	0.40485173713
1553.17743791015	750.64600342602	0.00000000000	0.40552570008
1555.59410074716	750.64811033652	0.00000000000	0.40612847813
1558.19901405094	750.65010403449	0.00000000000	0.40677831741
1560.64285811066	750.65171108325	0.00000000000	0.40738807263
1563.16340356671	750.65309964509	0.00000000000	0.40801706070
1565.60581674322	750.65418292439	0.00000000000	0.40862664043
1568.00542284873	750.65499421180	0.00000000000	0.40922561871
1570.47339555798	750.65556534569	0.00000000000	0.40984174433
1573.07431092882	750.65587644219	0.00000000000	0.41049114533
1575.55654182832	750.65589321571	0.00000000000	0.41111099228
1578.20302335299	750.65560776704	0.00000000000	0.41177193636
1580.71901559334	750.65504423913	0.00000000000	0.41240036587
1583.16956667829	750.65421986442	0.00000000000	0.41301251624
1585.68438941939	750.65308944673	0.00000000000	0.41364078645
1588.19863358475	750.65166951032	0.00000000000	0.41426897420
1590.59513304972	750.65004472629	0.00000000000	0.41486779786
1593.16927922193	750.64800270025	0.00000000000	0.41551106676
1595.58334852363	750.64580667907	0.00000000000	0.41611438244
1598.25010216809	750.64306271962	0.00000000000	0.41678089987
1600.78103889595	750.64014783759	0.00000000000	0.41741351839
1603.68837226805	750.63642370745	0.00000000000	0.41814027020
1606.73805959755	750.63208265401	0.00000000000	0.41890265987
1609.12803781091	750.62836768475	0.00000000000	0.41950016343
1611.52476343483	750.62436440817	0.00000000000	0.42009938079
1614.26600523368	750.61944268785	0.00000000000	0.42078476152
1617.25694680753	750.61365261107	0.00000000000	0.42153260399
1619.71458540946	750.60856490129	0.00000000000	0.42214712136
1622.22272118167	750.60306390459	0.00000000000	0.42277427995
1625.04372846270	750.59650193557	0.00000000000	0.42347968544
1628.03367569935	750.58911130773	0.00000000000	0.42422734542
1630.56015262359	750.58251475161	0.00000000000	0.42485911496
1633.06691338712	750.57564964056	0.00000000000	0.42548595420
1635.48394203079	750.56872685177	0.00000000000	0.42609035174
1638.30383166291	750.56027169648	0.00000000000	0.42679547959
1640.79147250048	750.55247257514	0.00000000000	0.42741751574
1643.17901659113	750.54468582582	0.00000000000	0.42801450950
1645.99843701817	750.53510840857	0.00000000000	0.42871947112
1648.93005165421	750.52470865353	0.00000000000	0.42945245673
1651.32130172320	750.51589094929	0.00000000000	0.43005031055
1653.70502254628	750.50680007033	0.00000000000	0.43064625588
1656.27109467290	750.49667635733	0.00000000000	0.43128775772
1658.93131117709	750.48581013628	0.00000000000	0.43195275564
1661.31434683570	750.47575381104	0.00000000000	0.43254842680
1663.70445743498	750.46536026814	0.00000000000	0.43314582783
1666.49586108705	750.45283019002	0.00000000000	0.43384347792
1668.92113911858	750.44159954872	0.00000000000	0.43444957314
1671.65859224110	750.42853719316	0.00000000000	0.43513362352
1674.05440135862	750.41676753750	0.00000000000	0.43573224658
1676.44372887283	750.40471454429	0.00000000000	0.43632919554
1678.82561328974	750.39238450435	0.00000000000	0.43692422768
1681.26325413849	750.37943926323	0.00000000000	0.43753312643
1683.89839934679	750.36507442773	0.00000000000	0.43819128673
1686.48613469929	750.35060190714	0.00000000000	0.43883753381
1689.47582354810	750.33344319136	0.00000000000	0.43958407733
1691.91318440956	750.31911732436	0.00000000000	0.44019263634
1694.59859357159	750.30299392074	0.00000000000	0.44086306340
1696.99337755758	750.28832412795	0.00000000000	0.44146087963
1699.49645509556	750.27270653618	0.00000000000	0.44208567682
1701.89904234325	750.25745095881	0.00000000000	0.44268534209
1704.33574879366	750.24172213220	0.00000000000	0.44329347710
1706.94650044281	750.22459272539	0.00000000000	0.44394500002
1709.43058505024	750.20803758193	0.00000000000	0.44456486814
1711.82431072823	750.19185626955	0.00000000000	0.44516214963
1714.32657400270	750.17471049502	0.00000000000	0.44578647499
1717.09101555364	750.15550491158	0.00000000000	0.44647617222
1719.65512970845	750.13745440949	0.00000000000	0.44711585270
1722.03419999723	750.12051169930	0.00000000000	0.44770933975
1724.41578942599	750.10337129433	0.00000000000	0.44830342869
1726.79433593891	750.08608116719	0.00000000000	0.44889673418
1729.17538881082	750.06860892538	0.00000000000	0.44949064255
1731.62441867357	750.05047510232	0.00000000000	0.45010148540
1734.21010588163	750.03115967428	0.00000000000	0.45074639296
1736.63092508917	750.01292661223	0.00000000000	0.45135016315
1739.11252411796	749.99409484658	0.00000000000	0.45196907765
1741.63219282663	749.97483731143	0.00000000000	0.45259747407
1744.00865602016	749.95655624212	0.00000000000	0.45319014602
1746.94015088262	749.93385954618	0.00000000000	0.45392122908
1749.81429160171	749.91146358879	0.00000000000	0.45463800192
1752.26102518157	749.89229670166	0.00000000000	0.45524818257
1754.64996934762	749.87350120409	0.00000000000	0.45584395148
1757.06823497455	749.85440137499	0.00000000000	0.45644703504
1759.53000901186	749.83489028808	0.00000000000	0.45706097367
1761.91138116044	749.81595964722	0.00000000000	0.45765486760
1764.37244223966	749.79634529123	0.00000000000	0.45826864438
1766.78921935613	749.77704249272	0.00000000000	0.45887138817
1769.16194090623	749.75805967452	0.00000000000	0.45946315746
1771.54168881818	749.73899677538	0.00000000000	0.46005669415
1774.12282775416	749.71830273511	0.00000000000	0.46070047951
1776.99424493946	749.69527143234	0.00000000000	0.46141669272
1779.45293259950	749.67555229832	0.00000000000	0.46202998465
1782.01007912559	749.65505501096	0.00000000000	0.46266786335
1784.41225653208	749.63581918176	0.00000000000	0.46326711275
1787.03952056664	749.61481205772	0.00000000000	0.46392254576
1789.59541354062	749.59441657870	0.00000000000	0.46456020955
1792.08806797206	749.57457405024	0.00000000000	0.46518213279
1794.49994810770	749.55542852763	0.00000000000	0.46578393945
1796.87496281541	749.53663561046	0.00000000000	0.46637658504
1799.28584775348	749.51762781192	0.00000000000	0.46697822169
1801.72419599221	749.49848247376	0.00000000000	0.46758675527
1804.12239144136	749.47973808557	0.00000000000	0.46818531283
1806.49061758634	749.46131925715	0.00000000000	0.46877643620
1808.86946612539	749.44291704795	0.00000000000	0.46937025885
1811.29095995122	749.42429523402	0.00000000000	0.46997477834
1813.65469205831	749.40623286286	0.00000000000	0.47056492997
1816.30163369541	749.38615113256	0.00000000000	0.47122585415
1818.87463425311	749.36678696032	0.00000000000	0.47186838298
1821.26889855303	749.34891547091	0.00000000000	0.47246633980
1823.66256423247	749.33119889374	0.00000000000	0.47306420902
1826.02234415394	749.31388823864	0.00000000000	0.47365367724
1828.41480451176	749.29650306135	0.00000000000	0.47425137467
1830.81834571245	749.27921298371	0.00000000000	0.47485190915
1833.51360706230	749.26004389976	0.00000000000	0.47552541581
1835.87928910572	749.24341887625	0.00000000000	0.47611664155
1838.60018010398	749.22453946965	0.00000000000	0.47679673117
1840.96451253325	749.20835308680	0.00000000000	0.47738777994
1843.68417881069	749.18999656518	0.00000000000	0.47806775341
1846.16453863921	749.17350978572	0.00000000000	0.47868798778
1848.70738766378	749.15686952546	0.00000000000	0.47932394234
1851.13369139239	749.14124804012	0.00000000000	0.47993084084
1853.50105006222	749.12625540787	0.00000000000	0.48052308345
1855.86769743549	749.11152143394	0.00000000000	0.48111523735
1858.45466700175	749.09571586340	0.00000000000	0.48176262219
1861.06549007214	749.08009255824	0.00000000000	0.48241608983
1863.41580792557	749.06631876438	0.00000000000	0.48300445503
1865.85407951547	749.05232920460	0.00000000000	0.48361494041
1868.26047239805	749.03883018720	0.00000000000	0.48421754857
1871.22792933184	749.02261712165	0.00000000000	0.48496080446
1873.60761388728	749.00997112125	0.00000000000	0.48555696095
1876.14258030544	748.99685809400	0.00000000000	0.48619213805
1878.54578136362	748.98477661552	0.00000000000	0.48679441540
1880.88959108221	748.97332999564	0.00000000000	0.48738191956
1883.32238898829	748.96180846409	0.00000000000	0.48799184806
1885.83211962195	748.95031571393	0.00000000000	0.48862119323
1888.31989634997	748.93932692019	0.00000000000	0.48924516484
1891.28116213137	748.92678335705	0.00000000000	0.48998806895
1894.12593142008	748.91529660483	0.00000000000	0.49070192940
1896.46544754030	748.90627378349	0.00000000000	0.49128913924
1898.80695801808	748.89763471560	0.00000000000	0.49187697533
1901.17736615701	748.88929601840	0.00000000000	0.49247219643
1903.51429163518	748.88148394679	0.00000000000	0.49305914031
1906.03930888480	748.87350852709	0.00000000000	0.49369347348
1908.82225008866	748.86529014358	0.00000000000	0.49439278341
1911.46803688492	748.85804453834	0.00000000000	0.49505780801
1913.87389062170	748.85194629699	0.00000000000	0.49566267939
1916.41821612383	748.84601513575	0.00000000000	0.49630252765
1919.01007009216	748.84053124668	0.00000000000	0.49695450330
1921.60095532274	748.83562318840	0.00000000000	0.49760641461
1923.98804662964	748.83161839369	0.00000000000	0.49820720911
1926.38909527746	748.82809950105	0.00000000000	0.49881167488
1928.86226146804	748.82501819710	0.00000000000	0.49943446489
1931.18858558107	748.82263153576	0.00000000000	0.50002043573
1933.51299219095	748.82074426078	0.00000000000	0.50060607768
1935.92656946324	748.81928882252	0.00000000000	0.50121434428
1938.64256535698	748.81823021774	0.00000000000	0.50189900990
1941.11100999071	748.81776717975	0.00000000000	0.50252143225
1943.64501159207	748.81775295488	0.00000000000	0.50316053647
1946.30422438175	748.81820435139	0.00000000000	0.50383137691
1948.79129590464	748.81902518642	0.00000000000	0.50445892827
1951.13292372337	748.82012126240	0.00000000000	0.50504989466
1954.21755032302	748.82199826936	0.00000000000	0.50582853289
1957.09755152976	748.82414635177	0.00000000000	0.50655566908
1959.45878210746	748.82615709958	0.00000000000	0.50715192727
1962.06127416389	748.82859896704	0.00000000000	0.50780920491
1964.74235065450	748.83132472289	0.00000000000	0.50848642603
1967.11505579201	748.83388319817	0.00000000000	0.50908582876
1969.55527077080	748.83662730603	0.00000000000	0.50970235135
1972.37443592332	748.83990090775	0.00000000000	0.51041468906
1975.57101744537	748.84369057400	0.00000000000	0.51122247236
1978.47572817457	748.84715122332	0.00000000000	0.51195656099
1980.91391414999	748.85003004716	0.00000000000	0.51257278401
1983.22534355727	748.85270818401	0.00000000000	0.51315699428
1985.53923241221	748.85531324570	0.00000000000	0.51374184278
1987.85750237039	748.85782123051	0.00000000000	0.51432780911
1990.18203250394	748.86020746317	0.00000000000	0.51491536205
1992.70543468636	748.86262180246	0.00000000000	0.51555317986
1995.27730262725	748.86486461955	0.00000000000	0.51620323841
1997.63143383621	748.86671898640	0.00000000000	0.51679825317
2000.03026638557	748.86841475014	0.00000000000	0.51740455837
2002.35323576131	748.86987175523	0.00000000000	0.51799168249
2004.73502415360	748.87117787735	0.00000000000	0.51859366719
2007.07603363646	748.87227769606	0.00000000000	0.51918534055
2009.55224420210	748.87324403996	0.00000000000	0.51981118110
2011.91806664238	748.87397952294	0.00000000000	0.52040911931
2014.23275060477	748.87452283084	0.00000000000	0.52099413125
2016.57246773702	748.87489612183	0.00000000000	0.52158546951
2018.88646758934	748.87509264791	0.00000000000	0.52217030844
2021.22551502868	748.87511808450	0.00000000000	0.52276147932
2023.54548599787	748.87497256439	0.00000000000	0.52334783122
2025.86510467272	748.87465832470	0.00000000000	0.52393409745
2028.19286193013	748.87417463771	0.00000000000	0.52452242502
2030.83923084945	748.87342152332	0.00000000000	0.52519128648
2033.31256174787	748.87252374967	0.00000000000	0.52581642068
2035.62404256257	748.87151674839	0.00000000000	0.52640065496
2037.95034528619	748.87034072277	0.00000000000	0.52698864400
2040.25335830155	748.86901706983	0.00000000000	0.52757075576
2042.70399235014	748.86743578417	0.00000000000	0.52819019165
2045.19815911826	748.86564498134	0.00000000000	0.52882064424
2047.66957160040	748.86369151571	0.00000000000	0.52944535945
2050.11919486281	748.86158094124	0.00000000000	0.53006458201
2052.58992568863	748.85927787714	0.00000000000	0.53068915667
2055.20684620076	748.85664933038	0.00000000000	0.53135070588
2057.51479138193	748.85417100416	0.00000000000	0.53193416472
2059.92332456768	748.85142602169	0.00000000000	0.53254307134
2062.24570275734	748.84862708585	0.00000000000	0.53313021602
2064.65347706518	748.84556887573	0.00000000000	0.53373897143
2067.14454395447	748.84223881093	0.00000000000	0.53436880912
2069.44166215685	748.83901966425	0.00000000000	0.53494963132
2071.75380116580	748.83563698616	0.00000000000	0.53553427401
2074.09645877429	748.83206513385	0.00000000000	0.53612665761
2076.39324507895	748.82842322727	0.00000000000	0.53670746626
2078.83841356020	748.82439507379	0.00000000000	0.53732582530
2081.15737995560	748.82043228041	0.00000000000	0.53791229648
2083.45574410860	748.81636901530	0.00000000000	0.53849358461
2085.84186588350	748.81200899784	0.00000000000	0.53909709765
2088.16985920439	748.80761744339	0.00000000000	0.53968593872
2090.59250504192	748.80290423635	0.00000000000	0.54029875395
2092.93166624805	748.79821626536	0.00000000000	0.54089048428
2095.22478621558	748.79349098692	0.00000000000	0.54147059997
2097.54057291091	748.78859003046	0.00000000000	0.54205648329
2100.02618165894	748.78318687012	0.00000000000	0.54268536926
2102.31688277082	748.77807776219	0.00000000000	0.54326497775
2105.00802279392	748.77191833869	0.00000000000	0.54394595373
2107.29870990418	748.76654303966	0.00000000000	0.54452563768
2109.63459279749	748.76093758762	0.00000000000	0.54511679790
2111.92429085025	748.75532256131	0.00000000000	0.54569630892
2114.21250957271	748.74959327450	0.00000000000	0.54627548521
2116.50902223718	748.74372592724	0.00000000000	0.54685680166
2118.84296895540	748.73764378217	0.00000000000	0.54744763672
2121.13065062620	748.73156683834	0.00000000000	0.54802680281
2123.44105266662	748.72531484328	0.00000000000	0.54861176509
2125.87750648952	748.71859822618	0.00000000000	0.54922869110
2128.16362762982	748.71218198038	0.00000000000	0.54980759877
2130.48291572386	748.70556105373	0.00000000000	0.55039495259
2132.93959123919	748.69842671125	0.00000000000	0.55101715256
2135.31591177603	748.69140843419	0.00000000000	0.55161905422
2137.63361923531	748.68445344372	0.00000000000	0.55220616104
2140.00891686540	748.67721441160	0.00000000000	0.55280790989
2142.31510745898	748.67007951713	0.00000000000	0.55339220442
2144.59745339686	748.66291631626	0.00000000000	0.55397051005
2147.00884196312	748.65523909987	0.00000000000	0.55458157044
2149.30473681389	748.64782674231	0.00000000000	0.55516342009
2151.58836985523	748.64035566350	0.00000000000	0.55574221747
2153.89182465620	748.63272161215	0.00000000000	0.55632609553
2156.18605336091	748.62502138021	0.00000000000	0.55690769264
2158.47290186058	748.61725101280	0.00000000000	0.55748747706
2160.75427673670	748.60940601269	0.00000000000	0.55806593265
2163.03112878979	748.60148489666	0.00000000000	0.55864330106
2165.60243780295	748.59243073218	0.00000000000	0.55929541121
2167.92516713456	748.58415415552	0.00000000000	0.55988454650
2170.83455409697	748.57365825316	0.00000000000	0.56062257315
2173.28239739493	748.56471804508	0.00000000000	0.56124360022
2175.56507704992	748.55629236589	0.00000000000	0.56182279212
2177.87318084221	748.54768704320	0.00000000000	0.56240850220
2180.31936430242	748.53847410021	0.00000000000	0.56302932660
2182.62626269292	748.52969951193	0.00000000000	0.56361487309
2184.95867352144	748.52074405850	0.00000000000	0.56420696701
2187.32282892963	748.51158199269	0.00000000000	0.56480719415
2189.64015010344	748.50251990760	0.00000000000	0.56539560473
2191.98620235839	748.49326452868	0.00000000000	0.56599138636
2194.65948007830	748.48262058154	0.00000000000	0.56667036131
2197.03947775943	748.47305832475	0.00000000000	0.56727493290
2199.31593072699	748.46383754394	0.00000000000	0.56785327841
2201.75682754397	748.45387106737	0.00000000000	0.56847348607
2204.39998724847	748.44298745486	0.00000000000	0.56914518642
2206.68132114736	748.43351878435	0.00000000000	0.56972502128
2208.95515705886	748.42401338983	0.00000000000	0.57030302935
2211.46460061803	748.41344586277	0.00000000000	0.57094102141
2214.05098474097	748.40247116558	0.00000000000	0.57159867764
2216.48810031938	748.39205413495	0.00000000000	0.57221847543
2218.77483805427	748.38221437488	0.00000000000	0.57280011641
2221.16806709084	748.37184980744	0.00000000000	0.57340893487
2223.91942056971	748.35985189213	0.00000000000	0.57410897381
2226.35390454503	748.34916387287	0.00000000000	0.57472849546
2228.62225521435	748.33914580669	0.00000000000	0.57530582991
2230.88498138059	748.32909667012	0.00000000000	0.57588182034
2233.16761106919	748.31890373989	0.00000000000	0.57646296686
2235.43392389390	748.30872979957	0.00000000000	0.57704004915
2237.69955111956	748.29850645350	0.00000000000	0.57761704743
2239.95654424479	748.28827105198	0.00000000000	0.57819193785
2242.40935465155	748.27709123821	0.00000000000	0.57881681004
2245.06974725055	748.26490055748	0.00000000000	0.57949468943
2247.72942459289	748.25264768429	0.00000000000	0.58017251715
2250.11450464328	748.24160573867	0.00000000000	0.58078047519
2252.44384266874	748.23077382712	0.00000000000	0.58137432825
2254.69941250292	748.22024093564	0.00000000000	0.58194947316
2257.22164135462	748.20841296950	0.00000000000	0.58259272931
2259.53328114308	748.19752766908	0.00000000000	0.58318238680
2261.95757561658	748.18606716999	0.00000000000	0.58380089352
2264.28331530850	748.17503086316	0.00000000000	0.58439436601
2266.54014889382	748.16428371154	0.00000000000	0.58497035925
2268.96229768358	748.15270921427	0.00000000000	0.58558865958
2271.25627498337	748.14171018907	0.00000000000	0.58617435254
2273.51085946802	748.13086617187	0.00000000000	0.58675009396
2275.83294585611	748.11966362458	0.00000000000	0.58734318403
2278.25221843006	748.10795703082	0.00000000000	0.58796121771
2280.49553693177	748.09707101502	0.00000000000	0.58853441311
2283.03592990152	748.08470905608	0.00000000000	0.58918364540
2285.57554711756	748.07231601626	0.00000000000	0.58983281959
2287.86417342319	748.06111931651	0.00000000000	0.59041795697
2290.11332143875	748.05009069699	0.00000000000	0.59099311388
2292.41444766064	748.03878271698	0.00000000000	0.59158167977
2294.66897144098	748.02768092165	0.00000000000	0.59215844180
2296.95452584685	748.01640447959	0.00000000000	0.59274326024
2299.20748596524	748.00526851510	0.00000000000	0.59331985591
2301.57637251107	747.99353907026	0.00000000000	0.59392624715
2303.90630227388	747.98198334914	0.00000000000	0.59452279402
2306.23544204506	747.97041385673	0.00000000000	0.59511926649
2308.56378805208	747.95883193413	0.00000000000	0.59571566458
2310.83219799938	747.94753365331	0.00000000000	0.59629683526
2313.19713607371	747.93574067440	0.00000000000	0.59690286914
2315.56127829841	747.92393881287	0.00000000000	0.59750883544
2317.92460829268	747.91212953438	0.00000000000	0.59811473102
2320.15832326407	747.90095862150	0.00000000000	0.59868752413
2322.50030030638	747.88923786369	0.00000000000	0.59928821305
2324.79025516721	747.87777038757	0.00000000000	0.59987569271
2327.03342744633	747.86653162311	0.00000000000	0.60045129982
2329.26883758754	747.85532745155	0.00000000000	0.60102504349
2331.49539923373	747.84416452709	0.00000000000	0.60159664449
2333.83331593032	747.83244125532	0.00000000000	0.60219697148
2336.10507468873	747.82104895081	0.00000000000	0.60278044803
2338.33712563973	747.80985623047	0.00000000000	0.60335385912
2340.73523175146	747.79783267003	0.00000000000	0.60397007770
2343.47843243756	747.78408306065	0.00000000000	0.60467516170
2346.54274205470	747.76873181169	0.00000000000	0.60546302191
2349.22637476567	747.75529673924	0.00000000000	0.60615321832
2351.69216379142	747.74296159110	0.00000000000	0.60678756380
2353.97159878107	747.73156805333	0.00000000000	0.60737411901
2356.46099453823	747.71913685334	0.00000000000	0.60801486933
2359.05654532555	747.70619040135	0.00000000000	0.60868313024
2361.36602098999	747.69468510940	0.00000000000	0.60927789904
2363.62772338136	747.68343212325	0.00000000000	0.60986051355
2365.86542523521	747.67231370866	0.00000000000	0.61043709166
2368.07838384209	747.66133424388	0.00000000000	0.61100743830
2370.72553882349	747.64822308398	0.00000000000	0.61168988006
2373.66222072040	747.63370894505	0.00000000000	0.61244720603
2375.96613947965	747.62234670381	0.00000000000	0.61304153280
2378.39725123950	747.61038218363	0.00000000000	0.61366884457
2381.09752850780	747.59712493515	0.00000000000	0.61436582135
2383.41708433767	747.58576528551	0.00000000000	0.61496470758
2385.70006111392	747.57461180467	0.00000000000	0.61555431189
2387.90427965389	747.56386975971	0.00000000000	0.61612372996
2390.14319403581	747.55298665911	0.00000000000	0.61670226699
2392.78173763842	747.54019892919	0.00000000000	0.61738427169
2395.07810082084	747.52910445432	0.00000000000	0.61797801063
2397.43279696457	747.51776331474	0.00000000000	0.61858700742
2399.64826755925	747.50712651837	0.00000000000	0.61916015958
2402.00109232107	747.49586748652	0.00000000000	0.61976902055
2405.01252108225	747.48151501109	0.00000000000	0.62054857871
2407.32246494693	747.47055182934	0.00000000000	0.62114674872
2409.63144808091	747.45963463281	0.00000000000	0.62174484726
2411.93947844140	747.44876469685	0.00000000000	0.62234287738
2414.16855929769	747.43830844372	0.00000000000	0.62292062148
2416.37010817311	747.42802293213	0.00000000000	0.62349139520
2418.65673622599	747.41738497942	0.00000000000	0.62408440181
2421.48552331202	747.40429025492	0.00000000000	0.62481825907
2423.87434847184	747.39329020638	0.00000000000	0.62543819518
2426.07877646350	747.38318687235	0.00000000000	0.62601045305
2428.59200071637	747.37172382147	0.00000000000	0.62666307801
2430.87350420334	747.36136875596	0.00000000000	0.62725571948
2433.08383542129	747.35138292653	0.00000000000	0.62783004442
2435.46775164438	747.34066367395	0.00000000000	0.62844966146
2437.74633885423	747.33046714001	0.00000000000	0.62904208418
2440.25463598341	747.31929797098	0.00000000000	0.62969443609
2442.43704949262	747.30962691122	0.00000000000	0.63026220791
2444.63358854096	747.29993724928	0.00000000000	0.63083381861
2446.81715501198	747.29034841259	0.00000000000	0.63140221617
2449.63364762480	747.27804412611	0.00000000000	0.63213560793
2451.81516116444	747.26856318106	0.00000000000	0.63270384100
2454.31760182589	747.25774030600	0.00000000000	0.63335586615
2456.49716124466	747.24835970030	0.00000000000	0.63392393484
2458.67579247943	747.23902557912	0.00000000000	0.63449192136
2461.07294171966	747.22880415025	0.00000000000	0.63511706143
2463.68175784787	747.21773818560	0.00000000000	0.63579761976
2466.12687900859	747.20742124757	0.00000000000	0.63643568168
2468.29852173687	747.19830240786	0.00000000000	0.63700254569
2470.71641508181	747.18819826637	0.00000000000	0.63763387307
2472.91015316059	747.17907509675	0.00000000000	0.63820683994
2475.08706927283	747.17006334468	0.00000000000	0.63877557073
2477.27007855146	747.16106769164	0.00000000000	0.63934605061
2479.73562354196	747.15095734855	0.00000000000	0.63999055367
2482.01455596206	747.14165882167	0.00000000000	0.64058645326
2484.45224542685	747.13176186684	0.00000000000	0.64122405353
2486.91493081287	747.12181499963	0.00000000000	0.64186838916
2489.57007345302	747.11114860769	0.00000000000	0.64256330095
2491.79361366313	747.10226203397	0.00000000000	0.64314542904
2494.22745741427	747.09258278458	0.00000000000	0.64378279913
2496.43497169241	747.08384668473	0.00000000000	0.64436106446
2498.59734698516	747.07532876446	0.00000000000	0.64492765815
2500.80308676394	747.06668018918	0.00000000000	0.64550576967
2503.11448103776	747.05766069914	0.00000000000	0.64611174051
2505.42495441408	747.04868895835	0.00000000000	0.64671764122
2507.62797397786	747.04017541385	0.00000000000	0.64729552224
2510.10799558724	747.03063901917	0.00000000000	0.64794624990
2512.27697251186	747.02233985244	0.00000000000	0.64851552373
2514.49146564829	747.01390599377	0.00000000000	0.64909689797
2516.64660332430	747.00573632148	0.00000000000	0.64966283872
2518.79781876061	746.99761887599	0.00000000000	0.65022789588
2521.12420114811	746.98888228288	0.00000000000	0.65083912812
2523.35096358660	746.98056034914	0.00000000000	0.65142434570
2525.49850019344	746.97257190433	0.00000000000	0.65198888919
2527.69358061202	746.96444439947	0.00000000000	0.65256608010
2529.91776462132	746.95624794127	0.00000000000	0.65315107711
2532.07183466112	746.94834693784	0.00000000000	0.65371777979
2534.35000279320	746.94003026994	0.00000000000	0.65431728752
2536.52909203136	746.93211314761	0.00000000000	0.65489087271
2538.80553741812	746.92388165589	0.00000000000	0.65549024086
2541.00964023771	746.91594989067	0.00000000000	0.65607071396
2543.37438300126	746.90748157427	0.00000000000	0.65669365921
2545.78823574801	746.89888152372	0.00000000000	0.65732971822
2547.98970662636	746.89107683368	0.00000000000	0.65790996904
2550.30493854456	746.88290846436	0.00000000000	0.65852036362
2552.61930941858	746.87478354405	0.00000000000	0.65913069396
2554.81819763643	746.86710129285	0.00000000000	0.65971072032
2556.96267955368	746.85964391897	0.00000000000	0.66027653601
2559.12233031739	746.85216836348	0.00000000000	0.66084649400
2561.45642134862	746.84412780981	0.00000000000	0.66146264648
2563.76661904243	746.83620908100	0.00000000000	0.66207265235
2565.94706363117	746.82877099528	0.00000000000	0.66264854330
2568.08223840781	746.82152094409	0.00000000000	0.66321261502
2570.21659435852	746.81430675109	0.00000000000	0.66377660580
2572.35013605509	746.80712820634	0.00000000000	0.66434051632
2574.47877223702	746.79999878702	0.00000000000	0.66490326434
2576.64259561074	746.79278474975	0.00000000000	0.66547545164
2578.86550915102	746.78540842984	0.00000000000	0.66606340763
2581.14718614952	746.77787352400	0.00000000000	0.66666705700
2583.28169428006	746.77085784467	0.00000000000	0.66723190849
2585.76018654170	746.76275164337	0.00000000000	0.66788795444
2588.26516323628	746.75460234248	0.00000000000	0.66855119191
2590.46661061002	746.74747641427	0.00000000000	0.66913421448
2592.74414737536	746.74013935835	0.00000000000	0.66973753539
2594.86935261796	746.73332512427	0.00000000000	0.67030063814
2597.23904708932	746.72576329235	0.00000000000	0.67092867443
2599.47321257828	746.71866883257	0.00000000000	0.67152093870
2601.91907182178	746.71094075812	0.00000000000	0.67216948481
2604.03788998033	746.70427845883	0.00000000000	0.67273144978
2606.15592414597	746.69764855524	0.00000000000	0.67329333386
2608.30824332181	746.69094182437	0.00000000000	0.67386444298
2610.42470778690	746.68437663091	0.00000000000	0.67442616534
2612.57546770734	746.67773517413	0.00000000000	0.67499711867
2614.91425953448	746.67054734820	0.00000000000	0.67561813489
2617.05258580552	746.66400667835	0.00000000000	0.67618605522
2619.54659616431	746.65641530978	0.00000000000	0.67684860258
2621.72103554349	746.64982920913	0.00000000000	0.67742639475
2624.24113469222	746.64223383824	0.00000000000	0.67809619890
2626.38706766485	746.63579787819	0.00000000000	0.67866669307
2628.49608357807	746.62950087967	0.00000000000	0.67922749586
2630.93194064781	746.62226264547	0.00000000000	0.67987535936
2633.39392749145	746.61498424620	0.00000000000	0.68053033673
2635.77572647591	746.60797852723	0.00000000000	0.68116413771
2637.93030876118	746.60167111508	0.00000000000	0.68173760802
2640.31059364964	746.59473586938	0.00000000000	0.68237129741
2642.41891716252	746.58862167694	0.00000000000	0.68293271112
2644.60138890794	746.58232063474	0.00000000000	0.68351399461
2646.70820666709	746.57626504318	0.00000000000	0.68407524875
2648.82648468061	746.57020311550	0.00000000000	0.68463967480
2650.97655549408	746.56407731607	0.00000000000	0.68521269374
2653.09334661203	746.55807284886	0.00000000000	0.68577696245
2655.20940571625	746.55209658628	0.00000000000	0.68634115385
2657.58392990093	746.54542125589	0.00000000000	0.68697439790
2660.01015993804	746.53863408759	0.00000000000	0.68762158309
2662.13293021080	746.53272341539	0.00000000000	0.68818794748
2664.24593823314	746.52686532659	0.00000000000	0.68875182327
2666.64352668555	746.52024875114	0.00000000000	0.68939178166
2668.87392523565	746.51412245662	0.00000000000	0.68998724695
2671.12472153801	746.50796816094	0.00000000000	0.69058828726
2673.49413785808	746.50151972278	0.00000000000	0.69122114300
2675.72232877926	746.49548368524	0.00000000000	0.69181640867
2677.81549624103	746.48983800758	0.00000000000	0.69237571718
2679.91104420094	746.48420960411	0.00000000000	0.69293577260
2682.11713366009	746.47830973594	0.00000000000	0.69352549069
2684.64545303730	746.47157995296	0.00000000000	0.69420149528
2686.91338863533	746.46557195907	0.00000000000	0.69480801600
2689.05084294710	746.45993428155	0.00000000000	0.69537975878
2691.15495730796	746.45440773756	0.00000000000	0.69594269404
2693.51807148113	746.44822814974	0.00000000000	0.69657505238
2695.78321395212	746.44233159001	0.00000000000	0.69718132276
2697.90513349512	746.43683149974	0.00000000000	0.69774937311
2700.06935451200	746.43124513161	0.00000000000	0.69832886087
2702.18987357945	746.42579428284	0.00000000000	0.69889675739
2704.30971049036	746.42036748554	0.00000000000	0.69946457994
2706.64336507597	746.41441888779	0.00000000000	0.70008980118
2708.88221417453	746.40873693729	0.00000000000	0.70068974541
2710.97992525163	746.40343519600	0.00000000000	0.70125197758
2713.06053196260	746.39819755489	0.00000000000	0.70180972884
2715.27619742741	746.39264258964	0.00000000000	0.70240379832
2717.55776489690	746.38694662739	0.00000000000	0.70301565870
2719.64557136481	746.38175574870	0.00000000000	0.70357566435
2721.85923314898	746.37627405858	0.00000000000	0.70416953922
2724.16281926601	746.37059363036	0.00000000000	0.70478766000
2726.33626253858	746.36525631035	0.00000000000	0.70537097250
2728.52785445746	746.35989604042	0.00000000000	0.70595926629
2730.62845365394	746.35477851856	0.00000000000	0.70652323844
2732.86001036614	746.34936341475	0.00000000000	0.70712248102
2735.03080358034	746.34411678133	0.00000000000	0.70770551571
2737.10797465587	746.33911565784	0.00000000000	0.70826350545
2739.18448814657	746.33413474861	0.00000000000	0.70882141609
2741.37217303067	746.32890714113	0.00000000000	0.70940930093
2743.46878435642	746.32391620838	0.00000000000	0.70997281278
2745.54019926299	746.31900339367	0.00000000000	0.71052964890
2747.83680551535	746.31357736182	0.00000000000	0.71114713228
2749.92233155463	746.30866886685	0.00000000000	0.71170796412
2752.40253564269	746.30285454943	0.00000000000	0.71237505599
2754.88206749883	746.29706661482	0.00000000000	0.71304210181
2756.99837996958	746.29214594185	0.00000000000	0.71361154007
2759.12851348432	746.28721098836	0.00000000000	0.71418479533
2761.29152545336	746.28221800723	0.00000000000	0.71476699905
2763.76861856917	746.27652222978	0.00000000000	0.71543386547
2765.96929293277	746.27148171546	0.00000000000	0.71602642638
2768.09682069931	746.26662613781	0.00000000000	0.71659938959
2770.16088817096	746.26193156549	0.00000000000	0.71715535400
2772.66351517058	746.25626064230	0.00000000000	0.71782956653
2774.97736469670	746.25103783964	0.00000000000	0.71845303892
2777.07507391012	746.24631960471	0.00000000000	0.71901836830
2779.29327591693	746.24134742570	0.00000000000	0.71961626968
2781.35408812303	746.23674358789	0.00000000000	0.72017183878
2784.05377772964	746.23073487489	0.00000000000	0.72089977326
2786.33975193922	746.22566655353	0.00000000000	0.72151627148
2788.42324371456	746.22106260074	0.00000000000	0.72207825528
2790.61708198079	746.21623052685	0.00000000000	0.72267009790
2792.77126507664	746.21150128887	0.00000000000	0.72325133676
2794.85291173292	746.20694569848	0.00000000000	0.72381309218
2796.91240845650	746.20245234099	0.00000000000	0.72436895512
2799.17080613508	746.19754055733	0.00000000000	0.72497859849
2801.83707960527	746.19176230282	0.00000000000	0.72569847527
2803.89985056689	746.18730703507	0.00000000000	0.72625550578
2806.05041636751	746.18267596615	0.00000000000	0.72683633265
2808.35541211736	746.17772779495	0.00000000000	0.72745896759
2810.71141365098	746.17268640689	0.00000000000	0.72809548619
2812.92060955059	746.16797388007	0.00000000000	0.72869243904
2815.05120012836	746.16344232906	0.00000000000	0.72926823978
2817.82862828380	746.15755431207	0.00000000000	0.73001898001
2819.88705106410	746.15320441485	0.00000000000	0.73057546637
2822.09390030906	746.14855375248	0.00000000000	0.73117216725
2824.25863963942	746.14400459483	0.00000000000	0.73175757019
2826.30693700041	746.13971159565	0.00000000000	0.73231156393
2828.58194599508	746.13495628532	0.00000000000	0.73292696575
2831.04174189655	746.12982968500	0.00000000000	0.73359245982
2833.34049839190	746.12505251356	0.00000000000	0.73421448424
2835.38638493808	746.12081185830	0.00000000000	0.73476816436
2837.52874404063	746.11638216395	0.00000000000	0.73534803343
2839.58909421977	746.11213240384	0.00000000000	0.73590578250
2841.81334756059	746.10755577860	0.00000000000	0.73650798562
2843.87255059693	746.10332895035	0.00000000000	0.73706558011
2846.32870191474	746.09829989039	0.00000000000	0.73773075807
2848.40703569716	746.09405489806	0.00000000000	0.73829369703
2850.45727140265	746.08987651790	0.00000000000	0.73884909853
2852.91189153056	746.08488580875	0.00000000000	0.73951414136
2854.96097275697	746.08072929040	0.00000000000	0.74006938826
2857.00427722849	746.07659305551	0.00000000000	0.74062314076
2859.29673038448	746.07196244307	0.00000000000	0.74124449843
2861.34414308319	746.06783552235	0.00000000000	0.74179951359
2863.47995163520	746.06353900547	0.00000000000	0.74237856558
2865.52627084239	746.05943055280	0.00000000000	0.74293342637
2867.56365231201	746.05534769109	0.00000000000	0.74348593207
2869.60365988279	746.05126704146	0.00000000000	0.74403921788
2871.77673029866	746.04692826117	0.00000000000	0.74462866696
2873.90994640724	746.04267692349	0.00000000000	0.74520737956
2876.00875132526	746.03850158317	0.00000000000	0.74577682801
2878.32237741916	746.03390718283	0.00000000000	0.74640464300
2880.45402606852	746.02968165273	0.00000000000	0.74698315226
2882.66845960314	746.02529942159	0.00000000000	0.74758420403
2884.83845481819	746.02101224081	0.00000000000	0.74817326822
2886.86988701377	746.01700500803	0.00000000000	0.74872478427
2889.06034744989	746.01269058678	0.00000000000	0.74931954608
2891.61967531231	746.00765791315	0.00000000000	0.75001455676
2894.12149202330	746.00274664956	0.00000000000	0.75069404543
2896.56648940768	745.99795456827	0.00000000000	0.75135819271
2898.71304303691	745.99375341416	0.00000000000	0.75194134544
2900.75069416681	745.98977039199	0.00000000000	0.75249497560
2902.79513726578	745.98577880443	0.00000000000	0.75305051226
2904.82651027782	745.98181723762	0.00000000000	0.75360255759
2906.86264383560	745.97785071962	0.00000000000	0.75415595642
2909.14394007695	745.97341155022	0.00000000000	0.75477605836
2911.95785268946	745.96794281020	0.00000000000	0.75554103791
2914.08185096120	745.96381964603	0.00000000000	0.75611853382
2916.31237939573	745.95949384676	0.00000000000	0.75672506211
2919.01011085024	745.95426735399	0.00000000000	0.75745872484
2921.07086869453	745.95027864862	0.00000000000	0.75801922638
2923.09487107977	745.94636404496	0.00000000000	0.75856978709
2925.12157196984	745.94244699023	0.00000000000	0.75912113722
2927.37412035937	745.93809647771	0.00000000000	0.75973399211
2929.49474945968	745.93400347627	0.00000000000	0.76031101702
2931.55308792020	745.93003304074	0.00000000000	0.76087114919
2933.69195093224	745.92590952532	0.00000000000	0.76145325295
2935.72148253348	745.92199872866	0.00000000000	0.76200565629
2937.74525223937	745.91810074111	0.00000000000	0.76255654397
2939.76535390625	745.91421134819	0.00000000000	0.76310648516
2941.78498105844	745.91032422732	0.00000000000	0.76365634866
2943.84051583424	745.90636921602	0.00000000000	0.76421604078
2945.88436285234	745.90243773759	0.00000000000	0.76477260247
2948.20974269634	745.89796575482	0.00000000000	0.76540589107
2950.27691644761	745.89399106506	0.00000000000	0.76596891571
2952.39258825486	745.88992364064	0.00000000000	0.76654520290
2954.43456446300	745.88599821095	0.00000000000	0.76710146693
2956.45939189392	745.88210587660	0.00000000000	0.76765310818
2958.52477530390	745.87813553572	0.00000000000	0.76821584803
2960.95724635801	745.87345922820	0.00000000000	0.76887866916
2963.08993967434	745.86935873585	0.00000000000	0.76945986025
2965.10331305607	745.86548704618	0.00000000000	0.77000858241
2967.11623541539	745.86161545803	0.00000000000	0.77055722738
2969.13830369227	745.85772533798	0.00000000000	0.77110841077
2971.20101954708	745.85375586997	0.00000000000	0.77167072067
2973.39644504976	745.84952953986	0.00000000000	0.77226925933
2975.69040241368	745.84511166975	0.00000000000	0.77289471654
2977.78301104759	745.84107970518	0.00000000000	0.77346532440
2979.84397233694	745.83710678634	0.00000000000	0.77402734814
2982.21723529238	745.83252923148	0.00000000000	0.77467459172
2984.81689182128	745.82751148565	0.00000000000	0.77538364507
2986.90776897626	745.82347285213	0.00000000000	0.77595397967
2988.92044523413	745.81958262376	0.00000000000	0.77650302499
2991.02842265328	745.81550522396	0.00000000000	0.77707811136
2993.37255623385	745.81096723533	0.00000000000	0.77771767615
2995.38070009525	745.80707630942	0.00000000000	0.77826561350
2997.39697965079	745.80316630566	0.00000000000	0.77881580996
2999.46894848810	745.79914466933	0.00000000000	0.77938124324
3001.83896412446	745.79453977369	0.00000000000	0.78002806219
3004.32080521721	745.78971187128	0.00000000000	0.78070545639
3006.37665711712	745.78570797727	0.00000000000	0.78126662392
3008.82943295078	745.78092525248	0.00000000000	0.78193618638
3011.82447922355	745.77507616225	0.00000000000	0.78275385155
3014.11204950215	745.77060174168	0.00000000000	0.78337842479
3016.70700347323	745.76551842717	0.00000000000	0.78408697754
3019.10215729168	745.76081897680	0.00000000000	0.78474102577
3021.12151830887	745.75685102392	0.00000000000	0.78529249312
3023.57221730201	745.75202808188	0.00000000000	0.78596179989
3025.88445014196	745.74746991023	0.00000000000	0.78659333527
3027.88547054751	745.74351898007	0.00000000000	0.78713990449
3029.96863068448	745.73939950749	0.00000000000	0.78770894345
3032.06943652800	745.73523837932	0.00000000000	0.78828283683
3034.40732528728	745.73059943607	0.00000000000	0.78892153585
3036.52677633170	745.72638622934	0.00000000000	0.78950059456
3038.62647568230	745.72220486588	0.00000000000	0.79007428986
3040.63480534990	745.71819836701	0.00000000000	0.79062305072
3042.65020263760	745.71417062656	0.00000000000	0.79117377204
3044.68608499717	745.71009450856	0.00000000000	0.79173012038
3046.99516219444	745.70546214588	0.00000000000	0.79236116014
3049.11250597873	745.70120555803	0.00000000000	0.79293983398
3051.13585801144	745.69712980657	0.00000000000	0.79349284804
3053.52614663806	745.69230444963	0.00000000000	0.79414618670
3055.86099557277	745.68757980750	0.00000000000	0.79478440799
3058.09075086645	745.68305724314	0.00000000000	0.79539393490
3060.13727125345	745.67889702870	0.00000000000	0.79595340008
3062.17018657032	745.67475547386	0.00000000000	0.79650917154
3064.17434217000	745.67066356010	0.00000000000	0.79705710495
3066.45421497449	745.66599769130	0.00000000000	0.79768044804
3068.48605442673	745.66182935746	0.00000000000	0.79823600148
3070.49660175325	745.65769517633	0.00000000000	0.79878575631
3072.54101931717	745.65348145441	0.00000000000	0.79934479565
3074.54336889304	745.64934459472	0.00000000000	0.79989235383
3076.79582619764	745.64467915846	0.00000000000	0.80050833164
3079.29643730515	745.63948474906	0.00000000000	0.80119220303
3081.35450662599	745.63519756353	0.00000000000	0.80175507135
3083.42889886708	745.63086516798	0.00000000000	0.80232242528
3085.42078687687	745.62669432076	0.00000000000	0.80286723378
3087.42852161322	745.62247945070	0.00000000000	0.80341639574
3089.41971904781	745.61828838096	0.00000000000	0.80396105293
3091.46111061862	745.61398020279	0.00000000000	0.80451945858
3093.46032093041	745.60974962877	0.00000000000	0.80506634383
3095.47625832851	745.60547204816	0.00000000000	0.80561782231
3097.60700124806	745.60093800081	0.00000000000	0.80620072555
3100.07662034129	745.59566604998	0.00000000000	0.80687635775
3102.16636625665	745.59119070879	0.00000000000	0.80744808413
3104.23760620307	745.58674185206	0.00000000000	0.80801476411
3106.24232954049	745.58242322646	0.00000000000	0.80856326079
3108.33118410175	745.57790995044	0.00000000000	0.80913479145
3110.79971902098	745.57255841479	0.00000000000	0.80981022601
3113.12750802250	745.56749396466	0.00000000000	0.81044716887
3115.25594550587	745.56284768059	0.00000000000	0.81102957944
3117.29353923449	745.55838559255	0.00000000000	0.81158714546
3119.36269182347	745.55384008286	0.00000000000	0.81215336004
3121.44979713397	745.54924035184	0.00000000000	0.81272449990
3123.94586068377	745.54372047058	0.00000000000	0.81340756865
3125.94014219784	745.53929677756	0.00000000000	0.81395333452
3128.00810741005	745.53469825730	0.00000000000	0.81451927907
3130.28019451642	745.52963389166	0.00000000000	0.81514110351
3132.34756395947	745.52501627536	0.00000000000	0.81570691758
3134.33507128792	745.52056961265	0.00000000000	0.81625089018
3136.31894413672	745.51612490610	0.00000000000	0.81679388425
3138.30578231933	745.51166844225	0.00000000000	0.81733770692
3140.37192287330	745.50702982648	0.00000000000	0.81790325445
3142.37113350553	745.50253844112	0.00000000000	0.81845050083
3144.40465232515	745.49796805979	0.00000000000	0.81900715840
3146.38680846097	745.49351234424	0.00000000000	0.81954977604
3148.53275765637	745.48868881915	0.00000000000	0.82013725549
3150.96848355596	745.48321610450	0.00000000000	0.82080409526
3153.54833715774	745.47742416327	0.00000000000	0.82151043030
3155.67119063267	745.47266339664	0.00000000000	0.82209167330
3157.67755834331	745.46816942979	0.00000000000	0.82264104752
3160.11222347822	745.46272502316	0.00000000000	0.82330773033
3162.21309530346	745.45803629725	0.00000000000	0.82388304183
3164.35679071198	745.45326221914	0.00000000000	0.82447011098
3166.57231544164	745.44834044911	0.00000000000	0.82507688472
3168.55954648387	745.44393765700	0.00000000000	0.82562116467
3170.80005500427	745.43898852502	0.00000000000	0.82623484921
3172.81544189391	745.43455130371	0.00000000000	0.82678690435
3174.98062715788	745.42980104659	0.00000000000	0.82738002734
3176.99525591163	745.42539789539	0.00000000000	0.82793194084
3179.03827173268	745.42095041764	0.00000000000	0.82849166478
3181.38522512635	745.41586482258	0.00000000000	0.82913470129
3184.10649859313	745.41000186195	0.00000000000	0.82988035595
3186.08503718819	745.40576337162	0.00000000000	0.83042253508
3188.22486533830	745.40120373068	0.00000000000	0.83100895206
3190.28281924970	745.39684366455	0.00000000000	0.83157297124
3192.46930533888	745.39223962433	0.00000000000	0.83217226058
3194.54491279579	745.38789735822	0.00000000000	0.83274120189
3196.53454978958	745.38376198317	0.00000000000	0.83328661761
3198.53348968211	745.37963503591	0.00000000000	0.83383462333
3200.76918484741	745.37505361533	0.00000000000	0.83444758331
3203.16911702052	745.37017767264	0.00000000000	0.83510562994
3205.16676859277	745.36615357902	0.00000000000	0.83565342032
3207.23998112714	745.36201171313	0.00000000000	0.83622197645
3209.21939640571	745.35809108905	0.00000000000	0.83676485385
3211.18839464256	745.35422498873	0.00000000000	0.83730491780
3213.28025262373	745.35015587177	0.00000000000	0.83787872856
3215.41509653270	745.34604502583	0.00000000000	0.83846438294
3217.52726408605	745.34202080366	0.00000000000	0.83904386939
3219.73382175542	745.33786380441	0.00000000000	0.83964930955
3221.73971816108	745.33412780371	0.00000000000	0.84019974339
3224.13603399879	745.32971990258	0.00000000000	0.84085737689
3226.11185417591	745.32613201248	0.00000000000	0.84139966608
3228.09491273023	745.32257442445	0.00000000000	0.84194399228
3230.22683772695	745.31879956355	0.00000000000	0.84252923768
3232.29496096889	745.31518822277	0.00000000000	0.84309702595
3234.25891809964	745.31180599767	0.00000000000	0.84363626930
3236.30764487188	745.30832797499	0.00000000000	0.84419884379
3238.27178785559	745.30504276368	0.00000000000	0.84473824624
3240.23881788221	745.30180208987	0.00000000000	0.84527849567
3242.32466025715	745.29842083081	0.00000000000	0.84585143719
3244.41004930559	745.29509831180	0.00000000000	0.84642431681
3246.42407862719	745.29194573734	0.00000000000	0.84697765336
3248.38583066468	745.28892923982	0.00000000000	0.84751668488
3250.77701307715	745.28532637542	0.00000000000	0.84817378924
3253.08340852474	745.28192993034	0.00000000000	0.84880767630
3255.11089446976	745.27900940313	0.00000000000	0.84936497601
3257.17351688225	745.27610212224	0.00000000000	0.84993199975
3259.25563050694	745.27323394676	0.00000000000	0.85050445007
3261.26623768617	745.27052895305	0.00000000000	0.85105730664
3263.51602863248	745.26757894459	0.00000000000	0.85167600945
3265.90407009294	745.26453810824	0.00000000000	0.85233282299
3267.89945750484	745.26207006741	0.00000000000	0.85288171287
3269.85944189697	745.25971151064	0.00000000000	0.85342092960
3271.91862855646	745.25730489199	0.00000000000	0.85398750889
3274.08867331345	745.25484914002	0.00000000000	0.85458466984
3276.04372376827	745.25270855010	0.00000000000	0.85512273845
3277.99713069021	745.25063889426	0.00000000000	0.85566042230
3279.95002064829	745.24863992918	0.00000000000	0.85619803213
3281.90689600921	745.24670830286	0.00000000000	0.85673680830
3283.86883734365	745.24484452242	0.00000000000	0.85727704956
3285.87334664739	745.24301676096	0.00000000000	0.85782908584
3287.92854092442	745.24122421918	0.00000000000	0.85839515855
3289.90647201434	745.23957808104	0.00000000000	0.85894002560
3291.87404221483	745.23801857607	0.00000000000	0.85948211256
3294.17117706213	745.23629777057	0.00000000000	0.86011509267
3296.44030894424	745.23470524500	0.00000000000	0.86074045759
3298.41602696337	745.23340681596	0.00000000000	0.86128504139
3300.55525115864	745.23209483426	0.00000000000	0.86187478156
3302.50665492921	745.23098436342	0.00000000000	0.86241282390
3304.45299403519	745.22995991900	0.00000000000	0.86294954700
3306.54475929633	745.22895272944	0.00000000000	0.86352645967
3308.49110768139	745.22810397692	0.00000000000	0.86406334765
3310.78413742328	745.22721489859	0.00000000000	0.86469596742
3313.21852035503	745.22640411462	0.00000000000	0.86536770681
3315.18970531784	745.22584945546	0.00000000000	0.86591172517
3317.21860787908	745.22537501626	0.00000000000	0.86647176055
3319.32949839439	745.22498657258	0.00000000000	0.86705452241
3321.27570393420	745.22472463475	0.00000000000	0.86759190610
3323.25647461840	745.22455396385	0.00000000000	0.86813892045
3325.26595066746	745.22448086361	0.00000000000	0.86869395220
3327.39812587416	745.22451480800	0.00000000000	0.86928297443
3329.34199127361	745.22464698972	0.00000000000	0.86982006594
3331.28074443094	745.22487611651	0.00000000000	0.87035583182
3333.51328027967	745.22526173336	0.00000000000	0.87097289173
3335.69279752630	745.22576544104	0.00000000000	0.87157541067
3337.77609533272	745.22636585546	0.00000000000	0.87215143553
3339.71692613465	745.22703101654	0.00000000000	0.87268816228
3341.65716443765	745.22779910301	0.00000000000	0.87322481614
3343.59340608179	745.22866948714	0.00000000000	0.87376045598
3345.52905027812	745.22964441197	0.00000000000	0.87429602259
3347.46295713724	745.23072419726	0.00000000000	0.87483120116
3349.63848094759	745.23206655717	0.00000000000	0.87543335510
3351.83930129528	745.23356358881	0.00000000000	0.87604263210
3353.77244336371	745.23499518929	0.00000000000	0.87657790637
3356.13764428787	745.23689680596	0.00000000000	0.87723294525
3358.64666664534	745.23909665128	0.00000000000	0.87792797352
3360.59463937065	745.24093570602	0.00000000000	0.87846769794
3362.62916072723	745.24298016701	0.00000000000	0.87903150913
3364.56242578214	745.24504113113	0.00000000000	0.87956736182
3366.49507073878	745.24721773185	0.00000000000	0.88010314263
3368.44055260231	745.24952734258	0.00000000000	0.88064258395
3370.39532199886	745.25196890778	0.00000000000	0.88118470412
3372.32607726381	745.25450058444	0.00000000000	0.88172026714
3374.25278746499	745.25714704755	0.00000000000	0.88225481067
3376.18227374411	745.25991864784	0.00000000000	0.88279022784
3378.11112308804	745.26281178640	0.00000000000	0.88332557248
3380.03933316586	745.26582744162	0.00000000000	0.88386084464
3381.99031247740	745.26900548648	0.00000000000	0.88440254511
3384.01804159019	745.27244492616	0.00000000000	0.88496567113
3386.20846269856	745.27631797441	0.00000000000	0.88557411211
3388.37225234406	745.28030624312	0.00000000000	0.88617529262
3390.43954435336	745.28426878826	0.00000000000	0.88674979078
3392.60199753418	745.28857434558	0.00000000000	0.88735086929
3394.66793640104	745.29284255863	0.00000000000	0.88792525065
3396.99214537707	745.29782693508	0.00000000000	0.88857159057
3398.91417297250	745.30209619510	0.00000000000	0.88910621121
3400.97805174142	745.30683045119	0.00000000000	0.88968041379
3402.99965411983	745.31161954089	0.00000000000	0.89024298124
3404.94308440156	745.31636630077	0.00000000000	0.89078391427
3406.98352311073	745.32150198429	0.00000000000	0.89135197516
3409.09086873625	745.32697089848	0.00000000000	0.89193880015
3411.35428861739	745.33303308090	0.00000000000	0.89256924292
3413.41403081677	745.33872068889	0.00000000000	0.89314309604
3415.33611103382	745.34417635770	0.00000000000	0.89367871869
3417.51633900748	745.35053940188	0.00000000000	0.89428642341
3419.48063087254	745.35643251311	0.00000000000	0.89483407173
3421.58376693353	745.36291201905	0.00000000000	0.89542057025
3424.01365698259	745.37061882553	0.00000000000	0.89609837200
3426.02746490049	745.37718676048	0.00000000000	0.89666025921
3427.95301200080	745.38362139363	0.00000000000	0.89719764719
3430.10296813428	745.39098590879	0.00000000000	0.89779781174
3432.03702291490	745.39777438715	0.00000000000	0.89833784112
3433.94229230281	745.40461444752	0.00000000000	0.89886995803
3435.86496710340	745.41167170022	0.00000000000	0.89940706266
3437.77907105363	745.41885301059	0.00000000000	0.89994190013
3439.82959939521	745.42671961284	0.00000000000	0.90051499885
3441.73656784315	745.43419769678	0.00000000000	0.90104810660
3443.72517137429	745.44216369814	0.00000000000	0.90160417281
3445.64422997803	745.45001473395	0.00000000000	0.90214092562
3447.78782447995	745.45897582591	0.00000000000	0.90274063589
3449.68725063960	745.46708628821	0.00000000000	0.90327217374
3451.96421506592	745.47702110782	0.00000000000	0.90390953467
3454.00959539961	745.48614436443	0.00000000000	0.90448223252
3456.07682082817	745.49555781798	0.00000000000	0.90506120301
3458.43652548238	745.50654185199	0.00000000000	0.90572228168
3460.65498708710	745.51710241060	0.00000000000	0.90634397977
3462.55423718584	745.52632501231	0.00000000000	0.90687636914
3464.46630855239	745.53578031525	0.00000000000	0.90741248999
3466.37764070847	745.54540405375	0.00000000000	0.90794854226
3468.27122006774	745.55510923278	0.00000000000	0.90847975313
3470.16749007553	745.56499975140	0.00000000000	0.90901185682
3472.09857950198	745.57524950440	0.00000000000	0.90955387381
3474.01690245069	745.58561016535	0.00000000000	0.91009245100
3475.94647058064	745.59621242525	0.00000000000	0.91063433046
3478.05342566480	745.60799797663	0.00000000000	0.91122619266
3480.15957101754	745.61999821351	0.00000000000	0.91181800299
3482.06474851486	745.63104352982	0.00000000000	0.91235349512
3484.24703291799	745.64391889505	0.00000000000	0.91296705299
3486.16059662982	745.65540656917	0.00000000000	0.91350521698
3488.42354236419	745.66923187574	0.00000000000	0.91414183172
3490.34747935372	745.68119217008	0.00000000000	0.91468324052
3492.23503149235	745.69311164952	0.00000000000	0.91521455812
3494.49553023709	745.70762946511	0.00000000000	0.91585104834
3496.67288247116	745.72186574551	0.00000000000	0.91646432783
3498.60744052316	745.73472387373	0.00000000000	0.91700938763
3500.49167414526	745.74743812498	0.00000000000	0.91754042000
3502.49677358033	745.76117585825	0.00000000000	0.91810568098
3504.38509703252	745.77431077709	0.00000000000	0.91863817794
3506.26693037906	745.78759212478	0.00000000000	0.91916899660
3508.18359387533	745.80131710413	0.00000000000	0.91970979670
3510.09945566093	745.81523708958	0.00000000000	0.92025052952
3512.02844249372	745.82945648180	0.00000000000	0.92079512818
3513.91275851534	745.84354549956	0.00000000000	0.92132727248
3515.84013693347	745.85816113038	0.00000000000	0.92187173958
3517.72283267630	745.87263895780	0.00000000000	0.92240374296
3519.59557096498	745.88723851745	0.00000000000	0.92293308908
3521.47665314267	745.90210342803	0.00000000000	0.92346495161
3523.35121975629	745.91711775606	0.00000000000	0.92399513024
3525.24859780987	745.93252025197	0.00000000000	0.92453192238
3527.12153007748	745.94792823948	0.00000000000	0.92506195900
3529.07629288014	745.96422681263	0.00000000000	0.92561532452
3530.94411304405	745.98000915882	0.00000000000	0.92614424186
3532.89723173719	745.99673169222	0.00000000000	0.92669748588
3534.76338198649	746.01292043604	0.00000000000	0.92722626059
3536.73369543707	746.03023774009	0.00000000000	0.92778472651
3538.86661795314	746.04924629736	0.00000000000	0.92838948785
3540.73017028211	746.06607862166	0.00000000000	0.92891804877
3542.63201674692	746.08347390516	0.00000000000	0.92945764109
3544.58002217344	746.10152004602	0.00000000000	0.93001050863
3546.50981588743	746.11962699795	0.00000000000	0.93055838701
3548.36996701485	746.13729800042	0.00000000000	0.93108666355
3550.55110352472	746.15829188472	0.00000000000	0.93170631262
3552.65201023382	746.17879451550	0.00000000000	0.93230338825
3554.72676623196	746.19931426981	0.00000000000	0.93289324441
3556.72999503660	746.21938499604	0.00000000000	0.93346296681
3558.58907229529	746.23823991254	0.00000000000	0.93399187032
3560.44384135411	746.25727157342	0.00000000000	0.93451971991
3562.59254628736	746.27959619442	0.00000000000	0.93513143646
3564.96380467573	746.30458030574	0.00000000000	0.93580678213
3566.88453144268	746.32508627774	0.00000000000	0.93635402330
3568.77472077002	746.34550251246	0.00000000000	0.93689274760
3570.75012722654	746.36709110560	0.00000000000	0.93745595542
3572.86766925540	746.39052066439	0.00000000000	0.93805991083
3574.86267234654	746.41286828589	0.00000000000	0.93862912883
3576.90285538733	746.43599849307	0.00000000000	0.93921145213
3578.77640418875	746.45748720267	0.00000000000	0.93974640555
3581.19703677216	746.48560399512	0.00000000000	0.94043784127
3583.58784328949	746.51376786008	0.00000000000	0.94112106215
3585.44833500215	746.53595691055	0.00000000000	0.94165294573
3587.30002162233	746.55827901521	0.00000000000	0.94218249626
3589.49029222081	746.58499111579	0.00000000000	0.94280911441
3591.33091039993	746.60769881513	0.00000000000	0.94333590077
3593.49195626660	746.63466435192	0.00000000000	0.94395462919
3595.59873485973	746.66127142497	0.00000000000	0.94455806641
3597.44563542002	746.68485674979	0.00000000000	0.94508726856
3599.36859822374	746.70967329494	0.00000000000	0.94563846571
3601.92121404794	746.74302777621	0.00000000000	0.94637046396
3603.90256392318	746.76924362619	0.00000000000	0.94693889491
3605.73980159709	746.79380879410	0.00000000000	0.94746617867
3607.62575986075	746.81928310629	0.00000000000	0.94800764355
3609.77875874214	746.84868535655	0.00000000000	0.94862602365
3611.73482413353	746.87569650407	0.00000000000	0.94918807036
3613.58185924786	746.90146421999	0.00000000000	0.94971899037
3615.46397438624	746.92798466931	0.00000000000	0.95026019632
3617.34515126203	746.95475890534	0.00000000000	0.95080133760
3619.17576103739	746.98107104525	0.00000000000	0.95132813051
3621.08811003595	747.00883085135	0.00000000000	0.95187865484
3622.91683846985	747.03563889763	0.00000000000	0.95240530770
3624.75035279102	747.06277566251	0.00000000000	0.95293353714
3626.67870319955	747.09159681646	0.00000000000	0.95348930382
3628.58725588522	747.12040699397	0.00000000000	0.95403958299
3630.53384022267	747.15008480635	0.00000000000	0.95460105241
3632.35317454855	747.17809194953	0.00000000000	0.95512602437
3634.41460586069	747.21014221226	0.00000000000	0.95572109588
3636.83415185273	747.24819134759	0.00000000000	0.95641987385
3638.72025439022	747.27817644726	0.00000000000	0.95696483885
3640.99554469728	747.31472973643	0.00000000000	0.95762254583
3643.18581048793	747.35031283843	0.00000000000	0.95825597763
3645.12499292721	747.38214274134	0.00000000000	0.95881704426
3647.25848523819	747.41751770614	0.00000000000	0.95943460242
3649.52911925797	747.45557824877	0.00000000000	0.96009217164
3651.40877131606	747.48740808260	0.00000000000	0.96063675998
3653.48596754064	747.52292529042	0.00000000000	0.96123884340
3655.29829573181	747.55420861317	0.00000000000	0.96176437868
3657.10504836064	747.58567073565	0.00000000000	0.96228850677
3659.10420607430	747.62080498662	0.00000000000	0.96286869546
3660.93719251428	747.65331731201	0.00000000000	0.96340088578
3662.74210756932	747.68561212268	0.00000000000	0.96392513930
3664.56311773802	747.71847826133	0.00000000000	0.96445428342
3666.36492155201	747.75127922948	0.00000000000	0.96497806075
3668.27168641660	747.78629738550	0.00000000000	0.96553258289
3670.08972013512	747.81998086064	0.00000000000	0.96606152459
3671.91677864699	747.85412298225	0.00000000000	0.96659331348
3674.06251366642	747.89459515414	0.00000000000	0.96721814215
3676.02900605909	747.93204408453	0.00000000000	0.96779104774
3677.87880373990	747.96758453651	0.00000000000	0.96833019448
3679.77931082463	748.00441770532	0.00000000000	0.96888436279
3681.72022938166	748.04236885299	0.00000000000	0.96945056869
3683.55300439787	748.07851755323	0.00000000000	0.96998546364
3685.43161589291	748.11588650234	0.00000000000	0.97053397570
3687.41516218208	748.15569195211	0.00000000000	0.97111339104
3689.20916944897	748.19200417998	0.00000000000	0.97163767520
3691.00787903056	748.22870903385	0.00000000000	0.97216355892
3692.86505043062	748.26692087968	0.00000000000	0.97270677276
3695.13719665262	748.31410712835	0.00000000000	0.97337169501
3696.95054598498	748.35211162065	0.00000000000	0.97390261669
3699.00220300514	748.39548314934	0.00000000000	0.97450359317
3700.79549138534	748.43371836486	0.00000000000	0.97502913390
3702.95169594690	748.48009558426	0.00000000000	0.97566133638
3705.30199169435	748.53115289289	0.00000000000	0.97635082876
3707.76303929448	748.58518462973	0.00000000000	0.97707324130
3709.56941629367	748.62521543726	0.00000000000	0.97760376390
3711.72040519733	748.67329643874	0.00000000000	0.97823580914
3714.17722825823	748.72876646706	0.00000000000	0.97895813774
3716.54849323506	748.78286712624	0.00000000000	0.97965573584
3718.53845390648	748.82869709660	0.00000000000	0.98024148220
3720.41622219208	748.87230399071	0.00000000000	0.98079447673
3722.37978565685	748.91827985812	0.00000000000	0.98137302146
3724.20376900014	748.96133411949	0.00000000000	0.98191070151
3726.16506117728	749.00800379673	0.00000000000	0.98248913997
3728.44447021853	749.06273308437	0.00000000000	0.98316176877
3730.77839760811	749.11932015656	0.00000000000	0.98385089861
3732.88930912200	749.17098109272	0.00000000000	0.98447454147
3735.10866246730	749.22579142912	0.00000000000	0.98513059502
3737.19012366185	749.27766037331	0.00000000000	0.98574623600
3738.97974598615	749.32261784951	0.00000000000	0.98627583030
3740.90903702129	749.37145971201	0.00000000000	0.98684703862
3743.04066957438	749.42587964005	0.00000000000	0.98747849701
3744.80898316330	749.47138891558	0.00000000000	0.98800260272
3746.69128281685	749.52019698828	0.00000000000	0.98856076688
3748.48720267956	749.56711799194	0.00000000000	0.98909358155
3750.31143132835	749.61513292357	0.00000000000	0.98963506097
3752.17037791251	749.66443072041	0.00000000000	0.99018712268
3754.06931892957	749.71517562146	0.00000000000	0.99075135185
3755.96708655709	749.76628128097	0.00000000000	0.99131552662
3758.03528843143	749.82242523416	0.00000000000	0.99193070522
3759.85370225807	749.87217681380	0.00000000000	0.99247187667
3762.44116448056	749.94359947658	0.00000000000	0.99324239419
3764.27409616507	749.99464469797	0.00000000000	0.99378855833
3766.02048973302	750.04362902597	0.00000000000	0.99430919808
3767.80465753355	750.09402627358	0.00000000000	0.99484136397
3769.58771662889	750.14475065653	0.00000000000	0.99537346768
3771.56972792909	750.20155734933	0.00000000000	0.99596525950
3773.43545482718	750.25543960971	0.00000000000	0.99652263676
3775.65537824607	750.32006972376	0.00000000000	0.99718621682
3777.39817169319	750.37120570504	0.00000000000	0.99770747008
3779.20458078667	750.42457848950	0.00000000000	0.99824802720
3781.36542426380	750.48892094665	0.00000000000	0.99889501878
3783.29125725556	750.54672455831	0.00000000000	0.99947198765
3785.05273100123	750.59997558594	0.00000000000	1.00000000000
