-161.05240075734	719.20001220703	0.00000000000
-123.73644126347	719.13637999351	0.00000000000
-72.22017212480	720.07211052656	0.00000000000
-13.92109725952	718.47159854399	0.00000000000
7.90716313117	723.58795766196	0.00000000000
16.98242275259	718.52294651577	0.00000000000
30.86268633373	716.37084071462	0.00000000000
40.03615438859	727.81527312139	0.00000000000
64.11169355078	705.54324054510	0.00000000000
76.11402589347	755.01295333415	0.00000000000
97.83595122448	806.01623339483	0.00000000000
137.11448439641	782.60207485627	0.00000000000
165.28594845745	810.44791238226	0.00000000000
185.94529803960	821.34377308907	0.00000000000
197.08741480700	832.65178772828	0.00000000000
247.49172238147	754.50503016765	0.00000000000
344.38088583704	802.67439938320	0.00000000000
454.76285383803	744.19384517667	0.00000000000
458.11711646118	1180.82870030664	0.00000000000
472.12817278972	769.33419351639	0.00000000000
486.60069029452	803.82729156738	0.00000000000
510.54271648866	761.40591725693	0.00000000000
525.78934829695	812.11783468186	0.00000000000
544.82724986110	859.75672266954	0.00000000000
550.02233212867	961.07662341553	0.00000000000
571.98678356323	1011.19885453799	0.00000000000
586.63274842214	932.01918293768	0.00000000000
601.20670559961	855.38760715175	0.00000000000
619.06484150033	795.31019849570	0.00000000000
640.59079046559	774.70839842973	0.00000000000
676.59768811755	755.97489702841	0.00000000000
717.65624923585	763.24998522523	0.00000000000
828.02830609707	737.44593943917	0.00000000000
941.63060351394	770.82645051546	0.00000000000
1060.43183557738	747.95070446962	0.00000000000
1115.29738646840	755.80256918132	0.00000000000
1141.45783067416	761.97504191736	0.00000000000
1222.37611207527	738.12093826430	0.00000000000
1408.33492557890	731.53348865728	0.00000000000
1651.49117001794	732.13155844789	0.00000000000
2176.13980922156	720.18840973146	0.00000000000
2688.45787908332	728.38190834321	0.00000000000
3138.97336912300	725.92340242107	0.00000000000
3380.03521367562	725.37912306459	0.00000000000
3575.47011809706	728.55634906551	0.00000000000
3733.75774759452	731.33649384569	0.00000000000
3785.05273100123	732.70001220703	0.00000000000
