1	1.68079e-04	1.68079e-04	1.68079e-05	0.00000e+00	0.00000e+00
3	1.55538e-04	1.55538e-04	1.55538e-05	0.00000e+00	0.00000e+00
5	1.52031e-04	1.52031e-04	1.52031e-05	0.00000e+00	0.00000e+00
7	1.48631e-04	1.48631e-04	1.48631e-05	0.00000e+00	0.00000e+00
8	1.30693e-04	1.30693e-04	1.30693e-05	0.00000e+00	0.00000e+00
10	1.21080e-04	1.21080e-04	1.21080e-05	0.00000e+00	0.00000e+00
11	1.08312e-04	1.08312e-04	1.08312e-05	0.00000e+00	0.00000e+00
12	9.69902e-05	9.69902e-05	9.69902e-06	0.00000e+00	0.00000e+00
13	6.49652e-05	6.49652e-05	6.49652e-06	0.00000e+00	0.00000e+00
14	5.80117e-05	5.80117e-05	5.80117e-06	0.00000e+00	0.00000e+00
15	4.00275e-05	4.00275e-05	4.00275e-06	0.00000e+00	0.00000e+00
17	3.68810e-05	3.68810e-05	3.68810e-06	0.00000e+00	0.00000e+00
18	3.25145e-05	3.25145e-05	3.25145e-06	0.00000e+00	0.00000e+00
22	3.21545e-05	3.21545e-05	3.21545e-06	0.00000e+00	0.00000e+00
24	3.12012e-05	3.12012e-05	3.12012e-06	0.00000e+00	0.00000e+00
28	2.87382e-05	2.87382e-05	2.87382e-06	0.00000e+00	0.00000e+00
30	2.71634e-05	2.71634e-05	2.71634e-06	0.00000e+00	0.00000e+00
36	2.70620e-05	2.70620e-05	2.70620e-06	0.00000e+00	0.00000e+00
38	2.43952e-05	2.43952e-05	2.43952e-06	0.00000e+00	0.00000e+00
41	2.38343e-05	2.38343e-05	2.38343e-06	0.00000e+00	0.00000e+00
43	2.32776e-05	2.32776e-05	2.32776e-06	0.00000e+00	0.00000e+00
45	2.28382e-05	2.28382e-05	2.28382e-06	0.00000e+00	0.00000e+00
46	2.02064e-05	2.02064e-05	2.02064e-06	0.00000e+00	0.00000e+00
47	1.55887e-05	1.55887e-05	1.55887e-06	0.00000e+00	0.00000e+00
49	1.52646e-05	1.52646e-05	1.52646e-06	0.00000e+00	0.00000e+00
51	1.50857e-05	1.50857e-05	1.50857e-06	0.00000e+00	0.00000e+00
53	1.48329e-05	1.48329e-05	1.48329e-06	0.00000e+00	0.00000e+00
56	1.47453e-05	1.47453e-05	1.47453e-06	0.00000e+00	0.00000e+00
59	1.46120e-05	1.46120e-05	1.46120e-06	0.00000e+00	0.00000e+00
61	1.40072e-05	1.40072e-05	1.40072e-06	0.00000e+00	0.00000e+00
62	1.24522e-05	1.24522e-05	1.24522e-06	0.00000e+00	0.00000e+00
64	1.24423e-05	1.24423e-05	1.24423e-06	0.00000e+00	0.00000e+00
65	1.11306e-05	1.11306e-05	1.11306e-06	0.00000e+00	0.00000e+00
71	1.10479e-05	1.10479e-05	1.10479e-06	0.00000e+00	0.00000e+00
73	1.09088e-05	1.09088e-05	1.09088e-06	0.00000e+00	0.00000e+00
75	1.08135e-05	1.08135e-05	1.08135e-06	0.00000e+00	0.00000e+00
77	9.69500e-06	9.69500e-06	1.00000e-06	0.00000e+00	0.00000e+00
96	9.68640e-06	9.68640e-06	1.00000e-06	0.00000e+00	0.00000e+00
