0.00000000000 -1.0
0.00000000000 -1.0
0.00000000000 -1.0
0.00000000000 -1.0
0.02297565815 -1.0
0.03268478628 -1.0
0.03564844715 -1.0
0.03821750555 -1.0
0.03886143023 -1.0
0.04336260769 -1.0
0.04591912243 -1.0
0.05080985681 -1.0
0.05734000353 -1.0
0.06933769624 -1.0
0.07429244555 -1.0
0.07860899390 -1.0
0.08209515627 -1.0
0.08708717333 -1.0
0.11593598234 -1.0
0.14807164509 -1.0
0.15747357185 -1.0
0.16934951198 -1.0
0.17359633601 -1.0
0.17925879674 -1.0
0.18275754850 -1.0
0.18866899520 -1.0
0.20065560213 -1.0
0.20162237084 -1.0
0.20905193814 -1.0
0.21853149669 -1.0
0.22593941328 -1.0
0.22903819708 -1.0
0.23604327192 -1.0
0.25128280647 -1.0
0.25846973702 -1.0
0.31017572700 -1.0
0.33155715528 -1.0
0.34086752734 -1.0
0.34704177155 -1.0
0.34951894302 -1.0
0.39819892942 -1.0
0.47547069260 -1.0
0.52015647901 -1.0
0.77144291538 -1.0
0.84636314256 -1.0
0.87036135982 -1.0
0.95898485819 -1.0
1.00000000000 -1.0
1.00000000000 -1.0
1.00000000000 -1.0
1.00000000000 -1.0
