-161.05240075734	719.20001220703	0.00000000000	0.00000000000
-157.90979965618	719.19631490745	0.00000000000	0.00064549929
-154.77505103873	719.19577924440	0.00000000000	0.00129040074
-151.61798923758	719.19817928226	0.00000000000	0.00194086487
-148.48702307572	719.20322954758	0.00000000000	0.00258686336
-145.34813575775	719.21071523058	0.00000000000	0.00323535336
-142.23331972619	719.22029575294	0.00000000000	0.00387966528
-139.11545577357	719.23178547645	0.00000000000	0.00452534693
-135.94612249113	719.24515609858	0.00000000000	0.00518238934
-132.83960800145	719.25966313075	0.00000000000	0.00582704001
-129.70135811584	719.27546992399	0.00000000000	0.00647885455
-126.58462625540	719.29205769989	0.00000000000	0.00712671876
-123.49024377723	719.30914957662	0.00000000000	0.00777039305
-120.37865119709	719.32670697853	0.00000000000	0.00841804883
-117.25071983980	719.34447132562	0.00000000000	0.00906945385
-114.13465166787	719.36202235176	0.00000000000	0.00971867802
-111.02018867056	719.37915840660	0.00000000000	0.01036779891
-107.92260858350	719.39554127564	0.00000000000	0.01101357292
-104.81904916750	719.41103772328	0.00000000000	0.01166070800
-101.70773199946	719.42539181399	0.00000000000	0.01230951798
-98.58690978444	719.43834117808	0.00000000000	0.01296030940
-95.45486299338	719.44961582441	0.00000000000	0.01361338196
-92.34417490016	719.45884711978	0.00000000000	0.01426188358
-89.21167463291	719.46590189882	0.00000000000	0.01491475560
-86.12512523898	719.47039977247	0.00000000000	0.01555781978
-83.04089754747	719.47221240302	0.00000000000	0.01620011506
-79.95235169575	719.47109413121	0.00000000000	0.01684296800
-76.86240200639	719.46679228622	0.00000000000	0.01748571536
-73.76124734984	719.45902834133	0.00000000000	0.01813033767
-70.67007377993	719.44761083835	0.00000000000	0.01877237558
-67.54900119411	719.43211289927	0.00000000000	0.01942005157
-64.45311722863	719.41255974774	0.00000000000	0.02006187797
-61.34807235152	719.38852996265	0.00000000000	0.02070492649
-58.24642180786	719.35987504673	0.00000000000	0.02134654146
-55.12945030060	719.32616299099	0.00000000000	0.02199053667
-51.92814012539	719.28616804007	0.00000000000	0.02265107791
-48.77757518757	719.24137533178	0.00000000000	0.02330023839
-45.66272050248	719.19432308291	0.00000000000	0.02394143076
-42.54828839020	719.14964927659	0.00000000000	0.02458251754
-39.40920562453	719.11232472201	0.00000000000	0.02522926773
-36.30439717287	719.08830313903	0.00000000000	0.02587014359
-33.20955402239	719.08245117762	0.00000000000	0.02651074647
-30.12675955947	719.09999455362	0.00000000000	0.02715124377
-27.05810615409	719.14617825655	0.00000000000	0.02779180288
-23.99543392969	719.22661393984	0.00000000000	0.02843475386
-20.95912970668	719.34620992971	0.00000000000	0.02907643904
-17.94655335898	719.51032920751	0.00000000000	0.02971801885
-14.93018199978	719.72668219297	0.00000000000	0.03036606052
-11.94394871176	719.99923288834	0.00000000000	0.03101400063
-9.02062768985	720.32966223997	0.00000000000	0.03165526627
-6.11271794131	720.72866905674	0.00000000000	0.03230088744
-2.70414477411	721.29249005361	0.00000000000	0.03306868513
0.57796417101	721.83665079129	0.00000000000	0.03381797061
3.96950463872	722.18076494650	0.00000000000	0.03459817149
7.11816970502	722.09851362517	0.00000000000	0.03532362221
9.94965053981	721.54847614166	0.00000000000	0.03597327208
12.78509091700	720.61451224694	0.00000000000	0.03661296686
15.72502264782	719.51563563436	0.00000000000	0.03725255670
18.83224954966	718.48119761885	0.00000000000	0.03789288104
22.19758486413	717.74091532183	0.00000000000	0.03854213005
25.48942885882	717.63253911060	0.00000000000	0.03918073040
28.55220841924	718.20868484273	0.00000000000	0.03982074138
31.45225950034	719.20144526975	0.00000000000	0.04046182063
34.35538816031	720.35761834054	0.00000000000	0.04112318889
37.18195129114	721.31521798637	0.00000000000	0.04176737717
40.06435382765	721.81092720352	0.00000000000	0.04240562108
43.10861875268	721.57171931893	0.00000000000	0.04304359070
46.39247723271	720.33585772049	0.00000000000	0.04368162467
49.87563063078	718.32621833263	0.00000000000	0.04432006173
53.39179647665	716.25681775453	0.00000000000	0.04495788585
56.79872691179	714.85185830618	0.00000000000	0.04559963847
59.89794196055	714.84397730743	0.00000000000	0.04623860639
62.66501666542	716.47351126876	0.00000000000	0.04688197916
65.11294296705	719.47262894035	0.00000000000	0.04752191772
67.37568092072	723.72006508842	0.00000000000	0.04818224814
69.58241023561	729.27662099057	0.00000000000	0.04889479204
72.74988163550	739.24667533999	0.00000000000	0.05002332955
76.95994936928	753.10996764413	0.00000000000	0.05159638407
80.69131829735	763.63466552749	0.00000000000	0.05295148410
84.54087094159	772.51105483096	0.00000000000	0.05428251000
87.59993242398	778.16119420940	0.00000000000	0.05528303061
90.87604488315	782.93175523246	0.00000000000	0.05629560266
93.21362675375	785.59547779005	0.00000000000	0.05698120007
95.77585168304	787.87585757965	0.00000000000	0.05769880699
98.54595092098	789.70725143608	0.00000000000	0.05843992742
101.10655220153	790.93791766247	0.00000000000	0.05909922098
103.76390596129	791.84345292411	0.00000000000	0.05976222896
106.72169210135	792.49987904711	0.00000000000	0.06047954790
109.98790501297	792.89429961655	0.00000000000	0.06125140612
113.55104013058	793.03643419138	0.00000000000	0.06207451602
116.40748048400	793.00078900259	0.00000000000	0.06272342768
120.10535347464	792.83792147300	0.00000000000	0.06355291803
123.03711228590	792.67029740366	0.00000000000	0.06420467363
126.61162282234	792.48648976460	0.00000000000	0.06499534707
129.49954553409	792.40239658816	0.00000000000	0.06563311498
132.41874900241	792.41966797237	0.00000000000	0.06627877397
135.45654101408	792.59258188040	0.00000000000	0.06695367558
138.51317589255	792.97732712150	0.00000000000	0.06763802093
141.67741721796	793.65951293986	0.00000000000	0.06835453728
144.55775926700	794.59170260638	0.00000000000	0.06901635043
147.30792137181	795.81592888449	0.00000000000	0.06965904205
150.03765493114	797.35878349101	0.00000000000	0.07030687399
152.83325646613	799.21780829394	0.00000000000	0.07097676121
156.57890637587	802.02029966790	0.00000000000	0.07187674995
159.23602404765	804.12661814577	0.00000000000	0.07251143367
162.75572153690	806.93199299895	0.00000000000	0.07334026922
165.51249365851	809.05143928078	0.00000000000	0.07397560470
168.32944915206	811.07712562543	0.00000000000	0.07460928639
171.57262186720	813.23704421496	0.00000000000	0.07532507943
174.45510074159	815.05863030476	0.00000000000	0.07596010492
177.62524652743	817.01390711137	0.00000000000	0.07667004486
180.41382234707	818.74222862064	0.00000000000	0.07731690136
184.16248345278	821.18308399709	0.00000000000	0.07824836840
186.77108250321	823.06247730130	0.00000000000	0.07896961940
190.21723626529	825.58721243364	0.00000000000	0.08004052987
192.76718666564	826.93020839840	0.00000000000	0.08088840371
195.21260256956	827.29892976129	0.00000000000	0.08169723870
197.76456061585	826.48512269141	0.00000000000	0.08249307383
200.53481352102	824.46000563555	0.00000000000	0.08329532432
203.42549409216	821.53658006058	0.00000000000	0.08408459968
207.17550057224	817.03489978443	0.00000000000	0.08505954393
211.43281921146	811.52800596099	0.00000000000	0.08612448472
214.03426743912	808.18568147494	0.00000000000	0.08676278831
216.69602743482	804.92448498413	0.00000000000	0.08741155835
220.45315396519	800.68531038090	0.00000000000	0.08832357866
223.48245924939	797.56664960330	0.00000000000	0.08905592809
226.27293984233	794.91920363671	0.00000000000	0.08972823426
229.32233130389	792.26224206210	0.00000000000	0.09046045061
232.67335250801	789.61348295944	0.00000000000	0.09126219348
235.47281763521	787.60776483233	0.00000000000	0.09192970336
238.87344479825	785.41188189190	0.00000000000	0.09273784466
241.75084272942	783.74959827593	0.00000000000	0.09341937666
244.77483320144	782.18573776064	0.00000000000	0.09413344617
247.54062048901	780.91132433525	0.00000000000	0.09478463019
250.89973226612	779.55270296778	0.00000000000	0.09557310752
253.59491898345	778.60430462887	0.00000000000	0.09620388370
256.29960137765	777.77210829074	0.00000000000	0.09683525657
259.00843475030	777.05202432525	0.00000000000	0.09746600128
262.00837756455	776.37907515989	0.00000000000	0.09816270639
264.78916047580	775.86480930066	0.00000000000	0.09880684078
267.71423240379	775.42987372665	0.00000000000	0.09948270103
270.53622618484	775.10608005418	0.00000000000	0.10013313281
273.74339169942	774.84346541664	0.00000000000	0.10087046613
276.51745925488	774.69937857564	0.00000000000	0.10150665816
279.30698503082	774.62543786993	0.00000000000	0.10214496025
282.26552056899	774.61768988533	0.00000000000	0.10282039905
285.04187347570	774.67006333777	0.00000000000	0.10345284008
287.81206546970	774.77368569671	0.00000000000	0.10408255310
290.70988073298	774.93050975728	0.00000000000	0.10473989388
294.04848574979	775.16393898442	0.00000000000	0.10549551339
297.03766608333	775.41293085469	0.00000000000	0.10617053444
299.84859482546	775.67486969990	0.00000000000	0.10680403077
303.12415487287	776.00609368550	0.00000000000	0.10754072513
306.03339543977	776.31666293782	0.00000000000	0.10819369893
309.04512294262	776.64734059303	0.00000000000	0.10886838931
311.85675178840	776.95837093145	0.00000000000	0.10949710189
315.18411109553	777.32147366023	0.00000000000	0.11023973932
318.01243104851	777.61936626542	0.00000000000	0.11086983495
321.11386461911	777.92764542606	0.00000000000	0.11155958277
323.99361454491	778.19048119661	0.00000000000	0.11219894172
326.84739968829	778.42286393165	0.00000000000	0.11283153089
330.01277603576	778.64112441222	0.00000000000	0.11353205104
333.02086660139	778.80338667867	0.00000000000	0.11419668430
335.94432740436	778.91270813146	0.00000000000	0.11484164062
339.48745586443	778.97280633066	0.00000000000	0.11562205108
342.34236782584	778.95726883925	0.00000000000	0.11624991359
345.52939955658	778.87604716290	0.00000000000	0.11695006716
348.71738706172	778.74205563020	0.00000000000	0.11765014681
351.57422075392	778.58983082362	0.00000000000	0.11827770144
355.12178334294	778.37572285385	0.00000000000	0.11905784495
357.96847723737	778.19715705682	0.00000000000	0.11968501641
360.95455156871	778.01643759201	0.00000000000	0.12034446403
363.86219365940	777.85911328789	0.00000000000	0.12098856840
366.91166443998	777.72737879088	0.00000000000	0.12166667324
369.82619485347	777.64649355634	0.00000000000	0.12231772113
372.80161965259	777.62320259109	0.00000000000	0.12298585291
376.54008165882	777.70129649340	0.00000000000	0.12383113691
379.58393258746	777.87293592660	0.00000000000	0.12452487857
382.38564404075	778.13300795146	0.00000000000	0.12516841624
385.09081503847	778.49118014451	0.00000000000	0.12579484476
388.03490791111	779.01732571535	0.00000000000	0.12648288891
391.04332110530	779.72178140132	0.00000000000	0.12719349448
393.99193151244	780.59782824765	0.00000000000	0.12789819514
396.62547888147	781.55504024386	0.00000000000	0.12853521990
399.18177752753	782.66017250323	0.00000000000	0.12916113757
401.93100771770	784.06386943730	0.00000000000	0.12984345887
404.45942395018	785.57332728728	0.00000000000	0.13048019463
407.19005896738	787.46529228781	0.00000000000	0.13117880261
410.10521440303	789.82036355901	0.00000000000	0.13193852661
412.79803071937	792.34102215994	0.00000000000	0.13265452339
415.85549192789	795.65763661507	0.00000000000	0.13348607248
418.23370896791	798.61410493879	0.00000000000	0.13414820470
420.43045769456	801.67391203657	0.00000000000	0.13477312624
423.07873250328	805.83401977051	0.00000000000	0.13554549324
425.95065523495	811.00884087829	0.00000000000	0.13640971109
429.13996636048	817.70160634233	0.00000000000	0.13740724290
431.67027481589	823.84758595776	0.00000000000	0.13823194145
434.97869678868	833.23575223732	0.00000000000	0.13936388124
438.91495772513	846.93459282305	0.00000000000	0.14081057779
443.18408422670	866.10416898913	0.00000000000	0.14254938801
447.11696402305	889.87914677258	0.00000000000	0.14439116458
451.21047996084	926.10953140342	0.00000000000	0.14675734022
454.40438597714	974.18798386912	0.00000000000	0.14938594995
456.53574865204	1025.12684559863	0.00000000000	0.15214007334
458.03800825287	1057.34967688989	0.00000000000	0.15465539712
458.95791347816	1064.14386189062	0.00000000000	0.15611101933
461.23992628618	1043.31895847139	0.00000000000	0.15883612437
464.93707098835	974.09008219708	0.00000000000	0.16193016452
469.07798347711	896.47895071586	0.00000000000	0.16469867748
472.86775844754	840.19977750983	0.00000000000	0.16692956884
475.96167984315	809.55454049428	0.00000000000	0.16862621664
478.72173102855	796.11800040996	0.00000000000	0.17007280731
480.99795026690	793.07861810347	0.00000000000	0.17116484147
483.57258612110	793.05825911592	0.00000000000	0.17222784538
486.66378098947	793.23901076634	0.00000000000	0.17328495354
488.80247580504	792.39120748995	0.00000000000	0.17390771848
492.54413562718	789.33492045700	0.00000000000	0.17486753342
495.32890868616	786.50820643434	0.00000000000	0.17552296049
498.08407968477	783.64250670408	0.00000000000	0.17614542167
501.45172390423	780.41386712103	0.00000000000	0.17689054198
504.67370223315	777.98299724757	0.00000000000	0.17760444703
507.50785635500	776.73446589654	0.00000000000	0.17824745674
510.43656022867	776.79080763672	0.00000000000	0.17894351956
512.90885178467	778.43804966354	0.00000000000	0.17957407392
515.26651372583	781.71294241235	0.00000000000	0.18022462006
518.96016227154	790.00182553698	0.00000000000	0.18134486229
521.69760542684	797.95202316147	0.00000000000	0.18224701334
524.65970691860	806.93702167682	0.00000000000	0.18326808366
527.50937662119	815.31517057448	0.00000000000	0.18428308560
530.09856631278	822.97727445800	0.00000000000	0.18524254265
533.48177413328	833.68430298279	0.00000000000	0.18657192647
536.52704773244	844.91579934420	0.00000000000	0.18787674864
539.79411085182	860.44420469759	0.00000000000	0.18946124175
542.29806786494	875.81454897781	0.00000000000	0.19084321925
544.82878781365	894.02527951559	0.00000000000	0.19236014185
547.34391551519	913.33461634176	0.00000000000	0.19390696102
550.20891051829	934.30511826168	0.00000000000	0.19558791035
553.40954793650	954.20024648825	0.00000000000	0.19725708729
556.29145245262	968.45228296782	0.00000000000	0.19855687384
560.04015687553	982.44904558401	0.00000000000	0.20000323985
563.99929152104	992.74442146727	0.00000000000	0.20130796441
565.97309340360	995.87160480484	0.00000000000	0.20193677728
568.27715359237	997.21819891077	0.00000000000	0.20269998496
570.11657211444	996.48764900154	0.00000000000	0.20333419655
573.47161092196	991.08861053448	0.00000000000	0.20455212338
576.20968257536	982.99150571894	0.00000000000	0.20560859586
579.32541069242	970.27267490796	0.00000000000	0.20688322881
582.87095923525	952.54732734630	0.00000000000	0.20842996759
585.56913550798	938.14049440537	0.00000000000	0.20967390868
588.95455272878	920.21742577689	0.00000000000	0.21130320679
591.70259257757	906.01158256139	0.00000000000	0.21266133038
594.07674921682	894.11757534347	0.00000000000	0.21384184337
597.01557255641	880.01467446893	0.00000000000	0.21528810664
600.19323712469	865.64682082184	0.00000000000	0.21680490151
602.66563548147	855.12866817048	0.00000000000	0.21793588605
605.39868859335	844.16173202871	0.00000000000	0.21912710732
608.80365619052	831.57246496526	0.00000000000	0.22052292000
611.81806318165	821.57812139201	0.00000000000	0.22168156604
613.88573028247	815.38845826617	0.00000000000	0.22243737738
617.14165429275	806.75862582630	0.00000000000	0.22356827995
619.98555480940	800.32867739627	0.00000000000	0.22450153060
623.48510076185	793.79149599023	0.00000000000	0.22558688936
625.87557171358	790.16097408818	0.00000000000	0.22629193720
628.99027296183	786.27657372634	0.00000000000	0.22717329451
632.25414435226	782.93807102595	0.00000000000	0.22806116689
634.67167239991	780.79301480045	0.00000000000	0.22870017452
637.28357531480	778.67736853892	0.00000000000	0.22937621963
639.74751689349	776.82489201236	0.00000000000	0.23000253325
642.54081586377	774.87904943776	0.00000000000	0.23070118850
645.06184929089	773.25453537863	0.00000000000	0.23132296308
648.97626876540	770.96330465753	0.00000000000	0.23227500228
652.17398887666	769.28791226194	0.00000000000	0.23304324277
655.34256503805	767.79271889645	0.00000000000	0.23379828897
658.00649849070	766.65790091792	0.00000000000	0.23442969835
660.70750175912	765.61807539637	0.00000000000	0.23506789453
663.52544151487	764.64971021031	0.00000000000	0.23573272629
666.15754783005	763.85103823564	0.00000000000	0.23635381754
668.79542534446	763.14950178113	0.00000000000	0.23697682206
671.77382543765	762.46853945528	0.00000000000	0.23768079221
674.38635164803	761.96119998767	0.00000000000	0.23829862786
676.99128521812	761.53240907574	0.00000000000	0.23891486533
679.79925079930	761.14903027342	0.00000000000	0.23957922024
683.41042672838	760.76346760634	0.00000000000	0.24043351518
686.38597004592	760.52533672830	0.00000000000	0.24113715507
689.08256667885	760.36285812851	0.00000000000	0.24177445481
692.19447615204	760.22854779989	0.00000000000	0.24250929034
695.10158468850	760.14512775560	0.00000000000	0.24319500343
697.72080736757	760.09703026365	0.00000000000	0.24381204852
700.44474629782	760.06683515206	0.00000000000	0.24445286956
703.36350298047	760.04859939052	0.00000000000	0.24513837053
706.07984028441	760.03699681936	0.00000000000	0.24577513021
708.71561482931	760.02368892815	0.00000000000	0.24639178104
711.45916872143	760.00061619378	0.00000000000	0.24703225040
714.55822593568	759.95428187678	0.00000000000	0.24775384971
717.37255949152	759.88530510539	0.00000000000	0.24840730834
720.02758651435	759.78975664472	0.00000000000	0.24902205580
722.70211856465	759.65719129835	0.00000000000	0.24963952739
725.50115701557	759.47270885280	0.00000000000	0.25028371182
728.46254276882	759.21902326733	0.00000000000	0.25096287891
731.26277371066	758.91707048555	0.00000000000	0.25160273402
733.97248398900	758.56841856613	0.00000000000	0.25221981485
737.23403455487	758.08628158328	0.00000000000	0.25296020191
740.62136018552	757.52717332811	0.00000000000	0.25372685269
743.41989930337	757.03088035383	0.00000000000	0.25435882235
746.14502865070	756.52616375701	0.00000000000	0.25497324885
748.95044054985	755.99249132615	0.00000000000	0.25560503720
751.68420252723	755.46638540285	0.00000000000	0.25622021349
754.65177906928	754.89729406572	0.00000000000	0.25688775258
757.38560365593	754.38289382315	0.00000000000	0.25750273274
760.30527751992	753.85266139357	0.00000000000	0.25815981939
763.05706163986	753.37890347713	0.00000000000	0.25877965465
765.80558406996	752.93462576075	0.00000000000	0.25939939431
768.78522544576	752.48522423334	0.00000000000	0.26007196503
772.02980121742	752.03323472706	0.00000000000	0.26080517505
774.75150737816	751.68350947668	0.00000000000	0.26142089086
777.49721578494	751.35733548290	0.00000000000	0.26204264161
780.41598429928	751.03933040902	0.00000000000	0.26270423782
783.11501454743	750.77105144386	0.00000000000	0.26331661979
785.87702377554	750.52159929511	0.00000000000	0.26394387291
788.57106592382	750.30219337946	0.00000000000	0.26455624932
791.26144643596	750.10611199137	0.00000000000	0.26516833560
793.98942627900	749.93023692364	0.00000000000	0.26578952070
796.80652147533	749.77227352972	0.00000000000	0.26643156445
799.52891009738	749.64187957531	0.00000000000	0.26705256124
802.22165480350	749.53386531464	0.00000000000	0.26766730702
804.90596630075	749.44638463284	0.00000000000	0.26828062463
807.73167631120	749.37547311944	0.00000000000	0.26892677596
810.76687006556	749.32277193490	0.00000000000	0.26962141990
813.82574748674	749.29344805501	0.00000000000	0.27032208999
817.01992032526	749.28741332401	0.00000000000	0.27105438585
819.68418860888	749.30091083293	0.00000000000	0.27166568113
822.38553341769	749.33119231802	0.00000000000	0.27228592426
825.07409193297	749.37734312569	0.00000000000	0.27290366323
827.90221879662	749.44248907874	0.00000000000	0.27355392477
830.57726230644	749.51916492606	0.00000000000	0.27416940758
833.34278977278	749.61319368609	0.00000000000	0.27480612767
836.04493704105	749.71894870208	0.00000000000	0.27542865654
838.71360479564	749.83626360285	0.00000000000	0.27604385188
841.64532504341	749.97918488583	0.00000000000	0.27672011107
845.01670581512	750.16072917019	0.00000000000	0.27749831909
848.02030498880	750.33703213378	0.00000000000	0.27819209785
850.75586398547	750.50879568025	0.00000000000	0.27882433321
853.47360821014	750.68934992748	0.00000000000	0.27945278919
856.13912502780	750.87541441553	0.00000000000	0.28006948529
858.83867108932	751.07229861603	0.00000000000	0.28069436466
861.51124282874	751.27497332115	0.00000000000	0.28131329776
864.27351449776	751.49191095520	0.00000000000	0.28195330489
866.92337438779	751.70652665217	0.00000000000	0.28256754386
869.88675859918	751.95333344103	0.00000000000	0.28325476731
872.72730501912	752.19589643502	0.00000000000	0.28391379850
875.50261564237	752.43782560592	0.00000000000	0.28455796102
878.15531586123	752.67298190096	0.00000000000	0.28517390087
881.01445282313	752.93001338706	0.00000000000	0.28583802050
884.02281466297	753.20364426546	0.00000000000	0.28653706476
886.64170732702	753.44382531999	0.00000000000	0.28714581738
889.31151509651	753.68992639948	0.00000000000	0.28776659400
891.92801772168	753.93173870568	0.00000000000	0.28837515154
894.60889625522	754.17951991038	0.00000000000	0.28899885167
897.30337929050	754.42794074567	0.00000000000	0.28962587955
900.15428113021	754.68939109084	0.00000000000	0.29028947314
902.91750136645	754.94072277958	0.00000000000	0.29093280840
905.89073282548	755.20806212545	0.00000000000	0.29162519130
909.02666291734	755.48561411418	0.00000000000	0.29235561816
911.64932460053	755.71352589895	0.00000000000	0.29296660445
914.27860831156	755.93751957855	0.00000000000	0.29357922423
916.95197952259	756.16003299358	0.00000000000	0.29420219922
919.59929337946	756.37455358049	0.00000000000	0.29481917416
922.33758578671	756.58968942691	0.00000000000	0.29545741682
925.07527376464	756.79723329231	0.00000000000	0.29609557299
927.69376092250	756.98805280347	0.00000000000	0.29670598382
930.43041472109	757.17879296854	0.00000000000	0.29734397248
933.16662017821	757.35995039574	0.00000000000	0.29798187743
936.46897394327	757.56490309133	0.00000000000	0.29875178286
939.82917064975	757.75691522198	0.00000000000	0.29953516728
942.52873935836	757.89825232826	0.00000000000	0.30016451637
945.85976979120	758.05573872670	0.00000000000	0.30094103729
948.63451293826	758.17184110051	0.00000000000	0.30158783007
951.31746164055	758.27035916216	0.00000000000	0.30221317227
954.15872783424	758.35924488827	0.00000000000	0.30287534602
956.91281921811	758.42954106407	0.00000000000	0.30351712359
959.73113518906	758.48458985833	0.00000000000	0.30417377397
962.37361627921	758.52004304739	0.00000000000	0.30478935935
964.97637007718	758.53907596302	0.00000000000	0.30539558854
967.94339552053	758.54080683994	0.00000000000	0.30608652811
970.71871496804	758.52245398647	0.00000000000	0.30673268207
973.66040327924	758.48113999240	0.00000000000	0.30741740660
976.26640101457	758.42510315573	0.00000000000	0.30802384220
979.00259894009	758.34596770990	0.00000000000	0.30866041211
981.60660633411	758.25075681932	0.00000000000	0.30926606195
984.21349090031	758.13543067473	0.00000000000	0.30987220882
986.82498549445	757.99930945238	0.00000000000	0.31047924517
989.45035949615	757.84222792299	0.00000000000	0.31108931052
992.10821788994	757.66416922365	0.00000000000	0.31170670590
994.97916927368	757.45228132098	0.00000000000	0.31237333387
997.58869065461	757.24383265973	0.00000000000	0.31297900009
1000.27733517925	757.01503018296	0.00000000000	0.31360275555
1002.89266726836	756.78045744352	0.00000000000	0.31420921819
1005.81771331399	756.50608460425	0.00000000000	0.31488714688
1008.42817452935	756.25227083886	0.00000000000	0.31549183299
1011.06924448248	755.98859076107	0.00000000000	0.31610327340
1013.72220487873	755.71840521701	0.00000000000	0.31671710990
1016.55511981057	755.42588899481	0.00000000000	0.31737217051
1019.32436810801	755.13785117979	0.00000000000	0.31801207784
1022.07533927668	754.85153881361	0.00000000000	0.31864732082
1024.74620474655	754.57514279644	0.00000000000	0.31926362841
1027.37857041553	754.30590183186	0.00000000000	0.31987061395
1030.37093184317	754.00570059752	0.00000000000	0.32056006109
1033.39270000758	753.71115806746	0.00000000000	0.32125566937
1036.23857560096	753.44380652516	0.00000000000	0.32191020215
1039.08668050692	753.18803024433	0.00000000000	0.32256465966
1042.17143233671	752.92659188841	0.00000000000	0.32327280981
1045.00161150091	752.70306731588	0.00000000000	0.32392187178
1047.63405358172	752.51092371277	0.00000000000	0.32452501288
1050.28247628480	752.33453044644	0.00000000000	0.32513124329
1052.93306125819	752.17652742781	0.00000000000	0.32573737933
1055.57191630377	752.03916874835	0.00000000000	0.32634023277
1058.22093102764	751.92281757716	0.00000000000	0.32694479046
1060.89560669894	751.82876987123	0.00000000000	0.32755456299
1063.66049533482	751.75793531713	0.00000000000	0.32818420926
1066.37795969381	751.71607423387	0.00000000000	0.32880235391
1069.09816343010	751.70333605579	0.00000000000	0.32942040994
1071.76610330972	751.72071448330	0.00000000000	0.33002588516
1074.45412032559	751.76965091785	0.00000000000	0.33063519570
1077.11703221999	751.85070502861	0.00000000000	0.33123808818
1079.93914442258	751.97353984965	0.00000000000	0.33187622237
1082.67373322018	752.12896518520	0.00000000000	0.33249383580
1085.37251444194	752.31632981265	0.00000000000	0.33310277728
1088.04926888941	752.53436809104	0.00000000000	0.33370629216
1090.71997146939	752.78278673824	0.00000000000	0.33430810395
1093.47591565014	753.07034501318	0.00000000000	0.33492888948
1096.14996324073	753.37859889456	0.00000000000	0.33553111605
1098.82087972308	753.71422077232	0.00000000000	0.33613264184
1101.74283901841	754.11196377879	0.00000000000	0.33679084401
1104.44212530509	754.50671965672	0.00000000000	0.33739913933
1107.10762782030	754.92130027787	0.00000000000	0.33800017693
1109.89147789757	755.37955021600	0.00000000000	0.33862840103
1113.13615940616	755.94486186875	0.00000000000	0.33936143633
1115.79179817773	756.43146177710	0.00000000000	0.33996218817
1118.44689781661	756.93853738629	0.00000000000	0.34056365541
1121.12542966849	757.46963249325	0.00000000000	0.34117139927
1123.88723859938	758.02620221592	0.00000000000	0.34179920681
1126.53075496408	758.54683540385	0.00000000000	0.34240139951
1129.18168438670	759.03618884002	0.00000000000	0.34300669788
1131.81746928752	759.46953372073	0.00000000000	0.34361010951
1134.46255525603	759.82992253928	0.00000000000	0.34421739463
1137.20556215435	760.10172999843	0.00000000000	0.34484919298
1140.02468995800	760.24725322330	0.00000000000	0.34550088797
1142.74631883318	760.23341895705	0.00000000000	0.34613252645
1145.35075705360	760.05434922459	0.00000000000	0.34673944654
1147.93443330565	759.69483100385	0.00000000000	0.34734409656
1150.51721994556	759.16754835822	0.00000000000	0.34795083216
1153.10372300402	758.52048758309	0.00000000000	0.34856002322
1155.72743116350	757.79597484534	0.00000000000	0.34917881990
1158.61146009848	756.98442632128	0.00000000000	0.34985906614
1161.16093578625	756.28249035674	0.00000000000	0.35046003617
1163.70720536493	755.59698128560	0.00000000000	0.35105989546
1166.31880679623	754.90979901617	0.00000000000	0.35167478384
1168.93156653391	754.23821451621	0.00000000000	0.35228958474
1172.04388003307	753.45866974869	0.00000000000	0.35302147324
1174.63295257104	752.82686199661	0.00000000000	0.35362994265
1177.74861633405	752.08630913129	0.00000000000	0.35436172760
1180.75285137852	751.39234818672	0.00000000000	0.35506689458
1183.62412779596	750.74723759851	0.00000000000	0.35574045256
1186.21780941063	750.17949032290	0.00000000000	0.35634856187
1188.80147794899	749.62786637912	0.00000000000	0.35695401941
1191.89610330508	748.98515882186	0.00000000000	0.35767882388
1194.51909411476	748.45552185961	0.00000000000	0.35829283882
1197.08844760031	747.94994410939	0.00000000000	0.35889401425
1199.86809157027	747.41749492731	0.00000000000	0.35954408425
1202.54353513278	746.91901542679	0.00000000000	0.36016948862
1205.21984217544	746.43389510297	0.00000000000	0.36079481068
1207.78184397468	745.98195501339	0.00000000000	0.36139316513
1210.34097895919	745.54249026512	0.00000000000	0.36199060199
1213.35994897390	745.03917595009	0.00000000000	0.36269507773
1216.12215453795	744.59274528364	0.00000000000	0.36333935049
1218.80245541809	744.17217465085	0.00000000000	0.36396426413
1221.36781413719	743.78107854137	0.00000000000	0.36456214967
1223.97260724736	743.39521724913	0.00000000000	0.36516900239
1226.76081604368	742.99451702380	0.00000000000	0.36581834373
1229.33221446928	742.63607064642	0.00000000000	0.36641697619
1231.99762920132	742.27554641167	0.00000000000	0.36703728329
1234.64677386939	741.92813886401	0.00000000000	0.36765359556
1237.21156681391	741.60196564506	0.00000000000	0.36825009172
1239.80827615676	741.28173519683	0.00000000000	0.36885382403
1242.62408217205	740.94563418673	0.00000000000	0.36950829058
1245.19360446315	740.64884979860	0.00000000000	0.37010533390
1247.76788139861	740.36081558431	0.00000000000	0.37070331507
1250.33800990217	740.08234495321	0.00000000000	0.37130017153
1252.91285207616	739.81229481815	0.00000000000	0.37189796688
1255.52274063243	739.54750162994	0.00000000000	0.37250374550
1258.27163811654	739.27811811903	0.00000000000	0.37314162874
1260.84274288147	739.03479601048	0.00000000000	0.37373811186
1263.48028474988	738.79366630517	0.00000000000	0.37434987014
1266.04813248853	738.56697281996	0.00000000000	0.37494533481
1268.61609971764	738.34804312188	0.00000000000	0.37554070590
1271.32435340170	738.12537724653	0.00000000000	0.37616847634
1273.90680134948	737.92072765353	0.00000000000	0.37676697103
1276.49725106847	737.72278234972	0.00000000000	0.37736721391
1279.09735209467	737.53130530744	0.00000000000	0.37796959175
1281.69748485335	737.34685976874	0.00000000000	0.37857188101
1284.27380208265	737.17085902954	0.00000000000	0.37916856460
1286.85631531690	737.00100247023	0.00000000000	0.37976659973
1289.54572999673	736.83090950222	0.00000000000	0.38038930722
1292.19979146888	736.66965271379	0.00000000000	0.38100375208
1294.83808126810	736.51565838988	0.00000000000	0.38161447578
1297.40948862867	736.37143327565	0.00000000000	0.38220965580
1300.16039490816	736.22334867013	0.00000000000	0.38284632185
1303.31221928374	736.06129792156	0.00000000000	0.38357570676
1306.00118434237	735.92924097744	0.00000000000	0.38419792710
1308.56913777550	735.80825671635	0.00000000000	0.38479210764
1311.34215417778	735.68303430716	0.00000000000	0.38543370086
1314.21334633701	735.55908334616	0.00000000000	0.38609797733
1316.78768113136	735.45268483706	0.00000000000	0.38669355180
1319.45711772986	735.34689072300	0.00000000000	0.38731111285
1322.09331914984	735.24675618652	0.00000000000	0.38792097563
1324.80008792094	735.14823274051	0.00000000000	0.38854715987
1327.50650394605	735.05386770511	0.00000000000	0.38917326499
1330.09324077566	734.96736263312	0.00000000000	0.38977169150
1332.67150176556	734.88454791874	0.00000000000	0.39036817059
1335.54042306044	734.79618077539	0.00000000000	0.39103191611
1338.60246873019	734.70599838203	0.00000000000	0.39174037649
1341.44479276458	734.62585542279	0.00000000000	0.39239803957
1344.02094195362	734.55598364086	0.00000000000	0.39299415351
1346.61428935971	734.48811878066	0.00000000000	0.39359429017
1349.17840524491	734.42328428509	0.00000000000	0.39418771019
1351.74643599648	734.36043490420	0.00000000000	0.39478208939
1354.33792794366	734.29894957675	0.00000000000	0.39538195818
1356.90463041344	734.23979711551	0.00000000000	0.39597615304
1359.64728898755	734.17831220302	0.00000000000	0.39661115875
1362.24807275818	734.12146422322	0.00000000000	0.39721339541
1365.16418341290	734.05918286161	0.00000000000	0.39788874774
1367.84243211449	734.00313453623	0.00000000000	0.39850911110
1370.40533281044	733.95043028721	0.00000000000	0.39910284753
1373.01597654090	733.89766385689	0.00000000000	0.39970773613
1375.64032156464	733.84554383151	0.00000000000	0.40031589258
1378.55281768363	733.78877002769	0.00000000000	0.40099093356
1381.19147541625	733.73829162107	0.00000000000	0.40160260522
1383.81346492944	733.68902090340	0.00000000000	0.40221050646
1386.38602612083	733.64152825765	0.00000000000	0.40280703837
1388.94972584237	733.59502444396	0.00000000000	0.40340160459
1391.49900275058	733.54958775391	0.00000000000	0.40399291408
1394.38027652677	733.49918650089	0.00000000000	0.40466133665
1397.20857615951	733.45068001151	0.00000000000	0.40531757893
1399.84184824627	733.40636685784	0.00000000000	0.40592866663
1402.47435826962	733.36287161837	0.00000000000	0.40653967104
1405.02696381320	733.32145347682	0.00000000000	0.40713221892
1407.64202560826	733.27978269187	0.00000000000	0.40773935615
1410.25632573025	733.23888150266	0.00000000000	0.40834640863
1412.81296246819	733.19960316581	0.00000000000	0.40894016043
1415.37693865889	733.16091617437	0.00000000000	0.40953570507
1417.94996358651	733.12278984261	0.00000000000	0.41013344039
1420.49059486261	733.08581735321	0.00000000000	0.41072373772
1423.13441575502	733.04804190692	0.00000000000	0.41133810248
1425.68719918684	733.01223165383	0.00000000000	0.41193140123
1428.28167080726	732.97649350021	0.00000000000	0.41253447843
1430.84104614637	732.94187592347	0.00000000000	0.41312948606
1433.42096155984	732.90760914023	0.00000000000	0.41372935773
1436.09946048037	732.87268801536	0.00000000000	0.41435224597
1438.66636922975	732.83983580164	0.00000000000	0.41494927391
1441.23251301558	732.80758219851	0.00000000000	0.41554621204
1443.77992653229	732.77613474098	0.00000000000	0.41613888021
1446.54492802635	732.74263135436	0.00000000000	0.41678226943
1449.12026979127	732.71200351466	0.00000000000	0.41738161848
1451.65069350590	732.68244052994	0.00000000000	0.41797060016
1454.30422423495	732.65199188358	0.00000000000	0.41858832798
1456.92099491497	732.62250656615	0.00000000000	0.41919759017
1459.48180369239	732.59416034894	0.00000000000	0.41979391109
1462.06645920655	732.56604822747	0.00000000000	0.42039587359
1464.60134243329	732.53895184742	0.00000000000	0.42098633053
1467.19912069628	732.51165855969	0.00000000000	0.42159152644
1469.74704906703	732.48534472047	0.00000000000	0.42218519610
1472.32872378210	732.45913070015	0.00000000000	0.42278681664
1474.88501738418	732.43360723916	0.00000000000	0.42338260965
1477.41150166036	732.40879308645	0.00000000000	0.42397154021
1479.96630251749	732.38410536654	0.00000000000	0.42456715750
1482.55964894165	732.35944920601	0.00000000000	0.42517184960
1485.09489034558	732.33572723043	0.00000000000	0.42576307941
1487.70283247642	732.31170662592	0.00000000000	0.42637135211
1490.43198971890	732.28697049426	0.00000000000	0.42700799315
1492.97312965418	732.26429470307	0.00000000000	0.42760086318
1495.51352399758	732.24195704215	0.00000000000	0.42819364449
1498.06307962736	732.21986037015	0.00000000000	0.42878864917
1500.59379374931	732.19823399055	0.00000000000	0.42937934150
1503.13195510247	732.17683959832	0.00000000000	0.42997185688
1505.75222730504	732.15505138063	0.00000000000	0.43058362948
1508.29880323745	732.13415434455	0.00000000000	0.43117828234
1510.82652046353	732.11367173816	0.00000000000	0.43176861588
1513.50433349275	732.09224227367	0.00000000000	0.43239409505
1516.25031640329	732.07054105926	0.00000000000	0.43303559510
1518.92667050841	732.04964292367	0.00000000000	0.43366092417
1521.64736787310	732.02864012094	0.00000000000	0.43429671037
1524.15741165198	732.00946714543	0.00000000000	0.43488335608
1526.68058588799	731.99037913657	0.00000000000	0.43547315385
1529.18914586926	731.97157447400	0.00000000000	0.43605961817
1531.69976093441	731.95291556480	0.00000000000	0.43664664541
1534.26369284263	731.93401501978	0.00000000000	0.43724622419
1536.93509217063	731.91447550972	0.00000000000	0.43787102578
1539.54594004234	731.89551707077	0.00000000000	0.43848175535
1542.12239215412	731.87692972480	0.00000000000	0.43908452630
1544.69811876099	731.85845574360	0.00000000000	0.43968721407
1547.32561873142	731.83970906706	0.00000000000	0.44030210530
1550.01559829769	731.82060626187	0.00000000000	0.44093171126
1552.57438323878	731.80250659786	0.00000000000	0.44153069777
1555.24083886537	731.78370619945	0.00000000000	0.44215497957
1557.74115463976	731.76612163875	0.00000000000	0.44274044800
1560.50003586805	731.74675465708	0.00000000000	0.44338655581
1563.02103946306	731.72907813321	0.00000000000	0.44397704101
1565.52192823987	731.71155028229	0.00000000000	0.44456289628
1568.02674443102	731.69399112876	0.00000000000	0.44514975287
1570.52336355135	731.67647435323	0.00000000000	0.44573476988
1573.04146969352	731.65878007828	0.00000000000	0.44632490356
1575.54410114790	731.64115649498	0.00000000000	0.44691149197
1578.24956536777	731.62204870236	0.00000000000	0.44754571319
1580.83141102676	731.60374697396	0.00000000000	0.44815104368
1583.71724584194	731.58319726879	0.00000000000	0.44882774829
1586.35414094433	731.56431995858	0.00000000000	0.44944617255
1588.85952787176	731.54628281463	0.00000000000	0.45003383761
1591.35302714068	731.52822167219	0.00000000000	0.45061879461
1593.85047520846	731.51001096468	0.00000000000	0.45120475824
1596.38368991229	731.49140409591	0.00000000000	0.45179919563
1598.90449692485	731.47274130233	0.00000000000	0.45239080338
1601.49828169787	731.45337269692	0.00000000000	0.45299962353
1604.04263884787	731.43419783204	0.00000000000	0.45359692585
1606.61738193991	731.41460475005	0.00000000000	0.45420144603
1609.17513849726	731.39494012887	0.00000000000	0.45480206215
1611.67401417769	731.37552310390	0.00000000000	0.45538893275
1614.16565584776	731.35594895486	0.00000000000	0.45597418405
1616.67140421062	731.33603762780	0.00000000000	0.45656282895
1619.44035057631	731.31375691740	0.00000000000	0.45721339716
1622.18309293209	731.29138448005	0.00000000000	0.45785790529
1624.75288700400	731.27013594401	0.00000000000	0.45846186004
1627.54594932250	731.24671164412	0.00000000000	0.45911838303
1630.08313718023	731.22512246195	0.00000000000	0.45971484771
1632.56964308707	731.20366542143	0.00000000000	0.46029947721
1635.17325893098	731.18086797007	0.00000000000	0.46091172608
1637.81758749580	731.15735540846	0.00000000000	0.46153363698
1640.31678650675	731.13478878127	0.00000000000	0.46212149707
1642.86532490120	731.11141962537	0.00000000000	0.46272104446
1645.52989742195	731.08658771162	0.00000000000	0.46334797724
1648.06214440675	731.06259856415	0.00000000000	0.46394385936
1650.53889592537	731.03875528595	0.00000000000	0.46452676106
1653.03453328696	731.01433867182	0.00000000000	0.46511418614
1655.61366764112	730.98867991120	0.00000000000	0.46572134766
1658.23130153532	730.96218316499	0.00000000000	0.46633765853
1660.71645374075	730.93659119838	0.00000000000	0.46692285729
1663.18963302643	730.91068909706	0.00000000000	0.46750531416
1665.68173226495	730.88413999408	0.00000000000	0.46809230495
1668.15065535820	730.85738214225	0.00000000000	0.46867391408
1670.76492512943	730.82854211941	0.00000000000	0.46928984657
1673.23998512505	730.80074542366	0.00000000000	0.46987306001
1675.72927327322	730.77229415454	0.00000000000	0.47045970389
1678.19440867018	730.74361858475	0.00000000000	0.47104073256
1680.65979296215	730.71443083588	0.00000000000	0.47162189629
1683.14699423327	730.68445725515	0.00000000000	0.47220828029
1685.70020571807	730.65312491880	0.00000000000	0.47281030765
1688.35352558695	730.61994610521	0.00000000000	0.47343602641
1690.81511702703	730.58858942989	0.00000000000	0.47401660973
1693.27981530484	730.55662677115	0.00000000000	0.47459800185
1695.74854837452	730.52403230130	0.00000000000	0.47518042192
1698.20899664234	730.49095937053	0.00000000000	0.47576096328
1700.67160497914	730.45727026330	0.00000000000	0.47634208983
1703.25697074380	730.42128266357	0.00000000000	0.47695226554
1705.82257997384	730.38495693552	0.00000000000	0.47755785984
1708.42688652783	730.34747297911	0.00000000000	0.47817267073
1710.95687856293	730.31048356837	0.00000000000	0.47877001681
1713.45773566947	730.27337635210	0.00000000000	0.47936055997
1716.10390309377	730.23353880653	0.00000000000	0.47998549792
1718.68528414923	730.19412204157	0.00000000000	0.48059521593
1721.13944978608	730.15615304368	0.00000000000	0.48117495908
1723.68256976901	730.11631231377	0.00000000000	0.48177579058
1726.47766723487	730.07195841591	0.00000000000	0.48243624094
1728.95241087901	730.03220772384	0.00000000000	0.48302107101
1731.43666752250	729.99186373974	0.00000000000	0.48360822025
1733.89029145104	729.95159647455	0.00000000000	0.48418819897
1736.53140067544	729.90779918691	0.00000000000	0.48481257138
1739.40700659684	729.85959658844	0.00000000000	0.48549246975
1741.85857834732	729.81809101613	0.00000000000	0.48607218424
1744.43351213785	729.77410392926	0.00000000000	0.48668114184
1746.97076141746	729.73038044006	0.00000000000	0.48728125904
1749.42034973812	729.68782242723	0.00000000000	0.48786070957
1752.13047308243	729.64035791059	0.00000000000	0.48850186599
1754.66581784224	729.59560722672	0.00000000000	0.48910174563
1757.12483387053	729.55189639032	0.00000000000	0.48968363142
1759.56892406719	729.50816337207	0.00000000000	0.49026204925
1762.25165225998	729.45984494343	0.00000000000	0.49089701599
1764.70209339007	729.41543514400	0.00000000000	0.49147706961
1767.16700461832	729.37051103958	0.00000000000	0.49206061177
1769.71657022272	729.32379147877	0.00000000000	0.49266426127
1772.34920418659	729.27529482377	0.00000000000	0.49328764869
1774.78942939116	729.23012455570	0.00000000000	0.49386553841
1777.42089779030	729.18119361717	0.00000000000	0.49448878560
1779.98727624412	729.13326680395	0.00000000000	0.49509668370
1782.45864462769	729.08693528656	0.00000000000	0.49568213884
1784.89922701052	729.04102118688	0.00000000000	0.49626036026
1787.33534199455	728.99504513242	0.00000000000	0.49683758159
1789.86216266888	728.94721619590	0.00000000000	0.49743635614
1792.32084455698	728.90055201842	0.00000000000	0.49801904324
1794.86447653879	728.85215930823	0.00000000000	0.49862192382
1797.56440949038	728.80067904291	0.00000000000	0.49926191747
1800.12611817994	728.75174074310	0.00000000000	0.49986920990
1802.77542900447	728.70104850343	0.00000000000	0.50049733426
1805.35646706893	728.65159886634	0.00000000000	0.50110933438
1807.89715880060	728.60287510296	0.00000000000	0.50171182757
1810.54481378614	728.55206545672	0.00000000000	0.50233974826
1813.12415480148	728.50254766884	0.00000000000	0.50295152833
1815.56216729142	728.45573904446	0.00000000000	0.50352984213
1817.99478254588	728.40904266414	0.00000000000	0.50410692815
1820.43831553858	728.36215775590	0.00000000000	0.50468665651
1822.86975646046	728.31553811320	0.00000000000	0.50526356763
1825.35661629647	728.26790300264	0.00000000000	0.50585368084
1827.80693816438	728.22102705246	0.00000000000	0.50643517560
1830.27902025049	728.17380728604	0.00000000000	0.50702188592
1832.70813771261	728.12749156416	0.00000000000	0.50759844923
1835.14820640328	728.08106266268	0.00000000000	0.50817766130
1837.57326970041	728.03502650804	0.00000000000	0.50875336008
1840.16836954433	727.98589473398	0.00000000000	0.50936947792
1842.72070435857	727.93772019262	0.00000000000	0.50997549577
1845.14404023916	727.89212894855	0.00000000000	0.51055093279
1847.56681179645	727.84670531113	0.00000000000	0.51112628232
1849.98804909480	727.80147944215	0.00000000000	0.51170131353
1852.44307588137	727.75580742060	0.00000000000	0.51228441608
1854.86708580928	727.71090753151	0.00000000000	0.51286019719
1857.43690952740	727.66353212983	0.00000000000	0.51347066266
1859.85688362460	727.61914414117	0.00000000000	0.51404557661
1862.29080420713	727.57473293134	0.00000000000	0.51462384788
1864.73275619147	727.53042203402	0.00000000000	0.51520407123
1867.15885189826	727.48665608305	0.00000000000	0.51578057014
1869.62218708825	727.44249332365	0.00000000000	0.51636596153
1872.09872455424	727.39838610371	0.00000000000	0.51695453403
1874.60681208821	727.35402897078	0.00000000000	0.51755064885
1877.08230508872	727.31056937908	0.00000000000	0.51813905977
1879.52104613226	727.26807969247	0.00000000000	0.51871877633
1881.94391015024	727.22619816343	0.00000000000	0.51929475893
1884.36138553947	727.18475137152	0.00000000000	0.51986949997
1886.77540395417	727.14371620983	0.00000000000	0.52044345805
1889.19182749613	727.10299829488	0.00000000000	0.52101802680
1891.61935170659	727.06245320515	0.00000000000	0.52159527435
1894.30009675502	727.01809643288	0.00000000000	0.52223278207
1896.86205721911	726.97611336246	0.00000000000	0.52284208712
1899.30700855979	726.93641849803	0.00000000000	0.52342360589
1901.76358550000	726.89689832922	0.00000000000	0.52400793103
1904.17385901336	726.85847594552	0.00000000000	0.52458128282
1906.61725173011	726.81988116152	0.00000000000	0.52516255409
1909.03427651724	726.78205389711	0.00000000000	0.52573759354
1911.45755018806	726.74447812406	0.00000000000	0.52631416084
1913.95758693932	726.70607732693	0.00000000000	0.52690903574
1916.49491021000	726.66748179823	0.00000000000	0.52751282822
1919.03173011525	726.62927325120	0.00000000000	0.52811654687
1921.56804575373	726.59145011502	0.00000000000	0.52872019174
1924.08429922836	726.55429812771	0.00000000000	0.52931910774
1926.61960515044	726.51723819751	0.00000000000	0.52992260512
1929.07040590229	726.48176849478	0.00000000000	0.53050603179
1931.69410812978	726.44418178528	0.00000000000	0.53113066755
1934.14383921944	726.40944577662	0.00000000000	0.53171393122
1936.71980975187	726.37329172397	0.00000000000	0.53232729975
1939.18233809406	726.33908505210	0.00000000000	0.53291370277
1941.63046749549	726.30542131486	0.00000000000	0.53349672217
1944.30189963254	726.26907566647	0.00000000000	0.53413297258
1946.74894691608	726.23613748560	0.00000000000	0.53471582927
1949.17274744629	726.20384525900	0.00000000000	0.53529319400
1951.74572500481	726.16992690573	0.00000000000	0.53590614308
1954.23745428858	726.13743300045	0.00000000000	0.53649978552
1956.71170312875	726.10550983781	0.00000000000	0.53708931108
1959.14381604239	726.07446199761	0.00000000000	0.53766884377
1961.54443774401	726.04413746170	0.00000000000	0.53824091818
1963.94154326339	726.01417468778	0.00000000000	0.53881220008
1966.46868499354	725.98292863648	0.00000000000	0.53941452179
1968.87940593268	725.95344808197	0.00000000000	0.53998914314
1971.28273351461	725.92437365963	0.00000000000	0.54056204859
1973.78864727679	725.89439264924	0.00000000000	0.54115945812
1976.18296666574	725.86606455089	0.00000000000	0.54173031109
1978.58463274073	725.83796034283	0.00000000000	0.54230296256
1980.97783987542	725.81026362085	0.00000000000	0.54287364404
1983.37839441266	725.78279009262	0.00000000000	0.54344612490
1985.77839355635	725.75563036079	0.00000000000	0.54401852091
1988.17783657457	725.72878306872	0.00000000000	0.54459083212
1990.57178666167	725.70230115104	0.00000000000	0.54516188105
1993.07353403203	725.67494991453	0.00000000000	0.54575869514
1995.46238099616	725.64914005171	0.00000000000	0.54632862506
1997.85166306386	725.62362437711	0.00000000000	0.54689870715
2000.35181422019	725.59724351479	0.00000000000	0.54749529460
2002.77408111946	725.57199421316	0.00000000000	0.54807334825
2005.16959255914	725.54732244789	0.00000000000	0.54864506654
2007.56454557953	725.52295216339	0.00000000000	0.54921670110
2009.96581574454	725.49881331232	0.00000000000	0.54978989342
2012.36652425578	725.47497495420	0.00000000000	0.55036300193
2014.81235885984	725.45099048906	0.00000000000	0.55094693507
2017.29031384647	725.42700062528	0.00000000000	0.55153859051
2019.72103173134	725.40376960635	0.00000000000	0.55211902003
2022.13884814294	725.38095694817	0.00000000000	0.55269642089
2024.52982366260	725.35868577277	0.00000000000	0.55326746318
2026.92713174053	725.33664222430	0.00000000000	0.55384006936
2029.33265613588	725.31481043801	0.00000000000	0.55441469009
2031.76059217072	725.29306590799	0.00000000000	0.55499471752
2034.14928621049	725.27195663525	0.00000000000	0.55556542246
2036.62289638930	725.25039240719	0.00000000000	0.55615647042
2039.03676757104	725.22963759089	0.00000000000	0.55673329840
2041.46244908672	725.20906722406	0.00000000000	0.55731300274
2043.99382033916	725.18790499811	0.00000000000	0.55791802356
2046.50360583575	725.16722885292	0.00000000000	0.55851794406
2048.91518800777	725.14764718238	0.00000000000	0.55909444624
2051.30674923786	725.12850319240	0.00000000000	0.55966621623
2053.74367044688	725.10927672731	0.00000000000	0.56024888630
2056.12715380530	725.09074472298	0.00000000000	0.56081883375
2058.51005975977	725.07248579875	0.00000000000	0.56138869717
2060.91879493632	725.05430074428	0.00000000000	0.56196479271
2063.30747773842	725.03653577722	0.00000000000	0.56253614734
2065.68365355589	725.01912817129	0.00000000000	0.56310456498
2068.07118114053	725.00190181142	0.00000000000	0.56367575320
2070.47762884087	724.98480598195	0.00000000000	0.56425152393
2073.07214489211	724.96667308557	0.00000000000	0.56487235558
2075.64195968091	724.94901725290	0.00000000000	0.56548734166
2078.04665096495	724.93276902743	0.00000000000	0.56606287076
2080.41626281547	724.91701498335	0.00000000000	0.56663006008
2082.78830526151	724.90149931322	0.00000000000	0.56719788710
2085.21785395326	724.88587032117	0.00000000000	0.56777953837
2087.69841141315	724.87018636797	0.00000000000	0.56837346257
2090.08950243969	724.85532815626	0.00000000000	0.56894602430
2092.45917548008	724.84085376383	0.00000000000	0.56951351440
2094.82825908795	724.82663135838	0.00000000000	0.57008092034
2097.19675256967	724.81265964200	0.00000000000	0.57064824214
2099.56465523230	724.79893731786	0.00000000000	0.57121547984
2101.93698254406	724.78543479831	0.00000000000	0.57178383526
2104.32457014361	724.77209233775	0.00000000000	0.57235590536
2106.71156966688	724.75899963749	0.00000000000	0.57292789361
2109.13536815345	724.74595608976	0.00000000000	0.57350876053
2111.52118548667	724.73336277857	0.00000000000	0.57408058517
2113.88147126335	724.72114310684	0.00000000000	0.57464634926
2116.39648846499	724.70838257228	0.00000000000	0.57524926729
2118.75657716441	724.69665110888	0.00000000000	0.57581510560
2121.24926445114	724.68451475864	0.00000000000	0.57641279906
2123.70265994942	724.67282350049	0.00000000000	0.57700113589
2126.06092906225	724.66182170604	0.00000000000	0.57756672169
2128.41859820638	724.65105298734	0.00000000000	0.57813222337
2130.77870584892	724.64050262774	0.00000000000	0.57869837003
2133.24853736035	724.62970644131	0.00000000000	0.57929090208
2135.60743124701	724.61962765774	0.00000000000	0.57985688129
2138.11739274126	724.60915156246	0.00000000000	0.58045917352
2140.62677719351	724.59893232925	0.00000000000	0.58106139637
2142.99588806051	724.58951663287	0.00000000000	0.58163001884
2145.44406517462	724.58002250781	0.00000000000	0.58221768361
2147.91041623078	724.57069901389	0.00000000000	0.58280977816
2150.26258505983	724.56203145506	0.00000000000	0.58337452425
2152.61414690959	724.55358390891	0.00000000000	0.58393918649
2155.05998857047	724.54502751440	0.00000000000	0.58452655329
2157.41842775345	724.53699767804	0.00000000000	0.58509299434
2159.77626338036	724.52918546617	0.00000000000	0.58565935335
2162.12842930435	724.52160569862	0.00000000000	0.58622441342
2164.63212153682	724.51377086925	0.00000000000	0.58682594393
2166.97897604067	724.50664405169	0.00000000000	0.58738985819
2169.52737781456	724.49914192607	0.00000000000	0.58800227294
2171.87706176895	724.49244202408	0.00000000000	0.58856699956
2174.28489604802	724.48579134207	0.00000000000	0.58914576846
2176.66523658626	724.47942939317	0.00000000000	0.58971799496
2179.01814020499	724.47334757525	0.00000000000	0.59028369070
2181.37043032874	724.46747175273	0.00000000000	0.59084930375
2183.71703339255	724.46181267595	0.00000000000	0.59141361414
2186.06302055100	724.45635619963	0.00000000000	0.59197784137
2188.42052359932	724.45107440132	0.00000000000	0.59254490392
2190.85752198392	724.44582560122	0.00000000000	0.59313115733
2193.44989336367	724.44047635208	0.00000000000	0.59375486563
2195.92468235507	724.43559364265	0.00000000000	0.59435035944
2198.26752326993	724.43117161165	0.00000000000	0.59491417123
2200.72096436197	724.42674848559	0.00000000000	0.59550467029
2203.06255133818	724.42272401249	0.00000000000	0.59606831608
2205.42467044421	724.41885806110	0.00000000000	0.59663697172
2207.85744338426	724.41507876576	0.00000000000	0.59722270769
2210.25617968985	724.41155214258	0.00000000000	0.59780031966
2212.59525630223	724.40830314742	0.00000000000	0.59836363377
2214.93880275543	724.40523489809	0.00000000000	0.59892809202
2217.32134476568	724.40230628896	0.00000000000	0.59950201228
2219.65854095317	724.39961912023	0.00000000000	0.60006507790
2222.00729224583	724.39710283862	0.00000000000	0.60063099592
2224.37532844909	724.39475167755	0.00000000000	0.60120163040
2226.74274309309	724.39258646541	0.00000000000	0.60177218546
2229.12221222528	724.39059580419	0.00000000000	0.60234571686
2231.70545698180	724.38864394850	0.00000000000	0.60296844602
2234.08365803832	724.38703840320	0.00000000000	0.60354182126
2236.47562768089	724.38560743065	0.00000000000	0.60411858871
2238.83988312408	724.38437309443	0.00000000000	0.60468874540
2241.18357402547	724.38332504989	0.00000000000	0.60525401358
2243.58971270210	724.38242975007	0.00000000000	0.60583441691
2245.91991117443	724.38173605599	0.00000000000	0.60639657339
2248.32481713394	724.38119781402	0.00000000000	0.60697682672
2250.76560878708	724.38083487689	0.00000000000	0.60756581544
2253.16926462888	724.38065674850	0.00000000000	0.60814591888
2255.49380108687	724.38065257448	0.00000000000	0.60870699947
2258.02073848600	724.38083424822	0.00000000000	0.60931701477
2260.37930680261	724.38117764384	0.00000000000	0.60988646093
2262.70086739360	724.38167842961	0.00000000000	0.61044704395
2265.02178896564	724.38233941444	0.00000000000	0.61100754422
2267.36752295476	724.38316925702	0.00000000000	0.61157410959
2269.71262109055	724.38416034683	0.00000000000	0.61214059492
2272.09522618848	724.38533148150	0.00000000000	0.61271621605
2274.52986438134	724.38669793550	0.00000000000	0.61330448695
2276.88398486907	724.38818118868	0.00000000000	0.61387337885
2279.31738023343	724.38988057486	0.00000000000	0.61446150710
2281.96863398009	724.39192295339	0.00000000000	0.61510238130
2284.38172518449	724.39395354871	0.00000000000	0.61568576907
2286.73324282120	724.39608852747	0.00000000000	0.61625434758
2289.05691054710	724.39834855448	0.00000000000	0.61681626685
2291.40715169181	724.40078531860	0.00000000000	0.61738468795
2293.74577198446	724.40335954329	0.00000000000	0.61795037432
2296.08374888345	724.40608102071	0.00000000000	0.61851598093
2298.47546056840	724.40901696470	0.00000000000	0.61909466590
2300.79588079582	724.41201111577	0.00000000000	0.61965617797
2303.13191838653	724.41516927112	0.00000000000	0.62022154548
2305.44588346850	724.41843878938	0.00000000000	0.62078164666
2307.75919843296	724.42184677668	0.00000000000	0.62134166599
2310.20484834300	724.42560007516	0.00000000000	0.62193380401
2312.56208571287	724.42936276948	0.00000000000	0.62250461607
2314.87031035566	724.43318410969	0.00000000000	0.62306363626
2317.19333182955	724.43716559670	0.00000000000	0.62362631693
2319.53583174997	724.44131715401	0.00000000000	0.62419379400
2321.92119657102	724.44568456325	0.00000000000	0.62477173633
2324.23507095382	724.45005482797	0.00000000000	0.62533243592
2326.54829089083	724.45455441520	0.00000000000	0.62589305441
2328.90101620220	724.45926362684	0.00000000000	0.62646332691
2331.48553171087	724.46458977480	0.00000000000	0.62708987555
2333.86766172275	724.46963942270	0.00000000000	0.62766744757
2336.18538861674	724.47468080989	0.00000000000	0.62822948427
2338.51160770883	724.47986675296	0.00000000000	0.62879365977
2340.84821198215	724.48520189135	0.00000000000	0.62936043438
2343.17311683662	724.49063457868	0.00000000000	0.62992445138
2345.47166429599	724.49612643665	0.00000000000	0.63048215306
2347.84992693639	724.50193399908	0.00000000000	0.63105927907
2350.17285376439	724.50772827433	0.00000000000	0.63162305852
2352.47357092011	724.51358473457	0.00000000000	0.63218152739
2354.78601476442	724.51958786801	0.00000000000	0.63274292297
2357.14548155327	724.52583265413	0.00000000000	0.63331581754
2359.45659930395	724.53206545715	0.00000000000	0.63387705432
2361.75047193386	724.53836416312	0.00000000000	0.63443418343
2364.12420534826	724.54499891836	0.00000000000	0.63501079326
2366.42091520988	724.55153032079	0.00000000000	0.63556877501
2368.72215312936	724.55818391925	0.00000000000	0.63612793791
2371.01752813583	724.56492849548	0.00000000000	0.63668575729
2373.34491408080	724.57187608081	0.00000000000	0.63725143885
2375.71539431024	724.57906392160	0.00000000000	0.63782768077
2378.00560824401	724.58611424705	0.00000000000	0.63838449347
2380.29829209343	724.59327530387	0.00000000000	0.63894198840
2382.63593102085	724.60068189708	0.00000000000	0.63951049918
2384.93970469190	724.60808393299	0.00000000000	0.64007085765
2387.23557340690	724.61556094470	0.00000000000	0.64062937624
2389.60212805556	724.62337189020	0.00000000000	0.64120517755
2391.96801785948	724.63128472269	0.00000000000	0.64178090553
2394.27829443284	724.63911084223	0.00000000000	0.64234318586
2396.57144913371	724.64697487917	0.00000000000	0.64290138291
2398.86392969930	724.65493103759	0.00000000000	0.64345949963
2401.19623502358	724.66312118502	0.00000000000	0.64402739812
2403.52786952100	724.67140440022	0.00000000000	0.64459522044
2406.01594791871	724.68034732710	0.00000000000	0.64520123794
2408.50335951087	724.68939376797	0.00000000000	0.64580719285
2410.78716388564	724.69779177121	0.00000000000	0.64636363547
2413.06714073288	724.70626250476	0.00000000000	0.64691922996
2415.34959024017	724.71482822411	0.00000000000	0.64747551177
2417.63658935570	724.72349604082	0.00000000000	0.64803298774
2419.91346847792	724.73220897275	0.00000000000	0.64858808194
2422.25440533427	724.74125274015	0.00000000000	0.64915888194
2424.64812321550	724.75058907160	0.00000000000	0.64974264508
2426.92714026731	724.75956020270	0.00000000000	0.65029852377
2429.21071108495	724.76862855805	0.00000000000	0.65085559948
2431.51011219980	724.77783888712	0.00000000000	0.65141662455
2433.78707445420	724.78703647718	0.00000000000	0.65197226166
2436.15818479780	724.79669479705	0.00000000000	0.65255096541
2438.47967706231	724.80622935087	0.00000000000	0.65311765047
2440.83156218628	724.81596659880	0.00000000000	0.65369184694
2443.11827151873	724.82550803010	0.00000000000	0.65425022062
2445.41355397825	724.83515751698	0.00000000000	0.65481077664
2447.69160334998	724.84480507106	0.00000000000	0.65536721233
2449.99668847866	724.85463751896	0.00000000000	0.65593034161
2452.26811003471	724.86439455414	0.00000000000	0.65648533559
2454.55138275488	724.87426961641	0.00000000000	0.65704331420
2456.83396663826	724.88420787342	0.00000000000	0.65760121388
2459.10856503180	724.89417609362	0.00000000000	0.65815725094
2461.39904644264	724.90427811919	0.00000000000	0.65871726088
2463.70002658886	724.91449020278	0.00000000000	0.65927992911
2466.08177027225	724.92512683632	0.00000000000	0.65986244354
2468.35357695751	724.93533403771	0.00000000000	0.66041816214
2470.77650345395	724.94628519069	0.00000000000	0.66101094622
2473.05420077056	724.95663994145	0.00000000000	0.66156829278
2475.36474102610	724.96720227112	0.00000000000	0.66213376896
2477.67458963447	724.97781896455	0.00000000000	0.66269916980
2479.94288464939	724.98829953639	0.00000000000	0.66325449089
2482.28255615461	724.99916571373	0.00000000000	0.66382738171
2484.59032758749	725.00993811383	0.00000000000	0.66439255670
2486.92861983031	725.02090688639	0.00000000000	0.66496530297
2489.24978435339	725.03184781096	0.00000000000	0.66553395050
2491.64474585524	725.04319017048	0.00000000000	0.66612077821
2494.01829902588	725.05448359636	0.00000000000	0.66670246195
2496.41187565134	725.06592390636	0.00000000000	0.66728915556
2498.66920670663	725.07675935923	0.00000000000	0.66784254861
2500.94775808956	725.08774117660	0.00000000000	0.66840123750
2503.29916004284	725.09911981956	0.00000000000	0.66897788784
2505.57629753975	725.11018220894	0.00000000000	0.66953642179
2507.83607515585	725.12120110396	0.00000000000	0.67009079135
2510.09514913033	725.13225614885	0.00000000000	0.67064508178
2512.34823561240	725.14332023384	0.00000000000	0.67119799645
2514.59742624883	725.15440230614	0.00000000000	0.67175004832
2516.86173130814	725.16559522638	0.00000000000	0.67230590429
2519.14591918390	725.17692230450	0.00000000000	0.67286673741
2521.39298199780	725.18809935252	0.00000000000	0.67341854980
2523.67577402354	725.19948761328	0.00000000000	0.67397923248
2525.92460764619	725.21073838517	0.00000000000	0.67453166966
2528.17273249086	725.22201619820	0.00000000000	0.67508402735
2530.42544219235	725.23334660835	0.00000000000	0.67563760667
2532.76790717015	725.24515871768	0.00000000000	0.67621334368
2535.09162737381	725.25690560003	0.00000000000	0.67678457586
2537.45213842916	725.26886711332	0.00000000000	0.67736495684
2539.71867561881	725.28037844452	0.00000000000	0.67792233189
2541.95821136169	725.29177657567	0.00000000000	0.67847316289
2544.19810313216	725.30319924280	0.00000000000	0.67902417719
2546.46251552670	725.31476896464	0.00000000000	0.67958132113
2548.70948659208	725.32627035732	0.00000000000	0.68013427096
2550.98377506721	725.33793155104	0.00000000000	0.68069404214
2553.23668092575	725.34950181870	0.00000000000	0.68124864875
2555.47298453695	725.36100415694	0.00000000000	0.68179926538
2557.72445784310	725.37260087970	0.00000000000	0.68235371501
2559.97521515487	725.38420923080	0.00000000000	0.68290808680
2562.24595013202	725.39593502339	0.00000000000	0.68346747925
2564.49527001609	725.40756339454	0.00000000000	0.68402169546
2566.76456859521	725.41930721036	0.00000000000	0.68458093474
2569.04631238368	725.43112661283	0.00000000000	0.68514334299
2571.27755632808	725.44269417249	0.00000000000	0.68569340314
2573.74210273216	725.45548115711	0.00000000000	0.68630109276
2575.98039638829	725.46710208995	0.00000000000	0.68685309890
2578.32834260325	725.47929911293	0.00000000000	0.68743225440
2580.55984743192	725.49089656848	0.00000000000	0.68798278968
2582.79596070161	725.50252207383	0.00000000000	0.68853456164
2585.05948147589	725.51429314075	0.00000000000	0.68909319848
2587.40461508764	725.52649068267	0.00000000000	0.68967208584
2589.62998414366	725.53806611658	0.00000000000	0.69022151213
2591.90451173424	725.54989693414	0.00000000000	0.69078317855
2594.13697338380	725.56150753517	0.00000000000	0.69133455909
2596.38552187635	725.57319927901	0.00000000000	0.69189001500
2598.70754988477	725.58526926176	0.00000000000	0.69246373039
2600.92925237032	725.59681298730	0.00000000000	0.69301276077
2603.15878520866	725.60839162076	0.00000000000	0.69356382764
2605.54119413133	725.62075656253	0.00000000000	0.69415279306
2607.76390297023	725.63228439937	0.00000000000	0.69470238353
2610.06420106198	725.64420508720	0.00000000000	0.69527126604
2612.36377080400	725.65611110131	0.00000000000	0.69584007771
2614.66261154738	725.66800125215	0.00000000000	0.69640881856
2616.91591502418	725.67964298876	0.00000000000	0.69696639987
2619.23145685832	725.69159179706	0.00000000000	0.69753949227
2621.47191687590	725.70313804393	0.00000000000	0.69809410862
2623.78600995606	725.71504695504	0.00000000000	0.69866706285
2626.26035961934	725.72776032131	0.00000000000	0.69927981992
2628.52317467943	725.73936722539	0.00000000000	0.69984030459
2630.74376552227	725.75073820921	0.00000000000	0.70039043566
2633.03674907123	725.76245863314	0.00000000000	0.70095861085
2635.24727002944	725.77373599425	0.00000000000	0.70150645834
2637.47307359054	725.78506883269	0.00000000000	0.70205819843
2639.71899282129	725.79648010208	0.00000000000	0.70261503192
2641.94332401665	725.80775682594	0.00000000000	0.70316661935
2644.15088073382	725.81892295949	0.00000000000	0.70371415189
2646.37373923894	725.83013968134	0.00000000000	0.70426558548
2648.58305214121	725.84126030760	0.00000000000	0.70481376421
2650.79162528362	725.85234848209	0.00000000000	0.70536186473
2652.99513719659	725.86338154416	0.00000000000	0.70590881444
2655.22451068241	725.87451280322	0.00000000000	0.70646229067
2657.46455221580	725.88566450499	0.00000000000	0.70701852433
2659.76703438928	725.89709157820	0.00000000000	0.70759037693
2662.08842392408	725.90857483637	0.00000000000	0.70816704280
2664.30532266637	725.91950475802	0.00000000000	0.70871786198
2666.54237145245	725.93049678859	0.00000000000	0.70927379723
2668.82367248522	725.94166656402	0.00000000000	0.70984084331
2671.05923231864	725.95257234132	0.00000000000	0.71039663138
2673.32237527350	725.96357113965	0.00000000000	0.71095938971
2675.51943337819	725.97420767552	0.00000000000	0.71150582403
2677.74132171671	725.98492213531	0.00000000000	0.71205854321
2679.93688120247	725.99546677072	0.00000000000	0.71260482101
2682.13169441706	726.00596415461	0.00000000000	0.71315102093
2684.33438839264	726.01645424749	0.00000000000	0.71369929066
2686.55330118454	726.02697491082	0.00000000000	0.71425170769
2688.88691103033	726.03798763301	0.00000000000	0.71483279924
2691.16082585198	726.04866637439	0.00000000000	0.71539914453
2693.43400043843	726.05928885486	0.00000000000	0.71596542254
2695.74436269335	726.07002978915	0.00000000000	0.71654108475
2697.97091182509	726.08032711934	0.00000000000	0.71709597865
2700.26009365953	726.09085768648	0.00000000000	0.71766659968
2702.53025595516	726.10124305410	0.00000000000	0.71823259817
2705.03351269103	726.11262669037	0.00000000000	0.71885684904
2707.53598302525	726.12393381263	0.00000000000	0.71948104791
2709.80378305239	726.13411625544	0.00000000000	0.72004683704
2711.99180367024	726.14388132133	0.00000000000	0.72059283490
2714.22627367414	726.15379257286	0.00000000000	0.72115053831
2716.41277335122	726.16343015397	0.00000000000	0.72169638110
2718.83164325823	726.17402047136	0.00000000000	0.72230036313
2721.11395077873	726.18394273981	0.00000000000	0.72287037143
2723.36045906841	726.19364162214	0.00000000000	0.72343155799
2725.55675073564	726.20305758107	0.00000000000	0.72398031481
2727.76181165438	726.21244424126	0.00000000000	0.72453137691
2729.95658360152	726.22171942907	0.00000000000	0.72507998164
2732.13333124411	726.23085066337	0.00000000000	0.72562419357
2734.31367419457	726.23992821785	0.00000000000	0.72616941700
2736.49325633197	726.24893273127	0.00000000000	0.72671456311
2738.67207713411	726.25786318262	0.00000000000	0.72725963192
2740.84577755310	726.26670090378	0.00000000000	0.72780353277
2743.04554017585	726.27557052320	0.00000000000	0.72835407003
2745.22748201591	726.28429357853	0.00000000000	0.72890026199
2747.42572175187	726.29300542886	0.00000000000	0.72945064952
2749.63469921593	726.30168149007	0.00000000000	0.73000384290
2751.80565365033	726.31013058298	0.00000000000	0.73054762912
2754.04162056308	726.31875109419	0.00000000000	0.73110781922
2756.31195233422	726.32741815554	0.00000000000	0.73167674322
2758.50634477552	726.33571184865	0.00000000000	0.73222675681
2760.77515207251	726.34419930807	0.00000000000	0.73279554571
2762.97951655712	726.35235932810	0.00000000000	0.73334829948
2765.15450383988	726.36032604383	0.00000000000	0.73389380362
2767.35733746101	726.36830801115	0.00000000000	0.73444641041
2769.57278927318	726.37624649387	0.00000000000	0.73500230325
2771.73674898421	726.38391298175	0.00000000000	0.73554539297
2773.91617198872	726.39154574992	0.00000000000	0.73609248074
2776.08186635100	726.39904135409	0.00000000000	0.73663623910
2778.29426202828	726.40660575406	0.00000000000	0.73719184366
2780.47137271706	726.41395678216	0.00000000000	0.73773870620
2782.75239280321	726.42155876082	0.00000000000	0.73831179660
2784.94905682972	726.42878179230	0.00000000000	0.73886381641
2787.10756593017	726.43578474798	0.00000000000	0.73940636602
2789.31609878666	726.44285177655	0.00000000000	0.73996161076
2791.47633111613	726.44966701783	0.00000000000	0.74050483145
2793.64877312550	726.45642268431	0.00000000000	0.74105124153
2795.83002599010	726.46310565146	0.00000000000	0.74159998816
2797.98464203443	726.46960742639	0.00000000000	0.74214215243
2800.13738311625	726.47600360211	0.00000000000	0.74268396306
2802.34130130812	726.48244720065	0.00000000000	0.74323877681
2804.57648905395	726.48887289606	0.00000000000	0.74380158939
2806.84910302694	726.49529204423	0.00000000000	0.74437395725
2809.00306530651	726.50126865296	0.00000000000	0.74491656483
2811.34100255757	726.50763613550	0.00000000000	0.74550565325
2813.50637306246	726.51342137078	0.00000000000	0.74605138622
2816.02865167624	726.52002251641	0.00000000000	0.74668722311
2818.29730378372	726.52583195696	0.00000000000	0.74725926496
2820.46022921922	726.53125660304	0.00000000000	0.74780477263
2822.60606463553	726.53652723969	0.00000000000	0.74834609080
2824.75986214579	726.54170499656	0.00000000000	0.74888953872
2826.90742483295	726.54675449975	0.00000000000	0.74943153466
2829.05420197859	726.55168800835	0.00000000000	0.74997345356
2831.29839920203	726.55672218177	0.00000000000	0.75054009446
2833.45661849061	726.56144352135	0.00000000000	0.75108515218
2835.61405293504	726.56604443829	0.00000000000	0.75163013499
2837.75766828443	726.57049722116	0.00000000000	0.75217174938
2840.01862506851	726.57506434944	0.00000000000	0.75274314423
2842.15734592353	726.57926113471	0.00000000000	0.75328377278
2844.34630551366	726.58343106757	0.00000000000	0.75383722738
2846.49220506741	726.58739466323	0.00000000000	0.75437991936
2848.71172626004	726.59136356165	0.00000000000	0.75494136018
2850.85056528856	726.59506131146	0.00000000000	0.75548251746
2852.99408066111	726.59864107958	0.00000000000	0.75602498179
2855.13134101921	726.60208363373	0.00000000000	0.75656598689
2857.27327881474	726.60540560369	0.00000000000	0.75710830024
2859.43165289394	726.60862218817	0.00000000000	0.75765490117
2861.62958181480	726.61176152268	0.00000000000	0.75821164963
2863.76366041109	726.61467700839	0.00000000000	0.75875235062
2866.13202774121	726.61775819620	0.00000000000	0.75935255811
2868.69358211032	726.62090618786	0.00000000000	0.76000189759
2870.98707168022	726.62356049202	0.00000000000	0.76058343730
2873.14050693733	726.62591015899	0.00000000000	0.76112959673
2875.28350001821	726.62811020574	0.00000000000	0.76167323504
2877.41809776880	726.63016341894	0.00000000000	0.76221487010
2879.68604876785	726.63219249852	0.00000000000	0.76279048098
2882.07484326616	726.63415843950	0.00000000000	0.76339691704
2884.20696325411	726.63576347749	0.00000000000	0.76393832640
2886.39595761351	726.63726323155	0.00000000000	0.76449431017
2888.68307428634	726.63866860873	0.00000000000	0.76507535958
2890.80396019179	726.63982306111	0.00000000000	0.76561430891
2893.06708974310	726.64089575356	0.00000000000	0.76618954425
2895.26979773947	726.64178071147	0.00000000000	0.76674956072
2897.38823714717	726.64248258144	0.00000000000	0.76728828228
2899.58935282624	726.64305562737	0.00000000000	0.76784816338
2901.73225327306	726.64345938962	0.00000000000	0.76839336907
2903.93176800451	726.64371444745	0.00000000000	0.76895311490
2906.05027323763	726.64380630658	0.00000000000	0.76949237561
2908.17347283178	726.64374580243	0.00000000000	0.77003296019
2910.32480472350	726.64352754903	0.00000000000	0.77058083945
2912.65113648357	726.64311240000	0.00000000000	0.77117343570
2914.76637635535	726.64257217429	0.00000000000	0.77171239505
2916.94410030051	726.64185423050	0.00000000000	0.77226740972
2919.09217717304	726.64098684174	0.00000000000	0.77281500139
2921.49346705208	726.63983200847	0.00000000000	0.77342729771
2923.66874825618	726.63861891308	0.00000000000	0.77398210532
2925.99028244603	726.63715113898	0.00000000000	0.77457436113
2928.13510086236	726.63563796901	0.00000000000	0.77512166754
2930.25015270632	726.63399963841	0.00000000000	0.77566150273
2932.49897977815	726.63210023203	0.00000000000	0.77623561672
2934.60695746150	726.63017406722	0.00000000000	0.77677389776
2936.70973542181	726.62811373396	0.00000000000	0.77731097090
2938.83901968011	726.62588761897	0.00000000000	0.77785493521
2941.02510027063	726.62345742903	0.00000000000	0.77841353514
2943.13001674236	726.62098053160	0.00000000000	0.77895151529
2945.26870495507	726.61832791428	0.00000000000	0.77949824641
2947.47108488097	726.61545476347	0.00000000000	0.78006138454
2949.59658795088	726.61254737524	0.00000000000	0.78060498499
2951.81746556162	726.60937012218	0.00000000000	0.78117310194
2953.98208342879	726.60613798261	0.00000000000	0.78172694859
2956.11704635601	726.60282089229	0.00000000000	0.78227332409
2958.26485330596	726.59935600677	0.00000000000	0.78282310243
2960.73628211773	726.59521255212	0.00000000000	0.78345586151
2963.15079083249	726.59100513910	0.00000000000	0.78407419350
2965.25366619655	726.58721428872	0.00000000000	0.78461283593
2967.38490090765	726.58325386408	0.00000000000	0.78515885244
2969.47750085856	726.57925079224	0.00000000000	0.78569507768
2971.62092677487	726.57503456919	0.00000000000	0.78624443590
2973.77901715154	726.57067266287	0.00000000000	0.78679766306
2975.87835285643	726.56631864384	0.00000000000	0.78733593392
2978.05209747000	726.56169678154	0.00000000000	0.78789339199
2980.19274037018	726.55703411729	0.00000000000	0.78844246831
2982.36511942930	726.55219126503	0.00000000000	0.78899979281
2984.53681869929	726.54723985079	0.00000000000	0.78955705057
2986.62715294881	726.54237163569	0.00000000000	0.79009353087
2988.85744420243	726.53706860478	0.00000000000	0.79066603893
2990.96935809254	726.53194513351	0.00000000000	0.79120826187
2993.05765823175	726.52678309630	0.00000000000	0.79174451875
2995.15083389696	726.52151494658	0.00000000000	0.79228212321
2997.25102257671	726.51613609828	0.00000000000	0.79282162421
2999.35055797790	726.51066736618	0.00000000000	0.79336105198
3001.47094353585	726.50505305051	0.00000000000	0.79390593186
3003.60431128372	726.49931346200	0.00000000000	0.79445424337
3005.70190511295	726.49358285922	0.00000000000	0.79499345300
3007.79886077112	726.48776913460	0.00000000000	0.79553258949
3009.88749113494	726.48189574212	0.00000000000	0.79606967503
3012.05083892717	726.47572687096	0.00000000000	0.79662606723
3014.18104957750	726.46956931303	0.00000000000	0.79717402871
3016.32607258243	726.46328726432	0.00000000000	0.79772589158
3018.75197875797	726.45608601953	0.00000000000	0.79835012802
3020.99543053660	726.44933723439	0.00000000000	0.79892751704
3023.19436607878	726.44264119668	0.00000000000	0.79949354307
3025.37263577673	726.43593071915	0.00000000000	0.80005434027
3027.49909571886	726.42930732115	0.00000000000	0.80060188520
3029.58974616399	726.42272726627	0.00000000000	0.80114029162
3031.90388117519	726.41536694171	0.00000000000	0.80173634604
3034.16742719350	726.40809140856	0.00000000000	0.80231946455
3036.24297094798	726.40135577450	0.00000000000	0.80285423233
3038.32348991650	726.39454382392	0.00000000000	0.80339035893
3040.49767833643	726.38736254740	0.00000000000	0.80395070450
3042.71279786215	726.37998210734	0.00000000000	0.80452168364
3044.97357942030	726.37238495064	0.00000000000	0.80510451974
3047.09474529227	726.36519946523	0.00000000000	0.80565144138
3049.33077765099	726.35756652058	0.00000000000	0.80622806183
3051.42531665491	726.35036400187	0.00000000000	0.80676826953
3053.50176153861	726.34317515634	0.00000000000	0.80730388130
3055.59519509610	726.33588019552	0.00000000000	0.80784394572
3057.74626074663	726.32833665883	0.00000000000	0.80839895085
3059.82877781403	726.32098907707	0.00000000000	0.80893633886
3061.89406573588	726.31366072278	0.00000000000	0.80946934747
3063.97550403539	726.30623479787	0.00000000000	0.81000659034
3066.18478062830	726.29831037271	0.00000000000	0.81057690144
3068.39354052540	726.29034604394	0.00000000000	0.81114715195
3070.48318464915	726.28277454322	0.00000000000	0.81168671559
3072.54913850356	726.27525546597	0.00000000000	0.81222022445
3074.62790978707	726.26765782267	0.00000000000	0.81275710487
3076.69841038640	726.26006019178	0.00000000000	0.81329190979
3078.86306941731	726.25208655132	0.00000000000	0.81385109927
3080.94029435769	726.24440734466	0.00000000000	0.81438776247
3083.03871713241	726.23662396990	0.00000000000	0.81492996132
3085.13663456145	726.22881821455	0.00000000000	0.81547208803
3087.28058410781	726.22081787474	0.00000000000	0.81602616941
3089.50718515276	726.21248607372	0.00000000000	0.81660167375
3091.71064800132	726.20421968751	0.00000000000	0.81717125933
3093.79471926493	726.19638359264	0.00000000000	0.81771003821
3095.85167861777	726.18863428944	0.00000000000	0.81824186011
3098.01205273862	726.18048092478	0.00000000000	0.81880047437
3100.06804048871	726.17270941252	0.00000000000	0.81933214831
3102.29195130296	726.16429173069	0.00000000000	0.81990730196
3104.36375914621	726.15644080220	0.00000000000	0.82044316901
3106.44498765023	726.14854714207	0.00000000000	0.82098152097
3108.58431215605	726.14042751923	0.00000000000	0.82153495016
3110.63793257076	726.13262946826	0.00000000000	0.82206625458
3112.69448844874	726.12481823829	0.00000000000	0.82259836306
3114.74606227896	726.11702548851	0.00000000000	0.82312922610
3117.12198696528	726.10800224496	0.00000000000	0.82374407112
3119.52555364508	726.09887808833	0.00000000000	0.82436612629
3121.66225980692	726.09077244070	0.00000000000	0.82491916355
3123.75179706298	726.08285250908	0.00000000000	0.82546003399
3125.80109429272	726.07509323726	0.00000000000	0.82599052765
3127.85109708089	726.06734094852	0.00000000000	0.82652124195
3129.92744041321	726.05950051244	0.00000000000	0.82705881327
3131.97658887418	726.05177567385	0.00000000000	0.82758938025
3134.17164156113	726.04351683589	0.00000000000	0.82815776408
3136.22335045664	726.03581399593	0.00000000000	0.82868906645
3138.27464380637	726.02813044280	0.00000000000	0.82922029489
3140.32212133130	726.02048044015	0.00000000000	0.82975056785
3142.36919206085	726.01285277063	0.00000000000	0.83028076726
3144.41585807889	726.00524899203	0.00000000000	0.83081089279
3146.48896638636	725.99757140693	0.00000000000	0.83134789803
3148.56168626425	725.98992147493	0.00000000000	0.83188483261
3150.69293231358	725.98208459508	0.00000000000	0.83243695859
3152.82381296360	725.97428028066	0.00000000000	0.83298901964
3154.92125707502	725.96663064682	0.00000000000	0.83353244617
3156.97464320740	725.95917430681	0.00000000000	0.83406448383
3159.08706278149	725.95153896246	0.00000000000	0.83461184323
3161.23546964500	725.94381210046	0.00000000000	0.83516855358
3163.28773252128	725.93646901041	0.00000000000	0.83570037408
3165.45584643009	725.92875350799	0.00000000000	0.83626224020
3167.50737829903	725.92149438235	0.00000000000	0.83679391604
3169.54945180557	725.91431041238	0.00000000000	0.83732316095
3171.63014162433	725.90703499789	0.00000000000	0.83786243399
3173.74016278098	725.89970449119	0.00000000000	0.83840932874
3175.97526889122	725.89199347554	0.00000000000	0.83898866466
3178.04291199355	725.88491146911	0.00000000000	0.83952461225
3180.08322321764	725.87797301388	0.00000000000	0.84005349112
3182.16224020245	725.87095558431	0.00000000000	0.84059241843
3184.32757610403	725.86370507452	0.00000000000	0.84115373701
3186.43568296889	725.85670507743	0.00000000000	0.84170023437
3188.62219050605	725.84950799061	0.00000000000	0.84226706980
3190.76619279044	725.84251517998	0.00000000000	0.84282289871
3192.80335717119	725.83593154447	0.00000000000	0.84335104074
3194.86842376839	725.82931974647	0.00000000000	0.84388642625
3197.15158041605	725.82208429965	0.00000000000	0.84447836371
3199.19809625079	725.81566711892	0.00000000000	0.84500895729
3201.24430782696	725.80931712061	0.00000000000	0.84553947889
3203.35007448526	725.80285311139	0.00000000000	0.84608544763
3205.49215607342	725.79635318688	0.00000000000	0.84664083748
3207.72334193933	725.78966877849	0.00000000000	0.84721933608
3209.82827505456	725.78345004061	0.00000000000	0.84776510696
3211.88090168913	725.77747421598	0.00000000000	0.84829732329
3213.91612013851	725.77164150450	0.00000000000	0.84882503435
3215.96812945836	725.76586012210	0.00000000000	0.84935710865
3218.01982406092	725.76018575540	0.00000000000	0.84988911197
3220.18051922959	725.75433159788	0.00000000000	0.85044939171
3222.23156982422	725.74889658145	0.00000000000	0.85098125312
3224.28229915490	725.74358770162	0.00000000000	0.85151304504
3226.44212090971	725.73813879659	0.00000000000	0.85207314273
3228.74827978302	725.73249015127	0.00000000000	0.85267120901
3230.92936901342	725.72731680430	0.00000000000	0.85323686037
3232.96157061111	725.72265122934	0.00000000000	0.85376391725
3234.99341908737	725.71814188225	0.00000000000	0.85429090151
3237.06433044516	725.71371212221	0.00000000000	0.85482803777
3239.09545818235	725.70953676333	0.00000000000	0.85535487648
3241.12969207363	725.70552926815	0.00000000000	0.85588254295
3243.16008793349	725.70170937582	0.00000000000	0.85640923693
3245.20730738793	725.69804618919	0.00000000000	0.85694031938
3247.25416157616	725.69457902294	0.00000000000	0.85747133259
3249.29265983841	725.69132642161	0.00000000000	0.85800020441
3251.39111944656	725.68819363810	0.00000000000	0.85854466131
3253.47325869510	725.68530792890	0.00000000000	0.85908491359
3255.50018904261	725.68271817466	0.00000000000	0.85961087038
3257.59753595683	725.68027294557	0.00000000000	0.86015513095
3259.77402760354	725.67799481287	0.00000000000	0.86071996492
3261.81816155212	725.67610248321	0.00000000000	0.86125048391
3263.85389270550	725.67446236048	0.00000000000	0.86177885582
3265.98661355552	725.67301252978	0.00000000000	0.86233243854
3268.11894438181	725.67184462804	0.00000000000	0.86288595929
3270.19795899295	725.67098393977	0.00000000000	0.86342567888
3272.24002692239	725.67041225870	0.00000000000	0.86395584549
3274.29183303240	725.67011745560	0.00000000000	0.86448857985
3276.31925215807	725.67010770523	0.00000000000	0.86501502225
3278.43031239673	725.67040166432	0.00000000000	0.86556322630
3280.47065740759	725.67098709792	0.00000000000	0.86609310994
3282.49326216396	725.67186606424	0.00000000000	0.86661842919
3284.66512515511	725.67314797668	0.00000000000	0.86718256303
3286.75677292435	725.67472045641	0.00000000000	0.86772591000
3288.95102490843	725.67673396857	0.00000000000	0.86829596312
3291.38901047424	725.67941756998	0.00000000000	0.86892940154
3293.40927609117	725.68200487311	0.00000000000	0.86945436072
3295.87590871800	725.68562004956	0.00000000000	0.87009537349
3297.92273355091	725.68900811422	0.00000000000	0.87062734615
3299.98135758385	725.69277349914	0.00000000000	0.87116243845
3302.01704216696	725.69684798806	0.00000000000	0.87169162119
3304.06245457695	725.70129159344	0.00000000000	0.87222338656
3306.08332834253	725.70602417429	0.00000000000	0.87274882613
3308.15429723584	725.71122506189	0.00000000000	0.87328734691
3310.18000610101	725.71665407806	0.00000000000	0.87381415433
3312.20522767979	725.72241776801	0.00000000000	0.87434089088
3314.24823722162	725.72857053066	0.00000000000	0.87487231119
3316.37051644025	725.73531990818	0.00000000000	0.87542441261
3318.38491690816	725.74206160396	0.00000000000	0.87594850883
3320.43874651063	725.74926959682	0.00000000000	0.87648292341
3322.46954130763	725.75672674332	0.00000000000	0.87701140444
3324.49984026778	725.76450816525	0.00000000000	0.87753981701
3326.71034012091	725.77334874776	0.00000000000	0.87811519903
3328.73960714142	725.78180068222	0.00000000000	0.87864347185
3330.76028649505	725.79053465886	0.00000000000	0.87916957145
3332.96933798923	725.80044347348	0.00000000000	0.87974478731
3335.06782247401	725.81020304934	0.00000000000	0.88029128316
3337.08109019769	725.81988183030	0.00000000000	0.88081565194
3339.11800712457	725.82998683314	0.00000000000	0.88134624626
3341.21498652096	725.84071617165	0.00000000000	0.88189255627
3343.35171700968	725.85198733148	0.00000000000	0.88244929631
3345.48792979461	725.86359503817	0.00000000000	0.88300597697
3347.54935109368	725.87511589227	0.00000000000	0.88354323994
3349.61024344525	725.88694550500	0.00000000000	0.88408043692
3351.62558922595	725.89881318299	0.00000000000	0.88460583188
3353.63454444032	725.91093611243	0.00000000000	0.88512963071
3355.64880955355	725.92338280518	0.00000000000	0.88565488477
3357.85189032247	725.93732850749	0.00000000000	0.88622945773
3359.88341948470	725.95049387919	0.00000000000	0.88675936604
3361.91440097075	725.96394684682	0.00000000000	0.88728920585
3363.93454943306	725.97761494923	0.00000000000	0.88781629408
3365.94603360177	725.99150684977	0.00000000000	0.88834119624
3367.95696041553	726.00567474132	0.00000000000	0.88886602807
3369.96146399696	726.02007399897	0.00000000000	0.88938925900
3371.98967892309	726.03492280709	0.00000000000	0.88991875670
3374.07813330060	726.05050413684	0.00000000000	0.89046406308
3376.07738373447	726.06569513187	0.00000000000	0.89098615675
3378.08547387062	726.08122240275	0.00000000000	0.89151063730
3380.11141891664	726.09715917142	0.00000000000	0.89203986168
3382.14917538696	726.11346197026	0.00000000000	0.89257225373
3384.17396923096	726.12993046377	0.00000000000	0.89310134158
3386.24114158543	726.14701869949	0.00000000000	0.89364158872
3388.34515135250	726.16469476563	0.00000000000	0.89419155281
3390.35786755396	726.18186939790	0.00000000000	0.89471773921
3392.36999107497	726.19929661783	0.00000000000	0.89524385491
3394.41862036293	726.21730275671	0.00000000000	0.89577960319
3396.41553964057	726.23510768391	0.00000000000	0.89630191405
3398.43621292656	726.25337706068	0.00000000000	0.89683052469
3400.43781523502	726.27172272921	0.00000000000	0.89735423309
3402.43881741048	726.29030848697	0.00000000000	0.89787787152
3404.47012255991	726.30942498247	0.00000000000	0.89840952967
3406.56891974072	726.32943842297	0.00000000000	0.89895894851
3408.56220121141	726.34869012866	0.00000000000	0.89948083663
3410.55131561911	726.36813713083	0.00000000000	0.90000172282
3412.55741935096	726.38798672242	0.00000000000	0.90052714886
3414.54886016062	726.40792431014	0.00000000000	0.90104882551
3416.66566148169	726.42936954581	0.00000000000	0.90160344179
3418.80412389061	726.45129635920	0.00000000000	0.90216383924
3420.81806070439	726.47218524021	0.00000000000	0.90269170204
3422.80339908517	726.49300245080	0.00000000000	0.90321216292
3424.82852885792	726.51446513082	0.00000000000	0.90374315201
3426.85302908083	726.53614964163	0.00000000000	0.90427407451
3428.83646261305	726.55761401313	0.00000000000	0.90479432359
3430.92794725774	726.58048127539	0.00000000000	0.90534301820
3432.91955141031	726.60247747599	0.00000000000	0.90586560950
3434.91869356946	726.62477187278	0.00000000000	0.90639027767
3437.00828881489	726.64830319411	0.00000000000	0.90693879170
3438.99794914723	726.67092401365	0.00000000000	0.90746117526
3441.28393333015	726.69717017959	0.00000000000	0.90806148245
3443.46292126406	726.72244068008	0.00000000000	0.90863381658
3445.46909064696	726.74592301415	0.00000000000	0.90916086642
3447.53581742502	726.77032877629	0.00000000000	0.90970393502
3449.51261450830	726.79387448952	0.00000000000	0.91022347772
3451.49232441728	726.81765094867	0.00000000000	0.91074388935
3453.47728215022	726.84168560975	0.00000000000	0.91126578510
3455.49263287977	726.86628636814	0.00000000000	0.91179577990
3457.59672462466	726.89218128770	0.00000000000	0.91234922864
3459.56896275419	726.91664724350	0.00000000000	0.91286810457
3461.61305221539	726.94220043958	0.00000000000	0.91340599624
3463.61320723356	726.96739556313	0.00000000000	0.91393243832
3465.58459546614	726.99241151830	0.00000000000	0.91445141767
3467.57300431324	727.01782587045	0.00000000000	0.91497498790
3469.63244242449	727.04433925257	0.00000000000	0.91551737833
3471.69119035758	727.07103618644	0.00000000000	0.91605970723
3473.66931013779	727.09686693091	0.00000000000	0.91658091059
3475.76736045513	727.12445380629	0.00000000000	0.91713383679
3477.80598164408	727.15144466311	0.00000000000	0.91767122302
3479.78198057382	727.17777893689	0.00000000000	0.91819221759
3481.80288744076	727.20488546719	0.00000000000	0.91872517128
3483.89815254411	727.23317285639	0.00000000000	0.91927786230
3485.86608470506	727.25990939343	0.00000000000	0.91979708439
3487.87038583923	727.28730565345	0.00000000000	0.92032602151
3489.87397784709	727.31485738402	0.00000000000	0.92085489269
3491.89133724965	727.34276336164	0.00000000000	0.92138752120
3493.89349185388	727.37062074332	0.00000000000	0.92191625841
3495.90943038733	727.39883078229	0.00000000000	0.92244876048
3497.87305496847	727.42646212782	0.00000000000	0.92296756515
3499.83237184326	727.45418191385	0.00000000000	0.92348535162
3501.79096792995	727.48203854051	0.00000000000	0.92400306810
3503.78953909098	727.51061342534	0.00000000000	0.92453147618
3505.75026493560	727.53879234944	0.00000000000	0.92505000170
3507.76189662808	727.56785039426	0.00000000000	0.92558211747
3509.75827873672	727.59683398904	0.00000000000	0.92611032833
3511.71200135510	727.62533708656	0.00000000000	0.92662737728
3513.72143583522	727.65479436210	0.00000000000	0.92715930019
3515.82770295233	727.68582298139	0.00000000000	0.92771699827
3517.87006290766	727.71605647945	0.00000000000	0.92825791502
3519.91166885006	727.74642076658	0.00000000000	0.92879877076
3521.91807262620	727.77639781215	0.00000000000	0.92933043682
3523.92372271711	727.80649671082	0.00000000000	0.92986203871
3525.87212702788	727.83586213666	0.00000000000	0.93037859807
3527.82457900183	727.86541095989	0.00000000000	0.93089636043
3529.77627657243	727.89506903613	0.00000000000	0.93141405346
3531.76440454485	727.92540291329	0.00000000000	0.93194154495
3533.96389656955	727.95910311618	0.00000000000	0.93252527567
3535.91324330612	727.98909284406	0.00000000000	0.93304276084
3537.92994308694	728.02023764463	0.00000000000	0.93357826661
3539.89194227927	728.05065184649	0.00000000000	0.93409938553
3541.90708978968	728.08200521806	0.00000000000	0.93463476363
3544.10268788847	728.11629688113	0.00000000000	0.93521824886
3546.38014925522	728.15200845807	0.00000000000	0.93582367309
3548.33063777783	728.18270523984	0.00000000000	0.93634232678
3550.32615012506	728.21421583791	0.00000000000	0.93687309647
3552.30633605126	728.24558774211	0.00000000000	0.93739993418
3554.28572429621	728.27704797883	0.00000000000	0.93792670441
3556.22709294478	728.30800017283	0.00000000000	0.93844349798
3558.27363620965	728.34073042791	0.00000000000	0.93898844160
3560.31936751330	728.37354946034	0.00000000000	0.93953332637
3562.31008734365	728.40558164503	0.00000000000	0.94006371065
3564.26243082695	728.43708611291	0.00000000000	0.94058401678
3566.23701359977	728.46903801439	0.00000000000	0.94111039806
3568.16871957788	728.50038047740	0.00000000000	0.94162549446
3570.11865505947	728.53210153813	0.00000000000	0.94214559822
3572.10537843629	728.56450474908	0.00000000000	0.94267566651
3574.06415880362	728.59653304271	0.00000000000	0.94319843064
3576.14698871563	728.63067564130	0.00000000000	0.94375446704
3578.38344295209	728.66743264629	0.00000000000	0.94435170648
3580.31495721047	728.69925588214	0.00000000000	0.94486767274
3582.24565491240	728.73113606758	0.00000000000	0.94538357020
3584.30270223573	728.76517800789	0.00000000000	0.94593339443
3586.24595243098	728.79740630199	0.00000000000	0.94645295944
3588.42364476760	728.83360077343	0.00000000000	0.94703538979
3590.43731065722	728.86714024998	0.00000000000	0.94757412365
3592.35893267944	728.89920853222	0.00000000000	0.94808838796
3594.29051215929	728.93150206689	0.00000000000	0.94860547124
3596.32137553971	728.96551739902	0.00000000000	0.94914930036
3598.35137606026	728.99957961693	0.00000000000	0.94969307103
3600.28865787385	729.03214132141	0.00000000000	0.95021216723
3602.60021658290	729.07106185906	0.00000000000	0.95083175920
3604.55875972358	729.10409427417	0.00000000000	0.95135690672
3606.53101137552	729.13740750908	0.00000000000	0.95188589598
3608.47525045950	729.17029442497	0.00000000000	0.95240753579
3610.46220008589	729.20394988772	0.00000000000	0.95294080395
3612.44827993469	729.23763520233	0.00000000000	0.95347401042
3614.37943716694	729.27042983455	0.00000000000	0.95399263726
3616.34736442200	729.30388839544	0.00000000000	0.95452130775
3618.26851430165	729.33658826276	0.00000000000	0.95503757703
3620.17920894186	729.36914423351	0.00000000000	0.95555119944
3622.08783118049	729.40169701485	0.00000000000	0.95606442763
3624.02515268904	729.43477027284	0.00000000000	0.95658554038
3626.13463723117	729.47081596004	0.00000000000	0.95715315535
3628.04540911026	729.50349417265	0.00000000000	0.95766747556
3630.04177016749	729.53766256224	0.00000000000	0.95820501169
3631.95674454881	729.57046147874	0.00000000000	0.95872080562
3633.91677690363	729.60405417443	0.00000000000	0.95924891077
3635.82401193971	729.63676514593	0.00000000000	0.95976295774
3637.85767743621	729.67167547956	0.00000000000	0.96031125624
3639.76918931243	729.70452359244	0.00000000000	0.96082677964
3641.78010038068	729.73912204044	0.00000000000	0.96136926993
3643.85726474900	729.77491230271	0.00000000000	0.96192979814
3645.75677981626	729.80769350605	0.00000000000	0.96244252719
3647.93559641787	729.84536279405	0.00000000000	0.96303080393
3649.84321861060	729.87840900751	0.00000000000	0.96354598961
3651.78154772066	729.91205557882	0.00000000000	0.96406958704
3653.73381069604	729.94601932926	0.00000000000	0.96459706317
3655.90996077039	729.98397408234	0.00000000000	0.96518515862
3657.95876635815	730.01980710682	0.00000000000	0.96573895533
3659.96344195046	730.05496799322	0.00000000000	0.96628092479
3662.16532664997	730.09370882455	0.00000000000	0.96687631725
3664.07683636755	730.12744953791	0.00000000000	0.96739327580
3666.12346553344	730.16369380135	0.00000000000	0.96794685592
3668.03396110088	730.19764349459	0.00000000000	0.96846368155
3669.98174859877	730.23237708530	0.00000000000	0.96899065596
3672.05062591374	730.26941030010	0.00000000000	0.96955045109
3673.99755937513	730.30439864930	0.00000000000	0.97007730028
3675.88837374746	730.33851196606	0.00000000000	0.97058900309
3677.77881488960	730.37275524757	0.00000000000	0.97110063804
3679.67854620950	730.40730970036	0.00000000000	0.97161481474
3681.56830206791	730.44182998357	0.00000000000	0.97212631283
3683.51355902611	730.47752295370	0.00000000000	0.97265284932
3685.40635643105	730.51241331039	0.00000000000	0.97316519568
3687.54933904158	730.55211235046	0.00000000000	0.97374526641
3689.59206366376	730.59015538261	0.00000000000	0.97429819501
3691.48050639665	730.62550556905	0.00000000000	0.97480935229
3693.36753712145	730.66100771199	0.00000000000	0.97532011173
3695.26528524624	730.69689645013	0.00000000000	0.97583375030
3697.15685983866	730.73285811900	0.00000000000	0.97634569034
3699.04343959923	730.76891851025	0.00000000000	0.97685624520
3701.13393200214	730.80910852539	0.00000000000	0.97742193778
3703.03124949326	730.84580139353	0.00000000000	0.97793530836
3705.05084727881	730.88509151603	0.00000000000	0.97848170768
3706.96705822727	730.92259735487	0.00000000000	0.97900007462
3708.85459246839	730.95976321748	0.00000000000	0.97951061968
3710.79829138157	730.99826978632	0.00000000000	0.98003628335
3712.75865096723	731.03735319175	0.00000000000	0.98056637142
3714.80124422251	731.07834566775	0.00000000000	0.98111860176
3716.68898594615	731.11648041825	0.00000000000	0.98162887524
3718.75571771641	731.15851229884	0.00000000000	0.98218742335
3720.77628638012	731.19989558326	0.00000000000	0.98273337936
3722.68259595740	731.23920722226	0.00000000000	0.98324835090
3724.57460060100	731.27848665219	0.00000000000	0.98375934479
3726.57454561717	731.32029703575	0.00000000000	0.98429936215
3728.48148869973	731.36044590191	0.00000000000	0.98481413769
3730.54999230153	731.40431420550	0.00000000000	0.98537237595
3732.43805437983	731.44464975388	0.00000000000	0.98588177479
3734.40089210246	731.48688552206	0.00000000000	0.98641119737
3736.29447238852	731.52792843495	0.00000000000	0.98692178810
3738.18468544690	731.56919444568	0.00000000000	0.98743131671
3740.08504659673	731.61098496292	0.00000000000	0.98794341983
3741.97596640269	731.65287407449	0.00000000000	0.98845281278
3744.00085831553	731.69807502552	0.00000000000	0.98899810638
3745.91091308815	731.74104357926	0.00000000000	0.98951228875
3747.84505377065	731.78488644888	0.00000000000	0.99003276482
3749.73771534891	731.82811765404	0.00000000000	0.99054188792
3751.67285080079	731.87265986817	0.00000000000	0.99106223525
3753.57020918141	731.91667180070	0.00000000000	0.99157222135
3755.47423775430	731.96118076267	0.00000000000	0.99208379243
3757.37265730495	732.00590454862	0.00000000000	0.99259364358
3759.27779858042	732.05113850204	0.00000000000	0.99310508064
3761.20286133714	732.09720805046	0.00000000000	0.99362163682
3763.11775629917	732.14340045508	0.00000000000	0.99413523079
3765.01858073599	732.18961913267	0.00000000000	0.99464481468
3766.93478439542	732.23658502588	0.00000000000	0.99515827777
3768.84311760832	732.28373492930	0.00000000000	0.99566938314
3770.76071380889	732.33149703058	0.00000000000	0.99618271383
3772.84295454751	732.38380030987	0.00000000000	0.99673982245
3774.80111312390	732.43341000125	0.00000000000	0.99726344475
3776.74501194492	732.48306885036	0.00000000000	0.99778297210
3778.80587352027	732.53616725302	0.00000000000	0.99833344601
3780.70898116679	732.58561844234	0.00000000000	0.99884149074
3782.77185330024	732.63967860547	0.00000000000	0.99939186281
3785.05273100123	732.70001220703	0.00000000000	1.00000000000
