-161.05240075734	719.29998779297	0.00000000000
-156.96234032101	719.29223015504	0.00000000000
-147.33195491676	718.49349853128	0.00000000000
-103.14155546936	719.86000822956	0.00000000000
-53.40842616180	717.74940075748	0.00000000000
12.62710102940	721.34672384907	0.00000000000
45.50573991691	717.25133577495	0.00000000000
75.17059037163	721.05147730909	0.00000000000
77.92129452973	748.23409999722	0.00000000000
191.36358205628	743.51465502082	0.00000000000
313.53295400967	739.56201630082	0.00000000000
432.58653353587	748.67345904886	0.00000000000
447.84481912167	763.64674829975	0.00000000000
453.20635181519	779.49603721162	0.00000000000
461.54241868973	783.13969421142	0.00000000000
464.32193262618	773.78003656152	0.00000000000
494.91840591469	731.87452088077	0.00000000000
530.41605984552	753.07158933475	0.00000000000
562.64121857776	766.48707438496	0.00000000000
571.63914702396	768.24439361924	0.00000000000
579.50925243972	765.97096085262	0.00000000000
588.56950056646	763.77446283272	0.00000000000
597.15941603364	760.17176805524	0.00000000000
605.41000197430	757.88236049314	0.00000000000
614.63802152896	753.79146802417	0.00000000000
622.76582490902	754.77374009440	0.00000000000
632.52947267652	750.52499722424	0.00000000000
637.89924887154	751.52465695586	0.00000000000
665.56969906343	749.91541314519	0.00000000000
837.45010114783	753.38480662888	0.00000000000
1009.84039176994	755.73312255460	0.00000000000
1151.19589269103	761.98031931091	0.00000000000
1288.06919876416	762.29845277917	0.00000000000
1427.93595985872	763.78417644330	0.00000000000
1561.79555336145	767.99799627798	0.00000000000
1603.10571456808	769.66425686247	0.00000000000
1653.27684160788	763.83884091653	0.00000000000
1690.99363803608	767.30715472035	0.00000000000
1701.02784174425	765.60003750289	0.00000000000
1712.70332314164	766.77195469727	0.00000000000
1727.52970369148	764.95784103499	0.00000000000
1741.12458425568	767.50579441487	0.00000000000
1881.40818947591	764.50683184385	0.00000000000
2059.94158843714	769.57594885106	0.00000000000
2657.42202503348	767.12830161844	0.00000000000
3108.21189533967	766.10288650298	0.00000000000
3526.11275363729	761.65235480613	0.00000000000
3589.58740796569	764.23720766552	0.00000000000
3686.83181518068	763.94972522810	0.00000000000
3759.96352279906	762.12295502498	0.00000000000
3785.05273100123	766.20001220703	0.00000000000
