1	2.54311e-05	2.54311e-05	2.54311e-06	0.00000e+00	0.00000e+00
3	2.45095e-05	2.45095e-05	2.45095e-06	0.00000e+00	0.00000e+00
5	2.28748e-05	2.28748e-05	2.28748e-06	0.00000e+00	0.00000e+00
7	2.27344e-05	2.27344e-05	2.27344e-06	0.00000e+00	0.00000e+00
9	2.17742e-05	2.17742e-05	2.17742e-06	0.00000e+00	0.00000e+00
11	2.00131e-05	2.00131e-05	2.00131e-06	0.00000e+00	0.00000e+00
13	1.98399e-05	1.98399e-05	1.98399e-06	0.00000e+00	0.00000e+00
15	1.88532e-05	1.88532e-05	1.88532e-06	0.00000e+00	0.00000e+00
16	1.67862e-05	1.67862e-05	1.67862e-06	0.00000e+00	0.00000e+00
18	1.58493e-05	1.58493e-05	1.58493e-06	0.00000e+00	0.00000e+00
20	1.56223e-05	1.56223e-05	1.56223e-06	0.00000e+00	0.00000e+00
22	1.54669e-05	1.54669e-05	1.54669e-06	0.00000e+00	0.00000e+00
24	1.46255e-05	1.46255e-05	1.46255e-06	0.00000e+00	0.00000e+00
26	1.32512e-05	1.32512e-05	1.32512e-06	0.00000e+00	0.00000e+00
28	1.23279e-05	1.23279e-05	1.23279e-06	0.00000e+00	0.00000e+00
30	1.11797e-05	1.11797e-05	1.11797e-06	0.00000e+00	0.00000e+00
32	1.06130e-05	1.06130e-05	1.06130e-06	0.00000e+00	0.00000e+00
34	1.03100e-05	1.03100e-05	1.03100e-06	0.00000e+00	0.00000e+00
36	9.99859e-06	9.99859e-06	1.00000e-06	0.00000e+00	0.00000e+00
38	9.79832e-06	9.79832e-06	1.00000e-06	0.00000e+00	0.00000e+00
39	8.67567e-06	8.67567e-06	1.00000e-06	0.00000e+00	0.00000e+00
41	8.54216e-06	8.54216e-06	1.00000e-06	0.00000e+00	0.00000e+00
44	8.54213e-06	8.54213e-06	1.00000e-06	0.00000e+00	0.00000e+00
47	8.53451e-06	8.53451e-06	1.00000e-06	0.00000e+00	0.00000e+00
50	8.53194e-06	8.53194e-06	1.00000e-06	0.00000e+00	0.00000e+00
53	8.53178e-06	8.53178e-06	1.00000e-06	0.00000e+00	0.00000e+00
56	8.47833e-06	8.47833e-06	1.00000e-06	0.00000e+00	0.00000e+00
58	8.41360e-06	8.41360e-06	1.00000e-06	0.00000e+00	0.00000e+00
60	8.29335e-06	8.29335e-06	1.00000e-06	0.00000e+00	0.00000e+00
62	8.26764e-06	8.26764e-06	1.00000e-06	0.00000e+00	0.00000e+00
64	7.92110e-06	7.92110e-06	1.00000e-06	0.00000e+00	0.00000e+00
67	7.91741e-06	7.91741e-06	1.00000e-06	0.00000e+00	0.00000e+00
70	7.89899e-06	7.89899e-06	1.00000e-06	0.00000e+00	0.00000e+00
73	7.88303e-06	7.88303e-06	1.00000e-06	0.00000e+00	0.00000e+00
75	7.61467e-06	7.61467e-06	1.00000e-06	0.00000e+00	0.00000e+00
77	7.57620e-06	7.57620e-06	1.00000e-06	0.00000e+00	0.00000e+00
80	7.55647e-06	7.55647e-06	1.00000e-06	0.00000e+00	0.00000e+00
82	7.55504e-06	7.55504e-06	1.00000e-06	0.00000e+00	0.00000e+00
84	7.54973e-06	7.54973e-06	1.00000e-06	0.00000e+00	0.00000e+00
86	7.54727e-06	7.54727e-06	1.00000e-06	0.00000e+00	0.00000e+00
88	7.54714e-06	7.54714e-06	1.00000e-06	0.00000e+00	0.00000e+00
90	7.54677e-06	7.54677e-06	1.00000e-06	0.00000e+00	0.00000e+00
92	7.41537e-06	7.41537e-06	1.00000e-06	0.00000e+00	0.00000e+00
95	7.38679e-06	7.38679e-06	1.00000e-06	0.00000e+00	0.00000e+00
98	7.38592e-06	7.38592e-06	1.00000e-06	0.00000e+00	0.00000e+00
