1.00000000000	0.00000000000	0.00000000000
0.98114633601	-0.00270674635	0.00000000000
0.91182022494	-0.01224858539	0.00000000000
0.83910735235	-0.02072724629	0.00000000000
0.81467746853	-0.02357980826	0.00000000000
0.80906834343	-0.02418021987	0.00000000000
0.80147394100	-0.02505539018	0.00000000000
0.79290881760	-0.02599855340	0.00000000000
0.78250265311	-0.02714967539	0.00000000000
0.76500785631	-0.02904771339	0.00000000000
0.74743250664	-0.03090958906	0.00000000000
0.73141574246	-0.03255856887	0.00000000000
0.72254207785	-0.03346315885	0.00000000000
0.71264377541	-0.03445996871	0.00000000000
0.70023931398	-0.03569017863	0.00000000000
0.68526159299	-0.03714677854	0.00000000000
0.66017454067	-0.03952943033	0.00000000000
0.63617989943	-0.04170249179	0.00000000000
0.61493613941	-0.04353510499	0.00000000000
0.60369543441	-0.04448677004	0.00000000000
0.59033892836	-0.04559232257	0.00000000000
0.57277470367	-0.04700020295	0.00000000000
0.55147593324	-0.04863429929	0.00000000000
0.52538047567	-0.05052217975	0.00000000000
0.49189779426	-0.05275470464	0.00000000000
0.44546974874	-0.05546549215	0.00000000000
0.37282780305	-0.05871381256	0.00000000000
0.31299277937	-0.05974470399	0.00000000000
0.27324142509	-0.05935541368	0.00000000000
0.26580949167	-0.05925498163	0.00000000000
0.25752832673	-0.05911419860	0.00000000000
0.24617462378	-0.05886100545	0.00000000000
0.23145758044	-0.05842433888	0.00000000000
0.20687988080	-0.05744273303	0.00000000000
0.18724999128	-0.05626129933	0.00000000000
0.17111967955	-0.05501512774	0.00000000000
0.16602953166	-0.05459900401	0.00000000000
0.15830797748	-0.05392221081	0.00000000000
0.14889293471	-0.05301961983	0.00000000000
0.13609408162	-0.05165874310	0.00000000000
0.12106680122	-0.04977836893	0.00000000000
0.10200662218	-0.04702639379	0.00000000000
0.06888071278	-0.04103175645	0.00000000000
0.03290363425	-0.03124915653	0.00000000000
0.01151501746	-0.01912898855	0.00000000000
0.00537995712	-0.01263129470	0.00000000000
0.00438233631	-0.01141698522	0.00000000000
0.00344976256	-0.01018903711	0.00000000000
0.00215079596	-0.00818719826	0.00000000000
0.00114723131	-0.00611378763	0.00000000000
0.00050278128	-0.00401206136	0.00000000000
0.00019624321	-0.00262163379	0.00000000000
0.00002798973	-0.00118009551	0.00000000000
-0.00019237348	0.00511881977	0.00000000000
0.00404680870	0.01224208345	0.00000000000
0.01197518497	0.01859030815	0.00000000000
0.01643529999	0.02149714278	0.00000000000
0.02007593471	0.02354960300	0.00000000000
0.02724771436	0.02726297349	0.00000000000
0.03669302851	0.03109943303	0.00000000000
0.04772568879	0.03471302660	0.00000000000
0.05415557017	0.03659797709	0.00000000000
0.05973161878	0.03812161489	0.00000000000
0.07119292576	0.04104453177	0.00000000000
0.08557516070	0.04408324765	0.00000000000
0.10161284661	0.04686308978	0.00000000000
0.11128248097	0.04836084066	0.00000000000
0.11726372071	0.04921213441	0.00000000000
0.12236418357	0.04990908285	0.00000000000
0.13433620456	0.05147772083	0.00000000000
0.15045464226	0.05323497816	0.00000000000
0.16799655980	0.05477808931	0.00000000000
0.17868955080	0.05560364296	0.00000000000
0.18882521682	0.05630433760	0.00000000000
0.21939959727	0.05817465255	0.00000000000
0.26113514196	0.05946936634	0.00000000000
0.31093908653	0.05953791724	0.00000000000
0.34430221117	0.05906702897	0.00000000000
0.37137874229	0.05838392659	0.00000000000
0.39170771096	0.05770499123	0.00000000000
0.40708627689	0.05711104258	0.00000000000
0.43605988927	0.05588549694	0.00000000000
0.47047856103	0.05406724923	0.00000000000
0.50864002455	0.05165219138	0.00000000000
0.53217625576	0.05003383311	0.00000000000
0.55043829550	0.04870210633	0.00000000000
0.56136677348	0.04787316512	0.00000000000
0.56967195033	0.04723273064	0.00000000000
0.59082105735	0.04557794019	0.00000000000
0.61846073069	0.04326532845	0.00000000000
0.64825160593	0.04060683973	0.00000000000
0.66565493393	0.03900274024	0.00000000000
0.67893140446	0.03774894276	0.00000000000
0.68964129099	0.03672061511	0.00000000000
0.70926592671	0.03481016906	0.00000000000
0.73088531503	0.03262912421	0.00000000000
0.75336865313	0.03027940688	0.00000000000
0.76635222631	0.02889723024	0.00000000000
0.77689234461	0.02775923388	0.00000000000
0.78601123408	0.02676166536	0.00000000000
0.80072869866	0.02513995586	0.00000000000
0.81651262180	0.02335350215	0.00000000000
0.83189568698	0.02158558377	0.00000000000
0.84157802020	0.02044191764	0.00000000000
0.84834234718	0.01967105410	0.00000000000
0.85607518662	0.01870676599	0.00000000000
0.91633518568	0.01163383500	0.00000000000
0.97973078262	0.00290795789	0.00000000000
1.00000000000	0.00000000000	0.00000000000
