 -2.90949568545124e-03  -1.84159682226139e-02   0.00000000000000e+00   0.00000000000000e+00 
 -2.91156194897334e-03  -1.84243236749463e-02   0.00000000000000e+00   2.18340611353712e-03 
 -2.92032856760998e-03  -1.84379837306927e-02   0.00000000000000e+00   4.36681222707424e-03 
 -2.93245667137076e-03  -1.84553483212637e-02   0.00000000000000e+00   6.55021834061135e-03 
 -2.94467296778407e-03  -1.84748464916649e-02   0.00000000000000e+00   8.73362445414847e-03 
 -2.95586325080737e-03  -1.84958658283132e-02   0.00000000000000e+00   1.09170305676856e-02 
 -2.96751110597329e-03  -1.85189472252333e-02   0.00000000000000e+00   1.31004366812227e-02 
 -2.98125437954947e-03  -1.85447000615738e-02   0.00000000000000e+00   1.52838427947598e-02 
 -2.99873028423112e-03  -1.85737334283246e-02   0.00000000000000e+00   1.74672489082969e-02 
 -3.02111713550378e-03  -1.86064477025800e-02   0.00000000000000e+00   1.96506550218341e-02 
 -3.04832559174412e-03  -1.86426667104158e-02   0.00000000000000e+00   2.18340611353712e-02 
 -3.08004926382458e-03  -1.86821155611821e-02   0.00000000000000e+00   2.40174672489083e-02 
 -3.11598176261757e-03  -1.87245193642287e-02   0.00000000000000e+00   2.62008733624454e-02 
 -3.15581669899552e-03  -1.87696032289056e-02   0.00000000000000e+00   2.83842794759825e-02 
 -3.19924768383087e-03  -1.88170922645627e-02   0.00000000000000e+00   3.05676855895196e-02 
 -3.24596832799603e-03  -1.88667115805499e-02   0.00000000000000e+00   3.27510917030568e-02 
 -3.29567224236345e-03  -1.89181862862171e-02   0.00000000000000e+00   3.49344978165939e-02 
 -3.34805303780553e-03  -1.89712414909143e-02   0.00000000000000e+00   3.71179039301310e-02 
 -3.40280432519472e-03  -1.90256023039914e-02   0.00000000000000e+00   3.93013100436681e-02 
 -3.45961971540344e-03  -1.90809938347983e-02   0.00000000000000e+00   4.14847161572052e-02 
 -3.51819281930411e-03  -1.91371411926849e-02   0.00000000000000e+00   4.36681222707424e-02 
 -3.57821804767847e-03  -1.91937781321535e-02   0.00000000000000e+00   4.58515283842795e-02 
 -3.63942271622093e-03  -1.92509940330035e-02   0.00000000000000e+00   4.80349344978166e-02 
 -3.70157796193964e-03  -1.93093518811449e-02   0.00000000000000e+00   5.02183406113537e-02 
 -3.76445796136396e-03  -1.93694475126169e-02   0.00000000000000e+00   5.24017467248908e-02 
 -3.82783689102326e-03  -1.94318767634589e-02   0.00000000000000e+00   5.45851528384279e-02 
 -3.89148892744690e-03  -1.94972354697100e-02   0.00000000000000e+00   5.67685589519651e-02 
 -3.95518824716425e-03  -1.95661194674096e-02   0.00000000000000e+00   5.89519650655022e-02 
 -4.01870909175852e-03  -1.96391245004205e-02   0.00000000000000e+00   6.11353711790393e-02 
 -4.08201119207844e-03  -1.97165834881697e-02   0.00000000000000e+00   6.33187772925764e-02 
 -4.14564602231467e-03  -1.97979908939633e-02   0.00000000000000e+00   6.55021834061135e-02 
 -4.21028280194418e-03  -1.98826743448305e-02   0.00000000000000e+00   6.76855895196506e-02 
 -4.27659075044394e-03  -1.99699614678008e-02   0.00000000000000e+00   6.98689956331878e-02 
 -4.34523908729090e-03  -2.00591798899034e-02   0.00000000000000e+00   7.20524017467249e-02 
 -4.41689703196204e-03  -2.01496572381677e-02   0.00000000000000e+00   7.42358078602620e-02 
 -4.49223380393431e-03  -2.02407211396229e-02   0.00000000000000e+00   7.64192139737991e-02 
 -4.57191862268470e-03  -2.03316992212984e-02   0.00000000000000e+00   7.86026200873362e-02 
 -4.65662070769016e-03  -2.04219191102234e-02   0.00000000000000e+00   8.07860262008734e-02 
 -4.74700927842765e-03  -2.05107084334274e-02   0.00000000000000e+00   8.29694323144105e-02 
 -4.84375355437415e-03  -2.05973948179396e-02   0.00000000000000e+00   8.51528384279476e-02 
 -4.94752275500662e-03  -2.06813058907893e-02   0.00000000000000e+00   8.73362445414847e-02 
 -5.05898609980203e-03  -2.07617692790058e-02   0.00000000000000e+00   8.95196506550218e-02 
 -5.17881280823733e-03  -2.08381126096185e-02   0.00000000000000e+00   9.17030567685589e-02 
 -5.30767209978951e-03  -2.09096635096566e-02   0.00000000000000e+00   9.38864628820961e-02 
 -5.44623319393551e-03  -2.09757496061495e-02   0.00000000000000e+00   9.60698689956332e-02 
 -5.59516531015232e-03  -2.10356985261265e-02   0.00000000000000e+00   9.82532751091703e-02 
 -5.75513766791689e-03  -2.10888378966169e-02   0.00000000000000e+00   1.00436681222707e-01 
 -5.92681948670619e-03  -2.11344953446501e-02   0.00000000000000e+00   1.02620087336245e-01 
 -6.11087998599719e-03  -2.11719984972552e-02   0.00000000000000e+00   1.04803493449782e-01 
 -6.30787479597739e-03  -2.12006103826972e-02   0.00000000000000e+00   1.06986899563319e-01 
 -6.51703743130293e-03  -2.12188421359048e-02   0.00000000000000e+00   1.09170305676856e-01 
 -6.73674764946630e-03  -2.12247193560824e-02   0.00000000000000e+00   1.11353711790393e-01 
 -6.96537094361635e-03  -2.12162595302349e-02   0.00000000000000e+00   1.13537117903930e-01 
 -7.20127280690189e-03  -2.11914801453674e-02   0.00000000000000e+00   1.15720524017467e-01 
 -7.44281873247176e-03  -2.11483986884846e-02   0.00000000000000e+00   1.17903930131004e-01 
 -7.68837421347479e-03  -2.10850326465916e-02   0.00000000000000e+00   1.20087336244541e-01 
 -7.93630927055582e-03  -2.09994890156583e-02   0.00000000000000e+00   1.22270742358079e-01 
 -8.18509878680724e-03  -2.08919479307784e-02   0.00000000000000e+00   1.24454148471616e-01 
 -8.43332291495687e-03  -2.07646707163083e-02   0.00000000000000e+00   1.26637554585153e-01 
 -8.67956641666652e-03  -2.06200098156041e-02   0.00000000000000e+00   1.28820960698690e-01 
 -8.92241405359801e-03  -2.04603176720221e-02   0.00000000000000e+00   1.31004366812227e-01 
 -9.16045058741314e-03  -2.02879467289188e-02   0.00000000000000e+00   1.33187772925764e-01 
 -9.39226077977372e-03  -2.01052494296504e-02   0.00000000000000e+00   1.35371179039301e-01 
 -9.61642939234158e-03  -1.99145782175731e-02   0.00000000000000e+00   1.37554585152838e-01 
 -9.83154118677851e-03  -1.97182855360434e-02   0.00000000000000e+00   1.39737991266376e-01 
 -1.00361809247463e-02  -1.95187238284175e-02   0.00000000000000e+00   1.41921397379913e-01 
 -1.02289333679069e-02  -1.93182455380518e-02   0.00000000000000e+00   1.44104803493450e-01 
 -1.04083832779219e-02  -1.91192031083025e-02   0.00000000000000e+00   1.46288209606987e-01 
 -1.05731154164533e-02  -1.89239489825260e-02   0.00000000000000e+00   1.48471615720524e-01 
 -1.07222144817946e-02  -1.87343472139873e-02   0.00000000000000e+00   1.50655021834061e-01 
 -1.08621745514563e-02  -1.85450236038181e-02   0.00000000000000e+00   1.52838427947598e-01 
 -1.10039512201626e-02  -1.83457866741020e-02   0.00000000000000e+00   1.55021834061135e-01 
 -1.11485015705712e-02  -1.81323542744610e-02   0.00000000000000e+00   1.57205240174672e-01 
 -1.12917072631686e-02  -1.79034716863422e-02   0.00000000000000e+00   1.59388646288210e-01 
 -1.14294122002526e-02  -1.76579067135242e-02   0.00000000000000e+00   1.61572052401747e-01 
 -1.15574602841212e-02  -1.73944271597859e-02   0.00000000000000e+00   1.63755458515284e-01 
 -1.16716954170721e-02  -1.71118008289061e-02   0.00000000000000e+00   1.65938864628821e-01 
 -1.17680183008381e-02  -1.68088802628678e-02   0.00000000000000e+00   1.68122270742358e-01 
 -1.18446719143550e-02  -1.64880124110376e-02   0.00000000000000e+00   1.70305676855895e-01 
 -1.19030219336105e-02  -1.61562029265498e-02   0.00000000000000e+00   1.72489082969432e-01 
 -1.19446509755472e-02  -1.58207811134177e-02   0.00000000000000e+00   1.74672489082969e-01 
 -1.19711416571079e-02  -1.54890762756546e-02   0.00000000000000e+00   1.76855895196507e-01 
 -1.19840765952351e-02  -1.51684177172738e-02   0.00000000000000e+00   1.79039301310044e-01 
 -1.19846325474300e-02  -1.48648998129622e-02   0.00000000000000e+00   1.81222707423581e-01 
 -1.19717210195901e-02  -1.45777243402452e-02   0.00000000000000e+00   1.83406113537118e-01 
 -1.19434679353223e-02  -1.43037027451453e-02   0.00000000000000e+00   1.85589519650655e-01 
 -1.18979984455082e-02  -1.40396441224753e-02   0.00000000000000e+00   1.87772925764192e-01 
 -1.18336401735475e-02  -1.37825262665971e-02   0.00000000000000e+00   1.89956331877729e-01 
 -1.17515122732262e-02  -1.35316528673794e-02   0.00000000000000e+00   1.92139737991266e-01 
 -1.16547672271365e-02  -1.32880217787070e-02   0.00000000000000e+00   1.94323144104803e-01 
 -1.15466035596590e-02  -1.30526692163578e-02   0.00000000000000e+00   1.96506550218341e-01 
 -1.14302197951745e-02  -1.28266313961095e-02   0.00000000000000e+00   1.98689956331878e-01 
 -1.13087135298100e-02  -1.26108994582393e-02   0.00000000000000e+00   2.00873362445415e-01 
 -1.11835630448817e-02  -1.24057413419098e-02   0.00000000000000e+00   2.03056768558952e-01 
 -1.10549417867404e-02  -1.22108422348042e-02   0.00000000000000e+00   2.05240174672489e-01 
 -1.09229860901462e-02  -1.20258707502228e-02   0.00000000000000e+00   2.07423580786026e-01 
 -1.07878322898595e-02  -1.18504955014660e-02   0.00000000000000e+00   2.09606986899563e-01 
 -1.06496167206405e-02  -1.16843851018340e-02   0.00000000000000e+00   2.11790393013100e-01 
 -1.05084757172494e-02  -1.15272081646273e-02   0.00000000000000e+00   2.13973799126638e-01 
 -1.03645456144466e-02  -1.13786333031462e-02   0.00000000000000e+00   2.16157205240175e-01 
 -1.02179627469924e-02  -1.12383291306911e-02   0.00000000000000e+00   2.18340611353712e-01 
 -1.00688634496469e-02  -1.11059642605623e-02   0.00000000000000e+00   2.20524017467249e-01 
 -9.91738405717044e-03  -1.09812073060601e-02   0.00000000000000e+00   2.22707423580786e-01 
 -9.76366090432334e-03  -1.08637268804849e-02   0.00000000000000e+00   2.24890829694323e-01 
 -9.60783032586582e-03  -1.07531915971371e-02   0.00000000000000e+00   2.27074235807860e-01 
 -9.45002865655817e-03  -1.06492700693170e-02   0.00000000000000e+00   2.29257641921397e-01 
 -9.29039223116065e-03  -1.05516309103250e-02   0.00000000000000e+00   2.31441048034934e-01 
 -9.12905738443353e-03  -1.04599427334613e-02   0.00000000000000e+00   2.33624454148472e-01 
 -8.96616045113708e-03  -1.03738741520264e-02   0.00000000000000e+00   2.35807860262009e-01 
 -8.80183776603156e-03  -1.02930937793206e-02   0.00000000000000e+00   2.37991266375546e-01 
 -8.63622566387725e-03  -1.02172702286443e-02   0.00000000000000e+00   2.40174672489083e-01 
 -8.46946047943441e-03  -1.01460721132978e-02   0.00000000000000e+00   2.42358078602620e-01 
 -8.30167854746331e-03  -1.00791680465814e-02   0.00000000000000e+00   2.44541484716157e-01 
 -8.13301620272423e-03  -1.00162266417956e-02   0.00000000000000e+00   2.46724890829694e-01 
 -7.96360977997742e-03  -9.95691651224058e-03   0.00000000000000e+00   2.48908296943231e-01 
 -7.79359561398316e-03  -9.90090627121680e-03   0.00000000000000e+00   2.51091703056769e-01 
 -7.62311003950172e-03  -9.84786453202456e-03   0.00000000000000e+00   2.53275109170306e-01 
 -7.45228939129336e-03  -9.79745990796424e-03   0.00000000000000e+00   2.55458515283843e-01 
 -7.28127000411836e-03  -9.74936101233617e-03   0.00000000000000e+00   2.57641921397380e-01 
 -7.11018821273698e-03  -9.70323645844072e-03   0.00000000000000e+00   2.59825327510917e-01 
 -6.93918035190949e-03  -9.65875485957822e-03   0.00000000000000e+00   2.62008733624454e-01 
 -6.76838275639617e-03  -9.61558482904903e-03   0.00000000000000e+00   2.64192139737991e-01 
 -6.59793176095727e-03  -9.57339498015350e-03   0.00000000000000e+00   2.66375545851528e-01 
 -6.42796370035307e-03  -9.53185392619198e-03   0.00000000000000e+00   2.68558951965065e-01 
 -6.25861490934383e-03  -9.49063028046482e-03   0.00000000000000e+00   2.70742358078603e-01 
 -6.09002172268983e-03  -9.44939265627237e-03   0.00000000000000e+00   2.72925764192140e-01 
 -5.92232047515133e-03  -9.40780966691498e-03   0.00000000000000e+00   2.75109170305677e-01 
 -5.75564750148861e-03  -9.36554992569300e-03   0.00000000000000e+00   2.77292576419214e-01 
 -5.59013913646193e-03  -9.32228204590678e-03   0.00000000000000e+00   2.79475982532751e-01 
 -5.42593171483155e-03  -9.27767464085668e-03   0.00000000000000e+00   2.81659388646288e-01 
 -5.26316157135775e-03  -9.23139632384303e-03   0.00000000000000e+00   2.83842794759825e-01 
 -5.10196504080080e-03  -9.18311570816620e-03   0.00000000000000e+00   2.86026200873362e-01 
 -4.94247845792097e-03  -9.13250140712652e-03   0.00000000000000e+00   2.88209606986900e-01 
 -4.78483815747852e-03  -9.07922203402436e-03   0.00000000000000e+00   2.90393013100437e-01 
 -4.62918047423372e-03  -9.02294620216007e-03   0.00000000000000e+00   2.92576419213974e-01 
 -4.47564174294685e-03  -8.96334252483398e-03   0.00000000000000e+00   2.94759825327511e-01 
 -4.32435829554629e-03  -8.90007962343599e-03   0.00000000000000e+00   2.96943231441048e-01 
 -4.17543288266696e-03  -8.83292204782489e-03   0.00000000000000e+00   2.99126637554585e-01 
 -4.02885115815259e-03  -8.76196884706190e-03   0.00000000000000e+00   3.01310043668122e-01 
 -3.88457326854397e-03  -8.68739193448076e-03   0.00000000000000e+00   3.03493449781659e-01 
 -3.74255936038183e-03  -8.60936322341525e-03   0.00000000000000e+00   3.05676855895196e-01 
 -3.60276958020694e-03  -8.52805462719912e-03   0.00000000000000e+00   3.07860262008734e-01 
 -3.46516407456007e-03  -8.44363805916614e-03   0.00000000000000e+00   3.10043668122271e-01 
 -3.32970298998196e-03  -8.35628543265006e-03   0.00000000000000e+00   3.12227074235808e-01 
 -3.19634647301339e-03  -8.26616866098466e-03   0.00000000000000e+00   3.14410480349345e-01 
 -3.06505467019511e-03  -8.17345965750369e-03   0.00000000000000e+00   3.16593886462882e-01 
 -2.93578772806787e-03  -8.07833033554091e-03   0.00000000000000e+00   3.18777292576419e-01 
 -2.80850579317244e-03  -7.98095260843009e-03   0.00000000000000e+00   3.20960698689956e-01 
 -2.68316901204958e-03  -7.88149838950499e-03   0.00000000000000e+00   3.23144104803493e-01 
 -2.55973753124005e-03  -7.78013959209937e-03   0.00000000000000e+00   3.25327510917031e-01 
 -2.43816539578958e-03  -7.67706825688149e-03   0.00000000000000e+00   3.27510917030568e-01 
 -2.31831543435654e-03  -7.57277732499314e-03   0.00000000000000e+00   3.29694323144105e-01 
 -2.19998029796593e-03  -7.46799123636385e-03   0.00000000000000e+00   3.31877729257642e-01 
 -2.08295083479249e-03  -7.36344037808377e-03   0.00000000000000e+00   3.34061135371179e-01 
 -1.96701789301093e-03  -7.25985513724309e-03   0.00000000000000e+00   3.36244541484716e-01 
 -1.85197232079597e-03  -7.15796590093196e-03   0.00000000000000e+00   3.38427947598253e-01 
 -1.73760496632232e-03  -7.05850305624055e-03   0.00000000000000e+00   3.40611353711790e-01 
 -1.62370667776472e-03  -6.96219699025902e-03   0.00000000000000e+00   3.42794759825327e-01 
 -1.51006830329788e-03  -6.86977809007756e-03   0.00000000000000e+00   3.44978165938865e-01 
 -1.39648069109651e-03  -6.78197674278631e-03   0.00000000000000e+00   3.47161572052402e-01 
 -1.28273506277513e-03  -6.69952292577849e-03   0.00000000000000e+00   3.49344978165939e-01 
 -1.16947204172100e-03  -6.62221474646928e-03   0.00000000000000e+00   3.51528384279476e-01 
 -1.05999122563234e-03  -6.54693317881338e-03   0.00000000000000e+00   3.53711790393013e-01 
 -9.58111109118748e-04  -6.46998992028300e-03   0.00000000000000e+00   3.55895196506550e-01 
 -8.67650186789832e-04  -6.38769666835037e-03   0.00000000000000e+00   3.58078602620087e-01 
 -7.92426953255188e-04  -6.29636512048772e-03   0.00000000000000e+00   3.60262008733624e-01 
 -7.36259903124419e-04  -6.19230697416726e-03   0.00000000000000e+00   3.62445414847162e-01 
 -7.02967531007121e-04  -6.07183392686121e-03   0.00000000000000e+00   3.64628820960699e-01 
 -6.98098962952632e-04  -5.93294320216046e-03   0.00000000000000e+00   3.66812227074236e-01 
 -7.39115390475117e-04  -5.78523362582677e-03   0.00000000000000e+00   3.68995633187773e-01 
 -8.47917017016219e-04  -5.64306605214527e-03   0.00000000000000e+00   3.71179039301310e-01 
 -1.02295353669132e-03  -5.51587753897087e-03   0.00000000000000e+00   3.73362445414847e-01 
 -1.23152017892849e-03  -5.40654607730520e-03   0.00000000000000e+00   3.75545851528384e-01 
 -1.43926589759222e-03  -5.31741228418135e-03   0.00000000000000e+00   3.77729257641921e-01 
 -1.62883050241988e-03  -5.24796865702773e-03   0.00000000000000e+00   3.79912663755459e-01 
 -1.80351863618931e-03  -5.19424371732291e-03   0.00000000000000e+00   3.82096069868996e-01 
 -1.96788306335059e-03  -5.15205676813820e-03   0.00000000000000e+00   3.84279475982533e-01 
 -2.12647654835379e-03  -5.11722711254494e-03   0.00000000000000e+00   3.86462882096070e-01 
 -2.28337208558251e-03  -5.08598384901015e-03   0.00000000000000e+00   3.88646288209607e-01 
 -2.43969710041824e-03  -5.05707203249571e-03   0.00000000000000e+00   3.90829694323144e-01 
 -2.59546182536096e-03  -5.03019096778220e-03   0.00000000000000e+00   3.93013100436681e-01 
 -2.75067436077380e-03  -5.00504178081394e-03   0.00000000000000e+00   3.95196506550218e-01 
 -2.90534280701991e-03  -4.98132559753530e-03   0.00000000000000e+00   3.97379912663755e-01 
 -3.05947526446243e-03  -4.95874354389061e-03   0.00000000000000e+00   3.99563318777293e-01 
 -3.21307983346451e-03  -4.93699674582420e-03   0.00000000000000e+00   4.01746724890830e-01 
 -3.36616461438927e-03  -4.91578632928043e-03   0.00000000000000e+00   4.03930131004367e-01 
 -3.51873770759986e-03  -4.89481342020363e-03   0.00000000000000e+00   4.06113537117904e-01 
 -3.67080721345943e-03  -4.87377914453814e-03   0.00000000000000e+00   4.08296943231441e-01 
 -3.82238123233111e-03  -4.85238462822831e-03   0.00000000000000e+00   4.10480349344978e-01 
 -3.97346786457804e-03  -4.83033099721848e-03   0.00000000000000e+00   4.12663755458515e-01 
 -4.12407521056337e-03  -4.80731937745298e-03   0.00000000000000e+00   4.14847161572052e-01 
 -4.27421137065024e-03  -4.78305089487617e-03   0.00000000000000e+00   4.17030567685589e-01 
 -4.42388444520178e-03  -4.75722667543237e-03   0.00000000000000e+00   4.19213973799127e-01 
 -4.57310253458114e-03  -4.72954784506594e-03   0.00000000000000e+00   4.21397379912664e-01 
 -4.72187373915145e-03  -4.69971552972121e-03   0.00000000000000e+00   4.23580786026201e-01 
 -4.87020615927587e-03  -4.66743085534253e-03   0.00000000000000e+00   4.25764192139738e-01 
 -5.01810789531752e-03  -4.63239494787423e-03   0.00000000000000e+00   4.27947598253275e-01 
 -5.16558704763955e-03  -4.59430893326066e-03   0.00000000000000e+00   4.30131004366812e-01 
 -5.31265171660510e-03  -4.55287393744616e-03   0.00000000000000e+00   4.32314410480349e-01 
 -5.45931000257731e-03  -4.50779108637507e-03   0.00000000000000e+00   4.34497816593886e-01 
 -5.60557000591933e-03  -4.45876150599173e-03   0.00000000000000e+00   4.36681222707424e-01 
 -5.75143982699429e-03  -4.40548632224049e-03   0.00000000000000e+00   4.38864628820961e-01 
 -5.89692756616533e-03  -4.34766666106568e-03   0.00000000000000e+00   4.41048034934498e-01 
 -6.04204132379559e-03  -4.28500364841165e-03   0.00000000000000e+00   4.43231441048035e-01 
 -6.18678920024822e-03  -4.21719841022273e-03   0.00000000000000e+00   4.45414847161572e-01 
 -6.33117929588635e-03  -4.14395207244328e-03   0.00000000000000e+00   4.47598253275109e-01 
 -6.47521971107313e-03  -4.06496576101762e-03   0.00000000000000e+00   4.49781659388646e-01 
 -6.61891854617170e-03  -3.97994060189011e-03   0.00000000000000e+00   4.51965065502183e-01 
 -6.76228390154519e-03  -3.88857772100508e-03   0.00000000000000e+00   4.54148471615720e-01 
 -6.90532387755675e-03  -3.79057824430687e-03   0.00000000000000e+00   4.56331877729258e-01 
 -7.04804657456952e-03  -3.68564329773983e-03   0.00000000000000e+00   4.58515283842795e-01 
 -7.19046009294664e-03  -3.57347400724830e-03   0.00000000000000e+00   4.60698689956332e-01 
 -7.33257253305125e-03  -3.45377149877661e-03   0.00000000000000e+00   4.62882096069869e-01 
 -7.47439199524649e-03  -3.32623689826911e-03   0.00000000000000e+00   4.65065502183406e-01 
 -7.61592657989550e-03  -3.19057133167015e-03   0.00000000000000e+00   4.67248908296943e-01 
 -7.75718438736142e-03  -3.04647592492406e-03   0.00000000000000e+00   4.69432314410480e-01 
 -7.89817351800740e-03  -2.89365180397518e-03   0.00000000000000e+00   4.71615720524017e-01 
 -8.03890207219657e-03  -2.73180009476786e-03   0.00000000000000e+00   4.73799126637555e-01 
 -8.17937815029207e-03  -2.56062192324643e-03   0.00000000000000e+00   4.75982532751092e-01 
 -8.31960985265705e-03  -2.37981841535525e-03   0.00000000000000e+00   4.78165938864629e-01 
 -8.45960527965464e-03  -2.18909069703864e-03   0.00000000000000e+00   4.80349344978166e-01 
 -8.59834569999411e-03  -1.98830306053566e-03   0.00000000000000e+00   4.82532751091703e-01 
 -8.72998209342563e-03  -1.77808734391311e-03   0.00000000000000e+00   4.84716157205240e-01 
 -8.84724640211758e-03  -1.55930087410292e-03   0.00000000000000e+00   4.86899563318777e-01 
 -8.94288704051488e-03  -1.33279478054190e-03   0.00000000000000e+00   4.89082969432314e-01 
 -9.01305123309669e-03  -1.09814987527933e-03   0.00000000000000e+00   4.91266375545852e-01 
 -9.06140477166034e-03  -8.52136878980268e-04   0.00000000000000e+00   4.93449781659389e-01 
 -9.09262081825543e-03  -5.91150004080620e-04   0.00000000000000e+00   4.95633187772926e-01 
 -9.11129658034984e-03  -3.11715581181106e-04   0.00000000000000e+00   4.97816593886463e-01 
 -9.11895758815296e-03  -1.57029281389297e-05   0.00000000000000e+00   5.00000000000000e-01 
 -9.11306894722424e-03   2.87955786721362e-04   0.00000000000000e+00   5.02183406113537e-01 
 -9.09081721890589e-03   5.89843885122593e-04   0.00000000000000e+00   5.04366812227074e-01 
 -9.04938896454010e-03   8.80544688787532e-04   0.00000000000000e+00   5.06550218340611e-01 
 -8.98635620756898e-03   1.15135415525096e-03   0.00000000000000e+00   5.08733624454148e-01 
 -8.90303573066837e-03   1.40049148959331e-03   0.00000000000000e+00   5.10917030567686e-01 
 -8.80285119534848e-03   1.63007105885577e-03   0.00000000000000e+00   5.13100436681223e-01 
 -8.68924978078683e-03   1.84225070914510e-03   0.00000000000000e+00   5.15283842794760e-01 
 -8.56567866616093e-03   2.03918828656805e-03   0.00000000000000e+00   5.17467248908297e-01 
 -8.43558503064827e-03   2.22304163723139e-03   0.00000000000000e+00   5.19650655021834e-01 
 -8.30241605342637e-03   2.39596860724184e-03   0.00000000000000e+00   5.21834061135371e-01 
 -8.16961891367272e-03   2.56012704270620e-03   0.00000000000000e+00   5.24017467248908e-01 
 -8.04041330735289e-03   2.71764583186291e-03   0.00000000000000e+00   5.26200873362445e-01 
 -7.91363813164295e-03   2.87009620160399e-03   0.00000000000000e+00   5.28384279475983e-01 
 -7.78417795920983e-03   3.01854600625488e-03   0.00000000000000e+00   5.30567685589520e-01 
 -7.64683718973337e-03   3.16402344247111e-03   0.00000000000000e+00   5.32751091703057e-01 
 -7.49994204864859e-03   3.30632486080960e-03   0.00000000000000e+00   5.34934497816594e-01 
 -7.34717529312336e-03   3.44337303170846e-03   0.00000000000000e+00   5.37117903930131e-01 
 -7.19266383440724e-03   3.57293668819726e-03   0.00000000000000e+00   5.39301310043668e-01 
 -7.03935843015787e-03   3.69351387183625e-03   0.00000000000000e+00   5.41484716157205e-01 
 -6.88751138788237e-03   3.80527587734561e-03   0.00000000000000e+00   5.43668122270742e-01 
 -6.73699809788054e-03   3.90862771801470e-03   0.00000000000000e+00   5.45851528384279e-01 
 -6.58769395045216e-03   4.00397440713291e-03   0.00000000000000e+00   5.48034934497817e-01 
 -6.43947433589702e-03   4.09172095798960e-03   0.00000000000000e+00   5.50218340611354e-01 
 -6.29221464451491e-03   4.17227238387415e-03   0.00000000000000e+00   5.52401746724891e-01 
 -6.14579026660562e-03   4.24603369807592e-03   0.00000000000000e+00   5.54585152838428e-01 
 -6.00007659246894e-03   4.31340991388430e-03   0.00000000000000e+00   5.56768558951965e-01 
 -5.85494901240466e-03   4.37480604458865e-03   0.00000000000000e+00   5.58951965065502e-01 
 -5.71028291671256e-03   4.43062710347835e-03   0.00000000000000e+00   5.61135371179039e-01 
 -5.56595369569243e-03   4.48127810384276e-03   0.00000000000000e+00   5.63318777292576e-01 
 -5.42183673964408e-03   4.52716405897127e-03   0.00000000000000e+00   5.65502183406113e-01 
 -5.27780743886726e-03   4.56868998215324e-03   0.00000000000000e+00   5.67685589519651e-01 
 -5.13374118366179e-03   4.60626088667804e-03   0.00000000000000e+00   5.69868995633188e-01 
 -4.98951336432745e-03   4.64028178583505e-03   0.00000000000000e+00   5.72052401746725e-01 
 -4.84499937116403e-03   4.67115769291364e-03   0.00000000000000e+00   5.74235807860262e-01 
 -4.70007459447131e-03   4.69929362120319e-03   0.00000000000000e+00   5.76419213973799e-01 
 -4.55461442454910e-03   4.72509458399306e-03   0.00000000000000e+00   5.78602620087336e-01 
 -4.40849425169716e-03   4.74896559457263e-03   0.00000000000000e+00   5.80786026200873e-01 
 -4.26158946621530e-03   4.77131166623127e-03   0.00000000000000e+00   5.82969432314410e-01 
 -4.11377545840330e-03   4.79253781225835e-03   0.00000000000000e+00   5.85152838427948e-01 
 -3.96492761856095e-03   4.81304904594325e-03   0.00000000000000e+00   5.87336244541485e-01 
 -3.81492133698804e-03   4.83325038057534e-03   0.00000000000000e+00   5.89519650655022e-01 
 -3.66363200398436e-03   4.85354682944398e-03   0.00000000000000e+00   5.91703056768559e-01 
 -3.51093500984969e-03   4.87434340583856e-03   0.00000000000000e+00   5.93886462882096e-01 
 -3.35670574488383e-03   4.89604512304845e-03   0.00000000000000e+00   5.96069868995633e-01 
 -3.20081959938657e-03   4.91905699436301e-03   0.00000000000000e+00   5.98253275109170e-01 
 -3.04315196365769e-03   4.94378403307162e-03   0.00000000000000e+00   6.00436681222707e-01 
 -2.88357822799698e-03   4.97063125246365e-03   0.00000000000000e+00   6.02620087336245e-01 
 -2.72197378270423e-03   5.00000366582848e-03   0.00000000000000e+00   6.04803493449782e-01 
 -2.55821401807923e-03   5.03230628645548e-03   0.00000000000000e+00   6.06986899563319e-01 
 -2.39217432442178e-03   5.06794412763401e-03   0.00000000000000e+00   6.09170305676856e-01 
 -2.22373009203164e-03   5.10732220265346e-03   0.00000000000000e+00   6.11353711790393e-01 
 -2.05275671120863e-03   5.15084552480320e-03   0.00000000000000e+00   6.13537117903930e-01 
 -1.87912957225251e-03   5.19891910737259e-03   0.00000000000000e+00   6.15720524017467e-01 
 -1.70272406546309e-03   5.25194796365101e-03   0.00000000000000e+00   6.17903930131004e-01 
 -1.52341558114015e-03   5.31033710692783e-03   0.00000000000000e+00   6.20087336244541e-01 
 -1.34107950958349e-03   5.37449155049243e-03   0.00000000000000e+00   6.22270742358079e-01 
 -1.15795278470624e-03   5.44653440618762e-03   0.00000000000000e+00   6.24454148471616e-01 
 -9.86465140419820e-04   5.53600437404763e-03   0.00000000000000e+00   6.26637554585153e-01 
 -8.41795687797622e-04   5.65444041397827e-03   0.00000000000000e+00   6.28820960698690e-01 
 -7.37597881454576e-04   5.80756834033538e-03   0.00000000000000e+00   6.31004366812227e-01 
 -6.80633426193871e-04   5.97485519734538e-03   0.00000000000000e+00   6.33187772925764e-01 
 -6.75718999897375e-04   6.12835713704958e-03   0.00000000000000e+00   6.35371179039301e-01 
 -7.25587013261504e-04   6.24362811377807e-03   0.00000000000000e+00   6.37554585152838e-01 
 -8.14225353511161e-04   6.32768466531472e-03   0.00000000000000e+00   6.39737991266376e-01 
 -9.16388578866523e-04   6.40355534007643e-03   0.00000000000000e+00   6.41921397379913e-01 
 -1.01985720373960e-03   6.48230911102874e-03   0.00000000000000e+00   6.44104803493450e-01 
 -1.12425636174896e-03   6.56407813572956e-03   0.00000000000000e+00   6.46288209606987e-01 
 -1.22963663113998e-03   6.64860173434219e-03   0.00000000000000e+00   6.48471615720524e-01 
 -1.33604859015802e-03   6.73561922702994e-03   0.00000000000000e+00   6.50655021834061e-01 
 -1.44354281704846e-03   6.82486993395610e-03   0.00000000000000e+00   6.52838427947598e-01 
 -1.55216989005667e-03   6.91609317528398e-03   0.00000000000000e+00   6.55021834061135e-01 
 -1.66198038742801e-03   7.00902827117687e-03   0.00000000000000e+00   6.57205240174672e-01 
 -1.77302488740787e-03   7.10341454179808e-03   0.00000000000000e+00   6.59388646288210e-01 
 -1.88535396824159e-03   7.19899130731091e-03   0.00000000000000e+00   6.61572052401747e-01 
 -1.99901820817457e-03   7.29549788787865e-03   0.00000000000000e+00   6.63755458515284e-01 
 -2.11406818545216e-03   7.39267360366460e-03   0.00000000000000e+00   6.65938864628821e-01 
 -2.23055447831975e-03   7.49025777483207e-03   0.00000000000000e+00   6.68122270742358e-01 
 -2.34852766502269e-03   7.58798972154435e-03   0.00000000000000e+00   6.70305676855895e-01 
 -2.46803832380636e-03   7.68560876396475e-03   0.00000000000000e+00   6.72489082969432e-01 
 -2.58913703291613e-03   7.78285422225657e-03   0.00000000000000e+00   6.74672489082969e-01 
 -2.71187437059737e-03   7.87946541658310e-03   0.00000000000000e+00   6.76855895196506e-01 
 -2.83630091509545e-03   7.97518166710765e-03   0.00000000000000e+00   6.79039301310044e-01 
 -2.96246724465573e-03   8.06974229399351e-03   0.00000000000000e+00   6.81222707423581e-01 
 -3.09042393752361e-03   8.16288661740399e-03   0.00000000000000e+00   6.83406113537118e-01 
 -3.22022157194442e-03   8.25435395750238e-03   0.00000000000000e+00   6.85589519650655e-01 
 -3.35191072616357e-03   8.34388363445200e-03   0.00000000000000e+00   6.87772925764192e-01 
 -3.48554197842640e-03   8.43121496841612e-03   0.00000000000000e+00   6.89956331877729e-01 
 -3.62116590697830e-03   8.51608727955807e-03   0.00000000000000e+00   6.92139737991266e-01 
 -3.75883309006462e-03   8.59823988804113e-03   0.00000000000000e+00   6.94323144104803e-01 
 -3.89859410593075e-03   8.67741211402861e-03   0.00000000000000e+00   6.96506550218341e-01 
 -4.04049953282205e-03   8.75334327768380e-03   0.00000000000000e+00   6.98689956331878e-01 
 -4.18459994898389e-03   8.82577269917001e-03   0.00000000000000e+00   7.00873362445415e-01 
 -4.33094593266164e-03   8.89443969865054e-03   0.00000000000000e+00   7.03056768558952e-01 
 -4.47958806210068e-03   8.95908359628868e-03   0.00000000000000e+00   7.05240174672489e-01 
 -4.63057094824178e-03   9.01946640209140e-03   0.00000000000000e+00   7.07423580786026e-01 
 -4.78384309794508e-03   9.07571554843135e-03   0.00000000000000e+00   7.09606986899563e-01 
 -4.93927538847813e-03   9.12825364338249e-03   0.00000000000000e+00   7.11790393013100e-01 
 -5.09673647756963e-03   9.17751173450551e-03   0.00000000000000e+00   7.13973799126637e-01 
 -5.25609502294834e-03   9.22392086936112e-03   0.00000000000000e+00   7.16157205240175e-01 
 -5.41721968234297e-03   9.26791209551002e-03   0.00000000000000e+00   7.18340611353712e-01 
 -5.57997911348228e-03   9.30991646051292e-03   0.00000000000000e+00   7.20524017467249e-01 
 -5.74424197409497e-03   9.35036501193050e-03   0.00000000000000e+00   7.22707423580786e-01 
 -5.90987692190979e-03   9.38968879732347e-03   0.00000000000000e+00   7.24890829694323e-01 
 -6.07675261465547e-03   9.42831886425254e-03   0.00000000000000e+00   7.27074235807860e-01 
 -6.24473771006074e-03   9.46668626027839e-03   0.00000000000000e+00   7.29257641921397e-01 
 -6.41370086585435e-03   9.50522203296174e-03   0.00000000000000e+00   7.31441048034934e-01 
 -6.58351073976500e-03   9.54435722986328e-03   0.00000000000000e+00   7.33624454148472e-01 
 -6.75403598952145e-03   9.58452289854371e-03   0.00000000000000e+00   7.35807860262009e-01 
 -6.92514527285241e-03   9.62615008656373e-03   0.00000000000000e+00   7.37991266375546e-01 
 -7.09670724748664e-03   9.66966984148405e-03   0.00000000000000e+00   7.40174672489083e-01 
 -7.26859055083799e-03   9.71551309958206e-03   0.00000000000000e+00   7.42358078602620e-01 
 -7.44065563350847e-03   9.76406595036550e-03   0.00000000000000e+00   7.44541484716157e-01 
 -7.61274225714014e-03   9.81560115070021e-03   0.00000000000000e+00   7.46724890829694e-01 
 -7.78468696533356e-03   9.87037382925101e-03   0.00000000000000e+00   7.48908296943231e-01 
 -7.95632630168932e-03   9.92863911468268e-03   0.00000000000000e+00   7.51091703056769e-01 
 -8.12749680980796e-03   9.99065213566003e-03   0.00000000000000e+00   7.53275109170306e-01 
 -8.29803503329006e-03   1.00566680208479e-02   0.00000000000000e+00   7.55458515283843e-01 
 -8.46777751573618e-03   1.01269418989110e-02   0.00000000000000e+00   7.57641921397380e-01 
 -8.63656080074690e-03   1.02017288985142e-02   0.00000000000000e+00   7.59825327510917e-01 
 -8.80422143192276e-03   1.02812841483222e-02   0.00000000000000e+00   7.62008733624454e-01 
 -8.97059595286435e-03   1.03658627770000e-02   0.00000000000000e+00   7.64192139737991e-01 
 -9.13552090717222e-03   1.04557199132122e-02   0.00000000000000e+00   7.66375545851528e-01 
 -9.29883283844694e-03   1.05511106856236e-02   0.00000000000000e+00   7.68558951965066e-01 
 -9.46036829028908e-03   1.06522902228992e-02   0.00000000000000e+00   7.70742358078603e-01 
 -9.61996380629920e-03   1.07595136537036e-02   0.00000000000000e+00   7.72925764192140e-01 
 -9.77745593007787e-03   1.08730361067017e-02   0.00000000000000e+00   7.75109170305677e-01 
 -9.93268120522565e-03   1.09931127105582e-02   0.00000000000000e+00   7.77292576419214e-01 
 -1.00854761753431e-02   1.11199985939381e-02   0.00000000000000e+00   7.79475982532751e-01 
 -1.02356773840308e-02   1.12539488855060e-02   0.00000000000000e+00   7.81659388646288e-01 
 -1.03831213748894e-02   1.13952187139267e-02   0.00000000000000e+00   7.83842794759825e-01 
 -1.05276446915193e-02   1.15440632078652e-02   0.00000000000000e+00   7.86026200873362e-01 
 -1.06690838775211e-02   1.17007374959860e-02   0.00000000000000e+00   7.88209606986900e-01 
 -1.08072754764955e-02   1.18654967069542e-02   0.00000000000000e+00   7.90393013100437e-01 
 -1.09420560320429e-02   1.20385959694344e-02   0.00000000000000e+00   7.92576419213974e-01 
 -1.10732620877640e-02   1.22202904120915e-02   0.00000000000000e+00   7.94759825327511e-01 
 -1.12007301872593e-02   1.24108351635902e-02   0.00000000000000e+00   7.96943231441048e-01 
 -1.13240532717776e-02   1.26105399131105e-02   0.00000000000000e+00   7.99126637554585e-01 
 -1.14418433789139e-02   1.28199340464327e-02   0.00000000000000e+00   8.01310043668122e-01 
 -1.15524656859817e-02   1.30396022395428e-02   0.00000000000000e+00   8.03493449781659e-01 
 -1.16542853702920e-02   1.32701291684275e-02   0.00000000000000e+00   8.05676855895196e-01 
 -1.17456676091558e-02   1.35120995090732e-02   0.00000000000000e+00   8.07860262008734e-01 
 -1.18249775798839e-02   1.37660979374666e-02   0.00000000000000e+00   8.10043668122271e-01 
 -1.18905804597874e-02   1.40327091295942e-02   0.00000000000000e+00   8.12227074235808e-01 
 -1.19408414261772e-02   1.43125177614425e-02   0.00000000000000e+00   8.14410480349345e-01 
 -1.19742329274857e-02   1.46059148319708e-02   0.00000000000000e+00   8.16593886462882e-01 
 -1.19904293802730e-02   1.49111211976922e-02   0.00000000000000e+00   8.18777292576419e-01 
 -1.19898597915119e-02   1.52249953090402e-02   0.00000000000000e+00   8.20960698689956e-01 
 -1.19729648393133e-02   1.55443745443158e-02   0.00000000000000e+00   8.23144104803493e-01 
 -1.19401852017878e-02   1.58660962818201e-02   0.00000000000000e+00   8.25327510917030e-01 
 -1.18919615570463e-02   1.61869978998543e-02   0.00000000000000e+00   8.27510917030568e-01 
 -1.18287345831995e-02   1.65039167767192e-02   0.00000000000000e+00   8.29694323144105e-01 
 -1.17509449583582e-02   1.68136902907161e-02   0.00000000000000e+00   8.31877729257642e-01 
 -1.16590333606331e-02   1.71131558201459e-02   0.00000000000000e+00   8.34061135371179e-01 
 -1.15534404681350e-02   1.73991507433098e-02   0.00000000000000e+00   8.36244541484716e-01 
 -1.14346069589747e-02   1.76685124385087e-02   0.00000000000000e+00   8.38427947598253e-01 
 -1.13029735112629e-02   1.79180782840438e-02   0.00000000000000e+00   8.40611353711790e-01 
 -1.11592213259503e-02   1.81453569219127e-02   0.00000000000000e+00   8.42794759825327e-01 
 -1.10069229730324e-02   1.83559263777709e-02   0.00000000000000e+00   8.44978165938865e-01 
 -1.08515179278747e-02   1.85606300174860e-02   0.00000000000000e+00   8.47161572052402e-01 
 -1.06955234883496e-02   1.87657936601831e-02   0.00000000000000e+00   8.49344978165939e-01 
 -1.05367121919488e-02   1.89703400051064e-02   0.00000000000000e+00   8.51528384279476e-01 
 -1.03724288010846e-02   1.91725243057401e-02   0.00000000000000e+00   8.53711790393013e-01 
 -1.02000180781694e-02   1.93706018155689e-02   0.00000000000000e+00   8.55895196506550e-01 
 -1.00168247856155e-02   1.95628277880771e-02   0.00000000000000e+00   8.58078602620087e-01 
 -9.82019368583512e-03   1.97474574767493e-02   0.00000000000000e+00   8.60262008733624e-01 
 -9.60845367417081e-03   1.99234925532145e-02   0.00000000000000e+00   8.62445414847162e-01 
 -9.38420881296281e-03   2.00931772004745e-02   0.00000000000000e+00   8.64628820960699e-01 
 -9.15122377308881e-03   2.02596358680522e-02   0.00000000000000e+00   8.66812227074236e-01 
 -8.91326324766832e-03   2.04259930223404e-02   0.00000000000000e+00   8.68995633187773e-01 
 -8.67346698982851e-03   2.05937951293348e-02   0.00000000000000e+00   8.71179039301310e-01 
 -8.43171090204143e-03   2.07563472915541e-02   0.00000000000000e+00   8.73362445414847e-01 
 -8.18680887132182e-03   2.09042729767470e-02   0.00000000000000e+00   8.75545851528384e-01 
 -7.93757421258421e-03   2.10281942080839e-02   0.00000000000000e+00   8.77729257641921e-01 
 -7.68302258147190e-03   2.11192133274500e-02   0.00000000000000e+00   8.79912663755459e-01 
 -7.42578846157298e-03   2.11770230915031e-02   0.00000000000000e+00   8.82096069868996e-01 
 -7.17162929739808e-03   2.12087295769188e-02   0.00000000000000e+00   8.84279475982533e-01 
 -6.92640502512429e-03   2.12216821562517e-02   0.00000000000000e+00   8.86462882096070e-01 
 -6.69504326236758e-03   2.12222714513182e-02   0.00000000000000e+00   8.88646288209607e-01 
 -6.47813632982796e-03   2.12124298769523e-02   0.00000000000000e+00   8.90829694323144e-01 
 -6.27501737863261e-03   2.11927949796803e-02   0.00000000000000e+00   8.93013100436681e-01 
 -6.08501942295528e-03   2.11640041651921e-02   0.00000000000000e+00   8.95196506550218e-01 
 -5.90747547696976e-03   2.11266948391778e-02   0.00000000000000e+00   8.97379912663755e-01 
 -5.74171855484978e-03   2.10815044073275e-02   0.00000000000000e+00   8.99563318777293e-01 
 -5.58708167076913e-03   2.10290702753313e-02   0.00000000000000e+00   9.01746724890830e-01 
 -5.44289783890157e-03   2.09700298488792e-02   0.00000000000000e+00   9.03930131004367e-01 
 -5.30850007342086e-03   2.09050205336612e-02   0.00000000000000e+00   9.06113537117904e-01 
 -5.18322138850078e-03   2.08346797353675e-02   0.00000000000000e+00   9.08296943231441e-01 
 -5.06639479831507e-03   2.07596448596880e-02   0.00000000000000e+00   9.10480349344978e-01 
 -4.95735331703752e-03   2.06805533123128e-02   0.00000000000000e+00   9.12663755458515e-01 
 -4.85542995884189e-03   2.05980424989320e-02   0.00000000000000e+00   9.14847161572052e-01 
 -4.75995773790194e-03   2.05127498252356e-02   0.00000000000000e+00   9.17030567685589e-01 
 -4.67026966839144e-03   2.04253126969138e-02   0.00000000000000e+00   9.19213973799127e-01 
 -4.58569876448415e-03   2.03363685196564e-02   0.00000000000000e+00   9.21397379912664e-01 
 -4.50557804035384e-03   2.02465546991537e-02   0.00000000000000e+00   9.23580786026201e-01 
 -4.42924051017428e-03   2.01565086410956e-02   0.00000000000000e+00   9.25764192139738e-01 
 -4.35601918811923e-03   2.00668677511722e-02   0.00000000000000e+00   9.27947598253275e-01 
 -4.28524708836245e-03   1.99782694350736e-02   0.00000000000000e+00   9.30131004366812e-01 
 -4.21625722507772e-03   1.98913510984898e-02   0.00000000000000e+00   9.32314410480349e-01 
 -4.14838261243879e-03   1.98067501471109e-02   0.00000000000000e+00   9.34497816593886e-01 
 -4.08097397725824e-03   1.97250884752388e-02   0.00000000000000e+00   9.36681222707423e-01 
 -4.01379297245635e-03   1.96466281191987e-02   0.00000000000000e+00   9.38864628820961e-01 
 -3.94701415083046e-03   1.95712695288619e-02   0.00000000000000e+00   9.41048034934498e-01 
 -3.88083017257339e-03   1.94988972970132e-02   0.00000000000000e+00   9.43231441048035e-01 
 -3.81543369787798e-03   1.94293960164375e-02   0.00000000000000e+00   9.45414847161572e-01 
 -3.75101738693707e-03   1.93626502799196e-02   0.00000000000000e+00   9.47598253275109e-01 
 -3.68777389994350e-03   1.92985446802444e-02   0.00000000000000e+00   9.49781659388646e-01 
 -3.62589589709010e-03   1.92369638101968e-02   0.00000000000000e+00   9.51965065502183e-01 
 -3.56557603856972e-03   1.91777922625616e-02   0.00000000000000e+00   9.54148471615720e-01 
 -3.50700698457519e-03   1.91209146301239e-02   0.00000000000000e+00   9.56331877729258e-01 
 -3.45038139529935e-03   1.90662155056683e-02   0.00000000000000e+00   9.58515283842795e-01 
 -3.39589193093504e-03   1.90135794819798e-02   0.00000000000000e+00   9.60698689956332e-01 
 -3.34373125167509e-03   1.89628911518434e-02   0.00000000000000e+00   9.62882096069869e-01 
 -3.29409201771234e-03   1.89140351080438e-02   0.00000000000000e+00   9.65065502183406e-01 
 -3.24716688923963e-03   1.88668959433659e-02   0.00000000000000e+00   9.67248908296943e-01 
 -3.20314852644980e-03   1.88213582505946e-02   0.00000000000000e+00   9.69432314410480e-01 
 -3.16222958953569e-03   1.87773066225148e-02   0.00000000000000e+00   9.71615720524017e-01 
 -3.12459906014441e-03   1.87346308901050e-02   0.00000000000000e+00   9.73799126637555e-01 
 -3.09032370716647e-03   1.86933949134643e-02   0.00000000000000e+00   9.75982532751092e-01 
 -3.05932261928912e-03   1.86538728470723e-02   0.00000000000000e+00   9.78165938864629e-01 
 -3.03150605588824e-03   1.86163514182149e-02   0.00000000000000e+00   9.80349344978166e-01 
 -3.00678427633968e-03   1.85811173541777e-02   0.00000000000000e+00   9.82532751091703e-01 
 -2.98506754001929e-03   1.85484573822464e-02   0.00000000000000e+00   9.84716157205240e-01 
 -2.96626610630295e-03   1.85186582297068e-02   0.00000000000000e+00   9.86899563318777e-01 
 -2.95029023456652e-03   1.84920066238447e-02   0.00000000000000e+00   9.89082969432314e-01 
 -2.93705018418584e-03   1.84687892919458e-02   0.00000000000000e+00   9.91266375545852e-01 
 -2.92645621453680e-03   1.84492929612959e-02   0.00000000000000e+00   9.93449781659389e-01 
 -2.91841858499523e-03   1.84338043591806e-02   0.00000000000000e+00   9.95633187772926e-01 
 -2.91284755493701e-03   1.84226102128857e-02   0.00000000000000e+00   9.97816593886463e-01 
 -2.90965338373799e-03   1.84159972496970e-02   0.00000000000000e+00   1.00000000000000e+00 
