1	0.000431064282636
2	0.000257014391730
3	0.000084844796644
4	0.000039559286813
5	0.000033944831670
6	0.000030720796967
7	0.000030099215228
8	0.000014311832980
9	0.000012482245905
10	0.000011052233024
11	0.000010122966801
12	0.000009576092288
13	0.000008040713992
14	0.000007950460535
15	0.000007819495092
16	0.000006034673736
17	0.000005824171878
18	0.000005655271175
19	0.000005548340307
20	0.000005483597398
21	0.000004517923393
22	0.000003810741599
23	0.000003740888517
24	0.000003683898465
25	0.000003332568314
26	0.000003137503932
27	0.000003036789880
28	0.000002964873885
29	0.000002919237118
30	0.000002885776676
31	0.000002316570020
32	0.000002290263868
33	0.000002265932455
34	0.000002169698333
35	0.000002087835332
36	0.000002030423875
37	0.000001992754911
38	0.000001780353685
39	0.000001760161788
40	0.000001594206902
41	0.000001560897702
42	0.000001531925228
43	0.000001510471233
44	0.000001495195988
45	0.000001458390565
46	0.000001423482454
47	0.000001395908191
48	0.000001375947382
49	0.000001361527062
50	0.000001286724629
51	0.000001233534625
52	0.000001200672214
53	0.000001181424557
54	0.000001169202949
55	0.000001157482834
56	0.000001043916660
57	0.000000963708536
58	0.000000916128599
59	0.000000906315668
60	0.000000877359588
61	0.000000858037735
62	0.000000843614504
63	0.000000832393704
64	0.000000823494772
65	0.000000763401508
66	0.000000728237937
67	0.000000720778848
68	0.000000690369222
69	0.000000666271036
70	0.000000647550606
71	0.000000633635509
72	0.000000626578026
73	0.000000540053800
74	0.000000522121846
75	0.000000506415987
76	0.000000493983458
77	0.000000484705195
78	0.000000478127504
79	0.000000385341481
80	0.000000369769854
81	0.000000356602101
82	0.000000346495973
83	0.000000338545297
84	0.000000332278022
85	0.000000327573433
86	0.000000261666987
87	0.000000251670037
88	0.000000243520834
89	0.000000237279834
90	0.000000232598166
91	0.000000229105405
92	0.000000176074630
93	0.000000168808048
94	0.000000162825420
95	0.000000158259663
96	0.000000154720225
97	0.000000151848683
98	0.000000149713306
99	0.000000118487184
100	0.000000114355283
101	0.000000111013383
102	0.000000108509132
103	0.000000106590212
104	0.000000105169242
105	0.000000083509335
