-161.05240075734	719.09997558594	0.00000000000
-111.77417414651	720.20947916865	0.00000000000
-59.46992932926	716.70429190060	0.00000000000
-4.80382131630	722.97981472030	0.00000000000
1.75424199885	735.23720837315	0.00000000000
9.79215089761	718.93577275669	0.00000000000
28.83130724708	721.72687323262	0.00000000000
48.86426903589	719.48546615262	0.00000000000
71.56131557545	718.78971399476	0.00000000000
78.61478549131	737.42827384189	0.00000000000
88.80453339831	752.15908952010	0.00000000000
103.47297418165	746.07461807323	0.00000000000
206.13676549173	755.30625167467	0.00000000000
322.29543007381	734.95580920301	0.00000000000
431.00694289794	753.08724567295	0.00000000000
448.49638872165	769.37429566245	0.00000000000
454.13862570078	801.64277841956	0.00000000000
468.10166938564	790.51507626767	0.00000000000
479.53391179821	747.74933751812	0.00000000000
504.29877599906	749.76167497782	0.00000000000
525.34246765111	750.28198615539	0.00000000000
546.94316196546	769.45891263127	0.00000000000
562.03342162091	790.80035860455	0.00000000000
572.91847538735	794.83154756808	0.00000000000
588.44180682648	782.33137280000	0.00000000000
607.94267830932	756.42309548821	0.00000000000
677.48946329385	747.81360105753	0.00000000000
777.37742014432	747.02662730471	0.00000000000
1046.64585599256	753.59204783441	0.00000000000
1429.30621019314	750.38907406281	0.00000000000
2103.89402913336	748.63417484846	0.00000000000
2902.40283342947	746.14256117046	0.00000000000
3500.92711842790	743.44981964727	0.00000000000
3785.05273100123	750.59997558594	0.00000000000
