0.00000000000 -1.0
0.00000000000 -1.0
0.00000000000 -1.0
0.00000000000 -1.0
123.31578536746 -1.0
131.02302195292 -1.0
138.73025853839 -1.0
146.43749512385 -1.0
154.14473170932 -1.0
184.97367805118 -1.0
200.38815122212 -1.0
208.09538780758 -1.0
215.80262439305 -1.0
231.21709756398 -1.0
246.63157073491 -1.0
493.26314146982 -1.0
524.09208781169 -1.0
539.50656098262 -1.0
547.21379756808 -1.0
554.92103415355 -1.0
585.74998049541 -1.0
601.16445366635 -1.0
616.57892683728 -1.0
647.40787317914 -1.0
662.82234635007 -1.0
670.52958293554 -1.0
678.23681952100 -1.0
709.06576586287 -1.0
739.89471220473 -1.0
863.21049757219 -1.0
986.52628293964 -1.0
1479.78942440947 -1.0
1973.05256587929 -1.0
2959.57884881893 -1.0
3946.10513175857 -1.0
3946.10513175857 -1.0
3946.10513175857 -1.0
3946.10513175857 -1.0
