-161.05240075734	719.20001220703	0.00000000000
-112.13754096612	722.15177419481	0.00000000000
-45.03346246010	713.67390830864	0.00000000000
22.93433341983	726.29930103690	0.00000000000
66.33254806439	699.56591620618	0.00000000000
82.92394262592	793.34871826560	0.00000000000
115.22448371734	788.39559965988	0.00000000000
150.09100930989	797.47916021331	0.00000000000
178.53141801292	813.78087212798	0.00000000000
197.75252735001	838.39595148502	0.00000000000
213.91627884332	797.08678632778	0.00000000000
277.54065782457	764.47238161364	0.00000000000
357.21375366712	782.56210712412	0.00000000000
439.05413898156	785.62635311473	0.00000000000
450.94719900050	947.78963849541	0.00000000000
459.39285869603	1162.13501281120	0.00000000000
468.34146395373	889.26886107377	0.00000000000
471.70174263117	836.06734257974	0.00000000000
493.39779891226	750.76418384705	0.00000000000
538.93881794657	798.39179474384	0.00000000000
544.85717186643	940.90347669457	0.00000000000
581.06434645584	1036.74714790534	0.00000000000
597.65223123773	799.05115860136	0.00000000000
655.65810334342	767.20975705009	0.00000000000
793.94316400681	740.46247032319	0.00000000000
995.63525775829	771.38516794983	0.00000000000
1267.09055855364	734.13410568969	0.00000000000
1535.71202039173	733.10063600059	0.00000000000
2066.62249602950	721.57530333974	0.00000000000
2843.26373642071	729.23465745596	0.00000000000
3475.96263138220	723.82089686850	0.00000000000
3785.05273100123	732.70001220703	0.00000000000
