0.00000000000	0.00000000000	1.00000000000
0.05556738586	-0.00209245619	1.00012676229
0.17219315550	0.09510652540	0.98905685369
0.09893710569	0.36324191801	0.94443847049
-0.24993925515	0.48504515489	0.87156238229
-0.65207536903	0.25490166944	0.77259981486
-0.78534781731	-0.28263758190	0.65024381899
-0.46042948390	-0.82439549395	0.50804484442
0.20949876585	-1.00411111524	0.35032726398
0.85652702121	-0.65171809759	0.18188522562
1.09204899742	0.07001179801	0.00787616971
0.76841413476	0.75783230060	-0.16637353391
0.08005595836	1.02847377886	-0.33553216125
-0.56695025953	0.76574863835	-0.49441672658
-0.82564530451	0.18258197835	-0.63819969939
-0.62576814614	-0.34207191227	-0.76249668119
-0.19148156652	-0.52643263396	-0.86369701648
0.14900750380	-0.36288972850	-0.93897757412
0.19804183292	-0.07508280371	-0.98723108419
0.06072343812	0.01435799974	-1.00014073541
0.00000000000	0.00000000000	-1.00000000000
