  0.00000000000000e+00   0.00000000000000e+00   1.00000000000000e+00   0.00000000000000e+00 
  2.59471034287597e-02   2.25463497006544e-03   9.99691674916742e-01   5.02512562814070e-03 
  5.06330994601301e-02   1.04920484785758e-02   9.98676738000520e-01   1.00502512562814e-02 
  7.34115708669191e-02   2.39444048922481e-02   9.97000661803120e-01   1.50753768844221e-02 
  9.36361004219346e-02   4.18438685777996e-02   9.94708918876324e-01   2.01005025125628e-02 
  1.10660270897984e-01   6.34226039019474e-02   9.91846981771921e-01   2.51256281407035e-02 
  1.23837665067877e-01   8.79127752314085e-02   9.88460323041692e-01   3.01507537688442e-02 
  1.32564696419272e-01   1.14558461065670e-01   9.84593463105617e-01   3.51758793969849e-02 
  1.36718385707795e-01   1.42737429449691e-01   9.80280238427833e-01   4.02010050251256e-02 
  1.36477801175757e-01   1.71911468362995e-01   9.75547770921481e-01   4.52261306532663e-02 
  1.32026696761014e-01   2.01543669195495e-01   9.70423078336141e-01   5.02512562814070e-02 
  1.23548826401422e-01   2.31097123337109e-01   9.64933178421395e-01   5.52763819095477e-02 
  1.11227944034836e-01   2.60034922177751e-01   9.59105088926823e-01   6.03015075376884e-02 
  9.52478035991116e-02   2.87820157107337e-01   9.52965827602004e-01   6.53266331658292e-02 
  7.57921590321056e-02   3.13915919515781e-01   9.46542412196520e-01   7.03517587939698e-02 
  5.30524963611979e-02   3.37806612644500e-01   9.39860989142238e-01   7.53768844221106e-02 
  2.73085540635303e-02   3.59219888742544e-01   9.32937759833203e-01   8.04020100502513e-02 
 -1.10375830201647e-03   3.78038223635282e-01   9.25782595827475e-01   8.54271356783920e-02 
 -3.18476288117082e-02   3.94146580323858e-01   9.18405266996955e-01   9.04522613065327e-02 
 -6.45862455418105e-02   4.07429921809415e-01   9.10815543213543e-01   9.54773869346734e-02 
 -9.89827965685892e-02   4.17773211093097e-01   9.03023194349142e-01   1.00502512562814e-01 
 -1.34700469968310e-01   4.25061411176047e-01   8.95037990275652e-01   1.05527638190955e-01 
 -1.71402453817239e-01   4.29179485059409e-01   8.86869700864973e-01   1.10552763819095e-01 
 -2.08751936191641e-01   4.30012395744327e-01   8.78528095989008e-01   1.15577889447236e-01 
 -2.46412539933527e-01   4.27446074593472e-01   8.70022925083944e-01   1.20603015075377e-01 
 -2.84084072517223e-01   4.21447047649072e-01   8.61362236764739e-01   1.25628140703518e-01 
 -3.21529164877103e-01   4.12121768770976e-01   8.52551126694577e-01   1.30653266331658e-01 
 -3.58516724276431e-01   3.99590671198764e-01   8.43594395524287e-01   1.35678391959799e-01 
 -3.94815657978474e-01   3.83974188172019e-01   8.34496843904701e-01   1.40703517587940e-01 
 -4.30194873246494e-01   3.65392752930321e-01   8.25263272486652e-01   1.45728643216080e-01 
 -4.64423277343758e-01   3.43966798713253e-01   8.15898481920971e-01   1.50753768844221e-01 
 -4.97269777533530e-01   3.19816758760396e-01   8.06407272858488e-01   1.55778894472362e-01 
 -5.28503281079074e-01   2.93063066311332e-01   7.96794445950036e-01   1.60804020100503e-01 
 -5.57892695243656e-01   2.63826154605642e-01   7.87064801846446e-01   1.65829145728643e-01 
 -5.85206927290539e-01   2.32226456882907e-01   7.77223141198550e-01   1.70854271356784e-01 
 -6.10223004677212e-01   1.98388629976761e-01   7.67274163878560e-01   1.75879396984925e-01 
 -6.32814260402672e-01   1.62487422566050e-01   7.57221374523799e-01   1.80904522613065e-01 
 -6.52917078370014e-01   1.24730378286998e-01   7.47067495255452e-01   1.85929648241206e-01 
 -6.70468935368626e-01   8.53256092238129e-02   7.36815234631042e-01   1.90954773869347e-01 
 -6.85407308187893e-01   4.44812274607010e-02   7.26467301208090e-01   1.95979899497487e-01 
 -6.97669673617202e-01   2.40534508187027e-03   7.16026403544121e-01   2.01005025125628e-01 
 -7.07193508445939e-01  -4.06939258284723e-02   7.05495250196655e-01   2.06030150753769e-01 
 -7.13916289463492e-01  -8.46084731861195e-02   6.94876549723217e-01   2.11055276381910e-01 
 -7.17775493459245e-01  -1.29130184906864e-01   6.84173010681328e-01   2.16080402010050e-01 
 -7.18708597222586e-01  -1.74050948906499e-01   6.73387341628511e-01   2.21105527638191e-01 
 -7.16653077542901e-01  -2.19162653100816e-01   6.62522251122288e-01   2.26130653266332e-01 
 -7.11546411209576e-01  -2.64257185405609e-01   6.51580447720183e-01   2.31155778894472e-01 
 -7.03351005083124e-01  -3.09132899786468e-01   6.40564504790893e-01   2.36180904522613e-01 
 -6.92132050579480e-01  -3.53614809180407e-01   6.29476438331125e-01   2.41206030150754e-01 
 -6.77981224715267e-01  -3.97534796028024e-01   6.18318120713561e-01   2.46231155778894e-01 
 -6.60990204533495e-01  -4.40724742776762e-01   6.07091424310738e-01   2.51256281407035e-01 
 -6.41250667077175e-01  -4.83016531874064e-01   5.95798221495194e-01   2.56281407035176e-01 
 -6.18854289389316e-01  -5.24242045767373e-01   5.84440384639465e-01   2.61306532663317e-01 
 -5.93892748512929e-01  -5.64233166904129e-01   5.73019786116089e-01   2.66331658291457e-01 
 -5.66457721491022e-01  -6.02821777731777e-01   5.61538298297603e-01   2.71356783919598e-01 
 -5.36640885366607e-01  -6.39839760697759e-01   5.49997793556544e-01   2.76381909547739e-01 
 -5.04533917182692e-01  -6.75118998249517e-01   5.38400144265450e-01   2.81407035175879e-01 
 -4.70228493982288e-01  -7.08491372834493e-01   5.26747222796858e-01   2.86432160804020e-01 
 -4.33816292808405e-01  -7.39788766900131e-01   5.15040901523306e-01   2.91457286432161e-01 
 -3.95390526037991e-01  -7.68845387915663e-01   5.03283043705212e-01   2.96482412060302e-01 
 -3.55081020321975e-01  -7.95550889909985e-01   4.91475295299412e-01   3.01507537688442e-01 
 -3.13054954631818e-01  -8.19851491127086e-01   4.79619080578894e-01   3.06532663316583e-01 
 -2.69481190900660e-01  -8.41695958391739e-01   4.67715813828365e-01   3.11557788944724e-01 
 -2.24528591061642e-01  -8.61033058528721e-01   4.55766909332533e-01   3.16582914572864e-01 
 -1.78366017047901e-01  -8.77811558362805e-01   4.43773781376106e-01   3.21608040201005e-01 
 -1.31162330792580e-01  -8.91980224718767e-01   4.31737844243790e-01   3.26633165829146e-01 
 -8.30863942288171e-02  -9.03487824421381e-01   4.19660512220295e-01   3.31658291457286e-01 
 -3.43070692897528e-02  -9.12283124295424e-01   4.07543199590328e-01   3.36683417085427e-01 
  1.50067820914722e-02  -9.18314891165667e-01   3.95387320638595e-01   3.41708542713568e-01 
  6.46862979817191e-02  -9.21531891856889e-01   3.83194289649806e-01   3.46733668341709e-01 
  1.14562616447847e-01  -9.21882893193862e-01   3.70965520908668e-01   3.51758793969849e-01 
  1.64466875556717e-01  -9.19316662001362e-01   3.58702428699888e-01   3.56783919597990e-01 
  2.14230391579829e-01  -9.13783128944824e-01   3.46406425377322e-01   3.61809045226131e-01 
  2.63692370558842e-01  -9.05283752165104e-01   3.34078837808934e-01   3.66834170854271e-01 
  3.12702861769336e-01  -8.93890806120725e-01   3.21720875375929e-01   3.71859296482412e-01 
  3.61112702169946e-01  -8.79681709566973e-01   3.09333738924943e-01   3.76884422110553e-01 
  4.08772728719304e-01  -8.62733881259136e-01   2.96918629302615e-01   3.81909547738693e-01 
  4.55533778376044e-01  -8.43124739952499e-01   2.84476747355580e-01   3.86934673366834e-01 
  5.01246688098799e-01  -8.20931704402349e-01   2.72009293930476e-01   3.91959798994975e-01 
  5.45762294846203e-01  -7.96232193363972e-01   2.59517469873939e-01   3.96984924623116e-01 
  5.88931435576889e-01  -7.69103625592655e-01   2.47002476032606e-01   4.02010050251256e-01 
  6.30604947249491e-01  -7.39623419843684e-01   2.34465513253114e-01   4.07035175879397e-01 
  6.70633666822642e-01  -7.07868994872345e-01   2.21907782382099e-01   4.12060301507538e-01 
  7.08868431254975e-01  -6.73917769433925e-01   2.09330484266199e-01   4.17085427135678e-01 
  7.45160077505123e-01  -6.37847162283711e-01   1.96734819752049e-01   4.22110552763819e-01 
  7.79359442531721e-01  -5.99734592176988e-01   1.84121989686288e-01   4.27135678391960e-01 
  8.11327448810145e-01  -5.59665583036536e-01   1.71493184545226e-01   4.32160804020100e-01 
  8.40987901791380e-01  -5.17776194326613e-01   1.58849530146428e-01   4.37185929648241e-01 
  8.68288799712845e-01  -4.74221927905075e-01   1.46192127431483e-01   4.42211055276382e-01 
  8.93178191400245e-01  -4.29158326284764e-01   1.33522077289963e-01   4.47236180904523e-01 
  9.15604125679282e-01  -3.82740931978517e-01   1.20840480611441e-01   4.52261306532663e-01 
  9.35514651375661e-01  -3.35125287499176e-01   1.08148438285490e-01   4.57286432160804e-01 
  9.52857817315084e-01  -2.86466935359578e-01   9.54470512016822e-02   4.62311557788945e-01 
  9.67581672323256e-01  -2.36921418072565e-01   8.27374202495897e-02   4.67336683417085e-01 
  9.79634265225880e-01  -1.86644278150977e-01   7.00206463187854e-02   4.72361809045226e-01 
  9.88963644848660e-01  -1.35791058107653e-01   5.72978302988418e-02   4.77386934673367e-01 
  9.95517860017298e-01  -8.45173004554322e-02   4.45700730793315e-02   4.82412060301508e-01 
  9.99244959557500e-01  -3.29785477071547e-02   3.18384755498270e-02   4.87437185929648e-01 
  1.00009299229497e+00   1.86696576243394e-02   1.91041385999007e-02   4.92462311557789e-01 
  9.98010042127824e-01   7.02717752363968e-02   6.36816311774618e-03   4.97487437185930e-01 
  9.92972729001583e-01   1.21674063105464e-01  -6.36835113071624e-03   5.02512562814070e-01 
  9.85037720944208e-01   1.72727823662522e-01  -1.91043075277167e-02   5.07537688442211e-01 
  9.74275617050297e-01   2.23285237243802e-01  -3.18386100033693e-02   5.12562814070352e-01 
  9.60757016414443e-01   2.73198484185539e-01  -4.45701624877886e-02   5.17587939698492e-01 
  9.44552518131244e-01   3.22319744823966e-01  -5.72978689110889e-02   5.22613065326633e-01 
  9.25732721295296e-01   3.70501199495316e-01  -7.00206332033843e-02   5.27638190954774e-01 
  9.04368225001194e-01   4.17595028535824e-01  -8.27373592947898e-02   5.32663316582915e-01 
  8.80529628343533e-01   4.63453412281724e-01  -9.54469511154193e-02   5.37688442211055e-01 
  8.54287530416910e-01   5.07928531069249e-01  -1.08148312595387e-01   5.42713567839196e-01 
  8.25712530315921e-01   5.50872565234633e-01  -1.20840347664808e-01   5.47738693467337e-01 
  7.94875227135162e-01   5.92137695114109e-01  -1.33521960253797e-01   5.52763819095477e-01 
  7.61846219969229e-01   6.31576101043910e-01  -1.46192054292466e-01   5.57788944723618e-01 
  7.26696107912717e-01   6.69039963360272e-01  -1.58849533710932e-01   5.62814070351759e-01 
  6.89496259795621e-01   7.04382259057146e-01  -1.71493301612745e-01   5.67839195979900e-01 
  6.50352547944506e-01   7.37491675421786e-01  -1.84122224050635e-01   5.72864321608040e-01 
  6.09418511730947e-01   7.68306233992391e-01  -1.96735115891124e-01   5.77889447236181e-01 
  5.66851179472638e-01   7.96767567282900e-01  -2.09330788254207e-01   5.82914572864322e-01 
  5.22807579487267e-01   8.22817307807252e-01  -2.21908052259878e-01   5.87939698492462e-01 
  4.77444740092525e-01   8.46397088079386e-01  -2.34465719028131e-01   5.92964824120603e-01 
  4.30919689606104e-01   8.67448540613239e-01  -2.47002599678961e-01   5.97989949748744e-01 
  3.83389456345694e-01   8.85913297922752e-01  -2.59517505332363e-01   6.03015075376884e-01 
  3.35011068628987e-01   9.01732992521863e-01  -2.72009247108329e-01   6.08040201005025e-01 
  2.85941554773673e-01   9.14849256924511e-01  -2.84476636126854e-01   6.13065326633166e-01 
  2.36337943097442e-01   9.25203723644634e-01  -2.96918483507934e-01   6.18090452261307e-01 
  1.86357261917986e-01   9.32738025196171e-01  -3.09333600371562e-01   6.23115577889447e-01 
  1.36156539552996e-01   9.37393794093061e-01  -3.21720797837732e-01   6.28140703517588e-01 
  8.58928043201637e-02   9.39112662849244e-01  -3.34078887026439e-01   6.33165829145729e-01 
  3.57234041363691e-02   9.37848374143060e-01  -3.46406660665356e-01   6.38190954773869e-01 
 -1.41921304901299e-02   9.33637372803027e-01  -3.58702785878205e-01   6.43216080402010e-01 
 -6.36933568629739e-02   9.26550668037609e-01  -3.70965877294029e-01   6.48241206030151e-01 
 -1.12619829223095e-01   9.16659385106546e-01  -3.83194549365619e-01   6.53266331658292e-01 
 -1.60811101811426e-01   9.04034649269580e-01  -3.95387416545768e-01   6.58291457286432e-01 
 -2.08106728868900e-01   8.88747585786449e-01  -4.07543093287265e-01   6.63316582914573e-01 
 -2.54346264636450e-01   8.70869319916893e-01  -4.19660194042902e-01   6.68341708542714e-01 
 -2.99369263355008e-01   8.50470976920654e-01  -4.31737333265471e-01   6.73366834170854e-01 
 -3.43015279265507e-01   8.27623682057471e-01  -4.43773125407761e-01   6.78391959798995e-01 
 -3.85123866608877e-01   8.02398560587086e-01  -4.55766184922564e-01   6.83417085427136e-01 
 -4.25534579626055e-01   7.74866737769236e-01  -4.67715126262672e-01   6.88442211055276e-01 
 -4.64086972557972e-01   7.45099338863664e-01  -4.79618563880875e-01   6.93467336683417e-01 
 -5.00620599645560e-01   7.13167489130109e-01  -4.91475112229965e-01   6.98492462311558e-01 
 -5.34979469262406e-01   6.79147490202000e-01  -5.03283364235174e-01   7.03517587939699e-01 
 -5.67059543076760e-01   6.43176021274108e-01  -5.15041661722893e-01   7.08542713567839e-01 
 -5.96790383820060e-01   6.05428811042621e-01  -5.26748184120031e-01   7.13567839195980e-01 
 -6.24102117973633e-01   5.66082243366096e-01  -5.38401108128801e-01   7.18592964824121e-01 
 -6.48924872018804e-01   5.25312702103087e-01  -5.49998610451417e-01   7.23618090452261e-01 
 -6.71188772436898e-01   4.83296571112149e-01  -5.61538867790090e-01   7.28643216080402e-01 
 -6.90823945709240e-01   4.40210234251838e-01  -5.73020056847033e-01   7.33668341708543e-01 
 -7.07760518317157e-01   3.96230075380707e-01  -5.84440354324461e-01   7.38693467336683e-01 
 -7.21928616741973e-01   3.51532478357312e-01  -5.95797936924586e-01   7.43718592964824e-01 
 -7.33258367465013e-01   3.06293827040208e-01  -6.07090981349620e-01   7.48743718592965e-01 
 -7.41679896967604e-01   2.60690505287950e-01  -6.18317664301777e-01   7.53768844221106e-01 
 -7.47123331731071e-01   2.14898896959091e-01  -6.29476162483271e-01   7.58793969849246e-01 
 -7.49518827613001e-01   1.69095389713783e-01  -6.40564652451331e-01   7.63819095477387e-01 
 -7.48831375318834e-01   1.23460879202326e-01  -6.51581138842563e-01   7.68844221105528e-01 
 -7.45128207552254e-01   7.81894922487015e-02  -6.62523121698034e-01   7.73869346733668e-01 
 -7.38495218766503e-01   3.34777707005933e-02  -6.73388008957371e-01   7.78894472361809e-01 
 -7.29018303414824e-01  -1.04777435943147e-02  -6.84173208560201e-01   7.83919597989950e-01 
 -7.16783355950456e-01  -5.34805087883376e-02  -6.94876128446150e-01   7.88944723618090e-01 
 -7.01876270826643e-01  -9.53339830337932e-02  -7.05494176554844e-01   7.93969849246231e-01 
 -6.84382942496626e-01  -1.35841624482997e-01  -7.16024760825912e-01   7.98994974874372e-01 
 -6.64389265413646e-01  -1.74806891288264e-01  -7.26465289198977e-01   8.04020100502513e-01 
 -6.41981134030945e-01  -2.12033241601911e-01  -7.36813169613669e-01   8.09045226130653e-01 
 -6.17244442801765e-01  -2.47324133576252e-01  -7.47065810009612e-01   8.14070351758794e-01 
 -5.90265086179347e-01  -2.80483025363607e-01  -7.57220618326433e-01   8.19095477386935e-01 
 -5.61130052154957e-01  -3.11314137329732e-01  -7.67274988473468e-01   8.24120603015075e-01 
 -5.29984777675481e-01  -3.39662429694637e-01  -7.77225564449315e-01   8.29145728643216e-01 
 -4.97061400468272e-01  -3.65433294505078e-01  -7.87067877865786e-01   8.34170854271357e-01 
 -4.62599079016955e-01  -3.88537017386903e-01  -7.96797370257109e-01   8.39195979899497e-01 
 -4.26836971805155e-01  -4.08883883965963e-01  -8.06409483157518e-01   8.44221105527638e-01 
 -3.90014237316496e-01  -4.26384179868105e-01  -8.15899658101240e-01   8.49246231155779e-01 
 -3.52370034034604e-01  -4.40948190719179e-01  -8.25263336622508e-01   8.54271356783920e-01 
 -3.14143520443104e-01  -4.52486202145034e-01  -8.34495960255550e-01   8.59296482412060e-01 
 -2.75573855025621e-01  -4.60908499771518e-01  -8.43592970534598e-01   8.64321608040201e-01 
 -2.36900196265779e-01  -4.66125369224482e-01  -8.52549808993882e-01   8.69346733668342e-01 
 -1.98361702647203e-01  -4.68047096129772e-01  -8.61361917167633e-01   8.74371859296482e-01 
 -1.60200299517245e-01  -4.66593271613217e-01  -8.70024563371285e-01   8.79396984924623e-01 
 -1.22696602570597e-01  -4.61813609951505e-01  -8.78530593720997e-01   8.84422110552764e-01 
 -8.61596834527437e-02  -4.53853528309348e-01  -8.86871072855419e-01   8.89447236180904e-01 
 -5.08992730348875e-02  -4.42860660955541e-01  -8.95037024142546e-01   8.94472361809045e-01 
 -1.72251021882312e-02  -4.28982642158880e-01  -9.03019470950372e-01   8.99497487437186e-01 
  1.45530982160233e-02  -4.12367106188162e-01  -9.10809436646890e-01   9.04522613065327e-01 
  4.41255973066736e-02  -3.93161687312184e-01  -9.18397944600095e-01   9.09547738693467e-01 
  7.11826642125169e-02  -3.71514019799743e-01  -9.25776018177981e-01   9.14572864321608e-01 
  9.54145680623523e-02  -3.47571737919633e-01  -9.32934680748542e-01   9.19597989949749e-01 
  1.16511627856798e-01  -3.21482577297216e-01  -9.39864951448705e-01   9.24623115577889e-01 
  1.34207646694617e-01  -2.93482648087000e-01  -9.46554160275736e-01   9.29648241206030e-01 
  1.48359487291374e-01  -2.64058159586788e-01  -9.52979196993978e-01   9.34673366834171e-01 
  1.58845629492281e-01  -2.33739254480050e-01  -9.59115117395957e-01   9.39698492462312e-01 
  1.65544553142552e-01  -2.03056075450254e-01  -9.64936977274203e-01   9.44723618090452e-01 
  1.68334738087398e-01  -1.72538765180869e-01  -9.70419832421243e-01   9.49748743718593e-01 
  1.67094664172031e-01  -1.42717466355366e-01  -9.75538738629604e-01   9.54773869346734e-01 
  1.61702811241665e-01  -1.14122321657213e-01  -9.80268751691816e-01   9.59798994974874e-01 
  1.52037659141510e-01  -8.72834737698804e-02  -9.84584927400405e-01   9.64824120603015e-01 
  1.38106734891843e-01  -6.27505881487248e-02  -9.88459156556901e-01   9.69849246231156e-01 
  1.20450226612173e-01  -4.11539133469456e-02  -9.91850265999333e-01   9.74874371859296e-01 
  9.97457363647487e-02  -2.31444864476499e-02  -9.94713712372685e-01   9.79899497487437e-01 
  7.66708663646944e-02  -9.37334455707268e-03  -9.97004952318194e-01   9.84924623115578e-01 
  5.19032188271350e-02  -4.91524781448688e-04  -9.98679442477092e-01   9.89949748743719e-01 
  2.61203959671957e-02   2.84993577298711e-03  -9.99692639490616e-01   9.94974874371859e-01 
  0.00000000000000e+00   0.00000000000000e+00  -1.00000000000000e+00   1.00000000000000e+00 
