  0.00000000000000e+00   0.00000000000000e+00   1.00000000000000e+00   0.00000000000000e+00 
  2.58807857989448e-02   2.74822984782027e-03   9.99661155485406e-01   5.02512562814070e-03 
  5.07487051661355e-02   1.08588539466342e-02   9.98652916316929e-01   1.00502512562814e-02 
  7.36462411126728e-02   2.39917100863713e-02   9.96995472897166e-01   1.50753768844221e-02 
  9.37941671994197e-02   4.15931966894677e-02   9.94722342768826e-01   2.01005025125628e-02 
  1.10531846340943e-01   6.30117102175927e-02   9.91872657228265e-01   2.51256281407035e-02 
  1.23416637871169e-01   8.75187901302634e-02   9.88488240376048e-01   3.01507537688442e-02 
  1.32145033344261e-01   1.14371081817060e-01   9.84610254939087e-01   3.51758793969849e-02 
  1.36558649448535e-01   1.42851451682580e-01   9.80277839334040e-01   4.02010050251256e-02 
  1.36623541303406e-01   1.72274221244548e-01   9.75528408174575e-01   4.52261306532663e-02 
  1.32383130664529e-01   2.02009387448774e-01   9.70394862276879e-01   5.02512562814070e-02 
  1.23975337058461e-01   2.31493755609662e-01   9.64905124696507e-01   5.52763819095477e-02 
  1.11571330550425e-01   2.60191912103204e-01   9.59087660566304e-01   6.03015075376884e-02 
  9.54090824912426e-02   2.87672328285092e-01   9.52964226650870e-01   6.53266331658292e-02 
  7.57420826698433e-02   3.13527223077537e-01   9.46555295718277e-01   7.03517587939698e-02 
  5.28533129859243e-02   3.37391684371512e-01   9.39879979243484e-01   7.53768844221106e-02 
  2.70452169220605e-02   3.58968817137331e-01   9.32954676688198e-01   8.04020100502513e-02 
 -1.36592994598705e-03   3.78027084646783e-01   9.25793083154944e-01   8.54271356783920e-02 
 -3.20630856673522e-02   3.94338665593274e-01   9.18408742416297e-01   9.04522613065327e-02 
 -6.47250405716009e-02   4.07711199021618e-01   9.10814133456249e-01   9.54773869346734e-02 
 -9.90222740806364e-02   4.18027761147473e-01   9.03019475523713e-01   1.00502512562814e-01 
 -1.34633787793853e-01   4.25191206936582e-01   8.95034500613266e-01   1.05527638190955e-01 
 -1.71245999955938e-01   4.29117829607719e-01   8.86868626420269e-01   1.10552763819095e-01 
 -2.08540451159364e-01   4.29760363126376e-01   8.78530174431442e-01   1.15577889447236e-01 
 -2.46216901362526e-01   4.27117542888288e-01   8.70026311574256e-01   1.20603015075377e-01 
 -2.83982059635398e-01   4.21198483468342e-01   8.61363972140588e-01   1.25628140703518e-01 
 -3.21548731446646e-01   4.12027882231649e-01   8.52549870125612e-01   1.30653266331658e-01 
 -3.58642508547700e-01   3.99662753115720e-01   8.43590256169992e-01   1.35678391959799e-01 
 -3.95003004515394e-01   3.84179711472750e-01   8.34490817074086e-01   1.40703517587940e-01 
 -4.30386927123166e-01   3.65676836798544e-01   8.25256543697367e-01   1.45728643216080e-01 
 -4.64553260974573e-01   3.44254884389533e-01   8.15892365606251e-01   1.50753768844221e-01 
 -4.97281631674594e-01   3.20036901630627e-01   8.06402993889099e-01   1.55778894472362e-01 
 -5.28370608827570e-01   2.93166395248873e-01   7.96792939118422e-01   1.60804020100503e-01 
 -5.57621190239740e-01   2.63788630012070e-01   7.87066652018372e-01   1.65829145728643e-01 
 -5.84859930631043e-01   2.32063673525911e-01   7.77227807219937e-01   1.70854271356784e-01 
 -6.09932400143221e-01   1.98163010056323e-01   7.67279557507590e-01   1.75879396984925e-01 
 -6.32679256663633e-01   1.62260554693022e-01   7.57226013983470e-01   1.80904522613065e-01 
 -6.52969536050131e-01   1.24541519819603e-01   7.47070954929920e-01   1.85929648241206e-01 
 -6.70698872948920e-01   8.51991063259811e-02   7.36817295974649e-01   1.90954773869347e-01 
 -6.85764190973719e-01   4.44269079806191e-02   7.26467932451756e-01   1.95979899497487e-01 
 -6.98075022412035e-01   2.42247332086956e-03   7.16025830952061e-01   2.01005025125628e-01 
 -7.07553784783752e-01  -4.06127696887128e-02   7.05494021011697e-01   2.06030150753769e-01 
 -7.14145237968614e-01  -8.44761411890113e-02   6.94875307780132e-01   2.11055276381910e-01 
 -7.17821364166065e-01  -1.28963599074392e-01   6.84172213075074e-01   2.16080402010050e-01 
 -7.18555854434358e-01  -1.73871015725313e-01   6.73387240928309e-01   2.21105527638191e-01 
 -7.16322425768694e-01  -2.18994268151498e-01   6.62522895212663e-01   2.26130653266332e-01 
 -7.11109363962395e-01  -2.64131833625301e-01   6.51581590511049e-01   2.31155778894472e-01 
 -7.02943772610887e-01  -3.09089117683101e-01   6.40565503498078e-01   2.36180904522613e-01 
 -6.91859149917617e-01  -3.53672667181250e-01   6.29476771656798e-01   2.41206030150754e-01 
 -6.77888994086032e-01  -3.97689028976102e-01   6.18317532470257e-01   2.46231155778894e-01 
 -6.61069932612643e-01  -4.40946265028137e-01   6.07089919172184e-01   2.51256281407035e-01 
 -6.41465849299964e-01  -4.83265633933937e-01   5.95796027984540e-01   2.56281407035176e-01 
 -6.19154873008397e-01  -5.24475319495708e-01   5.84437930317766e-01   2.61306532663317e-01 
 -5.94219538281612e-01  -5.64406235880716e-01   5.73017575797165e-01   2.66331658291457e-01 
 -5.66746566541148e-01  -6.02891930990699e-01   5.61536796815861e-01   2.71356783919598e-01 
 -5.36832835141844e-01  -6.39774818755350e-01   5.49997297800604e-01   2.76381909547739e-01 
 -5.04593987118304e-01  -6.74913771947313e-01   5.38400551562742e-01   2.81407035175879e-01 
 -4.70147438507052e-01  -7.08168749270559e-01   5.26748175541215e-01   2.86432160804020e-01 
 -4.33611851218311e-01  -7.39400146802495e-01   5.15042392083038e-01   2.91457286432161e-01 
 -3.95121909371842e-01  -7.68490520003625e-01   5.03284895435588e-01   2.96482412060302e-01 
 -3.54818895352397e-01  -7.95331691702319e-01   4.91477091175080e-01   3.01507537688442e-01 
 -3.12844207393441e-01  -8.19815661550552e-01   4.79620388380892e-01   3.06532663316583e-01 
 -2.69343950078543e-01  -8.41841736718589e-01   4.67716402914586e-01   3.11557788944724e-01 
 -2.24472917225549e-01  -8.61326184017017e-01   4.55766907809772e-01   3.16582914572864e-01 
 -1.78390902934653e-01  -8.78200852486266e-01   4.43773389430737e-01   3.21608040201005e-01 
 -1.31258311575973e-01  -8.92399601712318e-01   4.31737292109329e-01   3.26633165829146e-01 
 -8.32360111994728e-02  -9.03858132087696e-01   4.19660043999526e-01   3.31658291457286e-01 
 -3.44901710648699e-02  -9.12533189779614e-01   4.07542888295219e-01   3.36683417085427e-01 
  1.48096780909180e-02  -9.18394942320981e-01   3.95386955625923e-01   3.41708542713568e-01 
  6.44952641956378e-02  -9.21414520365034e-01   3.83193788511832e-01   3.46733668341709e-01 
  1.14399791215228e-01  -9.21571640764824e-01   3.70965345371052e-01   3.51758793969849e-01 
  1.64354475209979e-01  -9.18867477057862e-01   3.58702814644042e-01   3.56783919597990e-01 
  2.14190133150215e-01  -9.13307064055231e-01   3.46407233027971e-01   3.61809045226131e-01 
  2.63737779815561e-01  -9.04896245586582e-01   3.34079646373943e-01   3.66834170854271e-01 
  3.12832779173792e-01  -8.93658653188978e-01   3.21721301798567e-01   3.71859296482412e-01 
  3.61314735863956e-01  -8.79635262284639e-01   3.09333642662169e-01   3.76884422110553e-01 
  4.09023430626682e-01  -8.62867768532142e-01   2.96918120474453e-01   3.81909547738693e-01 
  4.55799589374545e-01  -8.43400736242542e-01   2.84476130752371e-01   3.86934673366834e-01 
  5.01489316385018e-01  -8.21295053380914e-01   2.72008750394168e-01   3.91959798994975e-01 
  5.45940882373798e-01  -7.96617743830205e-01   2.59516949702062e-01   3.96984924623116e-01 
  5.89010343417078e-01  -7.69446638230150e-01   2.47001872403053e-01   4.02010050251256e-01 
  6.30562583011566e-01  -7.39871816389775e-01   2.34464859062425e-01   4.07035175879397e-01 
  6.70462961226263e-01  -7.07984019422809e-01   2.21907260872308e-01   4.12060301507538e-01 
  7.08577692348777e-01  -6.73875585800575e-01   2.09330378876667e-01   4.17085427135678e-01 
  7.44780197632234e-01  -6.37651569272192e-01   1.96735140132986e-01   4.22110552763819e-01 
  7.78957608302376e-01  -5.99429237427844e-01   1.84122532520257e-01   4.27135678391960e-01 
  8.11006166527565e-01  -5.59331414325625e-01   1.71493749448257e-01   4.32160804020100e-01 
  8.40822407530956e-01  -5.17481102048791e-01   1.58849990982795e-01   4.37185929648241e-01 
  8.68305285963380e-01  -4.74003214630951e-01   1.46192449851628e-01   4.42211055276382e-01 
  8.93368082431754e-01  -4.29033987178480e-01   1.33522275332305e-01   4.47236180904523e-01 
  9.15929608254238e-01  -3.82713904284629e-01   1.20840600088863e-01   4.52261306532663e-01 
  9.35919253373943e-01  -3.35187193686557e-01   1.08148530834658e-01   4.57286432160804e-01 
  9.53280017212452e-01  -2.86602894228163e-01   9.54471409032586e-02   4.62311557788945e-01 
  9.67955796548480e-01  -2.37110361979389e-01   8.27375014272959e-02   4.67336683417085e-01 
  9.79891923598036e-01  -1.86859539083014e-01   7.00206858309619e-02   4.72361809045226e-01 
  9.89049095294529e-01  -1.36006520336955e-01   5.72977922241429e-02   4.77386934673367e-01 
  9.95404172233273e-01  -8.47105632713612e-02   4.45699489995679e-02   4.82412060301508e-01 
  9.98942105007708e-01  -3.31303771226236e-02   3.18383024842242e-02   4.87437185929648e-01 
  9.99648265932776e-01   1.85753605397042e-02   1.91039999440102e-02   4.92462311557789e-01 
  9.97510597778955e-01   7.02479578621631e-02   6.36817523206754e-03   4.97487437185930e-01 
  9.92540220538387e-01   1.21728594196521e-01  -6.36815873828852e-03   5.02512562814070e-01 
  9.84760514503835e-01   1.72858378641986e-01  -1.91040520797982e-02   5.07537688442211e-01 
  9.74192412761225e-01   2.23478202031373e-01  -3.18384384899426e-02   5.12562814070352e-01 
  9.60859004883668e-01   2.73430227068181e-01  -4.45700730967687e-02   5.17587939698492e-01 
  9.44809065122522e-01   3.22562885821891e-01  -5.72978448930663e-02   5.22613065326633e-01 
  9.26097518031956e-01   3.70726091604222e-01  -7.00206800140397e-02   5.27638190954774e-01 
  9.04779400765584e-01   4.17769804893147e-01  -8.27375042310947e-02   5.32663316582915e-01 
  8.80918077100335e-01   4.63547474066338e-01  -9.54472164130280e-02   5.37688442211055e-01 
  8.54590811738807e-01   5.07918370394210e-01  -1.08148670515934e-01   5.42713567839196e-01 
  8.25878282556938e-01   5.50743742538694e-01  -1.20840727037400e-01   5.47738693467337e-01 
  7.94875141497289e-01   5.91894349072173e-01  -1.33522318623470e-01   5.52763819095477e-01 
  7.61681763060315e-01   6.31244842996221e-01  -1.46192407465895e-01   5.57788944723618e-01 
  7.26398548835581e-01   6.68669897957290e-01  -1.58849955713520e-01   5.62814070351759e-01 
  6.89132396662796e-01   7.04050065838699e-01  -1.71493838519022e-01   5.67839195979900e-01 
  6.50007919742197e-01   7.37281928553884e-01  -1.84122693795359e-01   5.72864321608040e-01 
  6.09152551539551e-01   7.68264682816521e-01  -1.96735160019452e-01   5.77889447236181e-01 
  5.66692048646734e-01   7.96896870504755e-01  -2.09330335938312e-01   5.82914572864322e-01 
  5.22760395691295e-01   8.23089169718992e-01  -2.21907330560307e-01   5.87939698492462e-01 
  4.77502666228152e-01   8.46767239261900e-01  -2.34464917054902e-01   5.92964824120603e-01 
  4.31064564054539e-01   8.67857588400896e-01  -2.47001849258024e-01   5.97989949748744e-01 
  3.83592752598509e-01   8.86289039552541e-01  -2.59516880681182e-01   6.03015075376884e-01 
  3.35241768259789e-01   9.02009392595675e-01  -2.72008762174280e-01   6.08040201005025e-01 
  2.86170017452261e-01   9.14975754163111e-01  -2.84476245651753e-01   6.13065326633166e-01 
  2.36536597024637e-01   9.25145574212876e-01  -2.96918227343837e-01   6.18090452261307e-01 
  1.86502901480375e-01   9.32484471296859e-01  -3.09333699328075e-01   6.23115577889447e-01 
  1.36233995235847e-01   9.36980031998559e-01  -3.21721306793855e-01   6.28140703517588e-01 
  8.58955718916518e-02   9.38623696994815e-01  -3.34079630537370e-01   6.33165829145729e-01 
  3.56533491921900e-02   9.37407585540030e-01  -3.46407257227498e-01   6.38190954773869e-01 
 -1.43263737243689e-02   9.33340157340777e-01  -3.58702914950045e-01   6.43216080402010e-01 
 -6.38767014535577e-02   9.26446630558154e-01  -3.70965476825301e-01   6.48241206030151e-01 
 -1.12830711471998e-01   9.16752985548015e-01  -3.83193822569902e-01   6.53266331658292e-01 
 -1.61022499196645e-01   9.04289461998753e-01  -3.95386765626889e-01   6.58291457286432e-01 
 -2.08291784345103e-01   8.89109833165408e-01  -4.07542753265949e-01   6.63316582914573e-01 
 -2.54480222401579e-01   8.71276130476622e-01  -4.19660117791899e-01   6.68341708542714e-01 
 -2.99429557024661e-01   8.50854186011312e-01  -4.31737425456917e-01   6.73366834170854e-01 
 -3.42981627404735e-01   8.27913521856127e-01  -4.43773468631245e-01   6.78391959798995e-01 
 -3.84983750561952e-01   8.02534029504965e-01  -4.55766962468567e-01   6.83417085427136e-01 
 -4.25297371350662e-01   7.74821973801983e-01  -4.67716398969743e-01   6.88442211055276e-01 
 -4.63786182987528e-01   7.44887816756031e-01  -4.79620234622167e-01   6.93467336683417e-01 
 -5.00313878689213e-01   7.12842020375956e-01  -4.91476925913232e-01   6.98492462311558e-01 
 -5.34744699310364e-01   6.78795694805752e-01  -5.03284926886651e-01   7.03517587939699e-01 
 -5.66957273588451e-01   6.42876978395684e-01  -5.15042627384257e-01   7.08542713567839e-01 
 -5.96845690413686e-01   6.05232306744670e-01  -5.26748348261303e-01   7.13567839195980e-01 
 -6.24304801129360e-01   5.66009017815885e-01  -5.38400406970859e-01   7.18592964824121e-01 
 -6.49233083955461e-01   5.25356955111197e-01  -5.49997118282278e-01   7.23618090452261e-01 
 -6.71542852071207e-01   4.83435519674298e-01  -5.61536786727692e-01   7.28643216080402e-01 
 -6.91151707560259e-01   4.40407587570339e-01  -5.73017705222646e-01   7.33668341708543e-01 
 -7.07995305435434e-01   3.96446885727876e-01  -5.84438083463917e-01   7.38693467336683e-01 
 -7.22018913727499e-01   3.51732919059959e-01  -5.95796086835058e-01   7.43718592964824e-01 
 -7.33168209088614e-01   3.06445349289553e-01  -6.07089877797508e-01   7.48743718592965e-01 
 -7.41404474335922e-01   2.60768876866550e-01  -6.18317496097890e-01   7.53768844221106e-01 
 -7.46711337644944e-01   2.14895416835793e-01  -6.29476805776205e-01   7.58793969849246e-01 
 -7.49074149439138e-01   1.69017440193585e-01  -6.40565657331423e-01   7.63819095477387e-01 
 -7.48485872679947e-01   1.23328377974216e-01  -6.51581861030347e-01   7.68844221105528e-01 
 -7.44966221578287e-01   7.80250348852383e-02  -6.62523085759748e-01   7.73869346733668e-01 
 -7.38541198039998e-01   3.33049721681796e-02  -6.73387058004587e-01   7.78894472361809e-01 
 -7.29242557794119e-01  -1.06344153210717e-02  -6.84171938759497e-01   7.83919597989950e-01 
 -7.17128333496198e-01  -5.35977526750077e-02  -6.94875280580494e-01   7.88944723618090e-01 
 -7.02268489929481e-01  -9.53906332600968e-02  -7.05494254730821e-01   7.93969849246231e-01 
 -6.84734595391680e-01  -1.35819091531276e-01  -7.16026035302602e-01   7.98994974874372e-01 
 -6.64622650417731e-01  -1.74696098262586e-01  -7.26467877019215e-01   8.04020100502513e-01 
 -6.42048166263396e-01  -2.11840107361689e-01  -7.36817096521104e-01   8.09045226130653e-01 
 -6.17125888255383e-01  -2.47068214082355e-01  -7.47070935544039e-01   8.14070351758794e-01 
 -5.89990360175846e-01  -2.80207846284685e-01  -7.57226274928816e-01   8.19095477386935e-01 
 -5.60800772869182e-01  -3.11100249446828e-01  -7.67279662443595e-01   8.24120603015075e-01 
 -5.29717906037349e-01  -3.39587571819218e-01  -7.77227627873702e-01   8.29145728643216e-01 
 -4.96913385320950e-01  -3.65518569514187e-01  -7.87066683228808e-01   8.34170854271357e-01 
 -4.62582547490283e-01  -3.88760861815658e-01  -7.96793128041719e-01   8.39195979899497e-01 
 -4.26934614235869e-01  -4.09196576558025e-01  -8.06403001329106e-01   8.44221105527638e-01 
 -3.90180219283505e-01  -4.26709440491744e-01  -8.15892308904305e-01   8.49246231155779e-01 
 -3.52546575084168e-01  -4.41203507986604e-01  -8.25256568142723e-01   8.54271356783920e-01 
 -3.14280500124805e-01  -4.52606928730513e-01  -8.34490741580755e-01   8.59296482412060e-01 
 -2.75629709148427e-01  -4.60850748226820e-01  -8.43590235228715e-01   8.64321608040201e-01 
 -2.36855203686719e-01  -4.65893454376335e-01  -8.52549961577213e-01   8.69346733668342e-01 
 -1.98230200655622e-01  -4.67717077417057e-01  -8.61363984855876e-01   8.74371859296482e-01 
 -1.60029807436687e-01  -4.66309485024739e-01  -8.70026265460734e-01   8.79396984924623e-01 
 -1.22541313707928e-01  -4.61699927754439e-01  -8.78530146476295e-01   8.84422110552764e-01 
 -8.60579482118760e-02  -4.53937833833857e-01  -8.86868669957356e-01   8.89447236180904e-01 
 -5.08738623612113e-02  -4.43085944547714e-01  -8.95034544515190e-01   8.94472361809045e-01 
 -1.72860762782651e-02  -4.29250068022189e-01  -9.03019395315773e-01   8.99497487437186e-01 
  1.44075530101344e-02  -4.12564319190945e-01  -9.10814116959788e-01   9.04522613065327e-01 
  4.39087582544755e-02  -3.93194201005287e-01  -9.18408784853896e-01   9.09547738693467e-01 
  7.09214560713960e-02  -3.71317035487774e-01  -9.25793124826864e-01   9.14572864321608e-01 
  9.51670461586908e-02  -3.47181054014184e-01  -9.32954688366469e-01   9.19597989949749e-01 
  1.16375203935123e-01  -3.21068053326502e-01  -9.39879997723183e-01   9.24623115577889e-01 
  1.34277469076257e-01  -2.93263910566592e-01  -9.46555405667216e-01   9.29648241206030e-01 
  1.48639235903934e-01  -2.64126880239044e-01  -9.52964218090365e-01   9.34673366834171e-01 
  1.59254318114327e-01  -2.34071132164196e-01  -9.59087474280352e-01   9.39698492462312e-01 
  1.65938561155481e-01  -2.03521732454667e-01  -9.64905546203303e-01   9.44723618090452e-01 
  1.68562155367623e-01  -1.72980795067679e-01  -9.70394502188619e-01   9.49748743718593e-01 
  1.67030317211542e-01  -1.42978984346698e-01  -9.75528628184679e-01   9.54773869346734e-01 
  1.61350118717313e-01  -1.14112967330931e-01  -9.80277838522156e-01   9.59798994974874e-01 
  1.51573472403128e-01  -8.70029103110395e-02  -9.84610085459490e-01   9.64824120603015e-01 
  1.37867096049721e-01  -6.23118115591588e-02  -9.88488410140984e-01   9.69849246231156e-01 
  1.20541855069115e-01  -4.07188452651149e-02  -9.91872833960299e-01   9.74874371859296e-01 
  1.00011967172685e-01  -2.29006909262222e-02  -9.94722157692782e-01   9.79899497487437e-01 
  7.68776528697411e-02  -9.46701203841616e-03  -9.96995497693219e-01   9.84924623115578e-01 
  5.18860643494821e-02  -9.60502314597126e-04  -9.98652924093471e-01   9.89949748743719e-01 
  2.59296622140981e-02   2.25097758016034e-03  -9.99661179739433e-01   9.94974874371859e-01 
  0.00000000000000e+00   0.00000000000000e+00  -1.00000000000000e+00   1.00000000000000e+00 
