0.00000000000	0.00000000000	1.00000000000	0.00000000000
0.01584198649	0.00060986132	0.99989998412	0.00304587622
0.03134509069	0.00353701107	0.99953277792	0.00609792853
0.04639190147	0.00863547504	0.99890543897	0.00916241751
0.06085501227	0.01577156823	0.99802330221	0.01224513085
0.07459541261	0.02481973623	0.99689027412	0.01535157492
0.08746054790	0.03565916440	0.99550903980	0.01848712328
0.09927866343	0.04816687881	0.99388172932	0.02165619258
0.10986096942	0.06221722453	0.99200978829	0.02486325422
0.11899620675	0.07767426447	0.98989478095	0.02811184594
0.12645179705	0.09439123170	0.98753829077	0.03140530573
0.13200008264	0.11221414931	0.98494169590	0.03474650534
0.13555499150	0.13101567449	0.98210359489	0.03813759699
0.13708216798	0.15067079994	0.97902154440	0.04158065624
0.13654641470	0.17103718011	0.97569387036	0.04507712950
0.13391321276	0.19195701746	0.97211926718	0.04862845011
0.12915015156	0.21325184664	0.96829756605	0.05223538703
0.12222751809	0.23472575296	0.96422909735	0.05589880690
0.11311992694	0.25616086735	0.95991540412	0.05961909454
0.10180629524	0.27731940171	0.95535877593	0.06339666726
0.08827182192	0.29794017505	0.95056287854	0.06723151134
0.07250716182	0.31774083347	0.94553220315	0.07112370626
0.05451613147	0.33643120304	0.94027194929	0.07507304156
0.03435715090	0.35383058882	0.93478292285	0.07907933858
0.01212388493	0.36981105978	0.92906399429	0.08314234049
-0.01207379989	0.38423841583	0.92311486837	0.08726146615
-0.03811269451	0.39697406775	0.91693530508	0.09143638755
-0.06585312141	0.40787325040	0.91052582327	0.09566654872
-0.09513926761	0.41678576062	0.90388752571	0.09995130959
-0.12579956254	0.42355626416	0.89702195920	0.10429004809
-0.15764724363	0.42802429867	0.88993095032	0.10868226423
-0.19047678137	0.43002382361	0.88261736278	0.11312711760
-0.22406794555	0.42938393867	0.87508416080	0.11762401632
-0.25818609243	0.42593727237	0.86733500666	0.12217214550
-0.29262743012	0.41961431125	0.85937159730	0.12677087389
-0.32720337239	0.41041547510	0.85119492329	0.13141936838
-0.36171491809	0.39834911126	0.84280608409	0.13611688313
-0.39595180199	0.38343036779	0.83420638413	0.14086271423
-0.42969099299	0.36568196478	0.82539772050	0.14565598854
-0.46269917721	0.34513315757	0.81638196805	0.15049600382
-0.49473072205	0.32182078041	0.80716151766	0.15538193479
-0.52552901222	0.29578858115	0.79773894400	0.16031301412
-0.55482538240	0.26708819854	0.78811736169	0.16528834607
-0.58234156892	0.23577689788	0.77829966134	0.17030730206
-0.60779157876	0.20192324077	0.76828949376	0.17536898013
-0.63096938411	0.16564902066	0.75808942960	0.18047260890
-0.65174181142	0.12712628731	0.74770122644	0.18561744882
-0.66997548651	0.08654105276	0.73712711243	0.19080260279
-0.68553555643	0.04408982320	0.72636926010	0.19602729290
-0.69828533780	-0.00002027657	0.71542988065	0.20129080933
-0.70808583678	-0.04556969896	0.70431170288	0.20659227954
-0.71479656254	-0.09232884182	0.69301741761	0.21193093641
-0.71827528377	-0.14005780618	0.68154978680	0.21730606215
-0.71837803863	-0.18850416287	0.66991222001	0.22271671877
-0.71495946237	-0.23740756853	0.65810771128	0.22816224440
-0.70787555526	-0.28649718918	0.64613967084	0.23364185533
-0.69707119180	-0.33551472199	0.63401140641	0.23915467069
-0.68259805589	-0.38422198643	0.62172538379	0.24470000263
-0.66451960752	-0.43237380468	0.60928437279	0.25027706807
-0.64290522991	-0.47971751686	0.59669128804	0.25588507566
-0.61783030227	-0.52599297799	0.58394925381	0.26152319666
-0.58937500523	-0.57093461335	0.57106108719	0.26719079190
-0.55762630811	-0.61426803063	0.55803030896	0.27288696463
-0.52267578126	-0.65571378565	0.54486015040	0.27861099760
-0.48462060946	-0.69498576333	0.53155407984	0.28436212007
-0.44356292932	-0.73179211725	0.51811558614	0.29013960117
-0.39961123353	-0.76583591326	0.50454843492	0.29594263665
-0.35292302211	-0.79688253679	0.49085608662	0.30177048656
-0.30373147417	-0.82479884556	0.47704177252	0.30762237503
-0.25228309997	-0.84946024736	0.46310872419	0.31349754770
-0.19883168354	-0.87074180890	0.44906023616	0.31939525871
-0.14363770537	-0.88851841664	0.43489958924	0.32531480164
-0.08696959747	-0.90266441928	0.42063043944	0.33125534628
-0.02910107389	-0.91305448850	0.40625620616	0.33721619336
0.02968690876	-0.91956312553	0.39178064301	0.34319653568
0.08910906176	-0.92206514927	0.37720718867	0.34919572592
0.14887248791	-0.92043548612	0.36253984708	0.35521291236
0.20868067076	-0.91454991398	0.34778229739	0.36124740437
0.26824191325	-0.90435124143	0.33293827649	0.36729846841
0.32728095189	-0.88992438984	0.31801149647	0.37336531082
0.38552258035	-0.87137558346	0.30300540212	0.37944725667
0.44268680933	-0.84881536869	0.28792382330	0.38554349559
0.49849184884	-0.82235760002	0.27277027890	0.39165336291
0.55265183031	-0.79212028364	0.25754865459	0.39777606461
0.60487894167	-0.75822468100	0.24226271661	0.40391087285
0.65488268660	-0.72079572186	0.22691640563	0.41005700664
0.70237174015	-0.67996068129	0.21151335900	0.41621382223
0.74705182881	-0.63585091159	0.19605766614	0.42238050967
0.78862818127	-0.58860008539	0.18055321472	0.42855635355
0.82684649036	-0.53837737367	0.16500378265	0.43474067775
0.86157011149	-0.48545142697	0.14941340797	0.44093266564
0.89268515931	-0.43011043718	0.13378586389	0.44713160749
0.92007859932	-0.37264597315	0.11812503879	0.45333675700
0.94363874372	-0.31335196126	0.10243474080	0.45954740788
0.96325512278	-0.25252471575	0.08671880229	0.46576285141
0.97881847734	-0.19046321259	0.07098122875	0.47198231671
0.99022117581	-0.12746817001	0.05522604150	0.47820503207
0.99735744004	-0.06384041908	0.03945696210	0.48443034852
1.00012301000	0.00011667589	0.02367809998	0.49065746733
0.99841563280	0.06410010008	0.00789331821	0.49688568943
0.99217390636	0.12780857540	-0.00789342031	0.50311427720
0.98149406778	0.19095086664	-0.02367821076	0.50934251401
0.96651335275	0.25323813300	-0.03945704627	0.51556964189
0.94737081604	0.31438262175	-0.05522602189	0.52179494160
0.92420732664	0.37409729802	-0.07098115946	0.52801766261
0.89716504296	0.43209713046	-0.08671866279	0.53423712284
0.86638785536	0.48809794938	-0.10243452970	0.54045255456
0.83202090171	0.54181775920	-0.11812480733	0.54666320408
0.79420996668	0.59297754768	-0.13378575089	0.55286839387
0.75310253216	0.64129988890	-0.14941330788	0.55906731723
0.70884593450	0.68651149787	-0.16500381012	0.56525931162
0.66160765140	0.72836109095	-0.18055333107	0.57144361096
0.61166050590	0.76671009392	-0.19605794748	0.57761948516
0.55931346415	0.80146026042	-0.21151360196	0.58378615470
0.50487289518	0.83251678363	-0.22691662116	0.58994298067
0.44864510759	0.85978655805	-0.24226287331	0.59608912741
0.39093260788	0.88318025363	-0.25754873816	0.60222394918
0.33203711824	0.90261078188	-0.27277018935	0.60834662172
0.27225614666	0.91799471125	-0.28792362373	0.61445647402
0.21188510189	0.92925148440	-0.30300522438	0.62055273138
0.15121566915	0.93630398677	-0.31801130074	0.62663465121
0.09053548778	0.93907854454	-0.33293828649	0.63270152165
0.03012919269	0.93752270363	-0.34778249647	0.63875257282
-0.02971966390	0.93172750845	-0.36254018744	0.64478707592
-0.08873043834	0.92185153026	-0.37720755630	0.65080429478
-0.14662691539	0.90805372046	-0.39178070264	0.65680342717
-0.20313977289	0.89049233130	-0.40625617346	0.66278382783
-0.25800368601	0.86932555908	-0.42063016022	0.66874467678
-0.31095979557	0.84471094101	-0.43489904317	0.67468520201
-0.36175605510	0.81680499184	-0.44905942457	0.68060469339
-0.41014683579	0.78576327734	-0.46310796149	0.68650243269
-0.45589276178	0.75174065336	-0.47704123165	0.69237763584
-0.49876165724	0.71489080146	-0.49085591804	0.69822952892
-0.53853599840	0.67537392343	-0.50454885950	0.70405738351
-0.57508555988	0.63344264839	-0.51811639360	0.70986038707
-0.60833800603	0.58940428536	-0.53155501546	0.71563785923
-0.63822542123	0.54356191375	-0.54486104879	0.72138900283
-0.66468438402	0.49621225668	-0.55803094064	0.72711302629
-0.68765636085	0.44764464060	-0.57106145909	0.73280922939
-0.70708680269	0.39814263374	-0.58394917446	0.73847677625
-0.72292611655	0.34798218852	-0.59669090378	0.74411488746
-0.73512968433	0.29743075840	-0.60928385101	0.74972290364
-0.74365714489	0.24675001660	-0.62172486901	0.75529995663
-0.74847331572	0.19619265939	-0.63401120860	0.76084530089
-0.74955375049	0.14600451997	-0.64614009688	0.76635813790
-0.74698303194	0.09643617781	-0.65810846894	0.77183771285
-0.74093581409	0.04774075716	-0.66991295370	0.77728326577
-0.73158735057	0.00016282280	-0.68155014862	0.78269395240
-0.71911009586	-0.04606397536	-0.69301706477	0.78806904235
-0.70367392370	-0.09071523604	-0.70431067427	0.79340770814
-0.68544566675	-0.13357743333	-0.71542826976	0.79870919245
-0.66458932282	-0.17444707219	-0.72636721203	0.80397268861
-0.64126574292	-0.21313143691	-0.73712508223	0.80919741198
-0.61563272909	-0.24944836006	-0.74769958187	0.81438255126
-0.58784448897	-0.28322698381	-0.75808871943	0.81952735963
-0.55805487254	-0.31430827829	-0.76829040693	0.82463097003
-0.52648307125	-0.34259416163	-0.77830221717	0.82969270562
-0.49342258636	-0.36804912272	-0.78812035969	0.83471160456
-0.45915815898	-0.39064810919	-0.79774182946	0.83968699110
-0.42396363992	-0.41037103098	-0.80716364808	0.84461806171
-0.38810129155	-0.42720342352	-0.81638306836	0.84950398623
-0.35182087464	-0.44113680026	-0.82539777953	0.85434401705
-0.31536099711	-0.45216801097	-0.83420554205	0.85913729481
-0.27894710001	-0.46029991295	-0.84280466694	0.86388310739
-0.24279327670	-0.46554070375	-0.85119355809	0.86858064312
-0.20710119352	-0.46790420928	-0.85937096580	0.87322912949
-0.17206034333	-0.46741083928	-0.86733597514	0.87782784264
-0.13786823998	-0.46415200651	-0.87508657399	0.88237597585
-0.10473747678	-0.45831962060	-0.88261950761	0.88687287922
-0.07286877893	-0.45010803873	-0.88993160803	0.89131777061
-0.04244717830	-0.43970500351	-0.89702023740	0.89570989877
-0.01364101220	-0.42729100827	-0.90388355330	0.90004871915
0.01339511486	-0.41304026596	-0.91051984971	0.90433349010
0.03852227285	-0.39711995832	-0.91692804813	0.90856358362
0.06161695303	-0.37968990264	-0.92310771325	0.91273851451
0.08256922864	-0.36090359801	-0.92905864168	0.91685767592
0.10128380100	-0.34090732740	-0.93478120432	0.92092057682
0.11767987775	-0.31984001433	-0.94027639679	0.92492691303
0.13171664096	-0.29788971256	-0.94554314880	0.92887630761
0.14341976812	-0.27534607624	-0.95057632722	0.93276848685
0.15282707836	-0.25249052875	-0.95537135972	0.93660335208
0.15998017490	-0.22958245092	-0.95992463633	0.94038084309
0.16492441530	-0.20685841452	-0.96423374205	0.94410118239
0.16770779399	-0.18453470918	-0.96829704287	0.94776459113
0.16838073592	-0.16280669825	-0.97211391063	0.95137154558
0.16699515931	-0.14184969298	-0.97568464580	0.95492280783
0.16360354861	-0.12182057504	-0.97901029530	0.95841935929
0.15825824468	-0.10285944975	-0.98209249423	0.96186234117
0.15100969124	-0.08508855676	-0.98493376077	0.96525353459
0.14196033811	-0.06862619201	-0.98753537606	0.96859460131
0.13135392019	-0.05359753194	-0.98989577219	0.97188806312
0.11943875429	-0.04011921123	-0.99201321239	0.97513673988
0.10644064866	-0.02829750040	-0.99388628372	0.97834375232
0.09256310059	-0.01822991683	-0.99551384539	0.98151287433
0.07798937042	-0.01000925608	-0.99689462225	0.98464840859
0.06288595901	-0.00372778474	-0.99802677860	0.98775488605
0.04740245434	0.00052037080	-0.99890782018	0.99083758025
0.03167638191	0.00263424659	-0.99953407045	0.99390201030
0.01583517113	0.00250260303	-0.99990042296	0.99695410125
0.00000000000	0.00000000000	-1.00000000000	1.00000000000
