-0.00290949569	-0.01841596822	0.00000000000
-0.00291701580	-0.01843175643	0.00000000000
-0.00294487112	-0.01848650978	0.00000000000
-0.00309489995	-0.01871001170	0.00000000000
-0.00335488920	-0.01901195181	0.00000000000
-0.00376855003	-0.01935825744	0.00000000000
-0.00391066252	-0.01946987399	0.00000000000
-0.00421047437	-0.01997918605	0.00000000000
-0.00480157334	-0.02069291667	0.00000000000
-0.00593624798	-0.02121634862	0.00000000000
-0.00670477439	-0.02117181792	0.00000000000
-0.00764979699	-0.02123556870	0.00000000000
-0.00915563974	-0.02037831222	0.00000000000
-0.01028891809	-0.01924718146	0.00000000000
-0.01147502442	-0.01797287139	0.00000000000
-0.01212674441	-0.01563566785	0.00000000000
-0.01188875009	-0.01385266706	0.00000000000
-0.01137127685	-0.01258069759	0.00000000000
-0.01065085749	-0.01158525369	0.00000000000
-0.00976604464	-0.01084844420	0.00000000000
-0.00820329720	-0.00993523378	0.00000000000
-0.00657567954	-0.00951862556	0.00000000000
-0.00515496116	-0.00923918975	0.00000000000
-0.00414088578	-0.00885833411	0.00000000000
-0.00307207362	-0.00824808180	0.00000000000
-0.00195561238	-0.00724431946	0.00000000000
-0.00129178901	-0.00668559787	0.00000000000
-0.00073801749	-0.00631357227	0.00000000000
-0.00060105532	-0.00589653002	0.00000000000
-0.00112759868	-0.00540873707	0.00000000000
-0.00179285155	-0.00519180835	0.00000000000
-0.00276089128	-0.00496933156	0.00000000000
-0.00397860370	-0.00482940020	0.00000000000
-0.00528980795	-0.00465549239	0.00000000000
-0.00667184080	-0.00400178560	0.00000000000
-0.00752191872	-0.00334193232	0.00000000000
-0.00832327970	-0.00239508985	0.00000000000
-0.00900858568	-0.00146926049	0.00000000000
-0.00928260386	0.00062368953	0.00000000000
-0.00870314207	0.00190811298	0.00000000000
-0.00800279147	0.00279320052	0.00000000000
-0.00718066851	0.00367317765	0.00000000000
-0.00502573394	0.00496343955	0.00000000000
-0.00327499241	0.00475598308	0.00000000000
-0.00127490380	0.00535021045	0.00000000000
-0.00057795660	0.00581403877	0.00000000000
-0.00073853329	0.00631940260	0.00000000000
-0.00132902658	0.00669982946	0.00000000000
-0.00200694920	0.00728818907	0.00000000000
-0.00301655960	0.00816832316	0.00000000000
-0.00389020635	0.00869731436	0.00000000000
-0.00500118816	0.00919970647	0.00000000000
-0.00600420786	0.00938141376	0.00000000000
-0.00740895888	0.00971983079	0.00000000000
-0.00854288078	0.01014977273	0.00000000000
-0.00958800874	0.01070670057	0.00000000000
-0.01038128827	0.01137508301	0.00000000000
-0.01091707285	0.01188515672	0.00000000000
-0.01150216472	0.01292357573	0.00000000000
-0.01197268394	0.01397048880	0.00000000000
-0.01209504511	0.01604954749	0.00000000000
-0.01129925546	0.01810006856	0.00000000000
-0.01031268354	0.01927282276	0.00000000000
-0.00900960320	0.02049242117	0.00000000000
-0.00754120894	0.02126170785	0.00000000000
-0.00649367338	0.02118060058	0.00000000000
-0.00564899695	0.02118307186	0.00000000000
-0.00511165892	0.02076025654	0.00000000000
-0.00449903982	0.02031413406	0.00000000000
-0.00419453615	0.01989358717	0.00000000000
-0.00396879660	0.01959104371	0.00000000000
-0.00391043826	0.01946293950	0.00000000000
-0.00358671186	0.01922096331	0.00000000000
-0.00333123687	0.01897057256	0.00000000000
-0.00303048568	0.01863183181	0.00000000000
-0.00293598132	0.01846817328	0.00000000000
-0.00291208862	0.01842159707	0.00000000000
-0.00290965338	0.01841599725	0.00000000000
