  0.00000000000000e+00   0.00000000000000e+00   1.00000000000000e+00   0.00000000000000e+00 
  3.33890123152580e-03   1.39021256379545e-01   1.00589483764691e+00   1.66944908180301e-03 
  6.67780225703774e-03   2.68882406926185e-01   1.00786100014338e+00   3.33889816360601e-03 
  1.00167030812109e-02   3.89798689987421e-01   1.00603138907419e+00   5.00834724540901e-03 
  1.33556037087204e-02   5.01985343910751e-01   1.00053890602411e+00   6.67779632721202e-03 
  1.66945041442412e-02   6.05657607043677e-01   9.91516452577910e-01   8.34724540901502e-03 
  2.00334043924485e-02   7.01030717733698e-01   9.79096930320370e-01   1.00166944908180e-02 
  2.33723044580173e-02   7.88319914328314e-01   9.63413240836263e-01   1.16861435726210e-02 
  2.67112043456228e-02   8.67740435175026e-01   9.44598285710364e-01   1.33555926544240e-02 
  3.00501040599399e-02   9.39507518621332e-01   9.22784966527448e-01   1.50250417362270e-02 
  3.33890036056438e-02   1.00383640301473e+00   8.98106184872287e-01   1.66944908180300e-02 
  3.67279029874096e-02   1.06094232670273e+00   8.70694842329658e-01   1.83639398998331e-02 
  4.00668022099123e-02   1.11104052803283e+00   8.40683840484334e-01   2.00333889816361e-02 
  4.34057012778270e-02   1.15434624535251e+00   8.08206080921091e-01   2.17028380634391e-02 
  4.67446001958288e-02   1.19107471700930e+00   7.73394465224701e-01   2.33722871452421e-02 
  5.00834989685928e-02   1.22144118135068e+00   7.36381894979941e-01   2.50417362270451e-02 
  5.34223976007940e-02   1.24566087672415e+00   6.97301271771583e-01   2.67111853088481e-02 
  5.67612960971076e-02   1.26394904147722e+00   6.56285497184404e-01   2.83806343906511e-02 
  6.01001944622086e-02   1.27652091395739e+00   6.13467472803176e-01   3.00500834724541e-02 
  6.34390927007721e-02   1.28359173251215e+00   5.68980100212676e-01   3.17195325542571e-02 
  6.67779908174731e-02   1.28537673548901e+00   5.22956280997676e-01   3.33889816360601e-02 
  7.01168888169868e-02   1.28209116123546e+00   4.75528916742952e-01   3.50584307178631e-02 
  7.34557867039882e-02   1.27395024809901e+00   4.26830909033279e-01   3.67278797996661e-02 
  7.67946844831524e-02   1.26116923442715e+00   3.76995159453429e-01   3.83973288814691e-02 
  8.01335821591545e-02   1.24396335856739e+00   3.26154569588179e-01   4.00667779632721e-02 
  8.34724797366696e-02   1.22254785886723e+00   2.74442041022302e-01   4.17362270450751e-02 
  8.68113772203727e-02   1.19713797367416e+00   2.21990475340573e-01   4.34056761268781e-02 
  9.01502746149390e-02   1.16794894133569e+00   1.68932774127766e-01   4.50751252086811e-02 
  9.34891719250434e-02   1.13519600019931e+00   1.15401838968656e-01   4.67445742904841e-02 
  9.68280691553612e-02   1.09909438861253e+00   6.15305714480174e-02   4.84140233722871e-02 
  1.00166966310567e-01   1.05985934492284e+00   7.45187315062423e-03   5.00834724540902e-02 
  1.03505863395337e-01   1.01770610747775e+00  -4.67013543387486e-02   5.17529215358932e-02 
  1.06844760414345e-01   9.72849914624760e-01  -1.00796209435327e-01   5.34223706176962e-02 
  1.10183657372267e-01   9.25506004711362e-01  -1.54699790554336e-01   5.50918196994992e-02 
  1.13522554273777e-01   8.75889616085062e-01  -2.08279196111002e-01   5.67612687813022e-02 
  1.16861451123551e-01   8.24215987093356e-01  -2.61401524520549e-01   5.84307178631052e-02 
  1.20200347926264e-01   7.70700356083747e-01  -3.13933874198205e-01   6.01001669449082e-02 
  1.23539244686591e-01   7.15557961403734e-01  -3.65743343559193e-01   6.17696160267112e-02 
  1.26878141409207e-01   6.59004041400817e-01  -4.16697031018740e-01   6.34390651085142e-02 
  1.30217038098787e-01   6.01253834422495e-01  -4.66662034992071e-01   6.51085141903172e-02 
  1.33555934760006e-01   5.42522578816271e-01  -5.15505453894411e-01   6.67779632721202e-02 
  1.36894831397539e-01   4.83025512929642e-01  -5.63094386140988e-01   6.84474123539232e-02 
  1.40233728016062e-01   4.22977875110109e-01  -6.09295930147025e-01   7.01168614357262e-02 
  1.43572624620249e-01   3.62594903705173e-01  -6.53977184327748e-01   7.17863105175292e-02 
  1.46911521214775e-01   3.02091837062333e-01  -6.97005247098383e-01   7.34557595993322e-02 
  1.50250417804316e-01   2.41683913529089e-01  -7.38247216874156e-01   7.51252086811352e-02 
  1.53589314393547e-01   1.81586371452942e-01  -7.77570192070292e-01   7.67946577629382e-02 
  1.56928210987143e-01   1.22014449181391e-01  -8.14841271102016e-01   7.84641068447412e-02 
  1.60267107589778e-01   6.31833850619364e-02  -8.49927552384554e-01   8.01335559265442e-02 
  1.63606004206128e-01   5.30841744207800e-03  -8.82696134333132e-01   8.18030050083473e-02 
  1.66944900840868e-01  -5.13952153306839e-02  -9.13014115362975e-01   8.34724540901502e-02 
  1.70283797498673e-01  -1.06712274908849e-01  -9.40748593889308e-01   8.51419031719533e-02 
  1.73622694184218e-01  -1.60427522944918e-01  -9.65766668327359e-01   8.68113522537563e-02 
  1.76961590902179e-01  -2.12325721091391e-01  -9.87935437092350e-01   8.84808013355593e-02 
  1.80300487657229e-01  -2.62191631000766e-01  -1.00712199859951e+00   9.01502504173623e-02 
  1.83639384454045e-01  -3.09810014325546e-01  -1.02319345126406e+00   9.18196994991653e-02 
  1.86978281297302e-01  -3.54965632718229e-01  -1.03601689350123e+00   9.34891485809683e-02 
  1.90317178191674e-01  -3.97443247831315e-01  -1.04545942372625e+00   9.51585976627713e-02 
  1.93656075141836e-01  -4.37027621317304e-01  -1.05138814035433e+00   9.68280467445743e-02 
  1.96994972151757e-01  -4.73539073618793e-01  -1.05370103420185e+00   9.84974958263773e-02 
  2.00333869221615e-01  -5.06988497886605e-01  -1.05246165988904e+00   1.00166944908180e-01 
  2.03672766350321e-01  -5.37450361146044e-01  -1.04778880309510e+00   1.01836393989983e-01 
  2.07011663536790e-01  -5.64999174485133e-01  -1.03980128777959e+00   1.03505843071786e-01 
  2.10350560779933e-01  -5.89709448991900e-01  -1.02861793790208e+00   1.05175292153589e-01 
  2.13689458078663e-01  -6.11655695754367e-01  -1.01435757742211e+00   1.06844741235392e-01 
  2.17028355431893e-01  -6.30912425860560e-01  -9.97139030299243e-01   1.08514190317195e-01 
  2.20367252838534e-01  -6.47554150398504e-01  -9.77081120493049e-01   1.10183639398998e-01 
  2.23706150297499e-01  -6.61655380456224e-01  -9.54302671963082e-01   1.11853088480801e-01 
  2.27045047807702e-01  -6.73290627121746e-01  -9.28922508668902e-01   1.13522537562604e-01 
  2.30383945368053e-01  -6.82534401483093e-01  -9.01059454570069e-01   1.15191986644407e-01 
  2.33722842977466e-01  -6.89461214628292e-01  -8.70832333626141e-01   1.16861435726210e-01 
  2.37061740634853e-01  -6.94145577645366e-01  -8.38359969796678e-01   1.18530884808013e-01 
  2.40400638339127e-01  -6.96662001622341e-01  -8.03761187041240e-01   1.20200333889816e-01 
  2.43739536089200e-01  -6.97084997647242e-01  -7.67154809319386e-01   1.21869782971619e-01 
  2.47078433883985e-01  -6.95489076808094e-01  -7.28659660590676e-01   1.23539232053422e-01 
  2.50417331722393e-01  -6.91948750192921e-01  -6.88394564814669e-01   1.25208681135225e-01 
  2.53756229603338e-01  -6.86538528889749e-01  -6.46478345950925e-01   1.26878130217028e-01 
  2.57095127525732e-01  -6.79332923986604e-01  -6.03029827959002e-01   1.28547579298831e-01 
  2.60434025488487e-01  -6.70406446571508e-01  -5.58167834798462e-01   1.30217028380634e-01 
  2.63772923490516e-01  -6.59833607732489e-01  -5.12011190428863e-01   1.31886477462437e-01 
  2.67111821530731e-01  -6.47688918557570e-01  -4.64678718809765e-01   1.33555926544240e-01 
  2.70450719608045e-01  -6.34046890134777e-01  -4.16289243900726e-01   1.35225375626043e-01 
  2.73789617721371e-01  -6.18982033552134e-01  -3.66961589661307e-01   1.36894824707846e-01 
  2.77128515869620e-01  -6.02568859897667e-01  -3.16814580051068e-01   1.38564273789649e-01 
  2.80467414051705e-01  -5.84881880259401e-01  -2.65967039029567e-01   1.40233722871452e-01 
  2.83806312266538e-01  -5.65995605725359e-01  -2.14537790556363e-01   1.41903171953255e-01 
  2.87145210513033e-01  -5.45984547383569e-01  -1.62645658591018e-01   1.43572621035058e-01 
  2.90484108790101e-01  -5.24923216322054e-01  -1.10409467093090e-01   1.45242070116861e-01 
  2.93823007096656e-01  -5.02886123628840e-01  -5.79480400221385e-02   1.46911519198664e-01 
  2.97161905431608e-01  -4.79947780391950e-01  -5.38020133772167e-03   1.48580968280467e-01 
  3.00500803793872e-01  -4.56182697699411e-01   4.71752250005986e-02   1.50250417362270e-01 
  3.03839702182359e-01  -4.31665386639248e-01   9.95994150332629e-02   1.51919866444073e-01 
  3.07178600595982e-01  -4.06470358299485e-01   1.51773544800714e-01   1.53589315525876e-01 
  3.10517499033653e-01  -3.80672123768147e-01   2.03578790343391e-01   1.55258764607679e-01 
  3.13856397494285e-01  -3.54345194133259e-01   2.54896327701734e-01   1.56928213689482e-01 
  3.17195295976790e-01  -3.27564080482847e-01   3.05607332916184e-01   1.58597662771285e-01 
  3.20534194480081e-01  -3.00403293904935e-01   3.55592982027181e-01   1.60267111853088e-01 
  3.23873093003070e-01  -2.72937345487548e-01   4.04734451075167e-01   1.61936560934891e-01 
  3.27211991544669e-01  -2.45240746318710e-01   4.52912916100581e-01   1.63606010016695e-01 
  3.30550890103792e-01  -2.17388007486449e-01   5.00009553143865e-01   1.65275459098498e-01 
  3.33889788679350e-01  -1.89453640078787e-01   5.45905538245457e-01   1.66944908180300e-01 
  3.37228687270256e-01  -1.61512155183750e-01   5.90482047445800e-01   1.68614357262103e-01 
  3.40567585875423e-01  -1.33638063889364e-01   6.33620256785334e-01   1.70283806343907e-01 
  3.43906484493762e-01  -1.05905877283652e-01   6.75201342304498e-01   1.71953255425710e-01 
  3.47245383124187e-01  -7.83901064546403e-02   7.15106480043734e-01   1.73622704507513e-01 
  3.50584281765610e-01  -5.11652624903535e-02   7.53216846043483e-01   1.75292153589316e-01 
  3.53923180416943e-01  -2.43058564788163e-02   7.89413616344184e-01   1.76961602671119e-01 
  3.57262079077099e-01   2.11360049194572e-03   8.23577966986278e-01   1.78631051752922e-01 
  3.60600977744990e-01   2.80185973339076e-02   8.55591074010205e-01   1.80300500834725e-01 
  3.63939876419529e-01   5.33346229590448e-02   8.85334113456407e-01   1.81969949916528e-01 
  3.67278775099628e-01   7.79871662793329e-02   9.12688261365324e-01   1.83639398998331e-01 
  3.70617673784200e-01   1.01901716206745e-01   9.37534693777396e-01   1.85308848080134e-01 
  3.73956572472156e-01   1.25003761653258e-01   9.59754586733062e-01   1.86978297161937e-01 
  3.77295471162410e-01   1.47218791530847e-01   9.79229116272767e-01   1.88647746243740e-01 
  3.80634369853874e-01   1.68472294751486e-01   9.95839458436947e-01   1.90317195325543e-01 
  3.83973268545461e-01   1.88689760227150e-01   1.00946678926604e+00   1.91986644407346e-01 
  3.87312167236082e-01   2.07796676869814e-01   1.01999228480050e+00   1.93656093489149e-01 
  3.90651065924651e-01   2.25718533591454e-01   1.02729712108075e+00   1.95325542570952e-01 
  3.93989964610080e-01   2.42380819304044e-01   1.03126247414724e+00   1.96994991652755e-01 
  3.97328863291374e-01   2.57718176140545e-01   1.03178963622388e+00   1.98664440734558e-01 
  4.00667761968214e-01   2.71732316580151e-01   1.02892730113147e+00   2.00333889816361e-01 
  4.04006660640585e-01   2.84454789661272e-01   1.02278973498498e+00   2.02003338898164e-01 
  4.07345559308470e-01   2.95917280414688e-01   1.01349150277206e+00   2.03672787979967e-01 
  4.10684457971856e-01   3.06151473871175e-01   1.00114716948035e+00   2.05342237061770e-01 
  4.14023356630726e-01   3.15189055061512e-01   9.85871300097474e-01   2.07011686143573e-01 
  4.17362255285066e-01   3.23061709016478e-01   9.67778459611077e-01   2.08681135225376e-01 
  4.20701153934859e-01   3.29801120766851e-01   9.46983213008792e-01   2.10350584307179e-01 
  4.24040052580092e-01   3.35438975343408e-01   9.23600125278256e-01   2.12020033388982e-01 
  4.27378951220749e-01   3.40006957776928e-01   8.97743761407104e-01   2.13689482470785e-01 
  4.30717849856813e-01   3.43536753098190e-01   8.69528686382974e-01   2.15358931552588e-01 
  4.34056748488272e-01   3.46060046337971e-01   8.39069465193501e-01   2.17028380634391e-01 
  4.37395647115108e-01   3.47608522527049e-01   8.06480662826322e-01   2.18697829716194e-01 
  4.40734545737307e-01   3.48213866696204e-01   7.71876844269071e-01   2.20367278797997e-01 
  4.44073444354854e-01   3.47907763876213e-01   7.35372574509388e-01   2.22036727879800e-01 
  4.47412342967733e-01   3.46721899097854e-01   6.97082418534906e-01   2.23706176961603e-01 
  4.50751241575930e-01   3.44687957391905e-01   6.57120941333262e-01   2.25375626043406e-01 
  4.54090140179428e-01   3.41837623789145e-01   6.15602707892093e-01   2.27045075125209e-01 
  4.57429038778213e-01   3.38202583320352e-01   5.72642283199034e-01   2.28714524207012e-01 
  4.60767937372270e-01   3.33814521016305e-01   5.28354232241722e-01   2.30383973288815e-01 
  4.64106835961583e-01   3.28705121907780e-01   4.82853120007793e-01   2.32053422370618e-01 
  4.67445734546137e-01   3.22906071025558e-01   4.36253511484884e-01   2.33722871452421e-01 
  4.70784633125917e-01   3.16449053400414e-01   3.88669971660630e-01   2.35392320534224e-01 
  4.74123531700907e-01   3.09365754063129e-01   3.40217065522668e-01   2.37061769616027e-01 
  4.77462430271094e-01   3.01687858044480e-01   2.91009358058633e-01   2.38731218697830e-01 
  4.80801328836460e-01   2.93447050375246e-01   2.41161414256162e-01   2.40400667779633e-01 
  4.84140227396991e-01   2.84675016086204e-01   1.90787799102893e-01   2.42070116861436e-01 
  4.87479125952672e-01   2.75403440208133e-01   1.40003077586459e-01   2.43739565943239e-01 
  4.90818024503488e-01   2.65664007771811e-01   8.89218146944971e-02   2.45409015025042e-01 
  4.94156923049423e-01   2.55488403808016e-01   3.76585754146445e-02   2.47078464106845e-01 
  4.97495821590462e-01   2.44908313347527e-01  -1.36720752654621e-02   2.48747913188648e-01 
  5.00834720126590e-01   2.33955421421122e-01  -6.49555723581882e-02   2.50417362270451e-01 
  5.04173618657792e-01   2.22661413059578e-01  -1.16077350875897e-01   2.52086811352254e-01 
  5.07512517184052e-01   2.11057973293675e-01  -1.66922845830952e-01   2.53756260434057e-01 
  5.10851415705356e-01   1.99176787154189e-01  -2.17377492235719e-01   2.55425709515860e-01 
  5.14190314221687e-01   1.87049539671901e-01  -2.67326725102558e-01   2.57095158597663e-01 
  5.17529212733032e-01   1.74707915877587e-01  -3.16655979443835e-01   2.58764607679466e-01 
  5.20868111239373e-01   1.62183600802026e-01  -3.65250690271913e-01   2.60434056761269e-01 
  5.24207009740697e-01   1.49508279475996e-01  -4.12996292599158e-01   2.62103505843072e-01 
  5.27545908236989e-01   1.36713636930276e-01  -4.59778221437931e-01   2.63772954924875e-01 
  5.30884806728232e-01   1.23831358195643e-01  -5.05481911800597e-01   2.65442404006678e-01 
  5.34223705214412e-01   1.10893128302876e-01  -5.49992798699520e-01   2.67111853088481e-01 
  5.37562603695514e-01   9.79306322827529e-02  -5.93196317147063e-01   2.68781302170284e-01 
  5.40901502171522e-01   8.49755551660518e-02  -6.34977902155593e-01   2.70450751252087e-01 
  5.44240400642420e-01   7.20595819835514e-02  -6.75222988737469e-01   2.72120200333890e-01 
  5.47579299108195e-01   5.92143977660297e-02  -7.13817011905057e-01   2.73789649415693e-01 
  5.50918197568830e-01   4.64716875442649e-02  -7.50645406670722e-01   2.75459098497496e-01 
  5.54257096024311e-01   3.38631363490351e-02  -7.85593608046826e-01   2.77128547579299e-01 
  5.57595994474622e-01   2.14204292111187e-02  -8.18547051045733e-01   2.78797996661102e-01 
  5.60934892919747e-01   9.17525116129364e-03  -8.49391170679807e-01   2.80467445742905e-01 
  5.64273791359673e-01  -2.84071276966169e-03  -8.78011401961413e-01   2.82136894824708e-01 
  5.67612689794383e-01  -1.45957775509694e-02  -9.04293179902914e-01   2.83806343906511e-01 
  5.70951588223862e-01  -2.60582581518507e-02  -9.28121939516673e-01   2.85475792988314e-01 
  5.74290486648096e-01  -3.71964695415276e-02  -9.49383115815055e-01   2.87145242070117e-01 
  5.77629385067068e-01  -4.79787266892220e-02  -9.67962143810423e-01   2.88814691151920e-01 
  5.80968283480764e-01  -5.83733445641557e-02  -9.83744458515141e-01   2.90484140233723e-01 
  5.84307181889168e-01  -6.83486381355504e-02  -9.96615494941573e-01   2.92153589315526e-01 
  5.87646080292266e-01  -7.78729223726278e-02  -1.00646068810208e+00   2.93823038397329e-01 
  5.90984978690041e-01  -8.69145122446099e-02  -1.01316547300903e+00   2.95492487479132e-01 
  5.94323877082479e-01  -9.54417227207187e-02  -1.01661528467479e+00   2.97161936560935e-01 
  5.97662775469567e-01  -1.03425351670558e-01  -1.01670867608376e+00   2.98831385642738e-01 
  6.01001673851305e-01  -1.10861620463384e-01  -1.01347852085609e+00   3.00500834724541e-01 
  6.04340572227708e-01  -1.17761654399533e-01  -1.00703643493790e+00   3.02170283806344e-01 
  6.07679470598786e-01  -1.24136767776872e-01  -9.97495032810884e-01   3.03839732888147e-01 
  6.11018368964552e-01  -1.29998274893273e-01  -9.84966928956748e-01   3.05509181969950e-01 
  6.14357267325017e-01  -1.35357490046603e-01  -9.69564737857194e-01   3.07178631051753e-01 
  6.17696165680194e-01  -1.40225727534734e-01  -9.51401073993925e-01   3.08848080133556e-01 
  6.21035064030096e-01  -1.44614301655533e-01  -9.30588551848642e-01   3.10517529215359e-01 
  6.24373962374733e-01  -1.48534526706871e-01  -9.07239785903048e-01   3.12186978297162e-01 
  6.27712860714118e-01  -1.51997716986618e-01  -8.81467390638847e-01   3.13856427378965e-01 
  6.31051759048263e-01  -1.55015186792642e-01  -8.53383980537739e-01   3.15525876460768e-01 
  6.34390657377181e-01  -1.57598250422813e-01  -8.23102170081427e-01   3.17195325542571e-01 
  6.37729555700882e-01  -1.59758222175001e-01  -7.90734573751613e-01   3.18864774624374e-01 
  6.41068454019380e-01  -1.61506416347075e-01  -7.56393806030000e-01   3.20534223706177e-01 
  6.44407352332686e-01  -1.62854147236904e-01  -7.20192481398290e-01   3.22203672787980e-01 
  6.47746250640813e-01  -1.63812729142359e-01  -6.82243214338185e-01   3.23873121869783e-01 
  6.51085148943772e-01  -1.64393476361308e-01  -6.42658619331387e-01   3.25542570951586e-01 
  6.54424047241576e-01  -1.64607703191621e-01  -6.01551310859599e-01   3.27212020033389e-01 
  6.57762945534236e-01  -1.64466723931167e-01  -5.59033903404523e-01   3.28881469115192e-01 
  6.61101843821765e-01  -1.63981852877817e-01  -5.15219011447862e-01   3.30550918196995e-01 
  6.64440742104175e-01  -1.63164404329439e-01  -4.70219249471318e-01   3.32220367278798e-01 
  6.67779640381477e-01  -1.62025692583903e-01  -4.24147231956592e-01   3.33889816360601e-01 
  6.71118538653685e-01  -1.60577031939079e-01  -3.77115573385388e-01   3.35559265442404e-01 
  6.74457436920809e-01  -1.58829736692835e-01  -3.29236888239406e-01   3.37228714524207e-01 
  6.77796335182862e-01  -1.56795121143042e-01  -2.80623791000350e-01   3.38898163606010e-01 
  6.81135233439857e-01  -1.54484499587569e-01  -2.31388896149922e-01   3.40567612687813e-01 
  6.84474131691804e-01  -1.51909186324285e-01  -1.81644818169826e-01   3.42237061769616e-01 
  6.87813029938717e-01  -1.49080495651060e-01  -1.31504171541762e-01   3.43906510851419e-01 
  6.91151928180607e-01  -1.46009741865763e-01  -8.10795707474331e-02   3.45575959933222e-01 
  6.94490826417487e-01  -1.42708239266264e-01  -3.04836302685410e-02   3.47245409015025e-01 
  6.97829724649367e-01  -1.39187302150433e-01   2.01710354132107e-02   3.48914858096828e-01 
  7.01168622876262e-01  -1.35458244816138e-01   7.07718118161217e-02   3.50584307178631e-01 
  7.04507521098182e-01  -1.31532381561249e-01   1.21206084458490e-01   3.52253756260434e-01 
  7.07846419315139e-01  -1.27421026683637e-01   1.71361238858610e-01   3.53923205342237e-01 
  7.11185317527146e-01  -1.23135494481169e-01   2.21124660534781e-01   3.55592654424040e-01 
  7.14524215734215e-01  -1.18687099251716e-01   2.70383735005302e-01   3.57262103505843e-01 
  7.17863113936358e-01  -1.14087155293148e-01   3.19025847788469e-01   3.58931552587646e-01 
  7.21202012133587e-01  -1.09346976903333e-01   3.66938384402580e-01   3.60601001669449e-01 
  7.24540910325913e-01  -1.04477878380141e-01   4.14008730365934e-01   3.62270450751252e-01 
  7.27879808513350e-01  -9.94911740214419e-02   4.60124271196827e-01   3.63939899833055e-01 
  7.31218706695909e-01  -9.43981781251048e-02   5.05172392413560e-01   3.65609348914858e-01 
  7.34557604873601e-01  -8.92102049889995e-02   5.49040479534427e-01   3.67278797996661e-01 
  7.37896503046440e-01  -8.39385689109952e-02   5.91615918077726e-01   3.68948247078464e-01 
  7.41235401214438e-01  -7.85945841889615e-02   6.32786093561757e-01   3.70617696160267e-01 
  7.44574299377605e-01  -7.31895651207679e-02   6.72438391504815e-01   3.72287145242070e-01 
  7.47913197535956e-01  -6.77348260042838e-02   7.10460197425200e-01   3.73956594323873e-01 
  7.51252095689500e-01  -6.22416811373787e-02   7.46738896841209e-01   3.75626043405676e-01 
  7.54590993838251e-01  -5.67214448179222e-02   7.81161875271139e-01   3.77295492487479e-01 
  7.57929891982221e-01  -5.11854313437836e-02   8.13616518233289e-01   3.78964941569282e-01 
  7.61268790121421e-01  -4.56449550128324e-02   8.43990211245956e-01   3.80634390651085e-01 
  7.64607688255864e-01  -4.01113301229383e-02   8.72170339827438e-01   3.82303839732888e-01 
  7.67946586385562e-01  -3.45958709719705e-02   8.98044289496031e-01   3.83973288814691e-01 
  7.71285484510527e-01  -2.91098918577988e-02   9.21499445770035e-01   3.85642737896494e-01 
  7.74624382630771e-01  -2.36647070782924e-02   9.42423194167747e-01   3.87312186978297e-01 
  7.77963280746306e-01  -1.82716309313209e-02   9.60702920207464e-01   3.88981636060100e-01 
  7.81302178857144e-01  -1.29419777147538e-02   9.76226009407485e-01   3.90651085141903e-01 
  7.84641076963297e-01  -7.68706172646055e-03   9.88879847286106e-01   3.92320534223706e-01 
  7.87979975064777e-01  -2.51819726431046e-03   9.98551819361627e-01   3.93989983305509e-01 
  7.91318873161597e-01   2.55330137382666e-03   1.00512931115234e+00   3.95659432387312e-01 
  7.94657771253767e-01   7.51611989008147e-03   1.00849970817655e+00   3.97328881469115e-01 
  7.97996669341306e-01   1.23593297030847e-02   1.00855854986604e+00   3.98998330550918e-01 
  8.01335567424282e-01   1.70777281162990e-02   1.00532241887858e+00   4.00667779632721e-01 
  8.04674465502812e-01   2.16704970361431e-02   9.98900586862807e-01   4.02337228714524e-01 
  8.08013363577009e-01   2.61369298246133e-02   9.89404681599703e-01   4.04006677796327e-01 
  8.11352261646989e-01   3.04763198437061e-02   9.76946330870269e-01   4.05676126878130e-01 
  8.14691159712867e-01   3.46879604554182e-02   9.61637162455502e-01   4.07345575959933e-01 
  8.18030057774758e-01   3.87711450217457e-02   9.43588804136398e-01   4.09015025041736e-01 
  8.21368955832778e-01   4.27251669046853e-02   9.22912883693956e-01   4.10684474123539e-01 
  8.24707853887040e-01   4.65493194662333e-02   8.99721028909173e-01   4.12353923205342e-01 
  8.28046751937662e-01   5.02428960683863e-02   8.74124867563045e-01   4.14023372287145e-01 
  8.31385649984757e-01   5.38051900731407e-02   8.46236027436570e-01   4.15692821368948e-01 
  8.34724548028441e-01   5.72354948424931e-02   8.16166136310744e-01   4.17362270450751e-01 
  8.38063446068829e-01   6.05331037384398e-02   7.84026821966565e-01   4.19031719532554e-01 
  8.41402344106036e-01   6.36973101229774e-02   7.49929712185030e-01   4.20701168614357e-01 
  8.44741242140177e-01   6.67274073581022e-02   7.13986434747135e-01   4.22370617696160e-01 
  8.48080140171368e-01   6.96226888058107e-02   6.76308617433880e-01   4.24040066777963e-01 
  8.51419038199722e-01   7.23824478280995e-02   6.37007888026260e-01   4.25709515859766e-01 
  8.54757936225357e-01   7.50059777869649e-02   5.96195874305272e-01   4.27378964941569e-01 
  8.58096834248386e-01   7.74925720444035e-02   5.53984204051914e-01   4.29048414023372e-01 
  8.61435732268925e-01   7.98415239624117e-02   5.10484505047183e-01   4.30717863105175e-01 
  8.64774630287089e-01   8.20521269029860e-02   4.65808405072076e-01   4.32387312186978e-01 
  8.68113528302993e-01   8.41236742281228e-02   4.20067531907589e-01   4.34056761268781e-01 
  8.71452426316752e-01   8.60554592998187e-02   3.73373513334719e-01   4.35726210350584e-01 
  8.74791324328482e-01   8.78467754800700e-02   3.25837977134467e-01   4.37395659432387e-01 
  8.78130222338297e-01   8.94969161308732e-02   2.77572551087826e-01   4.39065108514190e-01 
  8.81469120346312e-01   9.10051746142249e-02   2.28688862975794e-01   4.40734557595993e-01 
  8.84808018352644e-01   9.23708442921213e-02   1.79298540579370e-01   4.42404006677796e-01 
  8.88146916357406e-01   9.35932185265592e-02   1.29513211679549e-01   4.44073455759599e-01 
  8.91485814360714e-01   9.46715906795348e-02   7.94445040573298e-02   4.45742904841402e-01 
  8.94824712362684e-01   9.56052541130447e-02   2.92040454937083e-02   4.47412353923205e-01 
  8.98163610363429e-01   9.63935021890853e-02  -2.10965362303201e-02   4.49081803005008e-01 
  9.01502508363066e-01   9.70356282696531e-02  -7.13456133337547e-02   4.50751252086811e-01 
  9.04841406361709e-01   9.75309257167445e-02  -1.21431558035600e-01   4.52420701168614e-01 
  9.08180304359474e-01   9.78786878923561e-02  -1.71242742554858e-01   4.54090150250417e-01 
  9.11519202356476e-01   9.80782081584842e-02  -2.20667539110533e-01   4.55759599332220e-01 
  9.14858100352829e-01   9.81287798771254e-02  -2.69594319921626e-01   4.57429048414023e-01 
  9.18196998348650e-01   9.80296964102761e-02  -3.17911457207142e-01   4.59098497495826e-01 
  9.21535896344053e-01   9.77802511199328e-02  -3.65507323186083e-01   4.60767946577629e-01 
  9.24874794339153e-01   9.73797373680919e-02  -4.12270290077453e-01   4.62437395659432e-01 
  9.28213692334065e-01   9.68274485167500e-02  -4.58088730100253e-01   4.64106844741235e-01 
  9.31552590328904e-01   9.61226779279033e-02  -5.02851015473486e-01   4.65776293823038e-01 
  9.34891488323787e-01   9.52647189635486e-02  -5.46445518416155e-01   4.67445742904841e-01 
  9.38230386318827e-01   9.42528649856821e-02  -5.88760611147264e-01   4.69115191986644e-01 
  9.41569284314140e-01   9.30864093563005e-02  -6.29684665885815e-01   4.70784641068447e-01 
  9.44908182309842e-01   9.17646454374000e-02  -6.69106054850811e-01   4.72454090150250e-01 
  9.48247080306046e-01   9.02868665909772e-02  -7.06913150261254e-01   4.74123539232053e-01 
  9.51585978302868e-01   8.86523661790286e-02  -7.42994324336151e-01   4.75792988313856e-01 
  9.54924876300424e-01   8.68604375635506e-02  -7.77237949294498e-01   4.77462437395659e-01 
  9.58263774298829e-01   8.49103741065397e-02  -8.09532397355303e-01   4.79131886477462e-01 
  9.61602672298197e-01   8.28014691699924e-02  -8.39766040737568e-01   4.80801335559265e-01 
  9.64941570298644e-01   8.05330161159051e-02  -8.67827251660294e-01   4.82470784641068e-01 
  9.68280468300284e-01   7.81043083062742e-02  -8.93604402342486e-01   4.84140233722871e-01 
  9.71619366303234e-01   7.55146391030964e-02  -9.16985865003145e-01   4.85809682804674e-01 
  9.74958264307608e-01   7.27633018683679e-02  -9.37860011861276e-01   4.87479131886477e-01 
  9.78297162313521e-01   6.98495899640853e-02  -9.56115215135880e-01   4.89148580968280e-01 
  9.81636060321089e-01   6.67727967522450e-02  -9.71639847045962e-01   4.90818030050084e-01 
  9.84974958330427e-01   6.35322155948436e-02  -9.84322279810522e-01   4.92487479131887e-01 
  9.88313856341648e-01   6.01271398538774e-02  -9.94050885648565e-01   4.94156928213690e-01 
  9.91652754354870e-01   5.65568628913430e-02  -1.00071403677909e+00   4.95826377295493e-01 
  9.94991652370207e-01   5.28206780692368e-02  -1.00420010542111e+00   4.97495826377296e-01 
  9.98330550387770e-01   4.89181114880172e-02  -1.00440215101305e+00   4.99165275459099e-01 
  1.00166944840759e+00   4.48540004004348e-02  -1.00132019656099e+00   5.00834724540901e-01 
  1.00500834642964e+00   4.06384700747772e-02  -9.95060762677667e-01   5.02504173622704e-01 
  1.00834724445385e+00   3.62818738904154e-02  -9.85734964002482e-01   5.04173622704507e-01 
  1.01168614248019e+00   3.17945652267207e-02  -9.73453915174841e-01   5.05843071786310e-01 
  1.01502504050861e+00   2.71868974630641e-02  -9.58328730834150e-01   5.07512520868113e-01 
  1.01836393853907e+00   2.24692239788167e-02  -9.40470525619814e-01   5.09181969949916e-01 
  1.02170283657151e+00   1.76518981533495e-02  -9.19990414171236e-01   5.10851419031720e-01 
  1.02504173460590e+00   1.27452733660340e-02  -8.96999511127824e-01   5.12520868113523e-01 
  1.02838063264218e+00   7.75970299624114e-03  -8.71608931128984e-01   5.14190317195326e-01 
  1.03171953068031e+00   2.70554042334199e-03  -8.43929788814118e-01   5.15859766277129e-01 
  1.03505842872024e+00  -2.40686097329224e-03  -8.14073198822634e-01   5.17529215358932e-01 
  1.03839732676193e+00  -7.56714781429051e-03  -7.82150275793936e-01   5.19198664440735e-01 
  1.04173622480533e+00  -1.27649667202816e-02  -7.48272134367430e-01   5.20868113522538e-01 
  1.04507512285040e+00  -1.79899643118946e-02  -7.12549889182521e-01   5.22537562604341e-01 
  1.04841402089709e+00  -2.32317872097582e-02  -6.75094654878614e-01   5.24207011686144e-01 
  1.05175291894535e+00  -2.84800820345013e-02  -6.36017546095114e-01   5.25876460767947e-01 
  1.05509181699514e+00  -3.37244954067528e-02  -5.95429677471426e-01   5.27545909849750e-01 
  1.05843071504641e+00  -3.89546739471416e-02  -5.53442163646957e-01   5.29215358931553e-01 
  1.06176961309911e+00  -4.41602642762966e-02  -5.10166119261111e-01   5.30884808013356e-01 
  1.06510851115320e+00  -4.93309130148466e-02  -4.65712658953293e-01   5.32554257095159e-01 
  1.06844740920864e+00  -5.44562667834205e-02  -4.20192897362909e-01   5.34223706176962e-01 
  1.07178630726537e+00  -5.95259722026472e-02  -3.73717949129364e-01   5.35893155258765e-01 
  1.07512520532336e+00  -6.45296758931557e-02  -3.26398928892064e-01   5.37562604340568e-01 
  1.07846410338254e+00  -6.94570244755750e-02  -2.78346951290409e-01   5.39232053422371e-01 
  1.08180300144289e+00  -7.42976645705334e-02  -2.29673130963812e-01   5.40901502504174e-01 
  1.08514189950435e+00  -7.90412427986601e-02  -1.80488582551675e-01   5.42570951585977e-01 
  1.08848079756688e+00  -8.36774057805840e-02  -1.30904420693404e-01   5.44240400667780e-01 
  1.09181969563042e+00  -8.81958001369340e-02  -8.10317600284034e-02   5.45909849749583e-01 
  1.09515859369494e+00  -9.25860724883389e-02  -3.09817151960788e-02   5.47579298831386e-01 
  1.09849749176039e+00  -9.68378694554277e-02   1.91345991641649e-02   5.49248747913189e-01 
  1.10183638982672e+00  -1.00940837658829e-01   6.92060684129223e-02   5.50918196994992e-01 
  1.10517528789389e+00  -1.04884623719172e-01   1.19121577910788e-01   5.52587646076795e-01 
  1.10851418596185e+00  -1.08658874257086e-01   1.68770013018357e-01   5.54257095158598e-01 
  1.11185308403055e+00  -1.12253235893199e-01   2.18040259096224e-01   5.55926544240401e-01 
  1.11519198209995e+00  -1.15657355248140e-01   2.66821201504983e-01   5.57595993322204e-01 
  1.11853088017000e+00  -1.18860878942538e-01   3.15001725605230e-01   5.59265442404007e-01 
  1.12186977824065e+00  -1.21853453597022e-01   3.62470716757558e-01   5.60934891485810e-01 
  1.12520867631187e+00  -1.24624725832221e-01   4.09117060322564e-01   5.62604340567613e-01 
  1.12854757438360e+00  -1.27164342268764e-01   4.54829641660841e-01   5.64273789649416e-01 
  1.13188647245580e+00  -1.29461949527279e-01   4.99497346132987e-01   5.65943238731219e-01 
  1.13522537052842e+00  -1.31507194228396e-01   5.43009059099591e-01   5.67612687813022e-01 
  1.13856426860141e+00  -1.33289722992743e-01   5.85253665921252e-01   5.69282136894825e-01 
  1.14190316667473e+00  -1.34799182440950e-01   6.26120051958562e-01   5.70951585976628e-01 
  1.14524206474834e+00  -1.36025219193644e-01   6.65497102572117e-01   5.72621035058431e-01 
  1.14858096282219e+00  -1.36957479871456e-01   7.03273703122513e-01   5.74290484140234e-01 
  1.15191986089622e+00  -1.37585611095013e-01   7.39338738970343e-01   5.75959933222037e-01 
  1.15525875897040e+00  -1.37899259484946e-01   7.73581095476202e-01   5.77629382303840e-01 
  1.15859765704468e+00  -1.37888071661881e-01   8.05889658000686e-01   5.79298831385643e-01 
  1.16193655511901e+00  -1.37541694246450e-01   8.36153311904388e-01   5.80968280467446e-01 
  1.16527545319335e+00  -1.36849773859280e-01   8.64260942547905e-01   5.82637729549249e-01 
  1.16861435126765e+00  -1.35801957121000e-01   8.90101435291829e-01   5.84307178631052e-01 
  1.17195324934187e+00  -1.34387890652239e-01   9.13563675496756e-01   5.85976627712855e-01 
  1.17529214741595e+00  -1.32597221073626e-01   9.34536548523281e-01   5.87646076794658e-01 
  1.17863104548985e+00  -1.30419595005790e-01   9.52908939731999e-01   5.89315525876461e-01 
  1.18196994356354e+00  -1.27844659069360e-01   9.68569734483505e-01   5.90984974958264e-01 
  1.18530884163695e+00  -1.24862059884965e-01   9.81407818138392e-01   5.92654424040067e-01 
  1.18864773971005e+00  -1.21461444073233e-01   9.91312076057256e-01   5.94323873121870e-01 
  1.19198663778278e+00  -1.17632458254793e-01   9.98171393600692e-01   5.95993322203673e-01 
  1.19532553585511e+00  -1.13364749050275e-01   1.00187465612929e+00   5.97662771285476e-01 
  1.19866443392698e+00  -1.08648313131766e-01   1.00231314035807e+00   5.99332220367279e-01 
  1.20200333199847e+00  -1.03486648225430e-01   9.99470354599908e-01   6.01001669449082e-01 
  1.20534223006974e+00  -9.79007286402031e-02   9.93449197338582e-01   6.02671118530885e-01 
  1.20868112814099e+00  -9.19126904821980e-02   9.84360503801898e-01   6.04340567612688e-01 
  1.21202002621242e+00  -8.55446698575275e-02   9.72315109217654e-01   6.06010016694491e-01 
  1.21535892428423e+00  -7.88188028723043e-02   9.57423848813649e-01   6.07679465776294e-01 
  1.21869782235659e+00  -7.17572256326410e-02   9.39797557817683e-01   6.09348914858097e-01 
  1.22203672042972e+00  -6.43820742446505e-02   9.19547071457554e-01   6.11018363939900e-01 
  1.22537561850380e+00  -5.67154848144454e-02   8.96783224961060e-01   6.12687813021703e-01 
  1.22871451657902e+00  -4.87795934481385e-02   8.71616853556003e-01   6.14357262103506e-01 
  1.23205341465558e+00  -4.05965362518426e-02   8.44158792470180e-01   6.16026711185309e-01 
  1.23539231273368e+00  -3.21884493316704e-02   8.14519876931390e-01   6.17696160267112e-01 
  1.23873121081350e+00  -2.35774687937347e-02   7.82810942167433e-01   6.19365609348915e-01 
  1.24207010889525e+00  -1.47857307441475e-02   7.49142823406106e-01   6.21035058430718e-01 
  1.24540900697910e+00  -5.83537128902274e-03   7.13626355875211e-01   6.22704507512521e-01 
  1.24874790506527e+00   3.25147346552732e-03   6.76372374802546e-01   6.24373956594324e-01 
  1.25208680315393e+00   1.24526674133900e-02   6.37491715415910e-01   6.26043405676127e-01 
  1.25542570124529e+00   2.17460744484525e-02   5.97095212943102e-01   6.27712854757930e-01 
  1.25876459933954e+00   3.11095584646022e-02   5.55293702611921e-01   6.29382303839733e-01 
  1.26210349743688e+00   4.05209833557262e-02   5.12198019650166e-01   6.31051752921536e-01 
  1.26544239553748e+00   4.99582130157120e-02   4.67918999285636e-01   6.32721202003339e-01 
  1.26878129364156e+00   5.93991113384466e-02   4.22567476746130e-01   6.34390651085142e-01 
  1.27212019174930e+00   6.88215422178174e-02   3.76254287259447e-01   6.36060100166945e-01 
  1.27545908986090e+00   7.82033695477117e-02   3.29090266053387e-01   6.37729549248748e-01 
  1.27879798797655e+00   8.75224572220167e-02   2.81186248355748e-01   6.39398998330551e-01 
  1.28213688609645e+00   9.67566691346195e-02   2.32653069394329e-01   6.41068447412354e-01 
  1.28547578422078e+00   1.05883869179408e-01   1.83601564396930e-01   6.42737896494157e-01 
  1.28881468234974e+00   1.14881921250268e-01   1.34142568591349e-01   6.44407345575960e-01 
  1.29215358048353e+00   1.23728689241089e-01   8.43869172053864e-02   6.46076794657763e-01 
  1.29549247862234e+00   1.32402037045756e-01   3.44454454668400e-02   6.47746243739566e-01 
  1.29883137676636e+00   1.40879828558158e-01  -1.55710113964940e-02   6.49415692821369e-01 
  1.30217027491579e+00   1.49139927672181e-01  -6.55516181568102e-02   6.51085141903172e-01 
  1.30550917307082e+00   1.57160198281713e-01  -1.15385539586313e-01   6.52754590984975e-01 
  1.30884807123164e+00   1.64918504280641e-01  -1.64961940457201e-01   6.54424040066778e-01 
  1.31218696939845e+00   1.72392709562852e-01  -2.14169985541679e-01   6.56093489148581e-01 
  1.31552586757144e+00   1.79560678022234e-01  -2.62898839611945e-01   6.57762938230384e-01 
  1.31886476575080e+00   1.86400273552674e-01  -3.11037667440201e-01   6.59432387312187e-01 
  1.32220366393673e+00   1.92889360048058e-01  -3.58475633798648e-01   6.61101836393990e-01 
  1.32554256212943e+00   1.99005801402276e-01  -4.05101903459487e-01   6.62771285475793e-01 
  1.32888146032908e+00   2.04727461509212e-01  -4.50805641194918e-01   6.64440734557596e-01 
  1.33222035853588e+00   2.10032204262756e-01  -4.95476011777144e-01   6.66110183639399e-01 
  1.33555925675003e+00   2.14897893556793e-01  -5.39002179978363e-01   6.67779632721202e-01 
  1.33889815497171e+00   2.19302393285212e-01  -5.81273310570778e-01   6.69449081803005e-01 
  1.34223705320112e+00   2.23223567341900e-01  -6.22178568326590e-01   6.71118530884808e-01 
  1.34557595143846e+00   2.26639279620744e-01  -6.61607118018000e-01   6.72787979966611e-01 
  1.34891484968391e+00   2.29527394015631e-01  -6.99448124417208e-01   6.74457429048414e-01 
  1.35225374793768e+00   2.31865774420448e-01  -7.35590752296416e-01   6.76126878130217e-01 
  1.35559264619995e+00   2.33632284729083e-01  -7.69924166427823e-01   6.77796327212020e-01 
  1.35893154447092e+00   2.34804788835423e-01  -8.02337531583632e-01   6.79465776293823e-01 
  1.36227044275078e+00   2.35361150633355e-01  -8.32720012536043e-01   6.81135225375626e-01 
  1.36560934103973e+00   2.35279234016766e-01  -8.60960774057255e-01   6.82804674457429e-01 
  1.36894823933796e+00   2.34536902879544e-01  -8.86948980919473e-01   6.84474123539232e-01 
  1.37228713764566e+00   2.33112021115577e-01  -9.10573797894895e-01   6.86143572621035e-01 
  1.37562603596303e+00   2.30982452618750e-01  -9.31724389755723e-01   6.87813021702838e-01 
  1.37896493429026e+00   2.28126061282952e-01  -9.50289921274159e-01   6.89482470784641e-01 
  1.38230383262755e+00   2.24520711002070e-01  -9.66159557222401e-01   6.91151919866444e-01 
  1.38564273097508e+00   2.20144265669991e-01  -9.79222462372652e-01   6.92821368948247e-01 
  1.38898162933306e+00   2.14974589180602e-01  -9.89367801497113e-01   6.94490818030050e-01 
  1.39232052770167e+00   2.08989545427790e-01  -9.96484739367985e-01   6.96160267111853e-01 
  1.39565942608111e+00   2.02166998305444e-01  -1.00046244075747e+00   6.97829716193656e-01 
  1.39899832447157e+00   1.94485102602681e-01  -1.00119107718918e+00   6.99499165275459e-01 
  1.40233722287310e+00   1.85944337702515e-01  -9.98638082768149e-01   7.01168614357262e-01 
  1.40567612128550e+00   1.76582922180690e-01  -9.92901502147785e-01   7.02838063439065e-01 
  1.40901501970855e+00   1.66442717384303e-01  -9.84091987150052e-01   7.04507512520868e-01 
  1.41235391814202e+00   1.55565584660451e-01  -9.72320189596919e-01   7.06176961602671e-01 
  1.41569281658570e+00   1.43993385356233e-01  -9.57696761310354e-01   7.07846410684474e-01 
  1.41903171503936e+00   1.31767980818746e-01  -9.40332354112323e-01   7.09515859766277e-01 
  1.42237061350278e+00   1.18931232395087e-01  -9.20337619824795e-01   7.11185308848080e-01 
  1.42570951197573e+00   1.05525001432354e-01  -8.97823210269737e-01   7.12854757929883e-01 
  1.42904841045801e+00   9.15911492776451e-02  -8.72899777269115e-01   7.14524207011686e-01 
  1.43238730894938e+00   7.71715372780567e-02  -8.45677972644900e-01   7.16193656093489e-01 
  1.43572620744962e+00   6.23080267806870e-02  -8.16268448219058e-01   7.17863105175292e-01 
  1.43906510595851e+00   4.70424791326335e-02  -7.84781855813556e-01   7.19532554257095e-01 
  1.44240400447583e+00   3.14167556809937e-02  -7.51328847250363e-01   7.21202003338898e-01 
  1.44574290300136e+00   1.54727177728654e-02  -7.16020074351446e-01   7.22871452420701e-01 
  1.44908180153487e+00  -7.47773244654178e-04  -6.78966188938771e-01   7.24540901502504e-01 
  1.45242070007615e+00  -1.72028560244673e-02  -6.40277842834308e-01   7.26210350584307e-01 
  1.45575959862497e+00  -3.38506692194765e-02  -6.00065687860024e-01   7.27879799666110e-01 
  1.45909849718110e+00  -5.06493514825839e-02  -5.58440375837887e-01   7.29549248747913e-01 
  1.46243739574434e+00  -6.75570414666934e-02  -5.15512558589860e-01   7.31218697829716e-01 
  1.46577629431445e+00  -8.45318778247050e-02  -4.71392887937918e-01   7.32888146911519e-01 
  1.46911519289121e+00  -1.01531999209522e-01  -4.26192015704026e-01   7.34557595993322e-01 
  1.47245409147440e+00  -1.18515544274048e-01  -3.80020593710150e-01   7.36227045075125e-01 
  1.47579299006381e+00  -1.35440651671184e-01  -3.32989273778259e-01   7.37896494156928e-01 
  1.47913188865920e+00  -1.52265460053833e-01  -2.85208707730320e-01   7.39565943238731e-01 
  1.48247078726036e+00  -1.68948108074898e-01  -2.36789547388301e-01   7.41235392320534e-01 
  1.48580968586707e+00  -1.85446734387280e-01  -1.87842444574169e-01   7.42904841402337e-01 
  1.48914858447909e+00  -2.01719477643883e-01  -1.38478051109893e-01   7.44574290484140e-01 
  1.49248748309622e+00  -2.17724476497609e-01  -8.88070188174392e-02   7.46243739565943e-01 
  1.49582638171822e+00  -2.33419869601359e-01  -3.89399995187757e-02   7.47913188647746e-01 
  1.49916528034488e+00  -2.48763795608038e-01   1.10123549641297e-02   7.49582637729549e-01 
  1.50250417897598e+00  -2.63714393170546e-01   6.09393928093092e-02   7.51252086811352e-01 
  1.50584307761129e+00  -2.78229800941787e-01   1.10730462194795e-01   7.52921535893155e-01 
  1.50918197625059e+00  -2.92268157574663e-01   1.60274911298621e-01   7.54590984974958e-01 
  1.51252087489366e+00  -3.05787601722076e-01   2.09462088298817e-01   7.56260434056761e-01 
  1.51585977354027e+00  -3.18746272036930e-01   2.58181341373419e-01   7.57929883138564e-01 
  1.51919867219021e+00  -3.31102307172126e-01   3.06322018700458e-01   7.59599332220367e-01 
  1.52253757084326e+00  -3.42813845780566e-01   3.53773468457964e-01   7.61268781302170e-01 
  1.52587646949918e+00  -3.53839026515153e-01   4.00425038823970e-01   7.62938230383973e-01 
  1.52921536815777e+00  -3.64135988028789e-01   4.46166077976509e-01   7.64607679465776e-01 
  1.53255426681879e+00  -3.73662868974378e-01   4.90885934093614e-01   7.66277128547579e-01 
  1.53589316548203e+00  -3.82377808004821e-01   5.34473955353318e-01   7.67946577629382e-01 
  1.53923206414726e+00  -3.90238943773021e-01   5.76819489933651e-01   7.69616026711185e-01 
  1.54257096281427e+00  -3.97204414931880e-01   6.17811886012648e-01   7.71285475792988e-01 
  1.54590986148282e+00  -4.03232360134301e-01   6.57340491768339e-01   7.72954924874791e-01 
  1.54924876015270e+00  -4.08280918033186e-01   6.95294655378757e-01   7.74624373956594e-01 
  1.55258765882369e+00  -4.12308227281438e-01   7.31563725021936e-01   7.76293823038397e-01 
  1.55592655749556e+00  -4.15272426531958e-01   7.66037048875907e-01   7.77963272120200e-01 
  1.55926545616810e+00  -4.17131654437650e-01   7.98603975118702e-01   7.79632721202003e-01 
  1.56260435484108e+00  -4.17844049651417e-01   8.29153851928355e-01   7.81302170283806e-01 
  1.56594325351427e+00  -4.17367750826159e-01   8.57576027482897e-01   7.82971619365609e-01 
  1.56928215218746e+00  -4.15660896614780e-01   8.83759849960360e-01   7.84641068447412e-01 
  1.57262105086043e+00  -4.12681625670182e-01   9.07594667538779e-01   7.86310517529215e-01 
  1.57595994953295e+00  -4.08388076645268e-01   9.28969828396182e-01   7.87979966611018e-01 
  1.57929884820480e+00  -4.02738388192940e-01   9.47774680710604e-01   7.89649415692821e-01 
  1.58263774687576e+00  -3.95690698966100e-01   9.63898572660078e-01   7.91318864774624e-01 
  1.58597664554561e+00  -3.87203147617651e-01   9.77230852422635e-01   7.92988313856427e-01 
  1.58931554421412e+00  -3.77233872800496e-01   9.87660868176308e-01   7.94657762938230e-01 
  1.59265444288107e+00  -3.65741013167537e-01   9.95077968099129e-01   7.96327212020033e-01 
  1.59599334154625e+00  -3.52682707371675e-01   9.99371500369131e-01   7.97996661101836e-01 
  1.59933224020943e+00  -3.38017261859391e-01   1.00043111091154e+00   7.99666110183639e-01 
  1.60267113887022e+00  -3.21738255201795e-01   9.98209035510645e-01   8.01335559265442e-01 
  1.60601003752791e+00  -3.03917815863951e-01   9.92796895565893e-01   8.03005008347245e-01 
  1.60934893618172e+00  -2.84638677900702e-01   9.84305131937613e-01   8.04674457429048e-01 
  1.61268783483087e+00  -2.63983575366891e-01   9.72844185486136e-01   8.06343906510851e-01 
  1.61602673347459e+00  -2.42035242317360e-01   9.58524497071788e-01   8.08013355592654e-01 
  1.61936563211210e+00  -2.18876412806952e-01   9.41456507554900e-01   8.09682804674457e-01 
  1.62270453074263e+00  -1.94589820890511e-01   9.21750657795798e-01   8.11352253756260e-01 
  1.62604342936541e+00  -1.69258200622878e-01   8.99517388654811e-01   8.13021702838063e-01 
  1.62938232797965e+00  -1.42964286058896e-01   8.74867140992267e-01   8.14691151919867e-01 
  1.63272122658459e+00  -1.15790811253410e-01   8.47910355668496e-01   8.16360601001670e-01 
  1.63606012517946e+00  -8.78205102612626e-02   8.18757473543826e-01   8.18030050083473e-01 
  1.63939902376347e+00  -5.91361171372952e-02   7.87518935478585e-01   8.19699499165276e-01 
  1.64273792233585e+00  -2.98203659363513e-02   7.54305182333101e-01   8.21368948247079e-01 
  1.64607682089583e+00   4.40092867259479e-05   7.19226654967703e-01   8.23038397328882e-01 
  1.64941571944262e+00   3.03742744770941e-02   6.82393794242719e-01   8.24707846410685e-01 
  1.65275461797547e+00   6.10876955799101e-02   6.43917041018478e-01   8.26377295492488e-01 
  1.65609351649360e+00   9.21015385403315e-02   6.03906836155306e-01   8.28046744574291e-01 
  1.65943241499622e+00   1.23333069303515e-01   5.62473620513536e-01   8.29716193656094e-01 
  1.66277131348256e+00   1.54699553814617e-01   5.19727834953492e-01   8.31385642737897e-01 
  1.66611021195185e+00   1.86118258018796e-01   4.75779920335505e-01   8.33055091819700e-01 
  1.66944911040332e+00   2.17506447861208e-01   4.30740317519902e-01   8.34724540901502e-01 
  1.67278800883619e+00   2.48781389287011e-01   3.84719467367012e-01   8.36393989983305e-01 
  1.67612690724969e+00   2.79860348241362e-01   3.37827810737164e-01   8.38063439065108e-01 
  1.67946580564304e+00   3.10660590669417e-01   2.90175788490685e-01   8.39732888146911e-01 
  1.68280470401546e+00   3.41099382516336e-01   2.41873841487901e-01   8.41402337228715e-01 
  1.68614360236618e+00   3.71093989727273e-01   1.93032410589147e-01   8.43071786310518e-01 
  1.68948250069444e+00   4.00561678247386e-01   1.43761936654747e-01   8.44741235392321e-01 
  1.69282139899944e+00   4.29419714021832e-01   9.41728605450315e-02   8.46410684474124e-01 
  1.69616029728043e+00   4.57585362995768e-01   4.43756231203272e-02   8.48080133555927e-01 
  1.69949919553661e+00   4.84975891114353e-01  -5.51933475903705e-03   8.49749582637730e-01 
  1.70283809376723e+00   5.11508564322741e-01  -5.54015722327323e-02   8.51419031719533e-01 
  1.70617699197150e+00   5.37100648566092e-01  -1.05160648440432e-01   8.53088480801336e-01 
  1.70951589014865e+00   5.61669409789562e-01  -1.54686122521805e-01   8.54757929883139e-01 
  1.71285478829791e+00   5.85132113938307e-01  -2.03867553616524e-01   8.56427378964942e-01 
  1.71619368641849e+00   6.07406026957486e-01  -2.52594500864262e-01   8.58096828046745e-01 
  1.71953258450964e+00   6.28408414792255e-01  -3.00756523404690e-01   8.59766277128548e-01 
  1.72287148257056e+00   6.48056543387772e-01  -3.48243180377478e-01   8.61435726210351e-01 
  1.72621038060049e+00   6.66267678689193e-01  -3.94944030922299e-01   8.63105175292154e-01 
  1.72954927859865e+00   6.82959086641675e-01  -4.40748634178824e-01   8.64774624373957e-01 
  1.73288817656428e+00   6.98048033190377e-01  -4.85546549286726e-01   8.66444073455760e-01 
  1.73622707449658e+00   7.11451784280455e-01  -5.29227335385674e-01   8.68113522537563e-01 
  1.73956597239479e+00   7.23087605857066e-01  -5.71680551615345e-01   8.69782971619366e-01 
  1.74290487025814e+00   7.32872763865366e-01  -6.12795757115403e-01   8.71452420701169e-01 
  1.74624376808584e+00   7.40724524250514e-01  -6.52462511025525e-01   8.73121869782972e-01 
  1.74958266587713e+00   7.46560152957666e-01  -6.90570372485380e-01   8.74791318864775e-01 
  1.75292156363123e+00   7.50296915931980e-01  -7.27008900634640e-01   8.76460767946578e-01 
  1.75626046134737e+00   7.51852079118612e-01  -7.61667654612977e-01   8.78130217028381e-01 
  1.75959935902477e+00   7.51142908462720e-01  -7.94436193560063e-01   8.79799666110184e-01 
  1.76293825666265e+00   7.48086669909461e-01  -8.25204076615570e-01   8.81469115191987e-01 
  1.76627715426025e+00   7.42600629403992e-01  -8.53860862919168e-01   8.83138564273790e-01 
  1.76961605181678e+00   7.34602052891470e-01  -8.80296111610530e-01   8.84808013355593e-01 
  1.77295494933147e+00   7.24008206317053e-01  -9.04399381829328e-01   8.86477462437396e-01 
  1.77629384680355e+00   7.10736355625896e-01  -9.26060232715231e-01   8.88146911519199e-01 
  1.77963274423225e+00   6.94703766763158e-01  -9.45168223407914e-01   8.89816360601002e-01 
  1.78297164161678e+00   6.75827705673996e-01  -9.61612913047046e-01   8.91485809682805e-01 
  1.78631053895638e+00   6.54025438303567e-01  -9.75283860772300e-01   8.93155258764608e-01 
  1.78964943625027e+00   6.29214230597027e-01  -9.86070625723347e-01   8.94824707846411e-01 
  1.79298833349767e+00   6.01311348499533e-01  -9.93862767039859e-01   8.96494156928214e-01 
  1.79632723069782e+00   5.70234057956244e-01  -9.98549843861507e-01   8.98163606010017e-01 
  1.79966612784993e+00   5.35899674300000e-01  -1.00002145242749e+00   8.99833055091820e-01 
  1.80300502495421e+00   4.98290450343955e-01  -9.98215969349179e-01   9.01502504173623e-01 
  1.80634392201378e+00   4.57581401699489e-01  -9.93216572683839e-01   9.03171953255426e-01 
  1.80968281903230e+00   4.13983146235146e-01  -9.85133184540800e-01   9.04841402337229e-01 
  1.81302171601341e+00   3.67706301819469e-01  -9.74075727029393e-01   9.06510851419032e-01 
  1.81636061296077e+00   3.18961486321002e-01  -9.60154122258949e-01   9.08180300500835e-01 
  1.81969950987804e+00   2.67959317608290e-01  -9.43478292338798e-01   9.09849749582638e-01 
  1.82303840676886e+00   2.14910413549875e-01  -9.24158159378272e-01   9.11519198664441e-01 
  1.82637730363690e+00   1.60025392014302e-01  -9.02303645486704e-01   9.13188647746244e-01 
  1.82971620048580e+00   1.03514870870114e-01  -8.78024672773423e-01   9.14858096828047e-01 
  1.83305509731922e+00   4.55894679858553e-02  -8.51431163347761e-01   9.16527545909850e-01 
  1.83639399414081e+00  -1.35401987699306e-02  -8.22633039319050e-01   9.18196994991653e-01 
  1.83973289095423e+00  -7.36635115286997e-02  -7.91740222796621e-01   9.19866444073456e-01 
  1.84307178776314e+00  -1.34569852421908e-01  -7.58862635889804e-01   9.21535893155259e-01 
  1.84641068457117e+00  -1.96048603581013e-01  -7.24110200707932e-01   9.23205342237062e-01 
  1.84974958138199e+00  -2.57889147137473e-01  -6.87592839360332e-01   9.24874791318865e-01 
  1.85308847819926e+00  -3.19880865222738e-01  -6.49420473956342e-01   9.26544240400668e-01 
  1.85642737502662e+00  -3.81813139968267e-01  -6.09703026605289e-01   9.28213689482471e-01 
  1.85976627186773e+00  -4.43475353505516e-01  -5.68550419416506e-01   9.29883138564274e-01 
  1.86310516872624e+00  -5.04656887965943e-01  -5.26072574499323e-01   9.31552587646077e-01 
  1.86644406560581e+00  -5.65147125481003e-01  -4.82379413963072e-01   9.33222036727880e-01 
  1.86978296251009e+00  -6.24735448182152e-01  -4.37580859917085e-01   9.34891485809683e-01 
  1.87312185944273e+00  -6.83211238200846e-01  -3.91786834470691e-01   9.36560934891486e-01 
  1.87646075640739e+00  -7.40363877668543e-01  -3.45107259733223e-01   9.38230383973289e-01 
  1.87979965340772e+00  -7.95982748716697e-01  -2.97652057814012e-01   9.39899833055092e-01 
  1.88313855044738e+00  -8.49857233476766e-01  -2.49531150822389e-01   9.41569282136895e-01 
  1.88647744753002e+00  -9.01776714080205e-01  -2.00854460867685e-01   9.43238731218698e-01 
  1.88981634465929e+00  -9.51530572658471e-01  -1.51731910059232e-01   9.44908180300501e-01 
  1.89315524183885e+00  -9.98908191343019e-01  -1.02273420506361e-01   9.46577629382304e-01 
  1.89649413907234e+00  -1.04369895226531e+00  -5.25889143184025e-02   9.48247078464107e-01 
  1.89983303636343e+00  -1.08569223755679e+00  -2.78831360468895e-03   9.49916527545910e-01 
  1.90317193371577e+00  -1.12467742934893e+00   4.70184595254523e-02   9.51585976627713e-01 
  1.90651083113301e+00  -1.16044390977317e+00   9.67214829626836e-02   9.53255425709516e-01 
  1.90984972861881e+00  -1.19278106096098e+00   1.46210834597676e-01   9.54924874791319e-01 
  1.91318862617681e+00  -1.22147826504380e+00   1.95376592321100e-01   9.56594323873122e-01 
  1.91652752381068e+00  -1.24632490415311e+00   2.44108834023622e-01   9.58263772954925e-01 
  1.91986642152407e+00  -1.26711036042034e+00   2.92297637595913e-01   9.59933222036728e-01 
  1.92320531932062e+00  -1.28362401597697e+00   3.39833080928640e-01   9.61602671118531e-01 
  1.92654421720400e+00  -1.29565525295444e+00   3.86605241912473e-01   9.63272120200334e-01 
  1.92988311517786e+00  -1.30299345348421e+00   4.32504198438080e-01   9.64941569282137e-01 
  1.93322201324584e+00  -1.30542799969774e+00   4.77420028396130e-01   9.66611018363940e-01 
  1.93656091141162e+00  -1.30274827372648e+00   5.21242809677292e-01   9.68280467445743e-01 
  1.93989980967883e+00  -1.29474365770189e+00   5.63862620172234e-01   9.69949916527546e-01 
  1.94323870805114e+00  -1.28120353375543e+00   6.05169537771625e-01   9.71619365609349e-01 
  1.94657760653219e+00  -1.26191728401856e+00   6.45053640366134e-01   9.73288814691152e-01 
  1.94991650512564e+00  -1.23667429062272e+00   6.83405005846430e-01   9.74958263772955e-01 
  1.95325540383515e+00  -1.20526393569937e+00   7.20113712103181e-01   9.76627712854758e-01 
  1.95659430266436e+00  -1.16747560137998e+00   7.55069837027056e-01   9.78297161936561e-01 
  1.95993320161694e+00  -1.12309866979599e+00   7.88163458508726e-01   9.79966611018364e-01 
  1.96327210069653e+00  -1.07192252307887e+00   8.19284654438855e-01   9.81636060100167e-01 
  1.96661099990679e+00  -1.01373654336006e+00   8.48323502708115e-01   9.83305509181970e-01 
  1.96994989925137e+00  -9.48330112771038e-01   8.75170081207174e-01   9.84974958263773e-01 
  1.97328879873393e+00  -8.75492613443243e-01   8.99714467826700e-01   9.86644407345576e-01 
  1.97662769835812e+00  -7.95013427508137e-01   9.21846740457363e-01   9.88313856427379e-01 
  1.97996659812759e+00  -7.06681937097177e-01   9.41456976989831e-01   9.89983305509182e-01 
  1.98330549804600e+00  -6.10287524341817e-01   9.58435255314774e-01   9.91652754590985e-01 
  1.98664439811700e+00  -5.05619571373514e-01   9.72671653322858e-01   9.93322203672788e-01 
  1.98998329834425e+00  -3.92467460323725e-01   9.84056248904755e-01   9.94991652754591e-01 
  1.99332219873140e+00  -2.70620573323905e-01   9.92479119951131e-01   9.96661101836394e-01 
  1.99666109928209e+00  -1.39868292505512e-01   9.97830344352657e-01   9.98330550918197e-01 
  2.00000000000000e+00   0.00000000000000e+00   1.00000000000000e+00   1.00000000000000e+00 
