  0.00000000000000e+00   0.00000000000000e+00   0.00000000000000e+00   0.00000000000000e+00 
  4.50855255512773e-02   4.46438995232700e-02   0.00000000000000e+00   1.66944908180301e-03 
  8.79497256080559e-02   8.70779724016824e-02   0.00000000000000e+00   3.33889816360601e-03 
  1.28630066474807e-01   1.27339599341820e-01   0.00000000000000e+00   5.00834724540901e-03 
  1.67164014456002e-01   1.65466161050265e-01   0.00000000000000e+00   6.67779632721202e-03 
  2.03589035856113e-01   2.01495038233601e-01   0.00000000000000e+00   8.34724540901502e-03 
  2.37942596979610e-01   2.35463611598410e-01   0.00000000000000e+00   1.00166944908180e-02 
  2.70262164130966e-01   2.67409261851274e-01   0.00000000000000e+00   1.16861435726210e-02 
  3.00585203614650e-01   2.97369369698777e-01   0.00000000000000e+00   1.33555926544240e-02 
  3.28949181735136e-01   3.25381315847501e-01   0.00000000000000e+00   1.50250417362270e-02 
  3.55391564796893e-01   3.51482481004029e-01   0.00000000000000e+00   1.66944908180300e-02 
  3.79949819104394e-01   3.75710245874943e-01   0.00000000000000e+00   1.83639398998331e-02 
  4.02661410962110e-01   3.98101991166826e-01   0.00000000000000e+00   2.00333889816361e-02 
  4.23563806674512e-01   4.18695097586261e-01   0.00000000000000e+00   2.17028380634391e-02 
  4.42694472546071e-01   4.37526945839830e-01   0.00000000000000e+00   2.33722871452421e-02 
  4.60090874881259e-01   4.54634916634116e-01   0.00000000000000e+00   2.50417362270451e-02 
  4.75790479984547e-01   4.70056390675702e-01   0.00000000000000e+00   2.67111853088481e-02 
  4.89830754160407e-01   4.83828748671170e-01   0.00000000000000e+00   2.83806343906511e-02 
  5.02249163713309e-01   4.95989371327103e-01   0.00000000000000e+00   3.00500834724541e-02 
  5.13083174947726e-01   5.06575639350084e-01   0.00000000000000e+00   3.17195325542571e-02 
  5.22370254168128e-01   5.15624933446695e-01   0.00000000000000e+00   3.33889816360601e-02 
  5.30147867678987e-01   5.23174634323519e-01   0.00000000000000e+00   3.50584307178631e-02 
  5.36453481784774e-01   5.29262122687139e-01   0.00000000000000e+00   3.67278797996661e-02 
  5.41324562789961e-01   5.33924779244137e-01   0.00000000000000e+00   3.83973288814691e-02 
  5.44798576999018e-01   5.37199984701096e-01   0.00000000000000e+00   4.00667779632721e-02 
  5.46912990716418e-01   5.39125119764598e-01   0.00000000000000e+00   4.17362270450751e-02 
  5.47705270246632e-01   5.39737565141227e-01   0.00000000000000e+00   4.34056761268781e-02 
  5.47212881894130e-01   5.39074701537565e-01   0.00000000000000e+00   4.50751252086811e-02 
  5.45473291963384e-01   5.37173909660194e-01   0.00000000000000e+00   4.67445742904841e-02 
  5.42523966758867e-01   5.34072570215698e-01   0.00000000000000e+00   4.84140233722871e-02 
  5.38402372585048e-01   5.29808063910658e-01   0.00000000000000e+00   5.00834724540902e-02 
  5.33145975746399e-01   5.24417771451658e-01   0.00000000000000e+00   5.17529215358932e-02 
  5.26792242547393e-01   5.17939073545281e-01   0.00000000000000e+00   5.34223706176962e-02 
  5.19378639292499e-01   5.10409350898108e-01   0.00000000000000e+00   5.50918196994992e-02 
  5.10942632286189e-01   5.01865984216723e-01   0.00000000000000e+00   5.67612687813022e-02 
  5.01521687832935e-01   4.92346354207707e-01   0.00000000000000e+00   5.84307178631052e-02 
  4.91153272237208e-01   4.81887841577645e-01   0.00000000000000e+00   6.01001669449082e-02 
  4.79874851803480e-01   4.70527827033118e-01   0.00000000000000e+00   6.17696160267112e-02 
  4.67723892836221e-01   4.58303691280710e-01   0.00000000000000e+00   6.34390651085142e-02 
  4.54737861639903e-01   4.45252815027002e-01   0.00000000000000e+00   6.51085141903172e-02 
  4.40954224518998e-01   4.31412578978578e-01   0.00000000000000e+00   6.67779632721202e-02 
  4.26410447777976e-01   4.16820363842019e-01   0.00000000000000e+00   6.84474123539232e-02 
  4.11143997721310e-01   4.01513550323910e-01   0.00000000000000e+00   7.01168614357262e-02 
  3.95192340653470e-01   3.85529519130832e-01   0.00000000000000e+00   7.17863105175292e-02 
  3.78592942878928e-01   3.68905650969369e-01   0.00000000000000e+00   7.34557595993322e-02 
  3.61383270702154e-01   3.51679326546101e-01   0.00000000000000e+00   7.51252086811352e-02 
  3.43600790427622e-01   3.33887926567614e-01   0.00000000000000e+00   7.67946577629382e-02 
  3.25282968359801e-01   3.15568831740489e-01   0.00000000000000e+00   7.84641068447412e-02 
  3.06467270803163e-01   2.96759422771308e-01   0.00000000000000e+00   8.01335559265442e-02 
  2.87191164062180e-01   2.77497080366655e-01   0.00000000000000e+00   8.18030050083473e-02 
  2.67492114441322e-01   2.57819185233112e-01   0.00000000000000e+00   8.34724540901502e-02 
  2.47407588245062e-01   2.37763118077262e-01   0.00000000000000e+00   8.51419031719533e-02 
  2.26975051777870e-01   2.17366259605687e-01   0.00000000000000e+00   8.68113522537563e-02 
  2.06231971344218e-01   1.96665990524969e-01   0.00000000000000e+00   8.84808013355593e-02 
  1.85215813248578e-01   1.75699691541694e-01   0.00000000000000e+00   9.01502504173623e-02 
  1.63964043795420e-01   1.54504743362441e-01   0.00000000000000e+00   9.18196994991653e-02 
  1.42514129289216e-01   1.33118526693794e-01   0.00000000000000e+00   9.34891485809683e-02 
  1.20903536034436e-01   1.11578422242336e-01   0.00000000000000e+00   9.51585976627713e-02 
  9.91697303355542e-02   8.99218107146492e-02   0.00000000000000e+00   9.68280467445743e-02 
  7.73501784970399e-02   6.81860728173166e-02   0.00000000000000e+00   9.84974958263773e-02 
  5.54823468233646e-02   4.64085892569204e-02   0.00000000000000e+00   1.00166944908180e-01 
  3.36037016190002e-02   2.46267407400437e-02   0.00000000000000e+00   1.01836393989983e-01 
  1.17517091884179e-02   2.87790797326928e-03   0.00000000000000e+00   1.03505843071786e-01 
 -1.00361641639116e-02  -1.88005283368210e-02   0.00000000000000e+00   1.05175292153589e-01 
 -3.17224521335160e-02  -4.03711874836436e-02   0.00000000000000e+00   1.06844741235392e-01 
 -5.32696884159244e-02  -6.17966887606163e-02   0.00000000000000e+00   1.08514190317195e-01 
 -7.46404067066656e-02  -8.30396514611564e-02   0.00000000000000e+00   1.10183639398998e-01 
 -9.57971407012681e-02  -1.04062694878681e-01   0.00000000000000e+00   1.11853088480801e-01 
 -1.16702424095260e-01  -1.24828438306608e-01   0.00000000000000e+00   1.13522537562604e-01 
 -1.37318790584171e-01  -1.45299501038354e-01   0.00000000000000e+00   1.15191986644407e-01 
 -1.57608773863530e-01  -1.65438502367337e-01   0.00000000000000e+00   1.16861435726210e-01 
 -1.77534907628864e-01  -1.85208061586974e-01   0.00000000000000e+00   1.18530884808013e-01 
 -1.97059725575703e-01  -2.04570797990683e-01   0.00000000000000e+00   1.20200333889816e-01 
 -2.16145761399575e-01  -2.23489330871880e-01   0.00000000000000e+00   1.21869782971619e-01 
 -2.34755548796009e-01  -2.41926279523983e-01   0.00000000000000e+00   1.23539232053422e-01 
 -2.52851621460534e-01  -2.59844263240410e-01   0.00000000000000e+00   1.25208681135225e-01 
 -2.70396513088677e-01  -2.77205901314578e-01   0.00000000000000e+00   1.26878130217028e-01 
 -2.87352757375969e-01  -2.93973813039904e-01   0.00000000000000e+00   1.28547579298831e-01 
 -3.03682888017937e-01  -3.10110617709804e-01   0.00000000000000e+00   1.30217028380634e-01 
 -3.19349438710110e-01  -3.25578934617698e-01   0.00000000000000e+00   1.31886477462437e-01 
 -3.34314943148017e-01  -3.40341383057002e-01   0.00000000000000e+00   1.33555926544240e-01 
 -3.48541935027187e-01  -3.54360582321134e-01   0.00000000000000e+00   1.35225375626043e-01 
 -3.61992948043148e-01  -3.67599151703510e-01   0.00000000000000e+00   1.36894824707846e-01 
 -3.74630515891428e-01  -3.80019710497549e-01   0.00000000000000e+00   1.38564273789649e-01 
 -3.86417172267557e-01  -3.91584877996667e-01   0.00000000000000e+00   1.40233722871452e-01 
 -3.97315450867063e-01  -4.02257273494282e-01   0.00000000000000e+00   1.41903171953255e-01 
 -4.07287885385475e-01  -4.11999516283811e-01   0.00000000000000e+00   1.43572621035058e-01 
 -4.16297590411035e-01  -4.20774807793175e-01   0.00000000000000e+00   1.45242070116861e-01 
 -4.24330764260666e-01  -4.28569482525702e-01   0.00000000000000e+00   1.46911519198664e-01 
 -4.31403885240761e-01  -4.35400219704559e-01   0.00000000000000e+00   1.48580968280467e-01 
 -4.37535485106895e-01  -4.41285756391809e-01   0.00000000000000e+00   1.50250417362270e-01 
 -4.42744095614641e-01  -4.46244829649516e-01   0.00000000000000e+00   1.51919866444073e-01 
 -4.47048248519573e-01  -4.50296176539742e-01   0.00000000000000e+00   1.53589315525876e-01 
 -4.50466475577264e-01  -4.53458534124549e-01   0.00000000000000e+00   1.55258764607679e-01 
 -4.53017308543289e-01  -4.55750639466002e-01   0.00000000000000e+00   1.56928213689482e-01 
 -4.54719279173220e-01  -4.57191229626163e-01   0.00000000000000e+00   1.58597662771285e-01 
 -4.55590919222632e-01  -4.57799041667095e-01   0.00000000000000e+00   1.60267111853088e-01 
 -4.55650760447098e-01  -4.57592812650860e-01   0.00000000000000e+00   1.61936560934891e-01 
 -4.54917334602191e-01  -4.56591279639522e-01   0.00000000000000e+00   1.63606010016695e-01 
 -4.53409173443486e-01  -4.54813179695144e-01   0.00000000000000e+00   1.65275459098498e-01 
 -4.51144808726557e-01  -4.52277249879788e-01   0.00000000000000e+00   1.66944908180300e-01 
 -4.48142772206975e-01  -4.49002227255518e-01   0.00000000000000e+00   1.68614357262103e-01 
 -4.44421595640317e-01  -4.45006848884396e-01   0.00000000000000e+00   1.70283806343907e-01 
 -4.39999810782154e-01  -4.40309851828485e-01   0.00000000000000e+00   1.71953255425710e-01 
 -4.34895949388061e-01  -4.34929973149849e-01   0.00000000000000e+00   1.73622704507513e-01 
 -4.29128543213612e-01  -4.28885949910550e-01   0.00000000000000e+00   1.75292153589316e-01 
 -4.22716124014379e-01  -4.22196519172650e-01   0.00000000000000e+00   1.76961602671119e-01 
 -4.15677223545937e-01  -4.14880417998214e-01   0.00000000000000e+00   1.78631051752922e-01 
 -4.08030373563859e-01  -4.06956383449304e-01   0.00000000000000e+00   1.80300500834725e-01 
 -3.99794105823720e-01  -3.98443152587982e-01   0.00000000000000e+00   1.81969949916528e-01 
 -3.90986952081092e-01  -3.89359462476312e-01   0.00000000000000e+00   1.83639398998331e-01 
 -3.81627444091549e-01  -3.79724050176357e-01   0.00000000000000e+00   1.85308848080134e-01 
 -3.71734113610665e-01  -3.69555652750179e-01   0.00000000000000e+00   1.86978297161937e-01 
 -3.61325492394015e-01  -3.58873007259842e-01   0.00000000000000e+00   1.88647746243740e-01 
 -3.50420112197170e-01  -3.47694850767408e-01   0.00000000000000e+00   1.90317195325543e-01 
 -3.39036504775705e-01  -3.36039920334940e-01   0.00000000000000e+00   1.91986644407346e-01 
 -3.27193201885194e-01  -3.23926953024501e-01   0.00000000000000e+00   1.93656093489149e-01 
 -3.14908735281210e-01  -3.11374685898155e-01   0.00000000000000e+00   1.95325542570952e-01 
 -3.02201636719327e-01  -2.98401856017964e-01   0.00000000000000e+00   1.96994991652755e-01 
 -2.89090437955118e-01  -2.85027200445991e-01   0.00000000000000e+00   1.98664440734558e-01 
 -2.75593670744158e-01  -2.71269456244298e-01   0.00000000000000e+00   2.00333889816361e-01 
 -2.61729866842020e-01  -2.57147360474950e-01   0.00000000000000e+00   2.02003338898164e-01 
 -2.47517558004277e-01  -2.42679650200008e-01   0.00000000000000e+00   2.03672787979967e-01 
 -2.32975275986503e-01  -2.27885062481536e-01   0.00000000000000e+00   2.05342237061770e-01 
 -2.18121552544273e-01  -2.12782334381596e-01   0.00000000000000e+00   2.07011686143573e-01 
 -2.02974919433159e-01  -1.97390202962252e-01   0.00000000000000e+00   2.08681135225376e-01 
 -1.87553908408734e-01  -1.81727405285566e-01   0.00000000000000e+00   2.10350584307179e-01 
 -1.71877051226574e-01  -1.65812678413602e-01   0.00000000000000e+00   2.12020033388982e-01 
 -1.55962879642251e-01  -1.49664759408422e-01   0.00000000000000e+00   2.13689482470785e-01 
 -1.39829925411340e-01  -1.33302385332089e-01   0.00000000000000e+00   2.15358931552588e-01 
 -1.23496720289413e-01  -1.16744293246666e-01   0.00000000000000e+00   2.17028380634391e-01 
 -1.06981796032044e-01  -1.00009220214216e-01   0.00000000000000e+00   2.18697829716194e-01 
 -9.03036843948081e-02  -8.31159032968018e-02   0.00000000000000e+00   2.20367278797997e-01 
 -7.34809171332777e-02  -6.60830795564868e-02   0.00000000000000e+00   2.22036727879800e-01 
 -5.65320260030265e-02  -4.89294860553334e-02   0.00000000000000e+00   2.23706176961603e-01 
 -3.94755427596283e-02  -3.16738598554042e-02   0.00000000000000e+00   2.25375626043406e-01 
 -2.23299991586571e-02  -1.43349380187631e-02   0.00000000000000e+00   2.27045075125209e-01 
 -5.11392695568626e-03   3.06854239252735e-03   0.00000000000000e+00   2.28714524207012e-01 
  1.21541420937106e-02   2.05178443164047e-02   0.00000000000000e+00   2.30383973288815e-01 
  2.94556762339599e-02   3.79942306908059e-02   0.00000000000000e+00   2.32053422370618e-01 
  4.67721437094876e-02   5.54789644536675e-02   0.00000000000000e+00   2.33722871452421e-01 
  6.40850127647204e-02   7.29533085429268e-02   0.00000000000000e+00   2.35392320534224e-01 
  8.13757516440843e-02   9.03985258965210e-02   0.00000000000000e+00   2.37061769616027e-01 
  9.86258285920061e-02   1.07795879452388e-01   0.00000000000000e+00   2.38731218697830e-01 
  1.15816711852912e-01   1.25126632148463e-01   0.00000000000000e+00   2.40400667779633e-01 
  1.32929869671228e-01   1.42372046922685e-01   0.00000000000000e+00   2.42070116861436e-01 
  1.49946770291381e-01   1.59513386712989e-01   0.00000000000000e+00   2.43739565943239e-01 
  1.66848881957797e-01   1.76531914457315e-01   0.00000000000000e+00   2.45409015025042e-01 
  1.83617672914902e-01   1.93408893093597e-01   0.00000000000000e+00   2.47078464106845e-01 
  2.00234611407123e-01   2.10125585559774e-01   0.00000000000000e+00   2.48747913188648e-01 
  2.16681165678886e-01   2.26663254793783e-01   0.00000000000000e+00   2.50417362270451e-01 
  2.32938803974617e-01   2.43003163733560e-01   0.00000000000000e+00   2.52086811352254e-01 
  2.48988994538743e-01   2.59126575317043e-01   0.00000000000000e+00   2.53756260434057e-01 
  2.64813205615691e-01   2.75014752482169e-01   0.00000000000000e+00   2.55425709515860e-01 
  2.80392905449885e-01   2.90648958166875e-01   0.00000000000000e+00   2.57095158597663e-01 
  2.95709562285754e-01   3.06010455309097e-01   0.00000000000000e+00   2.58764607679466e-01 
  3.10744644367722e-01   3.21080506846774e-01   0.00000000000000e+00   2.60434056761269e-01 
  3.25479619940217e-01   3.35840375717841e-01   0.00000000000000e+00   2.62103505843072e-01 
  3.39895957247665e-01   3.50271324860237e-01   0.00000000000000e+00   2.63772954924875e-01 
  3.53975124534492e-01   3.64354617211899e-01   0.00000000000000e+00   2.65442404006678e-01 
  3.67698590045124e-01   3.78071515710762e-01   0.00000000000000e+00   2.67111853088481e-01 
  3.81047822023989e-01   3.91403283294765e-01   0.00000000000000e+00   2.68781302170284e-01 
  3.94004288715511e-01   4.04331182901845e-01   0.00000000000000e+00   2.70450751252087e-01 
  4.06549458364118e-01   4.16836477469939e-01   0.00000000000000e+00   2.72120200333890e-01 
  4.18664799214236e-01   4.28900429936982e-01   0.00000000000000e+00   2.73789649415693e-01 
  4.30331779510291e-01   4.40504303240914e-01   0.00000000000000e+00   2.75459098497496e-01 
  4.41531867496710e-01   4.51629360319670e-01   0.00000000000000e+00   2.77128547579299e-01 
  4.52246531417918e-01   4.62256864111189e-01   0.00000000000000e+00   2.78797996661102e-01 
  4.62457239518343e-01   4.72368077553407e-01   0.00000000000000e+00   2.80467445742905e-01 
  4.72145460042410e-01   4.81944263584260e-01   0.00000000000000e+00   2.82136894824708e-01 
  4.81292661234547e-01   4.90966685141688e-01   0.00000000000000e+00   2.83806343906511e-01 
  4.89880311339178e-01   4.99416605163625e-01   0.00000000000000e+00   2.85475792988314e-01 
  4.97889878600732e-01   5.07275286588009e-01   0.00000000000000e+00   2.87145242070117e-01 
  5.05302831263633e-01   5.14523992352778e-01   0.00000000000000e+00   2.88814691151920e-01 
  5.12100637572308e-01   5.21143985395869e-01   0.00000000000000e+00   2.90484140233723e-01 
  5.18264765771184e-01   5.27116528655218e-01   0.00000000000000e+00   2.92153589315526e-01 
  5.23776684104687e-01   5.32422885068762e-01   0.00000000000000e+00   2.93823038397329e-01 
  5.28617860817243e-01   5.37044317574440e-01   0.00000000000000e+00   2.95492487479132e-01 
  5.32769766192091e-01   5.40962091192479e-01   0.00000000000000e+00   2.97161936560935e-01 
  5.36220615529569e-01   5.44164359802805e-01   0.00000000000000e+00   2.98831385642738e-01 
  5.38980392953064e-01   5.46661510345036e-01   0.00000000000000e+00   3.00500834724541e-01 
  5.41063465942363e-01   5.48468406593582e-01   0.00000000000000e+00   3.02170283806344e-01 
  5.42484201977249e-01   5.49599912322853e-01   0.00000000000000e+00   3.03839732888147e-01 
  5.43256968537510e-01   5.50070891307257e-01   0.00000000000000e+00   3.05509181969950e-01 
  5.43396133102929e-01   5.49896207321206e-01   0.00000000000000e+00   3.07178631051753e-01 
  5.42916063153291e-01   5.49090724139108e-01   0.00000000000000e+00   3.08848080133556e-01 
  5.41831126168383e-01   5.47669305535374e-01   0.00000000000000e+00   3.10517529215359e-01 
  5.40155689627989e-01   5.45646815284412e-01   0.00000000000000e+00   3.12186978297162e-01 
  5.37904121011895e-01   5.43038117160633e-01   0.00000000000000e+00   3.13856427378965e-01 
  5.35090787799885e-01   5.39858074938447e-01   0.00000000000000e+00   3.15525876460768e-01 
  5.31730057471745e-01   5.36121552392262e-01   0.00000000000000e+00   3.17195325542571e-01 
  5.27836297507260e-01   5.31843413296490e-01   0.00000000000000e+00   3.18864774624374e-01 
  5.23423875386215e-01   5.27038521425538e-01   0.00000000000000e+00   3.20534223706177e-01 
  5.18507158588395e-01   5.21721740553818e-01   0.00000000000000e+00   3.22203672787980e-01 
  5.13100514593586e-01   5.15907934455739e-01   0.00000000000000e+00   3.23873121869783e-01 
  5.07218310881573e-01   5.09611966905710e-01   0.00000000000000e+00   3.25542570951586e-01 
  5.00874914932140e-01   5.02848701678141e-01   0.00000000000000e+00   3.27212020033389e-01 
  4.94084694225074e-01   4.95633002547443e-01   0.00000000000000e+00   3.28881469115192e-01 
  4.86862016240160e-01   4.87979733288024e-01   0.00000000000000e+00   3.30550918196995e-01 
  4.79221248457181e-01   4.79903757674295e-01   0.00000000000000e+00   3.32220367278798e-01 
  4.71176758355924e-01   4.71419939480664e-01   0.00000000000000e+00   3.33889816360601e-01 
  4.62742913416175e-01   4.62543142481542e-01   0.00000000000000e+00   3.35559265442404e-01 
  4.53934081117717e-01   4.53288230451339e-01   0.00000000000000e+00   3.37228714524207e-01 
  4.44764628940336e-01   4.43670067164463e-01   0.00000000000000e+00   3.38898163606010e-01 
  4.35248924363818e-01   4.33703516395325e-01   0.00000000000000e+00   3.40567612687813e-01 
  4.25401334867947e-01   4.23403441918335e-01   0.00000000000000e+00   3.42237061769616e-01 
  4.15236227932509e-01   4.12784707507903e-01   0.00000000000000e+00   3.43906510851419e-01 
  4.04767971037289e-01   4.01862176938436e-01   0.00000000000000e+00   3.45575959933222e-01 
  3.94010931662073e-01   3.90650713984347e-01   0.00000000000000e+00   3.47245409015025e-01 
  3.82979477286645e-01   3.79165182420044e-01   0.00000000000000e+00   3.48914858096828e-01 
  3.71687975390790e-01   3.67420446019936e-01   0.00000000000000e+00   3.50584307178631e-01 
  3.60150793454293e-01   3.55431368558434e-01   0.00000000000000e+00   3.52253756260434e-01 
  3.48382298956941e-01   3.43212813809948e-01   0.00000000000000e+00   3.53923205342237e-01 
  3.36396859378518e-01   3.30779645548887e-01   0.00000000000000e+00   3.55592654424040e-01 
  3.24208842198810e-01   3.18146727549661e-01   0.00000000000000e+00   3.57262103505843e-01 
  3.11832614897601e-01   3.05328923586679e-01   0.00000000000000e+00   3.58931552587646e-01 
  2.99282544954676e-01   2.92341097434350e-01   0.00000000000000e+00   3.60601001669449e-01 
  2.86572999849821e-01   2.79198112867086e-01   0.00000000000000e+00   3.62270450751252e-01 
  2.73718347062822e-01   2.65914833659296e-01   0.00000000000000e+00   3.63939899833055e-01 
  2.60732954073462e-01   2.52506123585388e-01   0.00000000000000e+00   3.65609348914858e-01 
  2.47631188361528e-01   2.38986846419773e-01   0.00000000000000e+00   3.67278797996661e-01 
  2.34427417406804e-01   2.25371865936862e-01   0.00000000000000e+00   3.68948247078464e-01 
  2.21136008689077e-01   2.11676045911062e-01   0.00000000000000e+00   3.70617696160267e-01 
  2.07771329688130e-01   1.97914250116784e-01   0.00000000000000e+00   3.72287145242070e-01 
  1.94347747883750e-01   1.84101342328438e-01   0.00000000000000e+00   3.73956594323873e-01 
  1.80879630755721e-01   1.70252186320434e-01   0.00000000000000e+00   3.75626043405676e-01 
  1.67381345783828e-01   1.56381645867180e-01   0.00000000000000e+00   3.77295492487479e-01 
  1.53867260447857e-01   1.42504584743087e-01   0.00000000000000e+00   3.78964941569282e-01 
  1.40351742227593e-01   1.28635866722565e-01   0.00000000000000e+00   3.80634390651085e-01 
  1.26849158602821e-01   1.14790355580022e-01   0.00000000000000e+00   3.82303839732888e-01 
  1.13373877053326e-01   1.00982915089870e-01   0.00000000000000e+00   3.83973288814691e-01 
  9.99402650588938e-02   8.72284090265172e-02   0.00000000000000e+00   3.85642737896494e-01 
  8.65626900993093e-02   7.35417011643736e-02   0.00000000000000e+00   3.87312186978297e-01 
  7.32555196543576e-02   5.99376552778489e-02   0.00000000000000e+00   3.88981636060100e-01 
  6.00331212038240e-02   4.64311351413529e-02   0.00000000000000e+00   3.90651085141903e-01 
  4.69098622274937e-02   3.30370045292953e-02   0.00000000000000e+00   3.92320534223706e-01 
  3.39001102051511e-02   1.97701272160851e-02   0.00000000000000e+00   3.93989983305509e-01 
  2.10182326165827e-02   6.64536697613305e-03   0.00000000000000e+00   3.95659432387312e-01 
  8.27859694157310e-03  -6.32241241615154e-03   0.00000000000000e+00   3.97328881469115e-01 
 -4.30442934009266e-03  -1.91183471863591e-02   0.00000000000000e+00   3.98998330550918e-01 
 -1.67164787486291e-02  -3.17275735600797e-02   0.00000000000000e+00   4.00667779632721e-01 
 -2.89431838042515e-02  -4.41352277629041e-02   0.00000000000000e+00   4.02337228714524e-01 
 -4.09701770271741e-02  -5.63264460204220e-02   0.00000000000000e+00   4.04006677796327e-01 
 -5.27830909376121e-02  -6.82863645582243e-02   0.00000000000000e+00   4.05676126878130e-01 
 -6.43675580557806e-02  -8.00001196019013e-02   0.00000000000000e+00   4.07345575959933e-01 
 -7.57092109018936e-02  -9.14528473770427e-02   0.00000000000000e+00   4.09015025041736e-01 
 -8.67936819961662e-02  -1.02629684109239e-01   0.00000000000000e+00   4.10684474123539e-01 
 -9.76066038588135e-02  -1.13515766024081e-01   0.00000000000000e+00   4.12353923205342e-01 
 -1.08133609010050e-01  -1.24096229347158e-01   0.00000000000000e+00   4.14023372287145e-01 
 -1.18360329970091e-01  -1.34356210304062e-01   0.00000000000000e+00   4.15692821368948e-01 
 -1.28272399259151e-01  -1.44280845120381e-01   0.00000000000000e+00   4.17362270450751e-01 
 -1.37855449397444e-01  -1.53855270021708e-01   0.00000000000000e+00   4.19031719532554e-01 
 -1.47095112905187e-01  -1.63064621233631e-01   0.00000000000000e+00   4.20701168614357e-01 
 -1.55977022302593e-01  -1.71894034981741e-01   0.00000000000000e+00   4.22370617696160e-01 
 -1.64486810109876e-01  -1.80328647491629e-01   0.00000000000000e+00   4.24040066777963e-01 
 -1.72610108847253e-01  -1.88353594988885e-01   0.00000000000000e+00   4.25709515859766e-01 
 -1.80332551034938e-01  -1.95954013699099e-01   0.00000000000000e+00   4.27378964941569e-01 
 -1.87639769193145e-01  -2.03115039847861e-01   0.00000000000000e+00   4.29048414023372e-01 
 -1.94517395842090e-01  -2.09821809660762e-01   0.00000000000000e+00   4.30717863105175e-01 
 -2.00951063501988e-01  -2.16059459363392e-01   0.00000000000000e+00   4.32387312186978e-01 
 -2.06926404693052e-01  -2.21813125181341e-01   0.00000000000000e+00   4.34056761268781e-01 
 -2.12429051935498e-01  -2.27067943340200e-01   0.00000000000000e+00   4.35726210350584e-01 
 -2.17444637749541e-01  -2.31809050065559e-01   0.00000000000000e+00   4.37395659432387e-01 
 -2.21958794655396e-01  -2.36021581583008e-01   0.00000000000000e+00   4.39065108514190e-01 
 -2.25957155173277e-01  -2.39690674118137e-01   0.00000000000000e+00   4.40734557595993e-01 
 -2.29425351823399e-01  -2.42801463896537e-01   0.00000000000000e+00   4.42404006677796e-01 
 -2.32349017125977e-01  -2.45339087143799e-01   0.00000000000000e+00   4.44073455759599e-01 
 -2.34713783601226e-01  -2.47288680085512e-01   0.00000000000000e+00   4.45742904841402e-01 
 -2.36505283769361e-01  -2.48635378947267e-01   0.00000000000000e+00   4.47412353923205e-01 
 -2.37709309379945e-01  -2.49364489803848e-01   0.00000000000000e+00   4.49081803005008e-01 
 -2.38321626078732e-01  -2.49471957837957e-01   0.00000000000000e+00   4.50751252086811e-01 
 -2.38353705593092e-01  -2.48970481835312e-01   0.00000000000000e+00   4.52420701168614e-01 
 -2.37818399942944e-01  -2.47874232933165e-01   0.00000000000000e+00   4.54090150250417e-01 
 -2.36728561148203e-01  -2.46197382268770e-01   0.00000000000000e+00   4.55759599332220e-01 
 -2.35097041228789e-01  -2.43954100979380e-01   0.00000000000000e+00   4.57429048414023e-01 
 -2.32936692204619e-01  -2.41158560202249e-01   0.00000000000000e+00   4.59098497495826e-01 
 -2.30260366095610e-01  -2.37824931074628e-01   0.00000000000000e+00   4.60767946577629e-01 
 -2.27080914921679e-01  -2.33967384733773e-01   0.00000000000000e+00   4.62437395659432e-01 
 -2.23411190702746e-01  -2.29600092316935e-01   0.00000000000000e+00   4.64106844741235e-01 
 -2.19264045458726e-01  -2.24737224961369e-01   0.00000000000000e+00   4.65776293823038e-01 
 -2.14652331209539e-01  -2.19392953804327e-01   0.00000000000000e+00   4.67445742904841e-01 
 -2.09588899975101e-01  -2.13581449983062e-01   0.00000000000000e+00   4.69115191986644e-01 
 -2.04086603775330e-01  -2.07316884634828e-01   0.00000000000000e+00   4.70784641068447e-01 
 -1.98158294630144e-01  -2.00613428896878e-01   0.00000000000000e+00   4.72454090150250e-01 
 -1.91816824559460e-01  -1.93485253906465e-01   0.00000000000000e+00   4.74123539232053e-01 
 -1.85075045583196e-01  -1.85946530800842e-01   0.00000000000000e+00   4.75792988313856e-01 
 -1.77945809721270e-01  -1.78011430717262e-01   0.00000000000000e+00   4.77462437395659e-01 
 -1.70441968993599e-01  -1.69694124792979e-01   0.00000000000000e+00   4.79131886477462e-01 
 -1.62576375420101e-01  -1.61008784165246e-01   0.00000000000000e+00   4.80801335559265e-01 
 -1.54361881020694e-01  -1.51969579971316e-01   0.00000000000000e+00   4.82470784641068e-01 
 -1.45811337815294e-01  -1.42590683348442e-01   0.00000000000000e+00   4.84140233722871e-01 
 -1.36937597823821e-01  -1.32886265433878e-01   0.00000000000000e+00   4.85809682804674e-01 
 -1.27753513066191e-01  -1.22870497364876e-01   0.00000000000000e+00   4.87479131886477e-01 
 -1.18271935562321e-01  -1.12557550278690e-01   0.00000000000000e+00   4.89148580968280e-01 
 -1.08505717332131e-01  -1.01961595312572e-01   0.00000000000000e+00   4.90818030050084e-01 
 -9.84677103955368e-02  -9.10968036037774e-02   0.00000000000000e+00   4.92487479131887e-01 
 -8.81707667724567e-02  -7.99773462895578e-02   0.00000000000000e+00   4.94156928213690e-01 
 -7.76277384828081e-02  -6.86173945071668e-02   0.00000000000000e+00   4.95826377295493e-01 
 -6.68514775465087e-02  -5.70311193938574e-02   0.00000000000000e+00   4.97495826377296e-01 
 -5.58548359834762e-02  -4.52326920868832e-02   0.00000000000000e+00   4.99165275459099e-01 
 -4.46506658136280e-02  -3.32362837234969e-02   0.00000000000000e+00   5.00834724540901e-01 
 -3.32518190568821e-02  -2.10560654409522e-02   0.00000000000000e+00   5.02504173622704e-01 
 -2.16711477331558e-02  -8.70620837650192e-03   0.00000000000000e+00   5.04173622704507e-01 
 -9.92150386236686e-03   3.79911633260067e-03   0.00000000000000e+00   5.05843071786310e-01 
  1.98426053556701e-03   1.64457375491022e-02   0.00000000000000e+00   5.07512520868113e-01 
  1.40332934407284e-02   2.92194841357498e-02   0.00000000000000e+00   5.09181969949916e-01 
  2.62127428332003e-02   4.21061849552909e-02   0.00000000000000e+00   5.10851419031720e-01 
  3.85097566930635e-02   5.50916688704705e-02   0.00000000000000e+00   5.12520868113523e-01 
  5.09114830004012e-02   6.81617647440366e-02   0.00000000000000e+00   5.14190317195326e-01 
  6.34050697352959e-02   8.13023014387356e-02   0.00000000000000e+00   5.15859766277129e-01 
  7.59776648778298e-02   9.44991078173147e-02   0.00000000000000e+00   5.17529215358932e-01 
  8.86164164080852e-02   1.07738012742520e-01   0.00000000000000e+00   5.19198664440735e-01 
  1.01308472306145e-01   1.21004845077100e-01   0.00000000000000e+00   5.20868113522538e-01 
  1.14040980552090e-01   1.34285433683799e-01   0.00000000000000e+00   5.22537562604341e-01 
  1.26801089126005e-01   1.47565607425366e-01   0.00000000000000e+00   5.24207011686144e-01 
  1.39575946007970e-01   1.60831195164546e-01   0.00000000000000e+00   5.25876460767947e-01 
  1.52352699178069e-01   1.74068025764088e-01   0.00000000000000e+00   5.27545909849750e-01 
  1.65118496616384e-01   1.87261928086737e-01   0.00000000000000e+00   5.29215358931553e-01 
  1.77860486302997e-01   2.00398730995240e-01   0.00000000000000e+00   5.30884808013356e-01 
  1.90565816217991e-01   2.13464263352344e-01   0.00000000000000e+00   5.32554257095159e-01 
  2.03221634341448e-01   2.26444354020797e-01   0.00000000000000e+00   5.34223706176962e-01 
  2.15815088653450e-01   2.39324831863344e-01   0.00000000000000e+00   5.35893155258765e-01 
  2.28333327134079e-01   2.52091525742733e-01   0.00000000000000e+00   5.37562604340568e-01 
  2.40763497763420e-01   2.64730264521711e-01   0.00000000000000e+00   5.39232053422371e-01 
  2.53092748521552e-01   2.77226877063023e-01   0.00000000000000e+00   5.40901502504174e-01 
  2.65308227388558e-01   2.89567192229418e-01   0.00000000000000e+00   5.42570951585977e-01 
  2.77397104908278e-01   3.01737067353715e-01   0.00000000000000e+00   5.44240400667780e-01 
  2.89349393328716e-01   3.13725945321215e-01   0.00000000000000e+00   5.45909849749583e-01 
  3.01160684915016e-01   3.25530309667151e-01   0.00000000000000e+00   5.47579298831386e-01 
  3.12827221637530e-01   3.37147463699679e-01   0.00000000000000e+00   5.49248747913189e-01 
  3.24345245466612e-01   3.48574710726953e-01   0.00000000000000e+00   5.50918196994992e-01 
  3.35710998372613e-01   3.59809354057128e-01   0.00000000000000e+00   5.52587646076795e-01 
  3.46920722325885e-01   3.70848696998357e-01   0.00000000000000e+00   5.54257095158598e-01 
  3.57970659296783e-01   3.81690042858796e-01   0.00000000000000e+00   5.55926544240401e-01 
  3.68857051255656e-01   3.92330694946599e-01   0.00000000000000e+00   5.57595993322204e-01 
  3.79576140172859e-01   4.02767956569920e-01   0.00000000000000e+00   5.59265442404007e-01 
  3.90124168018744e-01   4.12999131036914e-01   0.00000000000000e+00   5.60934891485810e-01 
  4.00497376763662e-01   4.23021521655734e-01   0.00000000000000e+00   5.62604340567613e-01 
  4.10692008377967e-01   4.32832431734537e-01   0.00000000000000e+00   5.64273789649416e-01 
  4.20704304832011e-01   4.42429164581475e-01   0.00000000000000e+00   5.65943238731219e-01 
  4.30530508096146e-01   4.51809023504703e-01   0.00000000000000e+00   5.67612687813022e-01 
  4.40166860140724e-01   4.60969311812376e-01   0.00000000000000e+00   5.69282136894825e-01 
  4.49609602936099e-01   4.69907332812648e-01   0.00000000000000e+00   5.70951585976628e-01 
  4.58854978452622e-01   4.78620389813674e-01   0.00000000000000e+00   5.72621035058431e-01 
  4.67899228660645e-01   4.87105786123608e-01   0.00000000000000e+00   5.74290484140234e-01 
  4.76738595530523e-01   4.95360825050604e-01   0.00000000000000e+00   5.75959933222037e-01 
  4.85369321032605e-01   5.03382809902817e-01   0.00000000000000e+00   5.77629382303840e-01 
  4.93787647137246e-01   5.11169043988401e-01   0.00000000000000e+00   5.79298831385643e-01 
  5.01989815814798e-01   5.18716830615510e-01   0.00000000000000e+00   5.80968280467446e-01 
  5.09972069035612e-01   5.26023473092300e-01   0.00000000000000e+00   5.82637729549249e-01 
  5.17730648770042e-01   5.33086274726925e-01   0.00000000000000e+00   5.84307178631052e-01 
  5.25261796988440e-01   5.39902538827538e-01   0.00000000000000e+00   5.85976627712855e-01 
  5.32561755661158e-01   5.46469568702294e-01   0.00000000000000e+00   5.87646076794658e-01 
  5.39626766758548e-01   5.52784667659349e-01   0.00000000000000e+00   5.89315525876461e-01 
  5.46453072250964e-01   5.58845139006855e-01   0.00000000000000e+00   5.90984974958264e-01 
  5.53036914108757e-01   5.64648286052968e-01   0.00000000000000e+00   5.92654424040067e-01 
  5.59374534302281e-01   5.70191412105843e-01   0.00000000000000e+00   5.94323873121870e-01 
  5.65462174801886e-01   5.75471820473632e-01   0.00000000000000e+00   5.95993322203673e-01 
  5.71296077577926e-01   5.80486814464492e-01   0.00000000000000e+00   5.97662771285476e-01 
  5.76872484600753e-01   5.85233697386575e-01   0.00000000000000e+00   5.99332220367279e-01 
  5.82187637840720e-01   5.89709772548037e-01   0.00000000000000e+00   6.01001669449082e-01 
  5.87237779268179e-01   5.93912343257033e-01   0.00000000000000e+00   6.02671118530885e-01 
  5.92019150853483e-01   5.97838712821716e-01   0.00000000000000e+00   6.04340567612688e-01 
  5.96527994566983e-01   6.01486184550241e-01   0.00000000000000e+00   6.06010016694491e-01 
  6.00760552379032e-01   6.04852061750762e-01   0.00000000000000e+00   6.07679465776294e-01 
  6.04713066259983e-01   6.07933647731434e-01   0.00000000000000e+00   6.09348914858097e-01 
  6.08381778180188e-01   6.10728245800412e-01   0.00000000000000e+00   6.11018363939900e-01 
  6.11762930110000e-01   6.13233159265849e-01   0.00000000000000e+00   6.12687813021703e-01 
  6.14852764019771e-01   6.15445691435900e-01   0.00000000000000e+00   6.14357262103506e-01 
  6.17647521879853e-01   6.17363145618719e-01   0.00000000000000e+00   6.16026711185309e-01 
  6.20143445660598e-01   6.18982825122462e-01   0.00000000000000e+00   6.17696160267112e-01 
  6.22336777332360e-01   6.20302033255282e-01   0.00000000000000e+00   6.19365609348915e-01 
  6.24223758865491e-01   6.21318073325333e-01   0.00000000000000e+00   6.21035058430718e-01 
  6.25800632230343e-01   6.22028248640771e-01   0.00000000000000e+00   6.22704507512521e-01 
  6.27063639397268e-01   6.22429862509749e-01   0.00000000000000e+00   6.24373956594324e-01 
  6.28009022336619e-01   6.22520218240422e-01   0.00000000000000e+00   6.26043405676127e-01 
  6.28633023018748e-01   6.22296619140944e-01   0.00000000000000e+00   6.27712854757930e-01 
  6.28931883414008e-01   6.21756368519471e-01   0.00000000000000e+00   6.29382303839733e-01 
  6.28901845492751e-01   6.20896769684155e-01   0.00000000000000e+00   6.31051752921536e-01 
  6.28539151225329e-01   6.19715125943153e-01   0.00000000000000e+00   6.32721202003339e-01 
  6.27840042582096e-01   6.18208740604617e-01   0.00000000000000e+00   6.34390651085142e-01 
  6.26800761533403e-01   6.16374916976703e-01   0.00000000000000e+00   6.36060100166945e-01 
  6.25417550049602e-01   6.14210958367565e-01   0.00000000000000e+00   6.37729549248748e-01 
  6.23686650101047e-01   6.11714168085357e-01   0.00000000000000e+00   6.39398998330551e-01 
  6.21604303658090e-01   6.08881849438234e-01   0.00000000000000e+00   6.41068447412354e-01 
  6.19166752691082e-01   6.05711305734350e-01   0.00000000000000e+00   6.42737896494157e-01 
  6.16370239170377e-01   6.02199840281860e-01   0.00000000000000e+00   6.44407345575960e-01 
  6.13211005066327e-01   5.98344756388918e-01   0.00000000000000e+00   6.46076794657763e-01 
  6.09685292349285e-01   5.94143357363678e-01   0.00000000000000e+00   6.47746243739566e-01 
  6.05789342989601e-01   5.89592946514295e-01   0.00000000000000e+00   6.49415692821369e-01 
  6.01519398957630e-01   5.84690827148923e-01   0.00000000000000e+00   6.51085141903172e-01 
  5.96871702223724e-01   5.79434302575717e-01   0.00000000000000e+00   6.52754590984975e-01 
  5.91842494758235e-01   5.73820676102832e-01   0.00000000000000e+00   6.54424040066778e-01 
  5.86428018531515e-01   5.67847251038420e-01   0.00000000000000e+00   6.56093489148581e-01 
  5.80624515513917e-01   5.61511330690638e-01   0.00000000000000e+00   6.57762938230384e-01 
  5.74428227675793e-01   5.54810218367639e-01   0.00000000000000e+00   6.59432387312187e-01 
  5.67835396987496e-01   5.47741217377578e-01   0.00000000000000e+00   6.61101836393990e-01 
  5.60842265419378e-01   5.40301631028609e-01   0.00000000000000e+00   6.62771285475793e-01 
  5.53445074941791e-01   5.32488762628887e-01   0.00000000000000e+00   6.64440734557596e-01 
  5.45640067525088e-01   5.24299915486566e-01   0.00000000000000e+00   6.66110183639399e-01 
  5.37423485139622e-01   5.15732392909800e-01   0.00000000000000e+00   6.67779632721202e-01 
  5.28791569755744e-01   5.06783498206745e-01   0.00000000000000e+00   6.69449081803005e-01 
  5.19740563343808e-01   4.97450534685553e-01   0.00000000000000e+00   6.71118530884808e-01 
  5.10266707874165e-01   4.87730805654381e-01   0.00000000000000e+00   6.72787979966611e-01 
  5.00366245317168e-01   4.77621614421381e-01   0.00000000000000e+00   6.74457429048414e-01 
  4.90035417643169e-01   4.67120264294708e-01   0.00000000000000e+00   6.76126878130217e-01 
  4.79270466822522e-01   4.56224058582519e-01   0.00000000000000e+00   6.77796327212020e-01 
  4.68067634825577e-01   4.44930300592965e-01   0.00000000000000e+00   6.79465776293823e-01 
  4.56423163622689e-01   4.33236293634203e-01   0.00000000000000e+00   6.81135225375626e-01 
  4.44333295184208e-01   4.21139341014385e-01   0.00000000000000e+00   6.82804674457429e-01 
  4.31794271480488e-01   4.08636746041667e-01   0.00000000000000e+00   6.84474123539232e-01 
  4.18802334481881e-01   3.95725812024204e-01   0.00000000000000e+00   6.86143572621035e-01 
  4.05353726158739e-01   3.82403842270149e-01   0.00000000000000e+00   6.87813021702838e-01 
  3.91444688481416e-01   3.68668140087657e-01   0.00000000000000e+00   6.89482470784641e-01 
  3.77071463420262e-01   3.54516008784882e-01   0.00000000000000e+00   6.91151919866444e-01 
  3.62230292945631e-01   3.39944751669979e-01   0.00000000000000e+00   6.92821368948247e-01 
  3.46917419027875e-01   3.24951672051102e-01   0.00000000000000e+00   6.94490818030050e-01 
  3.31129083637346e-01   3.09534073236406e-01   0.00000000000000e+00   6.96160267111853e-01 
  3.14861528744398e-01   2.93689258534045e-01   0.00000000000000e+00   6.97829716193656e-01 
  2.98110996319381e-01   2.77414531252174e-01   0.00000000000000e+00   6.99499165275459e-01 
  2.80873728332649e-01   2.60707194698946e-01   0.00000000000000e+00   7.01168614357262e-01 
  2.63145966754555e-01   2.43564552182516e-01   0.00000000000000e+00   7.02838063439065e-01 
  2.44923953555449e-01   2.25983907011039e-01   0.00000000000000e+00   7.04507512520868e-01 
  2.26203930705686e-01   2.07962562492669e-01   0.00000000000000e+00   7.06176961602671e-01 
  2.06982140175617e-01   1.89497821935561e-01   0.00000000000000e+00   7.07846410684474e-01 
  1.87254823935595e-01   1.70586988647869e-01   0.00000000000000e+00   7.09515859766277e-01 
  1.67018223955972e-01   1.51227365937747e-01   0.00000000000000e+00   7.11185308848080e-01 
  1.46268582207101e-01   1.31416257113351e-01   0.00000000000000e+00   7.12854757929883e-01 
  1.25002140659335e-01   1.11150965482833e-01   0.00000000000000e+00   7.14524207011686e-01 
  1.03215141283024e-01   9.04287943543492e-02   0.00000000000000e+00   7.16193656093489e-01 
  8.09038260485224e-02   6.92470470360533e-02   0.00000000000000e+00   7.17863105175292e-01 
  5.80644369261822e-02   4.76030268361000e-02   0.00000000000000e+00   7.19532554257095e-01 
  3.46932158863557e-02   2.54940370626437e-02   0.00000000000000e+00   7.21202003338898e-01 
  1.07864048993953e-02   2.91738102383859e-03   0.00000000000000e+00   7.22871452420701e-01 
 -1.36597540643464e-02  -2.01296379721606e-02   0.00000000000000e+00   7.24540901502504e-01 
 -3.86490190345172e-02  -4.36497166171998e-02   0.00000000000000e+00   7.26210350584307e-01 
 -6.41851480407646e-02  -6.76455516031242e-02   0.00000000000000e+00   7.27879799666110e-01 
 -9.02718991127361e-02  -9.21198396217797e-02   0.00000000000000e+00   7.29549248747913e-01 
 -1.16913030280081e-01  -1.17075277365013e-01   0.00000000000000e+00   7.31218697829716e-01 
 -1.44112299572444e-01  -1.42514561524668e-01   0.00000000000000e+00   7.32888146911519e-01 
 -1.71873465019473e-01  -1.68440388792590e-01   0.00000000000000e+00   7.34557595993322e-01 
 -2.00177809344307e-01  -1.94841655730141e-01   0.00000000000000e+00   7.36227045075125e-01 
 -2.27805567369034e-01  -2.20969799868084e-01   0.00000000000000e+00   7.37896494156928e-01 
 -2.51755529626046e-01  -2.44982428776027e-01   0.00000000000000e+00   7.39565943238731e-01 
 -2.68882246771894e-01  -2.64948584864002e-01   0.00000000000000e+00   7.41235392320534e-01 
 -2.76040269463126e-01  -2.78937310542043e-01   0.00000000000000e+00   7.42904841402337e-01 
 -2.70093920790341e-01  -2.85021530754640e-01   0.00000000000000e+00   7.44574290484140e-01 
 -2.50008028798490e-01  -2.82108689545463e-01   0.00000000000000e+00   7.46243739565943e-01 
 -2.19448123121847e-01  -2.70973793920946e-01   0.00000000000000e+00   7.47913188647746e-01 
 -1.82717975329806e-01  -2.52645420908225e-01   0.00000000000000e+00   7.49582637729549e-01 
 -1.44121356991764e-01  -2.28152147534436e-01   0.00000000000000e+00   7.51252086811352e-01 
 -1.07962039677114e-01  -1.98522550826713e-01   0.00000000000000e+00   7.52921535893155e-01 
 -7.85437949552515e-02  -1.64785207812191e-01   0.00000000000000e+00   7.54590984974958e-01 
 -6.01703943955711e-02  -1.27968695518006e-01   0.00000000000000e+00   7.56260434056761e-01 
 -5.67828249609367e-02  -8.91616631819568e-02   0.00000000000000e+00   7.57929883138564e-01 
 -6.73363025937023e-02  -5.02783361045287e-02   0.00000000000000e+00   7.59599332220367e-01 
 -8.71624447429992e-02  -1.38329583525193e-02   0.00000000000000e+00   7.61268781302170e-01 
 -1.11511245717480e-01   1.76467103222123e-02   0.00000000000000e+00   7.62938230383973e-01 
 -1.35632699825796e-01   4.16329101678042e-02   0.00000000000000e+00   7.64607679465776e-01 
 -1.55027765792995e-01   5.57848467325375e-02   0.00000000000000e+00   7.66277128547579e-01 
 -1.68344633526175e-01   6.01063727900840e-02   0.00000000000000e+00   7.67946577629382e-01 
 -1.76376676804628e-01   5.61994758309376e-02   0.00000000000000e+00   7.69616026711185e-01 
 -1.79958548373703e-01   4.56968956505933e-02   0.00000000000000e+00   7.71285475792988e-01 
 -1.79924900978743e-01   3.02313720445457e-02   0.00000000000000e+00   7.72954924874791e-01 
 -1.77110387365095e-01   1.14356448082896e-02   0.00000000000000e+00   7.74624373956594e-01 
 -1.72349660278104e-01  -9.05754626268023e-03   0.00000000000000e+00   7.76293823038397e-01 
 -1.66477372463117e-01  -2.96154613728691e-02   0.00000000000000e+00   7.77963272120200e-01 
 -1.60201745932107e-01  -4.88588987512847e-02   0.00000000000000e+00   7.79632721202003e-01 
 -1.53678676591566e-01  -6.65162644524306e-02   0.00000000000000e+00   7.81302170283806e-01 
 -1.46913274051201e-01  -8.26183440139409e-02   0.00000000000000e+00   7.82971619365609e-01 
 -1.39910644418557e-01  -9.71959299965159e-02   0.00000000000000e+00   7.84641068447412e-01 
 -1.32675893801178e-01  -1.10279814960857e-01   0.00000000000000e+00   7.86310517529215e-01 
 -1.25214128306610e-01  -1.21900791467662e-01   0.00000000000000e+00   7.87979966611018e-01 
 -1.17530454042397e-01  -1.32089652077633e-01   0.00000000000000e+00   7.89649415692821e-01 
 -1.09629977116083e-01  -1.40877189351470e-01   0.00000000000000e+00   7.91318864774624e-01 
 -1.01517803635214e-01  -1.48294195849874e-01   0.00000000000000e+00   7.92988313856427e-01 
 -9.31990397073343e-02  -1.54371464133544e-01   0.00000000000000e+00   7.94657762938230e-01 
 -8.46787914399881e-02  -1.59139786763182e-01   0.00000000000000e+00   7.96327212020033e-01 
 -7.59621649407204e-02  -1.62629956299486e-01   0.00000000000000e+00   7.97996661101836e-01 
 -6.70542663170759e-02  -1.64872765303159e-01   0.00000000000000e+00   7.99666110183639e-01 
 -5.79602016765992e-02  -1.65899006334899e-01   0.00000000000000e+00   8.01335559265442e-01 
 -4.86850771268351e-02  -1.65739471955408e-01   0.00000000000000e+00   8.03005008347245e-01 
 -3.92339987753283e-02  -1.64424954725386e-01   0.00000000000000e+00   8.04674457429048e-01 
 -2.96120727296234e-02  -1.61986247205533e-01   0.00000000000000e+00   8.06343906510851e-01 
 -1.98244050972652e-02  -1.58454141956549e-01   0.00000000000000e+00   8.08013355592654e-01 
 -9.87610198579834e-03  -1.53859431539134e-01   0.00000000000000e+00   8.09682804674457e-01 
  2.27730497232458e-04  -1.48232908513990e-01   0.00000000000000e+00   8.11352253756260e-01 
  1.04819862442826e-02  -1.41605365441817e-01   0.00000000000000e+00   8.13021702838063e-01 
  2.08815591478079e-02  -1.34007594883313e-01   0.00000000000000e+00   8.14691151919867e-01 
  3.14213431002624e-02  -1.25470389399181e-01   0.00000000000000e+00   8.16360601001670e-01 
  4.20962319941021e-02  -1.16024541550120e-01   0.00000000000000e+00   8.18030050083473e-01 
  5.29011197217823e-02  -1.05700843896832e-01   0.00000000000000e+00   8.19699499165276e-01 
  6.38309001757583e-02  -9.45300890000149e-02   0.00000000000000e+00   8.21368948247079e-01 
  7.48804672484853e-02  -8.25430694203703e-02   0.00000000000000e+00   8.23038397328882e-01 
  8.60447148324187e-02  -6.97705777185988e-02   0.00000000000000e+00   8.24707846410685e-01 
  9.73185368200138e-02  -5.62434064554000e-02   0.00000000000000e+00   8.26377295492488e-01 
  1.08696827103726e-01  -4.19923481914749e-02   0.00000000000000e+00   8.28046744574291e-01 
  1.20174479576010e-01  -2.70481954875235e-02   0.00000000000000e+00   8.29716193656094e-01 
  1.31746388129322e-01  -1.14417409042459e-02   0.00000000000000e+00   8.31385642737897e-01 
  1.43407446656117e-01   4.79622299765714e-03   0.00000000000000e+00   8.33055091819700e-01 
  1.55152549048850e-01   2.16349036574854e-02   0.00000000000000e+00   8.34724540901502e-01 
  1.66976589199977e-01   3.90435085145387e-02   0.00000000000000e+00   8.36393989983305e-01 
  1.78874461001953e-01   5.69912450081164e-02   0.00000000000000e+00   8.38063439065108e-01 
  1.90841058347232e-01   7.54473205775185e-02   0.00000000000000e+00   8.39732888146911e-01 
  2.02871275128272e-01   9.43809426620459e-02   0.00000000000000e+00   8.41402337228715e-01 
  2.14960005237526e-01   1.13761318700996e-01   0.00000000000000e+00   8.43071786310518e-01 
  2.27102142567449e-01   1.33557656133668e-01   0.00000000000000e+00   8.44741235392321e-01 
  2.39292581010499e-01   1.53739162399364e-01   0.00000000000000e+00   8.46410684474124e-01 
  2.51526214459128e-01   1.74275044937383e-01   0.00000000000000e+00   8.48080133555927e-01 
  2.63797936805794e-01   1.95134511187024e-01   0.00000000000000e+00   8.49749582637730e-01 
  2.76102641942951e-01   2.16286768587586e-01   0.00000000000000e+00   8.51419031719533e-01 
  2.88435223763055e-01   2.37701024578371e-01   0.00000000000000e+00   8.53088480801336e-01 
  3.00790576158560e-01   2.59346486598676e-01   0.00000000000000e+00   8.54757929883139e-01 
  3.13163593021923e-01   2.81192362087803e-01   0.00000000000000e+00   8.56427378964942e-01 
  3.25549168245598e-01   3.03207858485050e-01   0.00000000000000e+00   8.58096828046745e-01 
  3.37942195722041e-01   3.25362183229717e-01   0.00000000000000e+00   8.59766277128548e-01 
  3.50337569343706e-01   3.47624543761105e-01   0.00000000000000e+00   8.61435726210351e-01 
  3.62730183003051e-01   3.69964147518511e-01   0.00000000000000e+00   8.63105175292154e-01 
  3.75114930592528e-01   3.92350201941238e-01   0.00000000000000e+00   8.64774624373957e-01 
  3.87486706004595e-01   4.14751914468583e-01   0.00000000000000e+00   8.66444073455760e-01 
  3.99840403131707e-01   4.37138492539846e-01   0.00000000000000e+00   8.68113522537563e-01 
  4.12170915866318e-01   4.59479143594330e-01   0.00000000000000e+00   8.69782971619366e-01 
  4.24473138100884e-01   4.81743075071330e-01   0.00000000000000e+00   8.71452420701169e-01 
  4.36741963727860e-01   5.03899494410147e-01   0.00000000000000e+00   8.73121869782972e-01 
  4.48972286639701e-01   5.25917609050082e-01   0.00000000000000e+00   8.74791318864775e-01 
  4.61159000728864e-01   5.47766626430434e-01   0.00000000000000e+00   8.76460767946578e-01 
  4.73296999887802e-01   5.69415753990502e-01   0.00000000000000e+00   8.78130217028381e-01 
  4.85381178008972e-01   5.90834199169587e-01   0.00000000000000e+00   8.79799666110184e-01 
  4.97406428984828e-01   6.11991169406987e-01   0.00000000000000e+00   8.81469115191987e-01 
  5.09367646707827e-01   6.32855872142003e-01   0.00000000000000e+00   8.83138564273790e-01 
  5.21259725070423e-01   6.53397514813935e-01   0.00000000000000e+00   8.84808013355593e-01 
  5.33077557965071e-01   6.73585304862081e-01   0.00000000000000e+00   8.86477462437396e-01 
  5.44816039284228e-01   6.93388449725742e-01   0.00000000000000e+00   8.88146911519199e-01 
  5.56470062920347e-01   7.12776156844217e-01   0.00000000000000e+00   8.89816360601002e-01 
  5.68034522765886e-01   7.31717633656806e-01   0.00000000000000e+00   8.91485809682805e-01 
  5.79504312713298e-01   7.50182087602809e-01   0.00000000000000e+00   8.93155258764608e-01 
  5.90874326655039e-01   7.68138726121525e-01   0.00000000000000e+00   8.94824707846411e-01 
  6.02139458483565e-01   7.85556756652255e-01   0.00000000000000e+00   8.96494156928214e-01 
  6.13294602091331e-01   8.02405386634297e-01   0.00000000000000e+00   8.98163606010017e-01 
  6.24334651370791e-01   8.18653823506950e-01   0.00000000000000e+00   8.99833055091820e-01 
  6.35254500214402e-01   8.34271274709516e-01   0.00000000000000e+00   9.01502504173623e-01 
  6.46049042514619e-01   8.49226947681293e-01   0.00000000000000e+00   9.03171953255426e-01 
  6.56713172163896e-01   8.63490049861582e-01   0.00000000000000e+00   9.04841402337229e-01 
  6.67241783054690e-01   8.77029788689681e-01   0.00000000000000e+00   9.06510851419032e-01 
  6.77629769079456e-01   8.89815371604891e-01   0.00000000000000e+00   9.08180300500835e-01 
  6.87872024130648e-01   9.01816006046511e-01   0.00000000000000e+00   9.09849749582638e-01 
  6.97963442100723e-01   9.13000899453842e-01   0.00000000000000e+00   9.11519198664441e-01 
  7.07898916882135e-01   9.23339259266182e-01   0.00000000000000e+00   9.13188647746244e-01 
  7.17673342367340e-01   9.32800292922831e-01   0.00000000000000e+00   9.14858096828047e-01 
  7.27281612448793e-01   9.41353207863089e-01   0.00000000000000e+00   9.16527545909850e-01 
  7.36718621018949e-01   9.48967211526255e-01   0.00000000000000e+00   9.18196994991653e-01 
  7.45979261970264e-01   9.55611511351631e-01   0.00000000000000e+00   9.19866444073456e-01 
  7.55058429195193e-01   9.61255314778514e-01   0.00000000000000e+00   9.21535893155259e-01 
  7.63951016586192e-01   9.65867829246204e-01   0.00000000000000e+00   9.23205342237062e-01 
  7.72651918035715e-01   9.69418262194002e-01   0.00000000000000e+00   9.24874791318865e-01 
  7.81156027436218e-01   9.71875821061206e-01   0.00000000000000e+00   9.26544240400668e-01 
  7.89458238680156e-01   9.73209713287118e-01   0.00000000000000e+00   9.28213689482471e-01 
  7.97553445659985e-01   9.73389146311035e-01   0.00000000000000e+00   9.29883138564274e-01 
  8.05436542268160e-01   9.72383327572259e-01   0.00000000000000e+00   9.31552587646077e-01 
  8.13102422397136e-01   9.70161464510087e-01   0.00000000000000e+00   9.33222036727880e-01 
  8.20545979939368e-01   9.66692764563822e-01   0.00000000000000e+00   9.34891485809683e-01 
  8.27762108787312e-01   9.61946435172761e-01   0.00000000000000e+00   9.36560934891486e-01 
  8.34745702833423e-01   9.55891683776205e-01   0.00000000000000e+00   9.38230383973289e-01 
  8.41491655970156e-01   9.48497717813453e-01   0.00000000000000e+00   9.39899833055092e-01 
  8.47994862089967e-01   9.39733744723804e-01   0.00000000000000e+00   9.41569282136895e-01 
  8.54250215085312e-01   9.29568971946560e-01   0.00000000000000e+00   9.43238731218698e-01 
  8.60252608848644e-01   9.17972606921019e-01   0.00000000000000e+00   9.44908180300501e-01 
  8.65996937272420e-01   9.04913857086481e-01   0.00000000000000e+00   9.46577629382304e-01 
  8.71478094249095e-01   8.90361929882245e-01   0.00000000000000e+00   9.48247078464107e-01 
  8.76690973671124e-01   8.74286032747612e-01   0.00000000000000e+00   9.49916527545910e-01 
  8.81630469430962e-01   8.56655373121879e-01   0.00000000000000e+00   9.51585976627713e-01 
  8.86291475421066e-01   8.37439158444349e-01   0.00000000000000e+00   9.53255425709516e-01 
  8.90668885533889e-01   8.16606596154321e-01   0.00000000000000e+00   9.54924874791319e-01 
  8.94757593661888e-01   7.94126893691093e-01   0.00000000000000e+00   9.56594323873122e-01 
  8.98552493697517e-01   7.69969258493966e-01   0.00000000000000e+00   9.58263772954925e-01 
  9.02048479533233e-01   7.44102898002238e-01   0.00000000000000e+00   9.59933222036728e-01 
  9.05240445061490e-01   7.16497019655212e-01   0.00000000000000e+00   9.61602671118531e-01 
  9.08123284174743e-01   6.87120830892184e-01   0.00000000000000e+00   9.63272120200334e-01 
  9.10691890765449e-01   6.55943539152456e-01   0.00000000000000e+00   9.64941569282137e-01 
  9.12941158726061e-01   6.22934351875327e-01   0.00000000000000e+00   9.66611018363940e-01 
  9.14865981949036e-01   5.88062476500097e-01   0.00000000000000e+00   9.68280467445743e-01 
  9.16461254326829e-01   5.51297120466064e-01   0.00000000000000e+00   9.69949916527546e-01 
  9.17721869751895e-01   5.12607491212530e-01   0.00000000000000e+00   9.71619365609349e-01 
  9.18642722116690e-01   4.71962796178793e-01   0.00000000000000e+00   9.73288814691152e-01 
  9.19218705313668e-01   4.29332242804153e-01   0.00000000000000e+00   9.74958263772955e-01 
  9.19444713235286e-01   3.84685038527911e-01   0.00000000000000e+00   9.76627712854758e-01 
  9.19315639773997e-01   3.37990390789365e-01   0.00000000000000e+00   9.78297161936561e-01 
  9.18826378822259e-01   2.89217507027812e-01   0.00000000000000e+00   9.79966611018364e-01 
  9.17971824272525e-01   2.38335594682558e-01   0.00000000000000e+00   9.81636060100167e-01 
  9.16746870017252e-01   1.85313861192899e-01   0.00000000000000e+00   9.83305509181970e-01 
  9.15146409948894e-01   1.30121513998136e-01   0.00000000000000e+00   9.84974958263773e-01 
  9.13165337959907e-01   7.27277605375681e-02   0.00000000000000e+00   9.86644407345576e-01 
  9.10798547942746e-01   1.31018082504945e-02   0.00000000000000e+00   9.88313856427379e-01 
  9.08040933789867e-01  -4.87871354237849e-02   0.00000000000000e+00   9.89983305509182e-01 
  9.04887389393724e-01  -1.12969863045970e-01   0.00000000000000e+00   9.91652754590985e-01 
  9.01332808646774e-01  -1.79477167176762e-01   0.00000000000000e+00   9.93322203672788e-01 
  8.97372085441471e-01  -2.48339840376861e-01   0.00000000000000e+00   9.94991652754591e-01 
  8.93000113670271e-01  -3.19588675206966e-01   0.00000000000000e+00   9.96661101836394e-01 
  8.88211787225629e-01  -3.93254464227779e-01   0.00000000000000e+00   9.98330550918197e-01 
  8.83002000000000e-01  -4.69368000000000e-01   0.00000000000000e+00   1.00000000000000e+00 
