 -2.90949568545124e-03  -1.84159682226139e-02   0.00000000000000e+00   0.00000000000000e+00 
 -2.91161200393646e-03  -1.84203548375918e-02   0.00000000000000e+00   1.09051254089422e-03 
 -2.91416290963900e-03  -1.84255120635122e-02   0.00000000000000e+00   2.18102508178844e-03 
 -2.91716768515798e-03  -1.84314372499677e-02   0.00000000000000e+00   3.27153762268266e-03 
 -2.92064561309251e-03  -1.84381277465511e-02   0.00000000000000e+00   4.36205016357688e-03 
 -2.92461597604173e-03  -1.84455809028553e-02   0.00000000000000e+00   5.45256270447110e-03 
 -2.92909805660474e-03  -1.84537940684730e-02   0.00000000000000e+00   6.54307524536532e-03 
 -2.93411113738068e-03  -1.84627645929970e-02   0.00000000000000e+00   7.63358778625954e-03 
 -2.93967450096866e-03  -1.84724898260200e-02   0.00000000000000e+00   8.72410032715376e-03 
 -2.94580742996781e-03  -1.84829671171348e-02   0.00000000000000e+00   9.81461286804798e-03 
 -2.95252920697724e-03  -1.84941938159342e-02   0.00000000000000e+00   1.09051254089422e-02 
 -2.95985911459609e-03  -1.85061672720110e-02   0.00000000000000e+00   1.19956379498364e-02 
 -2.96781643047593e-03  -1.85188848259401e-02   0.00000000000000e+00   1.30861504907306e-02 
 -2.97641856993511e-03  -1.85323404238489e-02   0.00000000000000e+00   1.41766630316249e-02 
 -2.98567829701239e-03  -1.85465195340455e-02   0.00000000000000e+00   1.52671755725191e-02 
 -2.99560766153943e-03  -1.85614063230632e-02   0.00000000000000e+00   1.63576881134133e-02 
 -3.00621871334787e-03  -1.85769849574352e-02   0.00000000000000e+00   1.74482006543075e-02 
 -3.01752350226937e-03  -1.85932396036947e-02   0.00000000000000e+00   1.85387131952017e-02 
 -3.02953407813559e-03  -1.86101544283750e-02   0.00000000000000e+00   1.96292257360960e-02 
 -3.04226249077818e-03  -1.86277135980093e-02   0.00000000000000e+00   2.07197382769902e-02 
 -3.05572140108562e-03  -1.86459022259737e-02   0.00000000000000e+00   2.18102508178844e-02 
 -3.06992731119480e-03  -1.86647113777244e-02   0.00000000000000e+00   2.29007633587786e-02 
 -3.08489821226549e-03  -1.86841344259836e-02   0.00000000000000e+00   2.39912758996728e-02 
 -3.10065209872103e-03  -1.87041647485308e-02   0.00000000000000e+00   2.50817884405671e-02 
 -3.11720696498474e-03  -1.87247957231450e-02   0.00000000000000e+00   2.61723009814613e-02 
 -3.13458080547996e-03  -1.87460207276056e-02   0.00000000000000e+00   2.72628135223555e-02 
 -3.15279161463000e-03  -1.87678331396919e-02   0.00000000000000e+00   2.83533260632497e-02 
 -3.17185738685819e-03  -1.87902263371832e-02   0.00000000000000e+00   2.94438386041440e-02 
 -3.19179611658786e-03  -1.88131936978587e-02   0.00000000000000e+00   3.05343511450382e-02 
 -3.21262579824233e-03  -1.88367285994977e-02   0.00000000000000e+00   3.16248636859324e-02 
 -3.23436442624494e-03  -1.88608244198794e-02   0.00000000000000e+00   3.27153762268266e-02 
 -3.25702999501900e-03  -1.88854745367833e-02   0.00000000000000e+00   3.38058887677208e-02 
 -3.28064049898785e-03  -1.89106723279884e-02   0.00000000000000e+00   3.48964013086151e-02 
 -3.30521393257481e-03  -1.89364111712742e-02   0.00000000000000e+00   3.59869138495093e-02 
 -3.33076829020320e-03  -1.89626844444199e-02   0.00000000000000e+00   3.70774263904035e-02 
 -3.35732156629636e-03  -1.89894855252047e-02   0.00000000000000e+00   3.81679389312977e-02 
 -3.38489175527761e-03  -1.90168077914080e-02   0.00000000000000e+00   3.92584514721919e-02 
 -3.41349685157028e-03  -1.90446446208089e-02   0.00000000000000e+00   4.03489640130862e-02 
 -3.44315484959768e-03  -1.90729893911869e-02   0.00000000000000e+00   4.14394765539804e-02 
 -3.47388374378316e-03  -1.91018354803211e-02   0.00000000000000e+00   4.25299890948746e-02 
 -3.50570152855003e-03  -1.91311762659909e-02   0.00000000000000e+00   4.36205016357688e-02 
 -3.53862619832163e-03  -1.91610051259754e-02   0.00000000000000e+00   4.47110141766630e-02 
 -3.57267574752127e-03  -1.91913154380541e-02   0.00000000000000e+00   4.58015267175573e-02 
 -3.60786738265939e-03  -1.92221000046358e-02   0.00000000000000e+00   4.68920392584515e-02 
 -3.64411419639993e-03  -1.92532755993954e-02   0.00000000000000e+00   4.79825517993457e-02 
 -3.68112217562170e-03  -1.92846077578085e-02   0.00000000000000e+00   4.90730643402399e-02 
 -3.71857281346834e-03  -1.93158441288953e-02   0.00000000000000e+00   5.01635768811341e-02 
 -3.75614760308346e-03  -1.93467323616761e-02   0.00000000000000e+00   5.12540894220284e-02 
 -3.79351755770399e-03  -1.93770337801923e-02   0.00000000000000e+00   5.23446019629226e-02 
 -3.83003384267681e-03  -1.94069270716237e-02   0.00000000000000e+00   5.34351145038168e-02 
 -3.86467669142070e-03  -1.94370749448314e-02   0.00000000000000e+00   5.45256270447110e-02 
 -3.89640557027164e-03  -1.94681672072292e-02   0.00000000000000e+00   5.56161395856052e-02 
 -3.92421748236188e-03  -1.95008796977105e-02   0.00000000000000e+00   5.67066521264995e-02 
 -3.94841162363935e-03  -1.95354036718180e-02   0.00000000000000e+00   5.77971646673937e-02 
 -3.97089315311333e-03  -1.95713327601096e-02   0.00000000000000e+00   5.88876772082879e-02 
 -3.99359446463988e-03  -1.96082380826912e-02   0.00000000000000e+00   5.99781897491821e-02 
 -4.01737562811757e-03  -1.96459052173922e-02   0.00000000000000e+00   6.10687022900763e-02 
 -4.04227298753407e-03  -1.96842844817949e-02   0.00000000000000e+00   6.21592148309706e-02 
 -4.06830179869037e-03  -1.97233304109799e-02   0.00000000000000e+00   6.32497273718648e-02 
 -4.09547731738750e-03  -1.97629975400278e-02   0.00000000000000e+00   6.43402399127590e-02 
 -4.12381479942647e-03  -1.98032404040193e-02   0.00000000000000e+00   6.54307524536532e-02 
 -4.15332950060828e-03  -1.98440135380351e-02   0.00000000000000e+00   6.65212649945474e-02 
 -4.18403667673396e-03  -1.98852714771557e-02   0.00000000000000e+00   6.76117775354417e-02 
 -4.21595158360452e-03  -1.99269687564618e-02   0.00000000000000e+00   6.87022900763359e-02 
 -4.24908947702096e-03  -1.99690599110341e-02   0.00000000000000e+00   6.97928026172301e-02 
 -4.28346561278431e-03  -2.00114994759531e-02   0.00000000000000e+00   7.08833151581243e-02 
 -4.31909524669557e-03  -2.00542419862995e-02   0.00000000000000e+00   7.19738276990185e-02 
 -4.35599363455576e-03  -2.00972419771540e-02   0.00000000000000e+00   7.30643402399128e-02 
 -4.39417603216589e-03  -2.01404539835972e-02   0.00000000000000e+00   7.41548527808070e-02 
 -4.43365769532697e-03  -2.01838325407097e-02   0.00000000000000e+00   7.52453653217012e-02 
 -4.47445387984001e-03  -2.02273321835722e-02   0.00000000000000e+00   7.63358778625954e-02 
 -4.51657984150604e-03  -2.02709074472652e-02   0.00000000000000e+00   7.74263904034896e-02 
 -4.56005083612605e-03  -2.03145128668695e-02   0.00000000000000e+00   7.85169029443839e-02 
 -4.60488211950107e-03  -2.03581029774656e-02   0.00000000000000e+00   7.96074154852781e-02 
 -4.65108894743210e-03  -2.04016323141343e-02   0.00000000000000e+00   8.06979280261723e-02 
 -4.69868657572016e-03  -2.04450554119561e-02   0.00000000000000e+00   8.17884405670665e-02 
 -4.74769026016627e-03  -2.04883268060117e-02   0.00000000000000e+00   8.28789531079607e-02 
 -4.79811525657143e-03  -2.05314010313817e-02   0.00000000000000e+00   8.39694656488550e-02 
 -4.84997682073665e-03  -2.05742326231467e-02   0.00000000000000e+00   8.50599781897492e-02 
 -4.90329020846296e-03  -2.06167761163874e-02   0.00000000000000e+00   8.61504907306434e-02 
 -4.95807067555136e-03  -2.06589860461845e-02   0.00000000000000e+00   8.72410032715376e-02 
 -5.01433347780286e-03  -2.07008169476185e-02   0.00000000000000e+00   8.83315158124318e-02 
 -5.07209387101848e-03  -2.07422233557702e-02   0.00000000000000e+00   8.94220283533261e-02 
 -5.13136711099924e-03  -2.07831598057200e-02   0.00000000000000e+00   9.05125408942203e-02 
 -5.19216845354614e-03  -2.08235808325487e-02   0.00000000000000e+00   9.16030534351145e-02 
 -5.25451315446019e-03  -2.08634409713370e-02   0.00000000000000e+00   9.26935659760087e-02 
 -5.31841646954241e-03  -2.09026947571654e-02   0.00000000000000e+00   9.37840785169029e-02 
 -5.38389365459382e-03  -2.09412967251145e-02   0.00000000000000e+00   9.48745910577972e-02 
 -5.45095996541542e-03  -2.09792014102651e-02   0.00000000000000e+00   9.59651035986914e-02 
 -5.51963065780823e-03  -2.10163633476978e-02   0.00000000000000e+00   9.70556161395856e-02 
 -5.58992098757325e-03  -2.10527370724931e-02   0.00000000000000e+00   9.81461286804798e-02 
 -5.66193516587692e-03  -2.10881641039677e-02   0.00000000000000e+00   9.92366412213740e-02 
 -5.73677964304420e-03  -2.11212126394323e-02   0.00000000000000e+00   1.00327153762268e-01 
 -5.81619265838652e-03  -2.11496482026915e-02   0.00000000000000e+00   1.01417666303162e-01 
 -5.90189574460266e-03  -2.11712577950669e-02   0.00000000000000e+00   1.02508178844057e-01 
 -5.99443813984886e-03  -2.11853289078170e-02   0.00000000000000e+00   1.03598691384951e-01 
 -6.09276081528909e-03  -2.11932075493650e-02   0.00000000000000e+00   1.04689203925845e-01 
 -6.19568821532207e-03  -2.11963888777144e-02   0.00000000000000e+00   1.05779716466739e-01 
 -6.30204478434650e-03  -2.11963680508686e-02   0.00000000000000e+00   1.06870229007634e-01 
 -6.41065496676110e-03  -2.11946402268309e-02   0.00000000000000e+00   1.07960741548528e-01 
 -6.52034320696459e-03  -2.11927005636047e-02   0.00000000000000e+00   1.09051254089422e-01 
 -6.63006624217867e-03  -2.11918276398454e-02   0.00000000000000e+00   1.10141766630316e-01 
 -6.73972636892496e-03  -2.11917520392987e-02   0.00000000000000e+00   1.11232279171210e-01 
 -6.84963741832673e-03  -2.11915306138048e-02   0.00000000000000e+00   1.12322791712105e-01 
 -6.96011491384015e-03  -2.11902174446508e-02   0.00000000000000e+00   1.13413304252999e-01 
 -7.07147437892138e-03  -2.11868666131233e-02   0.00000000000000e+00   1.14503816793893e-01 
 -7.18403133702658e-03  -2.11805322005093e-02   0.00000000000000e+00   1.15594329334787e-01 
 -7.29810131161193e-03  -2.11702682880955e-02   0.00000000000000e+00   1.16684841875682e-01 
 -7.41399982613357e-03  -2.11551289571688e-02   0.00000000000000e+00   1.17775354416576e-01 
 -7.53204240404767e-03  -2.11341682890160e-02   0.00000000000000e+00   1.18865866957470e-01 
 -7.65254456881041e-03  -2.11064403649240e-02   0.00000000000000e+00   1.19956379498364e-01 
 -7.77582184387794e-03  -2.10709992661795e-02   0.00000000000000e+00   1.21046892039258e-01 
 -7.90206756909711e-03  -2.10270935030938e-02   0.00000000000000e+00   1.22137404580153e-01 
 -8.03076343288738e-03  -2.09751040266828e-02   0.00000000000000e+00   1.23227917121047e-01 
 -8.16113416728419e-03  -2.09158206789695e-02   0.00000000000000e+00   1.24318429661941e-01 
 -8.29240415630129e-03  -2.08500338557787e-02   0.00000000000000e+00   1.25408942202835e-01 
 -8.42379778395245e-03  -2.07785339529350e-02   0.00000000000000e+00   1.26499454743730e-01 
 -8.55453943425144e-03  -2.07021113662634e-02   0.00000000000000e+00   1.27589967284624e-01 
 -8.68385349121203e-03  -2.06215564915885e-02   0.00000000000000e+00   1.28680479825518e-01 
 -8.81096433884797e-03  -2.05376597247351e-02   0.00000000000000e+00   1.29770992366412e-01 
 -8.93509678623678e-03  -2.04512112068008e-02   0.00000000000000e+00   1.30861504907306e-01 
 -9.05570564445365e-03  -2.03628632459534e-02   0.00000000000000e+00   1.31952017448201e-01 
 -9.17285512132029e-03  -2.02729029581463e-02   0.00000000000000e+00   1.33042529989095e-01 
 -9.28670920798918e-03  -2.01815576623355e-02   0.00000000000000e+00   1.34133042529989e-01 
 -9.39743189561280e-03  -2.00890546774772e-02   0.00000000000000e+00   1.35223555070883e-01 
 -9.50518717534361e-03  -1.99956213225275e-02   0.00000000000000e+00   1.36314067611778e-01 
 -9.61013903833411e-03  -1.99014849164426e-02   0.00000000000000e+00   1.37404580152672e-01 
 -9.71245147573676e-03  -1.98068727781786e-02   0.00000000000000e+00   1.38495092693566e-01 
 -9.81228847870406e-03  -1.97120122266916e-02   0.00000000000000e+00   1.39585605234460e-01 
 -9.90981403838848e-03  -1.96171305809378e-02   0.00000000000000e+00   1.40676117775354e-01 
 -1.00051921459425e-02  -1.95224551598733e-02   0.00000000000000e+00   1.41766630316249e-01 
 -1.00985867925186e-02  -1.94282132824542e-02   0.00000000000000e+00   1.42857142857143e-01 
 -1.01901619692692e-02  -1.93346322676366e-02   0.00000000000000e+00   1.43947655398037e-01 
 -1.02800810154535e-02  -1.92419369590918e-02   0.00000000000000e+00   1.45038167938931e-01 
 -1.03684419861003e-02  -1.91501043117178e-02   0.00000000000000e+00   1.46128680479826e-01 
 -1.04552228687794e-02  -1.90586553758969e-02   0.00000000000000e+00   1.47219193020720e-01 
 -1.05403887503962e-02  -1.89670622172903e-02   0.00000000000000e+00   1.48309705561614e-01 
 -1.06239047178560e-02  -1.88747969015592e-02   0.00000000000000e+00   1.49400218102508e-01 
 -1.07057358580643e-02  -1.87813314943646e-02   0.00000000000000e+00   1.50490730643402e-01 
 -1.07858472579266e-02  -1.86861380613678e-02   0.00000000000000e+00   1.51581243184297e-01 
 -1.08642040043483e-02  -1.85886886682298e-02   0.00000000000000e+00   1.52671755725191e-01 
 -1.09407711842348e-02  -1.84884553806118e-02   0.00000000000000e+00   1.53762268266085e-01 
 -1.10155138844916e-02  -1.83849102641748e-02   0.00000000000000e+00   1.54852780806979e-01 
 -1.10883971920240e-02  -1.82775253845801e-02   0.00000000000000e+00   1.55943293347874e-01 
 -1.11593861937375e-02  -1.81657728074888e-02   0.00000000000000e+00   1.57033805888768e-01 
 -1.12284459765376e-02  -1.80491245985619e-02   0.00000000000000e+00   1.58124318429662e-01 
 -1.12955353149975e-02  -1.79271034365133e-02   0.00000000000000e+00   1.59214830970556e-01 
 -1.13605443130075e-02  -1.77997826100052e-02   0.00000000000000e+00   1.60305343511450e-01 
 -1.14233209094308e-02  -1.76675734920534e-02   0.00000000000000e+00   1.61395856052345e-01 
 -1.14837124305046e-02  -1.75308923677824e-02   0.00000000000000e+00   1.62486368593239e-01 
 -1.15415662024664e-02  -1.73901555223164e-02   0.00000000000000e+00   1.63576881134133e-01 
 -1.15967295515535e-02  -1.72457792407798e-02   0.00000000000000e+00   1.64667393675027e-01 
 -1.16490498040031e-02  -1.70981798082969e-02   0.00000000000000e+00   1.65757906215921e-01 
 -1.16983742860528e-02  -1.69477735099920e-02   0.00000000000000e+00   1.66848418756816e-01 
 -1.17445503239397e-02  -1.67949766309895e-02   0.00000000000000e+00   1.67938931297710e-01 
 -1.17874252439013e-02  -1.66402054564137e-02   0.00000000000000e+00   1.69029443838604e-01 
 -1.18268463721749e-02  -1.64838762713888e-02   0.00000000000000e+00   1.70119956379498e-01 
 -1.18626610349979e-02  -1.63264053610393e-02   0.00000000000000e+00   1.71210468920393e-01 
 -1.18947165586075e-02  -1.61682090104894e-02   0.00000000000000e+00   1.72300981461287e-01 
 -1.19228602692412e-02  -1.60097035048635e-02   0.00000000000000e+00   1.73391494002181e-01 
 -1.19469394931363e-02  -1.58513051292859e-02   0.00000000000000e+00   1.74482006543075e-01 
 -1.19668015565301e-02  -1.56934301688810e-02   0.00000000000000e+00   1.75572519083969e-01 
 -1.19822937856600e-02  -1.55364949087730e-02   0.00000000000000e+00   1.76663031624864e-01 
 -1.19932635067634e-02  -1.53809156340863e-02   0.00000000000000e+00   1.77753544165758e-01 
 -1.19995580460775e-02  -1.52271086299452e-02   0.00000000000000e+00   1.78844056706652e-01 
 -1.20010367942200e-02  -1.50754738383390e-02   0.00000000000000e+00   1.79934569247546e-01 
 -1.19977395376968e-02  -1.49261668261370e-02   0.00000000000000e+00   1.81025081788441e-01 
 -1.19898448692516e-02  -1.47791551249309e-02   0.00000000000000e+00   1.82115594329335e-01 
 -1.19775349485768e-02  -1.46344014343091e-02   0.00000000000000e+00   1.83206106870229e-01 
 -1.19609919353646e-02  -1.44918684538600e-02   0.00000000000000e+00   1.84296619411123e-01 
 -1.19403979893075e-02  -1.43515188831722e-02   0.00000000000000e+00   1.85387131952017e-01 
 -1.19159352700977e-02  -1.42133154218340e-02   0.00000000000000e+00   1.86477644492912e-01 
 -1.18877859374276e-02  -1.40772207694339e-02   0.00000000000000e+00   1.87568157033806e-01 
 -1.18561321507806e-02  -1.39431976279115e-02   0.00000000000000e+00   1.88658669574700e-01 
 -1.18211544622841e-02  -1.38112267883548e-02   0.00000000000000e+00   1.89749182115594e-01 
 -1.17830279428837e-02  -1.36813507269479e-02   0.00000000000000e+00   1.90839694656489e-01 
 -1.17419264961943e-02  -1.35536250569888e-02   0.00000000000000e+00   1.91930207197383e-01 
 -1.16980240258307e-02  -1.34281053917757e-02   0.00000000000000e+00   1.93020719738277e-01 
 -1.16514944354079e-02  -1.33048473446066e-02   0.00000000000000e+00   1.94111232279171e-01 
 -1.16025116285407e-02  -1.31839065287796e-02   0.00000000000000e+00   1.95201744820065e-01 
 -1.15512495088439e-02  -1.30653385575929e-02   0.00000000000000e+00   1.96292257360960e-01 
 -1.14978819799325e-02  -1.29491990443445e-02   0.00000000000000e+00   1.97382769901854e-01 
 -1.14425829454212e-02  -1.28355436023325e-02   0.00000000000000e+00   1.98473282442748e-01 
 -1.13855263089250e-02  -1.27244278448550e-02   0.00000000000000e+00   1.99563794983642e-01 
 -1.13268733994751e-02  -1.26159042384457e-02   0.00000000000000e+00   2.00654307524537e-01 
 -1.12667297785858e-02  -1.25100112939285e-02   0.00000000000000e+00   2.01744820065431e-01 
 -1.12051855531230e-02  -1.24067836546324e-02   0.00000000000000e+00   2.02835332606325e-01 
 -1.11423308293848e-02  -1.23062559637442e-02   0.00000000000000e+00   2.03925845147219e-01 
 -1.10782557136694e-02  -1.22084628644510e-02   0.00000000000000e+00   2.05016357688113e-01 
 -1.10130503122747e-02  -1.21134389999396e-02   0.00000000000000e+00   2.06106870229008e-01 
 -1.09468047314989e-02  -1.20212190133969e-02   0.00000000000000e+00   2.07197382769902e-01 
 -1.08796090776402e-02  -1.19318375480098e-02   0.00000000000000e+00   2.08287895310796e-01 
 -1.08115534569966e-02  -1.18453292469653e-02   0.00000000000000e+00   2.09378407851690e-01 
 -1.07427279758662e-02  -1.17617287534503e-02   0.00000000000000e+00   2.10468920392585e-01 
 -1.06732227405471e-02  -1.16810707106516e-02   0.00000000000000e+00   2.11559432933479e-01 
 -1.06031278573375e-02  -1.16033897617562e-02   0.00000000000000e+00   2.12649945474373e-01 
 -1.05325299077961e-02  -1.15287140570868e-02   0.00000000000000e+00   2.13740458015267e-01 
 -1.04614465137144e-02  -1.14569447173162e-02   0.00000000000000e+00   2.14830970556161e-01 
 -1.03898324607624e-02  -1.13878671137338e-02   0.00000000000000e+00   2.15921483097056e-01 
 -1.03176402379208e-02  -1.13212623869361e-02   0.00000000000000e+00   2.17011995637950e-01 
 -1.02448223341705e-02  -1.12569116775194e-02   0.00000000000000e+00   2.18102508178844e-01 
 -1.01713312384924e-02  -1.11945961260803e-02   0.00000000000000e+00   2.19193020719738e-01 
 -1.00971194398672e-02  -1.11340968732151e-02   0.00000000000000e+00   2.20283533260633e-01 
 -1.00221394272759e-02  -1.10751950595202e-02   0.00000000000000e+00   2.21374045801527e-01 
 -9.94634368969922e-03  -1.10176718255921e-02   0.00000000000000e+00   2.22464558342421e-01 
 -9.86968477257971e-03  -1.09613084346564e-02   0.00000000000000e+00   2.23555070883315e-01 
 -9.79214186899069e-03  -1.09059440259568e-02   0.00000000000000e+00   2.24645583424209e-01 
 -9.71376329022682e-03  -1.08515678566770e-02   0.00000000000000e+00   2.25736095965104e-01 
 -9.63460840789292e-03  -1.07981932059003e-02   0.00000000000000e+00   2.26826608505998e-01 
 -9.55473659359383e-03  -1.07458333527097e-02   0.00000000000000e+00   2.27917121046892e-01 
 -9.47420721893436e-03  -1.06945015761886e-02   0.00000000000000e+00   2.29007633587786e-01 
 -9.39307965551936e-03  -1.06442111554202e-02   0.00000000000000e+00   2.30098146128680e-01 
 -9.31141327495364e-03  -1.05949753694877e-02   0.00000000000000e+00   2.31188658669575e-01 
 -9.22926744884204e-03  -1.05468074974744e-02   0.00000000000000e+00   2.32279171210469e-01 
 -9.14670154878937e-03  -1.04997208184635e-02   0.00000000000000e+00   2.33369683751363e-01 
 -9.06377494640049e-03  -1.04537286115382e-02   0.00000000000000e+00   2.34460196292257e-01 
 -8.98054701328020e-03  -1.04088441557817e-02   0.00000000000000e+00   2.35550708833152e-01 
 -8.89707712103334e-03  -1.03650807302773e-02   0.00000000000000e+00   2.36641221374046e-01 
 -8.81342464126473e-03  -1.03224516141083e-02   0.00000000000000e+00   2.37731733914940e-01 
 -8.72964894557921e-03  -1.02809700863577e-02   0.00000000000000e+00   2.38822246455834e-01 
 -8.64580837572549e-03  -1.02406486905280e-02   0.00000000000000e+00   2.39912758996728e-01 
 -8.56193370862918e-03  -1.02014802817796e-02   0.00000000000000e+00   2.41003271537623e-01 
 -8.47802581249581e-03  -1.01634363527889e-02   0.00000000000000e+00   2.42093784078517e-01 
 -8.39408405591648e-03  -1.01264873251232e-02   0.00000000000000e+00   2.43184296619411e-01 
 -8.31010780748229e-03  -1.00906036203502e-02   0.00000000000000e+00   2.44274809160305e-01 
 -8.22609643578433e-03  -1.00557556600375e-02   0.00000000000000e+00   2.45365321701200e-01 
 -8.14204930941370e-03  -1.00219138657524e-02   0.00000000000000e+00   2.46455834242094e-01 
 -8.05796579696148e-03  -9.98904865906264e-03   0.00000000000000e+00   2.47546346782988e-01 
 -7.97384526701877e-03  -9.95713046153568e-03   0.00000000000000e+00   2.48636859323882e-01 
 -7.88968708817667e-03  -9.92612969473908e-03   0.00000000000000e+00   2.49727371864776e-01 
 -7.80549062902627e-03  -9.89601678024036e-03   0.00000000000000e+00   2.50817884405671e-01 
 -7.72125525815866e-03  -9.86676213960707e-03   0.00000000000000e+00   2.51908396946565e-01 
 -7.63698034416494e-03  -9.83833619440675e-03   0.00000000000000e+00   2.52998909487459e-01 
 -7.55266525563620e-03  -9.81070936620692e-03   0.00000000000000e+00   2.54089422028353e-01 
 -7.46830936116355e-03  -9.78385207657514e-03   0.00000000000000e+00   2.55179934569248e-01 
 -7.38391202933805e-03  -9.75773474707893e-03   0.00000000000000e+00   2.56270447110142e-01 
 -7.29947262875083e-03  -9.73232779928583e-03   0.00000000000000e+00   2.57360959651036e-01 
 -7.21499052799296e-03  -9.70760165476339e-03   0.00000000000000e+00   2.58451472191930e-01 
 -7.13046509565555e-03  -9.68352673507914e-03   0.00000000000000e+00   2.59541984732824e-01 
 -7.04589570032968e-03  -9.66007346180061e-03   0.00000000000000e+00   2.60632497273719e-01 
 -6.96128171060645e-03  -9.63721225649534e-03   0.00000000000000e+00   2.61723009814613e-01 
 -6.87662249507696e-03  -9.61491354073088e-03   0.00000000000000e+00   2.62813522355507e-01 
 -6.79191742233230e-03  -9.59314773607476e-03   0.00000000000000e+00   2.63904034896401e-01 
 -6.70716586096355e-03  -9.57188526409451e-03   0.00000000000000e+00   2.64994547437296e-01 
 -6.62236717956183e-03  -9.55109654635768e-03   0.00000000000000e+00   2.66085059978190e-01 
 -6.53752074671822e-03  -9.53075200443180e-03   0.00000000000000e+00   2.67175572519084e-01 
 -6.45262593102382e-03  -9.51082205988442e-03   0.00000000000000e+00   2.68266085059978e-01 
 -6.36768210106971e-03  -9.49127713428305e-03   0.00000000000000e+00   2.69356597600872e-01 
 -6.28268862544699e-03  -9.47208764919525e-03   0.00000000000000e+00   2.70447110141767e-01 
 -6.19764487274676e-03  -9.45322402618856e-03   0.00000000000000e+00   2.71537622682661e-01 
 -6.11255021156012e-03  -9.43465668683051e-03   0.00000000000000e+00   2.72628135223555e-01 
 -6.02740401047815e-03  -9.41635605268863e-03   0.00000000000000e+00   2.73718647764449e-01 
 -5.94220772360123e-03  -9.39829096846206e-03   0.00000000000000e+00   2.74809160305344e-01 
 -5.85702108450013e-03  -9.38038621332755e-03   0.00000000000000e+00   2.75899672846238e-01 
 -5.77196848594585e-03  -9.36251767718041e-03   0.00000000000000e+00   2.76990185387132e-01 
 -5.68717768648239e-03  -9.34455870503097e-03   0.00000000000000e+00   2.78080697928026e-01 
 -5.60277644465380e-03  -9.32638264188955e-03   0.00000000000000e+00   2.79171210468920e-01 
 -5.51889251900411e-03  -9.30786283276650e-03   0.00000000000000e+00   2.80261723009815e-01 
 -5.43565366807733e-03  -9.28887262267214e-03   0.00000000000000e+00   2.81352235550709e-01 
 -5.35318765041750e-03  -9.26928535661682e-03   0.00000000000000e+00   2.82442748091603e-01 
 -5.27162222456866e-03  -9.24897437961086e-03   0.00000000000000e+00   2.83533260632497e-01 
 -5.19108514907482e-03  -9.22781303666461e-03   0.00000000000000e+00   2.84623773173391e-01 
 -5.11170418248002e-03  -9.20567467278838e-03   0.00000000000000e+00   2.85714285714286e-01 
 -5.03360602945035e-03  -9.18243314553453e-03   0.00000000000000e+00   2.86804798255180e-01 
 -4.95680775327681e-03  -9.15801563533892e-03   0.00000000000000e+00   2.87895310796074e-01 
 -4.88112247366784e-03  -9.13244850836806e-03   0.00000000000000e+00   2.88985823336968e-01 
 -4.80634108708288e-03  -9.10576893882253e-03   0.00000000000000e+00   2.90076335877863e-01 
 -4.73225448998141e-03  -9.07801410090290e-03   0.00000000000000e+00   2.91166848418757e-01 
 -4.65865357882288e-03  -9.04922116880975e-03   0.00000000000000e+00   2.92257360959651e-01 
 -4.58532925006675e-03  -9.01942731674365e-03   0.00000000000000e+00   2.93347873500545e-01 
 -4.51208164655956e-03  -8.98866867939874e-03   0.00000000000000e+00   2.94438386041440e-01 
 -4.43884103058280e-03  -8.95696676305394e-03   0.00000000000000e+00   2.95528898582334e-01 
 -4.36563377965366e-03  -8.92433226842647e-03   0.00000000000000e+00   2.96619411123228e-01 
 -4.29248852062840e-03  -8.89077564335616e-03   0.00000000000000e+00   2.97709923664122e-01 
 -4.21943388036329e-03  -8.85630733568283e-03   0.00000000000000e+00   2.98800436205016e-01 
 -4.14649848571460e-03  -8.82093779324631e-03   0.00000000000000e+00   2.99890948745911e-01 
 -4.07371096353860e-03  -8.78467746388643e-03   0.00000000000000e+00   3.00981461286805e-01 
 -4.00109994069156e-03  -8.74753679544299e-03   0.00000000000000e+00   3.02071973827699e-01 
 -3.92869404402972e-03  -8.70952623575584e-03   0.00000000000000e+00   3.03162486368593e-01 
 -3.85652190040938e-03  -8.67065623266479e-03   0.00000000000000e+00   3.04252998909487e-01 
 -3.78461213668678e-03  -8.63093723400967e-03   0.00000000000000e+00   3.05343511450382e-01 
 -3.71299337971820e-03  -8.59037968763030e-03   0.00000000000000e+00   3.06434023991276e-01 
 -3.64169425635991e-03  -8.54899404136650e-03   0.00000000000000e+00   3.07524536532170e-01 
 -3.57074339346816e-03  -8.50679074305810e-03   0.00000000000000e+00   3.08615049073064e-01 
 -3.50016941789924e-03  -8.46378024054493e-03   0.00000000000000e+00   3.09705561613959e-01 
 -3.43000095650939e-03  -8.41997298166680e-03   0.00000000000000e+00   3.10796074154853e-01 
 -3.36026663615489e-03  -8.37537941426355e-03   0.00000000000000e+00   3.11886586695747e-01 
 -3.29099508369201e-03  -8.33000998617499e-03   0.00000000000000e+00   3.12977099236641e-01 
 -3.22221492597701e-03  -8.28387514524095e-03   0.00000000000000e+00   3.14067611777535e-01 
 -3.15395478986616e-03  -8.23698533930125e-03   0.00000000000000e+00   3.15158124318430e-01 
 -3.08624330221572e-03  -8.18935101619572e-03   0.00000000000000e+00   3.16248636859324e-01 
 -3.01910908988196e-03  -8.14098262376418e-03   0.00000000000000e+00   3.17339149400218e-01 
 -2.95258077972115e-03  -8.09189060984645e-03   0.00000000000000e+00   3.18429661941112e-01 
 -2.88668699858955e-03  -8.04208542228236e-03   0.00000000000000e+00   3.19520174482007e-01 
 -2.82145172774208e-03  -7.99158887846901e-03   0.00000000000000e+00   3.20610687022901e-01 
 -2.75687390509809e-03  -7.94048408639148e-03   0.00000000000000e+00   3.21701199563795e-01 
 -2.69294406728238e-03  -7.88887471520492e-03   0.00000000000000e+00   3.22791712104689e-01 
 -2.62965274477637e-03  -7.83686444909970e-03   0.00000000000000e+00   3.23882224645583e-01 
 -2.56699046806148e-03  -7.78455697226617e-03   0.00000000000000e+00   3.24972737186478e-01 
 -2.50494776761914e-03  -7.73205596889469e-03   0.00000000000000e+00   3.26063249727372e-01 
 -2.44351517393077e-03  -7.67946512317561e-03   0.00000000000000e+00   3.27153762268266e-01 
 -2.38268321747780e-03  -7.62688811929929e-03   0.00000000000000e+00   3.28244274809160e-01 
 -2.32244242874163e-03  -7.57442864145608e-03   0.00000000000000e+00   3.29334787350055e-01 
 -2.26278333820371e-03  -7.52219037383635e-03   0.00000000000000e+00   3.30425299890949e-01 
 -2.20369647634545e-03  -7.47027700063044e-03   0.00000000000000e+00   3.31515812431843e-01 
 -2.14517237364828e-03  -7.41879220602871e-03   0.00000000000000e+00   3.32606324972737e-01 
 -2.08720156059360e-03  -7.36783967422152e-03   0.00000000000000e+00   3.33696837513631e-01 
 -2.02977362516610e-03  -7.31751963003145e-03   0.00000000000000e+00   3.34787350054526e-01 
 -1.97286288342436e-03  -7.26787624375573e-03   0.00000000000000e+00   3.35877862595420e-01 
 -1.91643126672919e-03  -7.21890822853353e-03   0.00000000000000e+00   3.36968375136314e-01 
 -1.86044034935086e-03  -7.17061298682849e-03   0.00000000000000e+00   3.38058887677208e-01 
 -1.80485170555967e-03  -7.12298792110430e-03   0.00000000000000e+00   3.39149400218103e-01 
 -1.74962690962591e-03  -7.07603043382463e-03   0.00000000000000e+00   3.40239912758997e-01 
 -1.69472753581987e-03  -7.02973792745315e-03   0.00000000000000e+00   3.41330425299891e-01 
 -1.64011515841183e-03  -6.98410780445353e-03   0.00000000000000e+00   3.42420937840785e-01 
 -1.58575135167208e-03  -6.93913746728945e-03   0.00000000000000e+00   3.43511450381679e-01 
 -1.53159768987091e-03  -6.89482431842457e-03   0.00000000000000e+00   3.44601962922574e-01 
 -1.47761574727861e-03  -6.85116576032257e-03   0.00000000000000e+00   3.45692475463468e-01 
 -1.42376709816546e-03  -6.80815919544711e-03   0.00000000000000e+00   3.46782988004362e-01 
 -1.37001331680177e-03  -6.76580202626188e-03   0.00000000000000e+00   3.47873500545256e-01 
 -1.31631597745780e-03  -6.72409165523055e-03   0.00000000000000e+00   3.48964013086150e-01 
 -1.26263665440385e-03  -6.68302548481677e-03   0.00000000000000e+00   3.50054525627045e-01 
 -1.20893692191022e-03  -6.64260091748424e-03   0.00000000000000e+00   3.51145038167939e-01 
 -1.15517835424718e-03  -6.60281535569661e-03   0.00000000000000e+00   3.52235550708833e-01 
 -1.10132252568503e-03  -6.56366620191757e-03   0.00000000000000e+00   3.53326063249727e-01 
 -1.04739162357538e-03  -6.52508628774422e-03   0.00000000000000e+00   3.54416575790622e-01 
 -9.93907159441375e-04  -6.48647651678495e-03   0.00000000000000e+00   3.55507088331516e-01 
 -9.41636247717176e-04  -6.44697615287588e-03   0.00000000000000e+00   3.56597600872410e-01 
 -8.91347713446590e-04  -6.40572263754775e-03   0.00000000000000e+00   3.57688113413304e-01 
 -8.43810381673418e-04  -6.36185341233127e-03   0.00000000000000e+00   3.58778625954199e-01 
 -7.99793077441467e-04  -6.31450591875719e-03   0.00000000000000e+00   3.59869138495093e-01 
 -7.60064750341217e-04  -6.26281777264213e-03   0.00000000000000e+00   3.60959651035987e-01 
 -7.25655346050673e-04  -6.20629181784423e-03   0.00000000000000e+00   3.62050163576881e-01 
 -6.98405922137693e-04  -6.14556593748516e-03   0.00000000000000e+00   3.63140676117775e-01 
 -6.80314643386802e-04  -6.08149786457629e-03   0.00000000000000e+00   3.64231188658670e-01 
 -6.73379674582522e-04  -6.01494533212896e-03   0.00000000000000e+00   3.65321701199564e-01 
 -6.79599180509375e-04  -5.94676607315454e-03   0.00000000000000e+00   3.66412213740458e-01 
 -7.00971161381504e-04  -5.87781782199107e-03   0.00000000000000e+00   3.67502726281352e-01 
 -7.38585732058214e-04  -5.80896563204406e-03   0.00000000000000e+00   3.68593238822246e-01 
 -7.90497431301662e-04  -5.74109902851605e-03   0.00000000000000e+00   3.69683751363141e-01 
 -8.54127104108242e-04  -5.67511264523632e-03   0.00000000000000e+00   3.70774263904035e-01 
 -9.26895595474350e-04  -5.61190111603415e-03   0.00000000000000e+00   3.71864776444929e-01 
 -1.00622375039637e-03  -5.55235907473883e-03   0.00000000000000e+00   3.72955288985823e-01 
 -1.08964087298626e-03  -5.49731791899046e-03   0.00000000000000e+00   3.74045801526718e-01 
 -1.17589072662960e-03  -5.44690096600645e-03   0.00000000000000e+00   3.75136314067612e-01 
 -1.26447912258517e-03  -5.40078722730222e-03   0.00000000000000e+00   3.76226826608506e-01 
 -1.35492364206536e-03  -5.35864885201917e-03   0.00000000000000e+00   3.77317339149400e-01 
 -1.44674186628264e-03  -5.32015798929868e-03   0.00000000000000e+00   3.78407851690294e-01 
 -1.53945137644942e-03  -5.28498678828215e-03   0.00000000000000e+00   3.79498364231189e-01 
 -1.63256975377814e-03  -5.25280739811097e-03   0.00000000000000e+00   3.80588876772083e-01 
 -1.72561457948123e-03  -5.22329196792654e-03   0.00000000000000e+00   3.81679389312977e-01 
 -1.81810343477112e-03  -5.19611264687024e-03   0.00000000000000e+00   3.82769901853871e-01 
 -1.90955390086025e-03  -5.17094158408347e-03   0.00000000000000e+00   3.83860414394766e-01 
 -1.99954637508502e-03  -5.14747163408261e-03   0.00000000000000e+00   3.84950926935660e-01 
 -2.08804428332697e-03  -5.12552190479097e-03   0.00000000000000e+00   3.86041439476554e-01 
 -2.17515540564147e-03  -5.10495908598048e-03   0.00000000000000e+00   3.87131952017448e-01 
 -2.26098778630089e-03  -5.08564995451395e-03   0.00000000000000e+00   3.88222464558342e-01 
 -2.34564946957760e-03  -5.06746128725417e-03   0.00000000000000e+00   3.89312977099237e-01 
 -2.42924372427398e-03  -5.05026589811952e-03   0.00000000000000e+00   3.90403489640131e-01 
 -2.51183454164911e-03  -5.03398625492883e-03   0.00000000000000e+00   3.91494002181025e-01 
 -2.59346661919313e-03  -5.01856921630545e-03   0.00000000000000e+00   3.92584514721919e-01 
 -2.67418452070835e-03  -5.00396180987830e-03   0.00000000000000e+00   3.93675027262814e-01 
 -2.75403280999707e-03  -4.99011106327627e-03   0.00000000000000e+00   3.94765539803708e-01 
 -2.83305605086160e-03  -4.97696400412829e-03   0.00000000000000e+00   3.95856052344602e-01 
 -2.91129880710423e-03  -4.96446766006326e-03   0.00000000000000e+00   3.96946564885496e-01 
 -2.98880564252729e-03  -4.95256905871008e-03   0.00000000000000e+00   3.98037077426390e-01 
 -3.06562112093307e-03  -4.94121522769767e-03   0.00000000000000e+00   3.99127589967285e-01 
 -3.14178980612387e-03  -4.93035319465493e-03   0.00000000000000e+00   4.00218102508179e-01 
 -3.21735626190201e-03  -4.91992998721078e-03   0.00000000000000e+00   4.01308615049073e-01 
 -3.29236505206978e-03  -4.90989263299412e-03   0.00000000000000e+00   4.02399127589967e-01 
 -3.36686074042949e-03  -4.90018815963385e-03   0.00000000000000e+00   4.03489640130862e-01 
 -3.44088789078345e-03  -4.89076359475890e-03   0.00000000000000e+00   4.04580152671756e-01 
 -3.51449106693396e-03  -4.88156596599817e-03   0.00000000000000e+00   4.05670665212650e-01 
 -3.58771483268332e-03  -4.87254230098056e-03   0.00000000000000e+00   4.06761177753544e-01 
 -3.66060375183384e-03  -4.86363962733498e-03   0.00000000000000e+00   4.07851690294438e-01 
 -3.73320238818783e-03  -4.85480497269035e-03   0.00000000000000e+00   4.08942202835333e-01 
 -3.80555530174235e-03  -4.84598536395799e-03   0.00000000000000e+00   4.10032715376227e-01 
 -3.87770289506826e-03  -4.83712704405615e-03   0.00000000000000e+00   4.11123227917121e-01 
 -3.94967348136180e-03  -4.82817397613048e-03   0.00000000000000e+00   4.12213740458015e-01 
 -4.02149318857682e-03  -4.81906971124120e-03   0.00000000000000e+00   4.13304252998909e-01 
 -4.09318814466720e-03  -4.80975780044850e-03   0.00000000000000e+00   4.14394765539804e-01 
 -4.16478447758678e-03  -4.80018179481260e-03   0.00000000000000e+00   4.15485278080698e-01 
 -4.23630831528942e-03  -4.79028524539368e-03   0.00000000000000e+00   4.16575790621592e-01 
 -4.30778578572897e-03  -4.78001170325196e-03   0.00000000000000e+00   4.17666303162486e-01 
 -4.37924301685931e-03  -4.76930471944764e-03   0.00000000000000e+00   4.18756815703381e-01 
 -4.45070613663428e-03  -4.75810784504091e-03   0.00000000000000e+00   4.19847328244275e-01 
 -4.52220127300774e-03  -4.74636463109198e-03   0.00000000000000e+00   4.20937840785169e-01 
 -4.59375455393355e-03  -4.73401862866106e-03   0.00000000000000e+00   4.22028353326063e-01 
 -4.66539210736557e-03  -4.72101338880834e-03   0.00000000000000e+00   4.23118865866958e-01 
 -4.73714006125765e-03  -4.70729246259402e-03   0.00000000000000e+00   4.24209378407852e-01 
 -4.80902454356366e-03  -4.69279940107832e-03   0.00000000000000e+00   4.25299890948746e-01 
 -4.88107168223744e-03  -4.67747775532142e-03   0.00000000000000e+00   4.26390403489640e-01 
 -4.95330760523287e-03  -4.66127107638354e-03   0.00000000000000e+00   4.27480916030534e-01 
 -5.02575844050379e-03  -4.64412291532488e-03   0.00000000000000e+00   4.28571428571429e-01 
 -5.09845031600406e-03  -4.62597682320563e-03   0.00000000000000e+00   4.29661941112323e-01 
 -5.17140935968754e-03  -4.60677635108600e-03   0.00000000000000e+00   4.30752453653217e-01 
 -5.24466169950810e-03  -4.58646505002620e-03   0.00000000000000e+00   4.31842966194111e-01 
 -5.31823346341957e-03  -4.56498647108642e-03   0.00000000000000e+00   4.32933478735005e-01 
 -5.39215077937583e-03  -4.54228416532686e-03   0.00000000000000e+00   4.34023991275900e-01 
 -5.46643977533073e-03  -4.51830168380774e-03   0.00000000000000e+00   4.35114503816794e-01 
 -5.54112657923814e-03  -4.49298257758924e-03   0.00000000000000e+00   4.36205016357688e-01 
 -5.61623731905189e-03  -4.46627039773158e-03   0.00000000000000e+00   4.37295528898582e-01 
 -5.69179365152949e-03  -4.43811161462262e-03   0.00000000000000e+00   4.38386041439477e-01 
 -5.76775523850979e-03  -4.40849317629117e-03   0.00000000000000e+00   4.39476553980371e-01 
 -5.84403640963274e-03  -4.37743162900587e-03   0.00000000000000e+00   4.40567066521265e-01 
 -5.92055045859178e-03  -4.34494419542418e-03   0.00000000000000e+00   4.41657579062159e-01 
 -5.99721067908040e-03  -4.31104809820356e-03   0.00000000000000e+00   4.42748091603053e-01 
 -6.07393036479207e-03  -4.27576056000146e-03   0.00000000000000e+00   4.43838604143948e-01 
 -6.15062280942025e-03  -4.23909880347534e-03   0.00000000000000e+00   4.44929116684842e-01 
 -6.22720130665841e-03  -4.20108005128264e-03   0.00000000000000e+00   4.46019629225736e-01 
 -6.30357915020003e-03  -4.16172152608084e-03   0.00000000000000e+00   4.47110141766630e-01 
 -6.37966963373856e-03  -4.12104045052737e-03   0.00000000000000e+00   4.48200654307525e-01 
 -6.45538605096748e-03  -4.07905404727971e-03   0.00000000000000e+00   4.49291166848419e-01 
 -6.53064169558026e-03  -4.03577953899530e-03   0.00000000000000e+00   4.50381679389313e-01 
 -6.60535034569129e-03  -3.99123380658073e-03   0.00000000000000e+00   4.51472191930207e-01 
 -6.67946862201538e-03  -3.94540350620391e-03   0.00000000000000e+00   4.52562704471101e-01 
 -6.75302898574955e-03  -3.89822178983985e-03   0.00000000000000e+00   4.53653217011996e-01 
 -6.82607166465828e-03  -3.84961633028001e-03   0.00000000000000e+00   4.54743729552890e-01 
 -6.89863688650610e-03  -3.79951480031581e-03   0.00000000000000e+00   4.55834242093784e-01 
 -6.97076487905748e-03  -3.74784487273871e-03   0.00000000000000e+00   4.56924754634678e-01 
 -7.04249587007695e-03  -3.69453422034013e-03   0.00000000000000e+00   4.58015267175573e-01 
 -7.11387008732898e-03  -3.63951051591153e-03   0.00000000000000e+00   4.59105779716467e-01 
 -7.18492775857808e-03  -3.58270143224434e-03   0.00000000000000e+00   4.60196292257361e-01 
 -7.25570911158876e-03  -3.52403464213000e-03   0.00000000000000e+00   4.61286804798255e-01 
 -7.32625437412552e-03  -3.46343781835996e-03   0.00000000000000e+00   4.62377317339149e-01 
 -7.39660377395284e-03  -3.40083863372566e-03   0.00000000000000e+00   4.63467829880044e-01 
 -7.46679753883524e-03  -3.33616476101853e-03   0.00000000000000e+00   4.64558342420938e-01 
 -7.53687589653721e-03  -3.26934387303002e-03   0.00000000000000e+00   4.65648854961832e-01 
 -7.60687907482326e-03  -3.20030364255156e-03   0.00000000000000e+00   4.66739367502726e-01 
 -7.67684718462159e-03  -3.12897204876133e-03   0.00000000000000e+00   4.67829880043621e-01 
 -7.74678974514414e-03  -3.05535729331436e-03   0.00000000000000e+00   4.68920392584515e-01 
 -7.81664491273580e-03  -2.97965471695558e-03   0.00000000000000e+00   4.70010905125409e-01 
 -7.88634068695058e-03  -2.90208629518676e-03   0.00000000000000e+00   4.71101417666303e-01 
 -7.95580506734245e-03  -2.82287400350969e-03   0.00000000000000e+00   4.72191930207197e-01 
 -8.02496605346541e-03  -2.74223981742612e-03   0.00000000000000e+00   4.73282442748092e-01 
 -8.09375164487345e-03  -2.66040571243781e-03   0.00000000000000e+00   4.74372955288986e-01 
 -8.16208984112055e-03  -2.57759366404654e-03   0.00000000000000e+00   4.75463467829880e-01 
 -8.22990864176072e-03  -2.49402564775407e-03   0.00000000000000e+00   4.76553980370774e-01 
 -8.29713584384624e-03  -2.40992286232207e-03   0.00000000000000e+00   4.77644492911668e-01 
 -8.36364065270327e-03  -2.32528176496585e-03   0.00000000000000e+00   4.78735005452563e-01 
 -8.42915286236504e-03  -2.23956407000075e-03   0.00000000000000e+00   4.79825517993457e-01 
 -8.49338197966947e-03  -2.15215367571004e-03   0.00000000000000e+00   4.80916030534351e-01 
 -8.55603751145449e-03  -2.06243448037696e-03   0.00000000000000e+00   4.82006543075245e-01 
 -8.61682896455804e-03  -1.96979038228479e-03   0.00000000000000e+00   4.83097055616140e-01 
 -8.67546584581804e-03  -1.87360527971676e-03   0.00000000000000e+00   4.84187568157034e-01 
 -8.73165766207240e-03  -1.77326307095615e-03   0.00000000000000e+00   4.85278080697928e-01 
 -8.78511392015909e-03  -1.66814765428620e-03   0.00000000000000e+00   4.86368593238822e-01 
 -8.83554412691600e-03  -1.55764292799018e-03   0.00000000000000e+00   4.87459105779716e-01 
 -8.88265778918109e-03  -1.44113279035133e-03   0.00000000000000e+00   4.88549618320611e-01 
 -8.92618595204769e-03  -1.31818035225343e-03   0.00000000000000e+00   4.89640130861505e-01 
 -8.96597012414308e-03  -1.18926785460166e-03   0.00000000000000e+00   4.90730643402399e-01 
 -9.00188713097431e-03  -1.05517139821428e-03   0.00000000000000e+00   4.91821155943293e-01 
 -9.03381381372522e-03  -9.16667214350944e-04   0.00000000000000e+00   4.92911668484188e-01 
 -9.06162701357967e-03  -7.74531534271322e-04   0.00000000000000e+00   4.94002181025082e-01 
 -9.08520357172149e-03  -6.29540589235076e-04   0.00000000000000e+00   4.95092693565976e-01 
 -9.10442032933455e-03  -4.82470610501865e-04   0.00000000000000e+00   4.96183206106870e-01 
 -9.11915412760270e-03  -3.34097829331367e-04   0.00000000000000e+00   4.97273718647764e-01 
 -9.12928180770977e-03  -1.85198476983241e-04   0.00000000000000e+00   4.98364231188659e-01 
 -9.13468021083963e-03  -3.65487847171512e-05   0.00000000000000e+00   4.99454743729553e-01 
 -9.13522617817612e-03   1.11075016207237e-04   0.00000000000000e+00   5.00545256270447e-01 
 -9.13079655090309e-03   2.56896694530258e-04   0.00000000000000e+00   5.01635768811341e-01 
 -9.12126817020439e-03   4.00140018992263e-04   0.00000000000000e+00   5.02726281352236e-01 
 -9.10656098159242e-03   5.40130294883253e-04   0.00000000000000e+00   5.03816793893130e-01 
 -9.08682645788922e-03   6.76738213188203e-04   0.00000000000000e+00   5.04907306434024e-01 
 -9.06229347350924e-03   8.10016792071289e-04   0.00000000000000e+00   5.05997818974918e-01 
 -9.03319095762888e-03   9.40019178693865e-04   0.00000000000000e+00   5.07088331515812e-01 
 -8.99974783942453e-03   1.06679852021729e-03   0.00000000000000e+00   5.08178844056707e-01 
 -8.96219304807257e-03   1.19040796380291e-03   0.00000000000000e+00   5.09269356597601e-01 
 -8.92075551274939e-03   1.31090065661209e-03   0.00000000000000e+00   5.10359869138495e-01 
 -8.87566416263138e-03   1.42832974580620e-03   0.00000000000000e+00   5.11450381679389e-01 
 -8.82714792689493e-03   1.54274837854656e-03   0.00000000000000e+00   5.12540894220284e-01 
 -8.77543573471642e-03   1.65420970199455e-03   0.00000000000000e+00   5.13631406761178e-01 
 -8.72075651527226e-03   1.76276686331151e-03   0.00000000000000e+00   5.14721919302072e-01 
 -8.66333919773882e-03   1.86847300965881e-03   0.00000000000000e+00   5.15812431842966e-01 
 -8.60341271129249e-03   1.97138128819781e-03   0.00000000000000e+00   5.16902944383860e-01 
 -8.54120598510967e-03   2.07154484608985e-03   0.00000000000000e+00   5.17993456924755e-01 
 -8.47694794836674e-03   2.16901683049629e-03   0.00000000000000e+00   5.19083969465649e-01 
 -8.41088688579781e-03   2.26384935513233e-03   0.00000000000000e+00   5.20174482006543e-01 
 -8.34340594178846e-03   2.35608733318743e-03   0.00000000000000e+00   5.21264994547437e-01 
 -8.27494564285975e-03   2.44577261406194e-03   0.00000000000000e+00   5.22355507088332e-01 
 -8.20594672669373e-03   2.53294703588169e-03   0.00000000000000e+00   5.23446019629226e-01 
 -8.13684993097248e-03   2.61765243677254e-03   0.00000000000000e+00   5.24536532170120e-01 
 -8.06807973446049e-03   2.69993214154898e-03   0.00000000000000e+00   5.25627044711014e-01 
 -7.99976612900869e-03   2.77985640242356e-03   0.00000000000000e+00   5.26717557251908e-01 
 -7.93178298633577e-03   2.85751889081170e-03   0.00000000000000e+00   5.27808069792803e-01 
 -7.86399563949892e-03   2.93301405888993e-03   0.00000000000000e+00   5.28898582333697e-01 
 -7.79626942155538e-03   3.00643635883477e-03   0.00000000000000e+00   5.29989094874591e-01 
 -7.72846966556233e-03   3.07788024282276e-03   0.00000000000000e+00   5.31079607415485e-01 
 -7.66046170457698e-03   3.14744016303044e-03   0.00000000000000e+00   5.32170119956380e-01 
 -7.59211087165652e-03   3.21521057163433e-03   0.00000000000000e+00   5.33260632497274e-01 
 -7.52328249985816e-03   3.28128592081097e-03   0.00000000000000e+00   5.34351145038168e-01 
 -7.45384192223910e-03   3.34576066273690e-03   0.00000000000000e+00   5.35441657579062e-01 
 -7.38368339539964e-03   3.40871439533443e-03   0.00000000000000e+00   5.36532170119956e-01 
 -7.31282316858097e-03   3.47016406480664e-03   0.00000000000000e+00   5.37622682660851e-01 
 -7.24130964858815e-03   3.53011010220741e-03   0.00000000000000e+00   5.38713195201745e-01 
 -7.16919124239448e-03   3.58855293850426e-03   0.00000000000000e+00   5.39803707742639e-01 
 -7.09651635697323e-03   3.64549300466469e-03   0.00000000000000e+00   5.40894220283533e-01 
 -7.02333339929771e-03   3.70093073165620e-03   0.00000000000000e+00   5.41984732824427e-01 
 -6.94969077634120e-03   3.75486655044630e-03   0.00000000000000e+00   5.43075245365322e-01 
 -6.87563689507700e-03   3.80730089200248e-03   0.00000000000000e+00   5.44165757906216e-01 
 -6.80122016247840e-03   3.85823418729225e-03   0.00000000000000e+00   5.45256270447110e-01 
 -6.72648898551869e-03   3.90766686728311e-03   0.00000000000000e+00   5.46346782988004e-01 
 -6.65149177117116e-03   3.95559936294256e-03   0.00000000000000e+00   5.47437295528899e-01 
 -6.57627692640912e-03   4.00203210523810e-03   0.00000000000000e+00   5.48527808069793e-01 
 -6.50089285820584e-03   4.04696552513724e-03   0.00000000000000e+00   5.49618320610687e-01 
 -6.42538797353462e-03   4.09040005360748e-03   0.00000000000000e+00   5.50708833151581e-01 
 -6.34981067936876e-03   4.13233612161631e-03   0.00000000000000e+00   5.51799345692475e-01 
 -6.27420938268155e-03   4.17277416013124e-03   0.00000000000000e+00   5.52889858233370e-01 
 -6.19863249044627e-03   4.21171460011978e-03   0.00000000000000e+00   5.53980370774264e-01 
 -6.12312840963622e-03   4.24915787254943e-03   0.00000000000000e+00   5.55070883315158e-01 
 -6.04774554722469e-03   4.28510440838768e-03   0.00000000000000e+00   5.56161395856052e-01 
 -5.97253231018499e-03   4.31955463860203e-03   0.00000000000000e+00   5.57251908396947e-01 
 -5.89753710549039e-03   4.35250899416000e-03   0.00000000000000e+00   5.58342420937841e-01 
 -5.82280834011419e-03   4.38396790602908e-03   0.00000000000000e+00   5.59432933478735e-01 
 -5.74839215520361e-03   4.41393346882058e-03   0.00000000000000e+00   5.60523446019629e-01 
 -5.67429687055996e-03   4.44243554681834e-03   0.00000000000000e+00   5.61613958560523e-01 
 -5.60049954739295e-03   4.46952695538927e-03   0.00000000000000e+00   5.62704471101418e-01 
 -5.52697630859943e-03   4.49526119884036e-03   0.00000000000000e+00   5.63794983642312e-01 
 -5.45370327707623e-03   4.51969178147861e-03   0.00000000000000e+00   5.64885496183206e-01 
 -5.38065657572019e-03   4.54287220761102e-03   0.00000000000000e+00   5.65976008724100e-01 
 -5.30781232742815e-03   4.56485598154457e-03   0.00000000000000e+00   5.67066521264995e-01 
 -5.23514665509695e-03   4.58569660758626e-03   0.00000000000000e+00   5.68157033805889e-01 
 -5.16263568162343e-03   4.60544759004309e-03   0.00000000000000e+00   5.69247546346783e-01 
 -5.09025552990443e-03   4.62416243322205e-03   0.00000000000000e+00   5.70338058887677e-01 
 -5.01798232283679e-03   4.64189464143014e-03   0.00000000000000e+00   5.71428571428572e-01 
 -4.94579218331735e-03   4.65869771897435e-03   0.00000000000000e+00   5.72519083969466e-01 
 -4.87366123424296e-03   4.67462517016167e-03   0.00000000000000e+00   5.73609596510360e-01 
 -4.80156559851044e-03   4.68973049929910e-03   0.00000000000000e+00   5.74700109051254e-01 
 -4.72948139901665e-03   4.70406721069363e-03   0.00000000000000e+00   5.75790621592148e-01 
 -4.65738475865842e-03   4.71768880865226e-03   0.00000000000000e+00   5.76881134133043e-01 
 -4.58525180033258e-03   4.73064879748199e-03   0.00000000000000e+00   5.77971646673937e-01 
 -4.51305864693599e-03   4.74300068148980e-03   0.00000000000000e+00   5.79062159214831e-01 
 -4.44078142136547e-03   4.75479796498270e-03   0.00000000000000e+00   5.80152671755725e-01 
 -4.36839624651787e-03   4.76609415226767e-03   0.00000000000000e+00   5.81243184296619e-01 
 -4.29587924529004e-03   4.77694274765171e-03   0.00000000000000e+00   5.82333696837514e-01 
 -4.22320654057881e-03   4.78739725544181e-03   0.00000000000000e+00   5.83424209378408e-01 
 -4.15035425528101e-03   4.79751117994498e-03   0.00000000000000e+00   5.84514721919302e-01 
 -4.07729851229350e-03   4.80733802546820e-03   0.00000000000000e+00   5.85605234460196e-01 
 -4.00401543451311e-03   4.81693129631847e-03   0.00000000000000e+00   5.86695747001091e-01 
 -3.93048114483667e-03   4.82634449680279e-03   0.00000000000000e+00   5.87786259541985e-01 
 -3.85667176616103e-03   4.83563113122814e-03   0.00000000000000e+00   5.88876772082879e-01 
 -3.78256342138303e-03   4.84484470390152e-03   0.00000000000000e+00   5.89967284623773e-01 
 -3.70813223339951e-03   4.85403871912993e-03   0.00000000000000e+00   5.91057797164667e-01 
 -3.63335432510731e-03   4.86326668122037e-03   0.00000000000000e+00   5.92148309705562e-01 
 -3.55820581940328e-03   4.87258209447981e-03   0.00000000000000e+00   5.93238822246456e-01 
 -3.48266283918424e-03   4.88203846321528e-03   0.00000000000000e+00   5.94329334787350e-01 
 -3.40670150734703e-03   4.89168929173374e-03   0.00000000000000e+00   5.95419847328244e-01 
 -3.33029794678851e-03   4.90158808434220e-03   0.00000000000000e+00   5.96510359869138e-01 
 -3.25342828040550e-03   4.91178834534766e-03   0.00000000000000e+00   5.97600872410033e-01 
 -3.17606863109485e-03   4.92234357905711e-03   0.00000000000000e+00   5.98691384950927e-01 
 -3.09819512175341e-03   4.93330728977754e-03   0.00000000000000e+00   5.99781897491821e-01 
 -3.01978387527800e-03   4.94473298181595e-03   0.00000000000000e+00   6.00872410032715e-01 
 -2.94081101456547e-03   4.95667415947933e-03   0.00000000000000e+00   6.01962922573610e-01 
 -2.86125266251266e-03   4.96918432707468e-03   0.00000000000000e+00   6.03053435114504e-01 
 -2.78108494201640e-03   4.98231698890898e-03   0.00000000000000e+00   6.04143947655398e-01 
 -2.70028397597355e-03   4.99612564928925e-03   0.00000000000000e+00   6.05234460196292e-01 
 -2.61882588728092e-03   5.01066381252246e-03   0.00000000000000e+00   6.06324972737187e-01 
 -2.53668679883538e-03   5.02598498291562e-03   0.00000000000000e+00   6.07415485278081e-01 
 -2.45384283353376e-03   5.04214266477573e-03   0.00000000000000e+00   6.08505997818975e-01 
 -2.37027011427289e-03   5.05919036240976e-03   0.00000000000000e+00   6.09596510359869e-01 
 -2.28594476394963e-03   5.07718158012472e-03   0.00000000000000e+00   6.10687022900763e-01 
 -2.20084290546080e-03   5.09616982222760e-03   0.00000000000000e+00   6.11777535441658e-01 
 -2.11494066170325e-03   5.11620859302541e-03   0.00000000000000e+00   6.12868047982552e-01 
 -2.02821415557381e-03   5.13735139682512e-03   0.00000000000000e+00   6.13958560523446e-01 
 -1.94063950996933e-03   5.15965173793374e-03   0.00000000000000e+00   6.15049073064340e-01 
 -1.85219359820509e-03   5.18322410228177e-03   0.00000000000000e+00   6.16139585605235e-01 
 -1.76285756583712e-03   5.20853015300567e-03   0.00000000000000e+00   6.17230098146129e-01 
 -1.67261406816600e-03   5.23615424035550e-03   0.00000000000000e+00   6.18320610687023e-01 
 -1.58144576222486e-03   5.26668085537557e-03   0.00000000000000e+00   6.19411123227917e-01 
 -1.48933530504682e-03   5.30069448911021e-03   0.00000000000000e+00   6.20501635768811e-01 
 -1.39626535366503e-03   5.33877963260372e-03   0.00000000000000e+00   6.21592148309706e-01 
 -1.30223037662881e-03   5.38151449295240e-03   0.00000000000000e+00   6.22682660850600e-01 
 -1.20796707481598e-03   5.42908239574141e-03   0.00000000000000e+00   6.23773173391494e-01 
 -1.11538232151365e-03   5.48104411290049e-03   0.00000000000000e+00   6.24863685932388e-01 
 -1.02648598969942e-03   5.53690561859340e-03   0.00000000000000e+00   6.25954198473282e-01 
 -9.43287952350893e-04   5.59617288698388e-03   0.00000000000000e+00   6.27044711014177e-01 
 -8.67798082445673e-04   5.65835189223572e-03   0.00000000000000e+00   6.28135223555071e-01 
 -8.02026252961366e-04   5.72294860851267e-03   0.00000000000000e+00   6.29225736095965e-01 
 -7.47982336875576e-04   5.78946900997848e-03   0.00000000000000e+00   6.30316248636859e-01 
 -7.07676207165904e-04   5.85741907079692e-03   0.00000000000000e+00   6.31406761177754e-01 
 -6.82962433646260e-04   5.92628163016652e-03   0.00000000000000e+00   6.32497273718648e-01 
 -6.73536618729434e-04   5.99521791351729e-03   0.00000000000000e+00   6.33587786259542e-01 
 -6.77512850015199e-04   6.06315355358862e-03   0.00000000000000e+00   6.34678298800436e-01 
 -6.92968921092780e-04   6.12900877652897e-03   0.00000000000000e+00   6.35768811341330e-01 
 -7.17982625551399e-04   6.19170380848684e-03   0.00000000000000e+00   6.36859323882225e-01 
 -7.50631756980280e-04   6.25015887561069e-03   0.00000000000000e+00   6.37949836423119e-01 
 -7.89049221970713e-04   6.30339302861935e-03   0.00000000000000e+00   6.39040348964013e-01 
 -8.32022111963508e-04   6.35159835425311e-03   0.00000000000000e+00   6.40130861504907e-01 
 -8.78766071323258e-04   6.39573538874643e-03   0.00000000000000e+00   6.41221374045802e-01 
 -9.28504184668349e-04   6.43677800964811e-03   0.00000000000000e+00   6.42311886586696e-01 
 -9.80459536617161e-04   6.47570009450693e-03   0.00000000000000e+00   6.43402399127590e-01 
 -1.03385521178807e-03   6.51347552087167e-03   0.00000000000000e+00   6.44492911668484e-01 
 -1.08791429479947e-03   6.55107816629112e-03   0.00000000000000e+00   6.45583424209378e-01 
 -1.14198963427883e-03   6.58932247431320e-03   0.00000000000000e+00   6.46673936750273e-01 
 -1.19597254501565e-03   6.62836130431381e-03   0.00000000000000e+00   6.47764449291167e-01 
 -1.24989399096357e-03   6.66817593631405e-03   0.00000000000000e+00   6.48854961832061e-01 
 -1.30378493632293e-03   6.70874765003187e-03   0.00000000000000e+00   6.49945474372955e-01 
 -1.35767634529409e-03   6.75005772518528e-03   0.00000000000000e+00   6.51035986913850e-01 
 -1.41159918207740e-03   6.79208744149225e-03   0.00000000000000e+00   6.52126499454744e-01 
 -1.46558441087321e-03   6.83481807867077e-03   0.00000000000000e+00   6.53217011995638e-01 
 -1.51966299588188e-03   6.87823091643881e-03   0.00000000000000e+00   6.54307524536532e-01 
 -1.57386590130374e-03   6.92230723451435e-03   0.00000000000000e+00   6.55398037077426e-01 
 -1.62822409133916e-03   6.96702831261538e-03   0.00000000000000e+00   6.56488549618321e-01 
 -1.68276853018848e-03   7.01237543045989e-03   0.00000000000000e+00   6.57579062159215e-01 
 -1.73753018205206e-03   7.05832986776584e-03   0.00000000000000e+00   6.58669574700109e-01 
 -1.79254001113024e-03   7.10487290425122e-03   0.00000000000000e+00   6.59760087241003e-01 
 -1.84782898162337e-03   7.15198581963401e-03   0.00000000000000e+00   6.60850599781898e-01 
 -1.90342805773181e-03   7.19964989363219e-03   0.00000000000000e+00   6.61941112322792e-01 
 -1.95936820365591e-03   7.24784640596375e-03   0.00000000000000e+00   6.63031624863686e-01 
 -2.01568038359601e-03   7.29655663634667e-03   0.00000000000000e+00   6.64122137404580e-01 
 -2.07239556175247e-03   7.34576186449892e-03   0.00000000000000e+00   6.65212649945474e-01 
 -2.12954470232564e-03   7.39544337013849e-03   0.00000000000000e+00   6.66303162486369e-01 
 -2.18715875565052e-03   7.44558239556490e-03   0.00000000000000e+00   6.67393675027263e-01 
 -2.24526108922379e-03   7.49613971925145e-03   0.00000000000000e+00   6.68484187568157e-01 
 -2.30385494726199e-03   7.54702181292101e-03   0.00000000000000e+00   6.69574700109051e-01 
 -2.36294027325954e-03   7.59812624062879e-03   0.00000000000000e+00   6.70665212649945e-01 
 -2.42251701071086e-03   7.64935056642999e-03   0.00000000000000e+00   6.71755725190840e-01 
 -2.48258510311039e-03   7.70059235437983e-03   0.00000000000000e+00   6.72846237731734e-01 
 -2.54314449395254e-03   7.75174916853351e-03   0.00000000000000e+00   6.73936750272628e-01 
 -2.60419512673175e-03   7.80271857294625e-03   0.00000000000000e+00   6.75027262813522e-01 
 -2.66573694494243e-03   7.85339813167325e-03   0.00000000000000e+00   6.76117775354417e-01 
 -2.72776989207901e-03   7.90368540876972e-03   0.00000000000000e+00   6.77208287895311e-01 
 -2.79029391163591e-03   7.95347796829087e-03   0.00000000000000e+00   6.78298800436205e-01 
 -2.85330894710757e-03   8.00267337429192e-03   0.00000000000000e+00   6.79389312977099e-01 
 -2.91681494123405e-03   8.05116939991924e-03   0.00000000000000e+00   6.80479825517993e-01 
 -2.98081171443613e-03   8.09889772244569e-03   0.00000000000000e+00   6.81570338058888e-01 
 -3.04529883071867e-03   8.14586109182062e-03   0.00000000000000e+00   6.82660850599782e-01 
 -3.11027582181210e-03   8.19207120372786e-03   0.00000000000000e+00   6.83751363140676e-01 
 -3.17574221944684e-03   8.23753975385122e-03   0.00000000000000e+00   6.84841875681570e-01 
 -3.24169755535334e-03   8.28227843787450e-03   0.00000000000000e+00   6.85932388222465e-01 
 -3.30814136126203e-03   8.32629895148152e-03   0.00000000000000e+00   6.87022900763359e-01 
 -3.37507316890335e-03   8.36961299035609e-03   0.00000000000000e+00   6.88113413304253e-01 
 -3.44249251000772e-03   8.41223225018202e-03   0.00000000000000e+00   6.89203925845147e-01 
 -3.51039891630558e-03   8.45416842664313e-03   0.00000000000000e+00   6.90294438386041e-01 
 -3.57879191952737e-03   8.49543321542322e-03   0.00000000000000e+00   6.91384950926936e-01 
 -3.64767105140352e-03   8.53603831220612e-03   0.00000000000000e+00   6.92475463467830e-01 
 -3.71703584366446e-03   8.57599541267563e-03   0.00000000000000e+00   6.93565976008724e-01 
 -3.78688582804064e-03   8.61531621251556e-03   0.00000000000000e+00   6.94656488549618e-01 
 -3.85722053626247e-03   8.65401240740971e-03   0.00000000000000e+00   6.95747001090513e-01 
 -3.92803950006040e-03   8.69209569304192e-03   0.00000000000000e+00   6.96837513631407e-01 
 -3.99934225116486e-03   8.72957776509599e-03   0.00000000000000e+00   6.97928026172301e-01 
 -4.07112832130628e-03   8.76647031925573e-03   0.00000000000000e+00   6.99018538713195e-01 
 -4.14339723763978e-03   8.80278502929560e-03   0.00000000000000e+00   7.00109051254090e-01 
 -4.21614301444725e-03   8.83850717016384e-03   0.00000000000000e+00   7.01199563794984e-01 
 -4.28934345665076e-03   8.87354439701576e-03   0.00000000000000e+00   7.02290076335878e-01 
 -4.36297340504572e-03   8.90779017105343e-03   0.00000000000000e+00   7.03380588876772e-01 
 -4.43700770042752e-03   8.94113795347889e-03   0.00000000000000e+00   7.04471101417666e-01 
 -4.51142118359158e-03   8.97348120549420e-03   0.00000000000000e+00   7.05561613958561e-01 
 -4.58618869533331e-03   9.00471338830142e-03   0.00000000000000e+00   7.06652126499455e-01 
 -4.66128507644810e-03   9.03472796310261e-03   0.00000000000000e+00   7.07742639040349e-01 
 -4.73668516773138e-03   9.06341839109982e-03   0.00000000000000e+00   7.08833151581243e-01 
 -4.81236619823181e-03   9.09068780403338e-03   0.00000000000000e+00   7.09923664122137e-01 
 -4.88833529886157e-03   9.11656041255881e-03   0.00000000000000e+00   7.11014176663032e-01 
 -4.96461995853648e-03   9.14114286115695e-03   0.00000000000000e+00   7.12104689203926e-01 
 -5.04124805677261e-03   9.16454337593113e-03   0.00000000000000e+00   7.13195201744820e-01 
 -5.11824747308606e-03   9.18687018298469e-03   0.00000000000000e+00   7.14285714285714e-01 
 -5.19564608699292e-03   9.20823150842094e-03   0.00000000000000e+00   7.15376226826609e-01 
 -5.27347177800928e-03   9.22873557834323e-03   0.00000000000000e+00   7.16466739367503e-01 
 -5.35175242565124e-03   9.24849061885488e-03   0.00000000000000e+00   7.17557251908397e-01 
 -5.43051590943487e-03   9.26760485605921e-03   0.00000000000000e+00   7.18647764449291e-01 
 -5.50979010887627e-03   9.28618651605956e-03   0.00000000000000e+00   7.19738276990185e-01 
 -5.58960290349152e-03   9.30434382495925e-03   0.00000000000000e+00   7.20828789531080e-01 
 -5.66998217279674e-03   9.32218500886162e-03   0.00000000000000e+00   7.21919302071974e-01 
 -5.75095579630799e-03   9.33981829386999e-03   0.00000000000000e+00   7.23009814612868e-01 
 -5.83255165354137e-03   9.35735190608768e-03   0.00000000000000e+00   7.24100327153762e-01 
 -5.91479762401297e-03   9.37489407161803e-03   0.00000000000000e+00   7.25190839694656e-01 
 -5.99772158723890e-03   9.39255301656438e-03   0.00000000000000e+00   7.26281352235551e-01 
 -6.08135142273522e-03   9.41043696703003e-03   0.00000000000000e+00   7.27371864776445e-01 
 -6.16571501001803e-03   9.42865414911833e-03   0.00000000000000e+00   7.28462377317339e-01 
 -6.25083779208815e-03   9.44731106037558e-03   0.00000000000000e+00   7.29552889858233e-01 
 -6.33668500254692e-03   9.46647148349978e-03   0.00000000000000e+00   7.30643402399128e-01 
 -6.42315925383313e-03   9.48615477534376e-03   0.00000000000000e+00   7.31733914940022e-01 
 -6.51016023928438e-03   9.50637822183844e-03   0.00000000000000e+00   7.32824427480916e-01 
 -6.59758765223831e-03   9.52715910891476e-03   0.00000000000000e+00   7.33914940021810e-01 
 -6.68534118603255e-03   9.54851472250367e-03   0.00000000000000e+00   7.35005452562705e-01 
 -6.77332053400471e-03   9.57046234853610e-03   0.00000000000000e+00   7.36095965103599e-01 
 -6.86142538949241e-03   9.59301927294298e-03   0.00000000000000e+00   7.37186477644493e-01 
 -6.94955544583328e-03   9.61620278165525e-03   0.00000000000000e+00   7.38276990185387e-01 
 -7.03761039636495e-03   9.64003016060385e-03   0.00000000000000e+00   7.39367502726281e-01 
 -7.12548993442504e-03   9.66451869571972e-03   0.00000000000000e+00   7.40458015267176e-01 
 -7.21309375335117e-03   9.68968567293380e-03   0.00000000000000e+00   7.41548527808070e-01 
 -7.30032533133940e-03   9.71554815707511e-03   0.00000000000000e+00   7.42639040348964e-01 
 -7.38715210890851e-03   9.74211947645509e-03   0.00000000000000e+00   7.43729552889858e-01 
 -7.47359480540158e-03   9.76940984697049e-03   0.00000000000000e+00   7.44820065430753e-01 
 -7.55967576592442e-03   9.79742938954516e-03   0.00000000000000e+00   7.45910577971647e-01 
 -7.64541733558281e-03   9.82618822510292e-03   0.00000000000000e+00   7.47001090512541e-01 
 -7.73084185948255e-03   9.85569647456760e-03   0.00000000000000e+00   7.48091603053435e-01 
 -7.81597168272942e-03   9.88596425886303e-03   0.00000000000000e+00   7.49182115594329e-01 
 -7.90082915042922e-03   9.91700169891305e-03   0.00000000000000e+00   7.50272628135224e-01 
 -7.98543660768774e-03   9.94881891564147e-03   0.00000000000000e+00   7.51363140676118e-01 
 -8.06981639961078e-03   9.98142602997213e-03   0.00000000000000e+00   7.52453653217012e-01 
 -8.15399087130411e-03   1.00148331628289e-02   0.00000000000000e+00   7.53544165757906e-01 
 -8.23798236787353e-03   1.00490504351355e-02   0.00000000000000e+00   7.54634678298800e-01 
 -8.32181323442483e-03   1.00840879678158e-02   0.00000000000000e+00   7.55725190839695e-01 
 -8.40550581606380e-03   1.01199558817938e-02   0.00000000000000e+00   7.56815703380589e-01 
 -8.48908245789624e-03   1.01566642979931e-02   0.00000000000000e+00   7.57906215921483e-01 
 -8.57256550502793e-03   1.01942233373376e-02   0.00000000000000e+00   7.58996728462377e-01 
 -8.65597730256467e-03   1.02326431207511e-02   0.00000000000000e+00   7.60087241003272e-01 
 -8.73933645997291e-03   1.02719384992367e-02   0.00000000000000e+00   7.61177753544166e-01 
 -8.82262241504184e-03   1.03121739231078e-02   0.00000000000000e+00   7.62268266085060e-01 
 -8.90579121746861e-03   1.03534434567591e-02   0.00000000000000e+00   7.63358778625954e-01 
 -8.98879860367451e-03   1.03958415612563e-02   0.00000000000000e+00   7.64449291166848e-01 
 -9.07160031008083e-03   1.04394626976652e-02   0.00000000000000e+00   7.65539803707743e-01 
 -9.15415207310885e-03   1.04844013270514e-02   0.00000000000000e+00   7.66630316248637e-01 
 -9.23640962917987e-03   1.05307519104807e-02   0.00000000000000e+00   7.67720828789531e-01 
 -9.31832871471517e-03   1.05786089090188e-02   0.00000000000000e+00   7.68811341330425e-01 
 -9.39986506613604e-03   1.06280667837314e-02   0.00000000000000e+00   7.69901853871320e-01 
 -9.48097441986375e-03   1.06792199956843e-02   0.00000000000000e+00   7.70992366412214e-01 
 -9.56161251231961e-03   1.07321630059431e-02   0.00000000000000e+00   7.72082878953108e-01 
 -9.64173507992491e-03   1.07869902755735e-02   0.00000000000000e+00   7.73173391494002e-01 
 -9.72129442158758e-03   1.08437598172018e-02   0.00000000000000e+00   7.74263904034896e-01 
 -9.80022146148802e-03   1.09023030041972e-02   0.00000000000000e+00   7.75354416575791e-01 
 -9.87843892094107e-03   1.09623642337872e-02   0.00000000000000e+00   7.76444929116685e-01 
 -9.95586950437808e-03   1.10236877241807e-02   0.00000000000000e+00   7.77535441657579e-01 
 -1.00324359162303e-02   1.10860176935865e-02   0.00000000000000e+00   7.78625954198473e-01 
 -1.01080608609292e-02   1.11490983602133e-02   0.00000000000000e+00   7.79716466739368e-01 
 -1.01826670429059e-02   1.12126739422699e-02   0.00000000000000e+00   7.80806979280262e-01 
 -1.02561771665919e-02   1.12764886579652e-02   0.00000000000000e+00   7.81897491821156e-01 
 -1.03285139364184e-02   1.13402867255079e-02   0.00000000000000e+00   7.82988004362050e-01 
 -1.03996246546818e-02   1.14039186254383e-02   0.00000000000000e+00   7.84078516902944e-01 
 -1.04696123131605e-02   1.14679074140417e-02   0.00000000000000e+00   7.85169029443839e-01 
 -1.05386406358963e-02   1.15330385098817e-02   0.00000000000000e+00   7.86259541984733e-01 
 -1.06068734852708e-02   1.16000979291460e-02   0.00000000000000e+00   7.87350054525627e-01 
 -1.06744747236651e-02   1.16698716880223e-02   0.00000000000000e+00   7.88440567066521e-01 
 -1.07416082134607e-02   1.17431458026984e-02   0.00000000000000e+00   7.89531079607416e-01 
 -1.08084378170388e-02   1.18207062893621e-02   0.00000000000000e+00   7.90621592148310e-01 
 -1.08751273967809e-02   1.19033391642011e-02   0.00000000000000e+00   7.91712104689204e-01 
 -1.09418408150683e-02   1.19918304434032e-02   0.00000000000000e+00   7.92802617230098e-01 
 -1.10087419342824e-02   1.20869661431560e-02   0.00000000000000e+00   7.93893129770992e-01 
 -1.10759165597128e-02   1.21892556698188e-02   0.00000000000000e+00   7.94983642311887e-01 
 -1.11429961734704e-02   1.22975984510277e-02   0.00000000000000e+00   7.96074154852781e-01 
 -1.12094483221714e-02   1.24103129784895e-02   0.00000000000000e+00   7.97164667393675e-01 
 -1.12747403314792e-02   1.25257169609235e-02   0.00000000000000e+00   7.98255179934569e-01 
 -1.13383395270573e-02   1.26421281070491e-02   0.00000000000000e+00   7.99345692475463e-01 
 -1.13997140660605e-02   1.27578681715694e-02   0.00000000000000e+00   8.00436205016358e-01 
 -1.14584751207996e-02   1.28719548115638e-02   0.00000000000000e+00   8.01526717557252e-01 
 -1.15145379830173e-02   1.29848855093413e-02   0.00000000000000e+00   8.02617230098146e-01 
 -1.15678568699547e-02   1.30973471561350e-02   0.00000000000000e+00   8.03707742639040e-01 
 -1.16183859988527e-02   1.32100266431782e-02   0.00000000000000e+00   8.04798255179935e-01 
 -1.16660795869525e-02   1.33236108617040e-02   0.00000000000000e+00   8.05888767720829e-01 
 -1.17108918514951e-02   1.34387867029457e-02   0.00000000000000e+00   8.06979280261723e-01 
 -1.17527770097215e-02   1.35562410581366e-02   0.00000000000000e+00   8.08069792802617e-01 
 -1.17916892788728e-02   1.36766608185096e-02   0.00000000000000e+00   8.09160305343511e-01 
 -1.18275828761900e-02   1.38007328752982e-02   0.00000000000000e+00   8.10250817884406e-01 
 -1.18604120074983e-02   1.39291439780495e-02   0.00000000000000e+00   8.11341330425300e-01 
 -1.18901116440287e-02   1.40623421508920e-02   0.00000000000000e+00   8.12431842966194e-01 
 -1.19165581911461e-02   1.42000485421605e-02   0.00000000000000e+00   8.13522355507088e-01 
 -1.19396169478603e-02   1.43418464564004e-02   0.00000000000000e+00   8.14612868047983e-01 
 -1.19591532131809e-02   1.44873191981568e-02   0.00000000000000e+00   8.15703380588877e-01 
 -1.19750322861176e-02   1.46360500719750e-02   0.00000000000000e+00   8.16793893129771e-01 
 -1.19871194656799e-02   1.47876223824001e-02   0.00000000000000e+00   8.17884405670665e-01 
 -1.19952800508777e-02   1.49416194339774e-02   0.00000000000000e+00   8.18974918211559e-01 
 -1.19993793407204e-02   1.50976245312521e-02   0.00000000000000e+00   8.20065430752454e-01 
 -1.19992826342178e-02   1.52552209787693e-02   0.00000000000000e+00   8.21155943293348e-01 
 -1.19948552303794e-02   1.54139920810744e-02   0.00000000000000e+00   8.22246455834242e-01 
 -1.19859624282150e-02   1.55735211427124e-02   0.00000000000000e+00   8.23336968375136e-01 
 -1.19724695267342e-02   1.57333914682286e-02   0.00000000000000e+00   8.24427480916031e-01 
 -1.19542418249466e-02   1.58931863621683e-02   0.00000000000000e+00   8.25517993456925e-01 
 -1.19311446233976e-02   1.60524891295576e-02   0.00000000000000e+00   8.26608505997819e-01 
 -1.19031176860916e-02   1.62109064049568e-02   0.00000000000000e+00   8.27699018538713e-01 
 -1.18703744932919e-02   1.63681305787145e-02   0.00000000000000e+00   8.28789531079607e-01 
 -1.18331914016752e-02   1.65238737404715e-02   0.00000000000000e+00   8.29880043620502e-01 
 -1.17918447679187e-02   1.66778479798684e-02   0.00000000000000e+00   8.30970556161396e-01 
 -1.17466109486991e-02   1.68297653865459e-02   0.00000000000000e+00   8.32061068702290e-01 
 -1.16977663006934e-02   1.69793380501446e-02   0.00000000000000e+00   8.33151581243184e-01 
 -1.16455871805784e-02   1.71262780603051e-02   0.00000000000000e+00   8.34242093784079e-01 
 -1.15903499450312e-02   1.72702975066682e-02   0.00000000000000e+00   8.35332606324973e-01 
 -1.15323309507286e-02   1.74111084788744e-02   0.00000000000000e+00   8.36423118865867e-01 
 -1.14718065543474e-02   1.75484230665645e-02   0.00000000000000e+00   8.37513631406761e-01 
 -1.14090531125647e-02   1.76819533593790e-02   0.00000000000000e+00   8.38604143947655e-01 
 -1.13443469820574e-02   1.78114114469587e-02   0.00000000000000e+00   8.39694656488550e-01 
 -1.12779645195022e-02   1.79365094189441e-02   0.00000000000000e+00   8.40785169029444e-01 
 -1.12101757636264e-02   1.80569720696924e-02   0.00000000000000e+00   8.41875681570338e-01 
 -1.11410857112304e-02   1.81728560750915e-02   0.00000000000000e+00   8.42966194111232e-01 
 -1.10706225502602e-02   1.82845736545852e-02   0.00000000000000e+00   8.44056706652127e-01 
 -1.09987057938260e-02   1.83925544717767e-02   0.00000000000000e+00   8.45147219193021e-01 
 -1.09252549550383e-02   1.84972281902692e-02   0.00000000000000e+00   8.46237731733915e-01 
 -1.08501895470076e-02   1.85990244736657e-02   0.00000000000000e+00   8.47328244274809e-01 
 -1.07734290828442e-02   1.86983729855694e-02   0.00000000000000e+00   8.48418756815703e-01 
 -1.06948930756585e-02   1.87957033895833e-02   0.00000000000000e+00   8.49509269356598e-01 
 -1.06145010385610e-02   1.88914453493107e-02   0.00000000000000e+00   8.50599781897492e-01 
 -1.05321724846620e-02   1.89860285283546e-02   0.00000000000000e+00   8.51690294438386e-01 
 -1.04478269270720e-02   1.90798825903181e-02   0.00000000000000e+00   8.52780806979280e-01 
 -1.03613838789014e-02   1.91734371988045e-02   0.00000000000000e+00   8.53871319520174e-01 
 -1.02727628532606e-02   1.92671220174167e-02   0.00000000000000e+00   8.54961832061069e-01 
 -1.01818899842820e-02   1.93613004565492e-02   0.00000000000000e+00   8.56052344601963e-01 
 -1.00887332524772e-02   1.94559171911042e-02   0.00000000000000e+00   8.57142857142857e-01 
 -9.99327694033691e-03   1.95507537703459e-02   0.00000000000000e+00   8.58233369683751e-01 
 -9.89550536718585e-03   1.96455913749609e-02   0.00000000000000e+00   8.59323882224646e-01 
 -9.79540285234865e-03   1.97402111856361e-02   0.00000000000000e+00   8.60414394765540e-01 
 -9.69295371514996e-03   1.98343943830579e-02   0.00000000000000e+00   8.61504907306434e-01 
 -9.58814227491443e-03   1.99279221479130e-02   0.00000000000000e+00   8.62595419847328e-01 
 -9.48095285096671e-03   2.00205756608881e-02   0.00000000000000e+00   8.63685932388223e-01 
 -9.37136976263145e-03   2.01121361026698e-02   0.00000000000000e+00   8.64776444929117e-01 
 -9.25937732923331e-03   2.02023846539447e-02   0.00000000000000e+00   8.65866957470011e-01 
 -9.14495987009693e-03   2.02911024953996e-02   0.00000000000000e+00   8.66957470010905e-01 
 -9.02810170454696e-03   2.03780708077210e-02   0.00000000000000e+00   8.68047982551799e-01 
 -8.90878715190805e-03   2.04630707715956e-02   0.00000000000000e+00   8.69138495092694e-01 
 -8.78706172726466e-03   2.05458430792324e-02   0.00000000000000e+00   8.70229007633588e-01 
 -8.66325216578618e-03   2.06259423613695e-02   0.00000000000000e+00   8.71319520174482e-01 
 -8.53776593335794e-03   2.07028698355051e-02   0.00000000000000e+00   8.72410032715376e-01 
 -8.41101050281907e-03   2.07761267145369e-02   0.00000000000000e+00   8.73500545256271e-01 
 -8.28339334700864e-03   2.08452142113623e-02   0.00000000000000e+00   8.74591057797165e-01 
 -8.15532193876573e-03   2.09096335388790e-02   0.00000000000000e+00   8.75681570338059e-01 
 -8.02720375092944e-03   2.09688859099845e-02   0.00000000000000e+00   8.76772082878953e-01 
 -7.89944625633884e-03   2.10224725375765e-02   0.00000000000000e+00   8.77862595419847e-01 
 -7.77245692783304e-03   2.10698946345526e-02   0.00000000000000e+00   8.78953107960742e-01 
 -7.64664323825110e-03   2.11106534138102e-02   0.00000000000000e+00   8.80043620501636e-01 
 -7.52241266043212e-03   2.11442500882470e-02   0.00000000000000e+00   8.81134133042530e-01 
 -7.40017242517240e-03   2.11701866755151e-02   0.00000000000000e+00   8.82224645583424e-01 
 -7.28020596068573e-03   2.11883768175295e-02   0.00000000000000e+00   8.83315158124318e-01 
 -7.16247149031356e-03   2.11998154116460e-02   0.00000000000000e+00   8.84405670665213e-01 
 -7.04687448057064e-03   2.12056727634346e-02   0.00000000000000e+00   8.85496183206107e-01 
 -6.93332039797172e-03   2.12071191784651e-02   0.00000000000000e+00   8.86586695747001e-01 
 -6.82171470903153e-03   2.12053249623075e-02   0.00000000000000e+00   8.87677208287895e-01 
 -6.71196288026481e-03   2.12014604205317e-02   0.00000000000000e+00   8.88767720828790e-01 
 -6.60397037818631e-03   2.11966958587078e-02   0.00000000000000e+00   8.89858233369684e-01 
 -6.49764428247262e-03   2.11921942217745e-02   0.00000000000000e+00   8.90948745910578e-01 
 -6.39303605362801e-03   2.11884596652049e-02   0.00000000000000e+00   8.92039258451472e-01 
 -6.29045369745069e-03   2.11848257642796e-02   0.00000000000000e+00   8.93129770992366e-01 
 -6.19023161691299e-03   2.11805056476764e-02   0.00000000000000e+00   8.94220283533261e-01 
 -6.09270421498722e-03   2.11747124440728e-02   0.00000000000000e+00   8.95310796074155e-01 
 -5.99820589464570e-03   2.11666592821468e-02   0.00000000000000e+00   8.96401308615049e-01 
 -5.90707105886073e-03   2.11555592905759e-02   0.00000000000000e+00   8.97491821155943e-01 
 -5.81963411060463e-03   2.11406255980378e-02   0.00000000000000e+00   8.98582333696838e-01 
 -5.73622945284972e-03   2.11210713332103e-02   0.00000000000000e+00   8.99672846237732e-01 
 -5.65708211699905e-03   2.10963221449808e-02   0.00000000000000e+00   9.00763358778626e-01 
 -5.58191993255307e-03   2.10667697966779e-02   0.00000000000000e+00   9.01853871319520e-01 
 -5.51032951651419e-03   2.10330804420400e-02   0.00000000000000e+00   9.02944383860414e-01 
 -5.44189747624593e-03   2.09959202535348e-02   0.00000000000000e+00   9.04034896401309e-01 
 -5.37621041911177e-03   2.09559554036301e-02   0.00000000000000e+00   9.05125408942203e-01 
 -5.31285495247522e-03   2.09138520647934e-02   0.00000000000000e+00   9.06215921483097e-01 
 -5.25141768369977e-03   2.08702764094926e-02   0.00000000000000e+00   9.07306434023991e-01 
 -5.19148522014892e-03   2.08258946101954e-02   0.00000000000000e+00   9.08396946564886e-01 
 -5.13264416918618e-03   2.07813728393694e-02   0.00000000000000e+00   9.09487459105780e-01 
 -5.07450528016825e-03   2.07373442410669e-02   0.00000000000000e+00   9.10577971646674e-01 
 -5.01700032864694e-03   2.06940027666651e-02   0.00000000000000e+00   9.11668484187568e-01 
 -4.96028914193198e-03   2.06512303722489e-02   0.00000000000000e+00   9.12758996728462e-01 
 -4.90453641015555e-03   2.06089023611254e-02   0.00000000000000e+00   9.13849509269357e-01 
 -4.84990682344984e-03   2.05668940366015e-02   0.00000000000000e+00   9.14940021810251e-01 
 -4.79656507194702e-03   2.05250807019841e-02   0.00000000000000e+00   9.16030534351145e-01 
 -4.74467584577930e-03   2.04833376605803e-02   0.00000000000000e+00   9.17121046892039e-01 
 -4.69440383507885e-03   2.04415402156971e-02   0.00000000000000e+00   9.18211559432934e-01 
 -4.64591372997786e-03   2.03995636706413e-02   0.00000000000000e+00   9.19302071973828e-01 
 -4.59935372293761e-03   2.03572943890589e-02   0.00000000000000e+00   9.20392584514722e-01 
 -4.55470644317348e-03   2.03147297312098e-02   0.00000000000000e+00   9.21483097055616e-01 
 -4.51185896694424e-03   2.02719311177953e-02   0.00000000000000e+00   9.22573609596510e-01 
 -4.47069721523304e-03   2.02289607440348e-02   0.00000000000000e+00   9.23664122137405e-01 
 -4.43110710902301e-03   2.01858808051474e-02   0.00000000000000e+00   9.24754634678299e-01 
 -4.39297456929728e-03   2.01427534963524e-02   0.00000000000000e+00   9.25845147219193e-01 
 -4.35618551703899e-03   2.00996410128690e-02   0.00000000000000e+00   9.26935659760087e-01 
 -4.32062587323126e-03   2.00566055499166e-02   0.00000000000000e+00   9.28026172300982e-01 
 -4.28618155885724e-03   2.00137093027143e-02   0.00000000000000e+00   9.29116684841876e-01 
 -4.25273849490005e-03   1.99710144664814e-02   0.00000000000000e+00   9.30207197382770e-01 
 -4.22018260234284e-03   1.99285832364371e-02   0.00000000000000e+00   9.31297709923664e-01 
 -4.18839980216872e-03   1.98864778078007e-02   0.00000000000000e+00   9.32388222464558e-01 
 -4.15727601536085e-03   1.98447603757915e-02   0.00000000000000e+00   9.33478735005453e-01 
 -4.12669716290235e-03   1.98034931356287e-02   0.00000000000000e+00   9.34569247546347e-01 
 -4.09654919386317e-03   1.97627382866014e-02   0.00000000000000e+00   9.35659760087241e-01 
 -4.06686758586222e-03   1.97225796954383e-02   0.00000000000000e+00   9.36750272628135e-01 
 -4.03818665062585e-03   1.96831735124418e-02   0.00000000000000e+00   9.37840785169029e-01 
 -4.01114459609547e-03   1.96446909429985e-02   0.00000000000000e+00   9.38931297709924e-01 
 -3.98637963021248e-03   1.96073031924953e-02   0.00000000000000e+00   9.40021810250818e-01 
 -3.96449247448086e-03   1.95711777338159e-02   0.00000000000000e+00   9.41112322791712e-01 
 -3.94463912642013e-03   1.95363381895023e-02   0.00000000000000e+00   9.42202835332606e-01 
 -3.92410607072279e-03   1.95026220357722e-02   0.00000000000000e+00   9.43293347873501e-01 
 -3.90005557449455e-03   1.94698543805694e-02   0.00000000000000e+00   9.44383860414395e-01 
 -3.86980404175124e-03   1.94378593752132e-02   0.00000000000000e+00   9.45474372955289e-01 
 -3.83357282810964e-03   1.94064431419341e-02   0.00000000000000e+00   9.46564885496183e-01 
 -3.79417164693026e-03   1.93753957387600e-02   0.00000000000000e+00   9.47655398037077e-01 
 -3.75442486640967e-03   1.93445130755600e-02   0.00000000000000e+00   9.48745910577972e-01 
 -3.71569382237129e-03   1.93137146959863e-02   0.00000000000000e+00   9.49836423118866e-01 
 -3.67801849113392e-03   1.92830318053867e-02   0.00000000000000e+00   9.50926935659760e-01 
 -3.64139137687910e-03   1.92524996207493e-02   0.00000000000000e+00   9.52017448200654e-01 
 -3.60580498378838e-03   1.92221533590621e-02   0.00000000000000e+00   9.53107960741549e-01 
 -3.57125181604329e-03   1.91920282373134e-02   0.00000000000000e+00   9.54198473282443e-01 
 -3.53772437782538e-03   1.91621594724912e-02   0.00000000000000e+00   9.55288985823337e-01 
 -3.50521517331619e-03   1.91325822815836e-02   0.00000000000000e+00   9.56379498364231e-01 
 -3.47371670669727e-03   1.91033318815788e-02   0.00000000000000e+00   9.57470010905125e-01 
 -3.44322148215015e-03   1.90744434894650e-02   0.00000000000000e+00   9.58560523446020e-01 
 -3.41372200385637e-03   1.90459523222301e-02   0.00000000000000e+00   9.59651035986914e-01 
 -3.38521077599750e-03   1.90178935968624e-02   0.00000000000000e+00   9.60741548527808e-01 
 -3.35768030275505e-03   1.89903025303501e-02   0.00000000000000e+00   9.61832061068702e-01 
 -3.33112308831058e-03   1.89632143396811e-02   0.00000000000000e+00   9.62922573609597e-01 
 -3.30553163684563e-03   1.89366642418436e-02   0.00000000000000e+00   9.64013086150491e-01 
 -3.28089845254174e-03   1.89106874538259e-02   0.00000000000000e+00   9.65103598691385e-01 
 -3.25721603958045e-03   1.88853191926159e-02   0.00000000000000e+00   9.66194111232279e-01 
 -3.23447565246160e-03   1.88605868756264e-02   0.00000000000000e+00   9.67284623773173e-01 
 -3.21266299709759e-03   1.88364832901512e-02   0.00000000000000e+00   9.68375136314068e-01 
 -3.19176223999667e-03   1.88129916156786e-02   0.00000000000000e+00   9.69465648854962e-01 
 -3.17175754760872e-03   1.87900950313326e-02   0.00000000000000e+00   9.70556161395856e-01 
 -3.15263308638360e-03   1.87677767162372e-02   0.00000000000000e+00   9.71646673936750e-01 
 -3.13437292921381e-03   1.87460223971140e-02   0.00000000000000e+00   9.72737186477645e-01 
 -3.11696048773106e-03   1.87248358070300e-02   0.00000000000000e+00   9.73827699018539e-01 
 -3.10037888860139e-03   1.87042284387594e-02   0.00000000000000e+00   9.74918211559433e-01 
 -3.08461125737393e-03   1.86842118154911e-02   0.00000000000000e+00   9.76008724100327e-01 
 -3.06964071959777e-03   1.86647974604139e-02   0.00000000000000e+00   9.77099236641221e-01 
 -3.05545040082202e-03   1.86459968967167e-02   0.00000000000000e+00   9.78189749182116e-01 
 -3.04202342659580e-03   1.86278216475883e-02   0.00000000000000e+00   9.79280261723010e-01 
 -3.02934292246821e-03   1.86102832362177e-02   0.00000000000000e+00   9.80370774263904e-01 
 -3.01739201398836e-03   1.85933931857936e-02   0.00000000000000e+00   9.81461286804798e-01 
 -3.00615382670536e-03   1.85771630195050e-02   0.00000000000000e+00   9.82551799345692e-01 
 -2.99561148616832e-03   1.85616042605408e-02   0.00000000000000e+00   9.83642311886587e-01 
 -2.98574811792635e-03   1.85467284320896e-02   0.00000000000000e+00   9.84732824427481e-01 
 -2.97654684752855e-03   1.85325470573406e-02   0.00000000000000e+00   9.85823336968375e-01 
 -2.96799080052403e-03   1.85190716594824e-02   0.00000000000000e+00   9.86913849509269e-01 
 -2.96006310246192e-03   1.85063137617041e-02   0.00000000000000e+00   9.88004362050164e-01 
 -2.95274687889130e-03   1.84942848871943e-02   0.00000000000000e+00   9.89094874591058e-01 
 -2.94602525536129e-03   1.84829965591421e-02   0.00000000000000e+00   9.90185387131952e-01 
 -2.93988135742100e-03   1.84724603007362e-02   0.00000000000000e+00   9.91275899672846e-01 
 -2.93429831061954e-03   1.84626876351656e-02   0.00000000000000e+00   9.92366412213741e-01 
 -2.92925924050602e-03   1.84536900856190e-02   0.00000000000000e+00   9.93456924754635e-01 
 -2.92474727262954e-03   1.84454791752855e-02   0.00000000000000e+00   9.94547437295529e-01 
 -2.92074553286496e-03   1.84380664259852e-02   0.00000000000000e+00   9.95637949836423e-01 
 -2.91723977382522e-03   1.84314523241165e-02   0.00000000000000e+00   9.96728462377317e-01 
 -2.91422472872353e-03   1.84255996268822e-02   0.00000000000000e+00   9.97818974918212e-01 
 -2.91169704841081e-03   1.84204630351273e-02   0.00000000000000e+00   9.98909487459106e-01 
 -2.90965338373799e-03   1.84159972496970e-02   0.00000000000000e+00   1.00000000000000e+00 
