1	0.002717149302692
2	0.002529969904966
5	0.002191690388889
6	0.001231644213807
7	0.001034571793734
8	0.000892149334328
9	0.000748731156076
13	0.000401034112803
14	0.000342307444533
17	0.000246789247397
18	0.000234876299348
19	0.000219763525802
20	0.000189496896675
21	0.000168686821144
22	0.000141688372055
23	0.000107033620128
24	0.000095084524894
28	0.000085814916090
29	0.000076484679651
30	0.000059769284646
31	0.000052856605217
32	0.000044091807636
34	0.000033994169344
35	0.000030528155538
36	0.000027468893215
37	0.000023770628076
40	0.000021240071940
41	0.000020355680550
42	0.000017878185319
43	0.000015653605347
46	0.000014418819396
49	0.000012821634962
50	0.000012021638653
51	0.000011577442536
52	0.000011078679017
53	0.000010807632830
55	0.000009699708476
56	0.000009446874178
57	0.000009254557957
60	0.000008510245230
63	0.000008161291892
64	0.000008023881346
67	0.000007907766294
70	0.000007799455869
73	0.000007827744238
74	0.000007773953948
