-0.00290949569	-0.01841596822	0.00000000000	0.00000000000
-0.00290977343	-0.01841655030	0.00000000000	0.00015650209
-0.00291007183	-0.01841717340	0.00000000000	0.00031948775
-0.00291038973	-0.01841783472	0.00000000000	0.00048773449
-0.00291072785	-0.01841853537	0.00000000000	0.00066109552
-0.00291108765	-0.01841927796	0.00000000000	0.00083978520
-0.00291147058	-0.01842006499	0.00000000000	0.00102395381
-0.00291187802	-0.01842089883	0.00000000000	0.00121369560
-0.00291231144	-0.01842178193	0.00000000000	0.00140910047
-0.00291277248	-0.01842271702	0.00000000000	0.00161029330
-0.00291326299	-0.01842370725	0.00000000000	0.00181746445
-0.00291378518	-0.01842475635	0.00000000000	0.00203088028
-0.00291434153	-0.01842586852	0.00000000000	0.00225086143
-0.00291493467	-0.01842704821	0.00000000000	0.00247772335
-0.00291556731	-0.01842829983	0.00000000000	0.00271172933
-0.00291624214	-0.01842962768	0.00000000000	0.00295307405
-0.00291696190	-0.01843103603	0.00000000000	0.00320190921
-0.00291772948	-0.01843252937	0.00000000000	0.00345839122
-0.00291854808	-0.01843411256	0.00000000000	0.00372270216
-0.00291942116	-0.01843579090	0.00000000000	0.00399505704
-0.00292035252	-0.01843757014	0.00000000000	0.00427570043
-0.00292134629	-0.01843945646	0.00000000000	0.00456489723
-0.00292240689	-0.01844145645	0.00000000000	0.00486292367
-0.00292353912	-0.01844357712	0.00000000000	0.00517006587
-0.00292474810	-0.01844582589	0.00000000000	0.00548661635
-0.00292603933	-0.01844821064	0.00000000000	0.00581287460
-0.00292741874	-0.01845073970	0.00000000000	0.00614914791
-0.00292889267	-0.01845342192	0.00000000000	0.00649575247
-0.00293046799	-0.01845626670	0.00000000000	0.00685301436
-0.00293215206	-0.01845928400	0.00000000000	0.00722126993
-0.00293395281	-0.01846248443	0.00000000000	0.00760086674
-0.00293587881	-0.01846587928	0.00000000000	0.00799216908
-0.00293793927	-0.01846948047	0.00000000000	0.00839554395
-0.00294014410	-0.01847330068	0.00000000000	0.00881137521
-0.00294250411	-0.01847735355	0.00000000000	0.00924007268
-0.00294503079	-0.01848165333	0.00000000000	0.00968203934
-0.00294773669	-0.01848621533	0.00000000000	0.01013770735
-0.00295063527	-0.01849105578	0.00000000000	0.01060751814
-0.00295374115	-0.01849619198	0.00000000000	0.01109193421
-0.00295707014	-0.01850164240	0.00000000000	0.01159144088
-0.00296063919	-0.01850742638	0.00000000000	0.01210651514
-0.00296446669	-0.01851356465	0.00000000000	0.01263766254
-0.00296857275	-0.01852007958	0.00000000000	0.01318543970
-0.00297297861	-0.01852699399	0.00000000000	0.01375041109
-0.00297770650	-0.01853433081	0.00000000000	0.01433313432
-0.00298278033	-0.01854211409	0.00000000000	0.01493418254
-0.00298822620	-0.01855036963	0.00000000000	0.01555418857
-0.00299407259	-0.01855912509	0.00000000000	0.01619384278
-0.00300034960	-0.01856840853	0.00000000000	0.01685378430
-0.00300708957	-0.01857824929	0.00000000000	0.01753466563
-0.00301432856	-0.01858867979	0.00000000000	0.01823727305
-0.00302210539	-0.01859973386	0.00000000000	0.01896240294
-0.00303046125	-0.01861144586	0.00000000000	0.01971080283
-0.00303944086	-0.01862385209	0.00000000000	0.02048326761
-0.00304909387	-0.01863699233	0.00000000000	0.02128072270
-0.00305947487	-0.01865090950	0.00000000000	0.02210408603
-0.00307064293	-0.01866564888	0.00000000000	0.02295419949
-0.00308266391	-0.01868126043	0.00000000000	0.02383204889
-0.00309561064	-0.01869779842	0.00000000000	0.02473872831
-0.00310956220	-0.01871531983	0.00000000000	0.02567533920
-0.00312460430	-0.01873388431	0.00000000000	0.02664298445
-0.00314083013	-0.01875355455	0.00000000000	0.02764278420
-0.00315834198	-0.01877439752	0.00000000000	0.02867593206
-0.00317725433	-0.01879648723	0.00000000000	0.02974381660
-0.00319769133	-0.01881990069	0.00000000000	0.03084780583
-0.00321978672	-0.01884471700	0.00000000000	0.03198920647
-0.00324368510	-0.01887101783	0.00000000000	0.03316929136
-0.00326954866	-0.01889889376	0.00000000000	0.03438957717
-0.00329755875	-0.01892844423	0.00000000000	0.03565179047
-0.00332791004	-0.01895976975	0.00000000000	0.03695752456
-0.00336081468	-0.01899297504	0.00000000000	0.03830837736
-0.00339650644	-0.01902817150	0.00000000000	0.03970605069
-0.00343524718	-0.01906548152	0.00000000000	0.04115250526
-0.00347730933	-0.01910501961	0.00000000000	0.04264922477
-0.00352298620	-0.01914690129	0.00000000000	0.04419759972
-0.00357262673	-0.01919127218	0.00000000000	0.04579998267
-0.00362655856	-0.01923823964	0.00000000000	0.04745782631
-0.00368450335	-0.01928744685	0.00000000000	0.04917191178
-0.00374549118	-0.01933801748	0.00000000000	0.05094464260
-0.00380818163	-0.01938892273	0.00000000000	0.05277781520
-0.00386914172	-0.01944119133	0.00000000000	0.05467246576
-0.00389502789	-0.01946670958	0.00000000000	0.05556608600
-0.00392944833	-0.01950786700	0.00000000000	0.05693168068
-0.00396319651	-0.01955879138	0.00000000000	0.05851100627
-0.00399694590	-0.01961360879	0.00000000000	0.06013499798
-0.00403405329	-0.01967172870	0.00000000000	0.06180459446
-0.00407496526	-0.01973315793	0.00000000000	0.06352145033
-0.00412004480	-0.01979794993	0.00000000000	0.06528823232
-0.00416968723	-0.01986613476	0.00000000000	0.06710747996
-0.00422432181	-0.01993771352	0.00000000000	0.06898159427
-0.00428437794	-0.02001260945	0.00000000000	0.07091172758
-0.00435037156	-0.02009077062	0.00000000000	0.07290059307
-0.00442275966	-0.02017198746	0.00000000000	0.07494793673
-0.00450232048	-0.02025630608	0.00000000000	0.07706111772
-0.00458999262	-0.02034377703	0.00000000000	0.07924890489
-0.00468646372	-0.02043403811	0.00000000000	0.08151144013
-0.00479269066	-0.02052683596	0.00000000000	0.08385362007
-0.00490979284	-0.02062186508	0.00000000000	0.08628148778
-0.00503906314	-0.02071873180	0.00000000000	0.08880189470
-0.00518201126	-0.02081693628	0.00000000000	0.09142277987
-0.00534042748	-0.02091585099	0.00000000000	0.09415361761
-0.00551647278	-0.02101469015	0.00000000000	0.09700602436
-0.00571353376	-0.02111151184	0.00000000000	0.09999433513
-0.00574515101	-0.02112456402	0.00000000000	0.10044557654
-0.00600718891	-0.02118669934	0.00000000000	0.10374352049
-0.00634669006	-0.02119577608	0.00000000000	0.10732056377
-0.00673601017	-0.02119175165	0.00000000000	0.11119534661
-0.00716961276	-0.02118153795	0.00000000000	0.11545538542
-0.00767970923	-0.02109925885	0.00000000000	0.12019889945
-0.00790537530	-0.02102584476	0.00000000000	0.12216566660
-0.00855588882	-0.02070129601	0.00000000000	0.12760127367
-0.00925409423	-0.02020811789	0.00000000000	0.13381749801
-0.00957874169	-0.01992996344	0.00000000000	0.13707537508
-0.01002344303	-0.01950414899	0.00000000000	0.14197798502
-0.01047806660	-0.01903429480	0.00000000000	0.14750965823
-0.01075582170	-0.01872229558	0.00000000000	0.15116974138
-0.01106256747	-0.01831637432	0.00000000000	0.15555359010
-0.01142252440	-0.01766931174	0.00000000000	0.16138176103
-0.01158008316	-0.01729048244	0.00000000000	0.16433247456
-0.01182988658	-0.01647114568	0.00000000000	0.17020837370
-0.01197823454	-0.01558215755	0.00000000000	0.17634488604
-0.01198890037	-0.01476583213	0.00000000000	0.18221526204
-0.01189860718	-0.01412727470	0.00000000000	0.18716513047
-0.01181142976	-0.01377687976	0.00000000000	0.19003585591
-0.01157937912	-0.01312947411	0.00000000000	0.19569964125
-0.01152165933	-0.01300010045	0.00000000000	0.19690197820
-0.01123553299	-0.01245706591	0.00000000000	0.20230060188
-0.01116341164	-0.01233944590	0.00000000000	0.20356252801
-0.01088089643	-0.01193351217	0.00000000000	0.20826713790
-0.01066617345	-0.01167309487	0.00000000000	0.21166949633
-0.01047372334	-0.01146910522	0.00000000000	0.21464318783
-0.01019113272	-0.01121114067	0.00000000000	0.21890021335
-0.00996531766	-0.01103189469	0.00000000000	0.22219270556
-0.00979561040	-0.01090838660	0.00000000000	0.22459706023
-0.00950925862	-0.01071666816	0.00000000000	0.22853401683
-0.00922352523	-0.01054349017	0.00000000000	0.23235518408
-0.00899584849	-0.01041700182	0.00000000000	0.23535047841
-0.00882528749	-0.01032842290	0.00000000000	0.23757720274
-0.00854479784	-0.01019361921	0.00000000000	0.24122601397
-0.00826993144	-0.01007380920	0.00000000000	0.24479637730
-0.00799965918	-0.00996682470	0.00000000000	0.24830226729
-0.00773326600	-0.00987088126	0.00000000000	0.25175293679
-0.00757470476	-0.00981785411	0.00000000000	0.25380441865
-0.00736609864	-0.00975231568	0.00000000000	0.25650054780
-0.00710747505	-0.00967708949	0.00000000000	0.25983849521
-0.00685195729	-0.00960852066	0.00000000000	0.26313112911
-0.00659966870	-0.00954561046	0.00000000000	0.26637685896
-0.00635045030	-0.00948735792	0.00000000000	0.26957774269
-0.00610367076	-0.00943273574	0.00000000000	0.27274189009
-0.00585912478	-0.00938082764	0.00000000000	0.27587272856
-0.00561796570	-0.00932968285	0.00000000000	0.27897451054
-0.00538238683	-0.00927631998	0.00000000000	0.28205534809
-0.00515474515	-0.00921784920	0.00000000000	0.28512092603
-0.00495584897	-0.00915770100	0.00000000000	0.28790903210
-0.00486832506	-0.00912798113	0.00000000000	0.28917159644
-0.00466046556	-0.00904994386	0.00000000000	0.29223045161
-0.00445397508	-0.00896359504	0.00000000000	0.29530353429
-0.00424740764	-0.00886961876	0.00000000000	0.29838267494
-0.00404101572	-0.00876807415	0.00000000000	0.30147214285
-0.00383499950	-0.00865887283	0.00000000000	0.30457894977
-0.00365294536	-0.00855559247	0.00000000000	0.30735210885
-0.00356139389	-0.00850115241	0.00000000000	0.30875917447
-0.00336254895	-0.00837685588	0.00000000000	0.31185078320
-0.00316656670	-0.00824573320	0.00000000000	0.31495599046
-0.00297415630	-0.00810794057	0.00000000000	0.31807488368
-0.00278758678	-0.00796492298	0.00000000000	0.32118118289
-0.00276342409	-0.00794571611	0.00000000000	0.32159008461
-0.00258474855	-0.00779945775	0.00000000000	0.32466258867
-0.00241083998	-0.00765127969	0.00000000000	0.32773819060
-0.00224159262	-0.00750358694	0.00000000000	0.33081519377
-0.00210649307	-0.00738478361	0.00000000000	0.33333279083
-0.00201986530	-0.00730885947	0.00000000000	0.33497652106
-0.00187277136	-0.00718122242	0.00000000000	0.33781802116
-0.00172966876	-0.00705915452	0.00000000000	0.34063565107
-0.00158989075	-0.00694254497	0.00000000000	0.34342825763
-0.00145280423	-0.00683128042	0.00000000000	0.34619465619
-0.00134109024	-0.00674325885	0.00000000000	0.34846079223
-0.00127171924	-0.00668992845	0.00000000000	0.34987001785
-0.00114927414	-0.00659848843	0.00000000000	0.35235521394
-0.00102820319	-0.00651134807	0.00000000000	0.35480596035
-0.00091221794	-0.00642335085	0.00000000000	0.35722923208
-0.00080842719	-0.00632446396	0.00000000000	0.35964724004
-0.00072459812	-0.00620428772	0.00000000000	0.36208730635
-0.00067842899	-0.00607114648	0.00000000000	0.36440314708
-0.00067371872	-0.00599577375	0.00000000000	0.36563039126
-0.00076802139	-0.00576827457	0.00000000000	0.36924425624
-0.00089513735	-0.00563826704	0.00000000000	0.37140308342
-0.00118195659	-0.00544357216	0.00000000000	0.37521184381
-0.00144526617	-0.00532074616	0.00000000000	0.37839042354
-0.00177627425	-0.00520816559	0.00000000000	0.38227552895
-0.00206440681	-0.00513127771	0.00000000000	0.38574843322
-0.00222740230	-0.00509309719	0.00000000000	0.38779390614
-0.00250023367	-0.00503623107	0.00000000000	0.39134004567
-0.00274591409	-0.00499149289	0.00000000000	0.39465413287
-0.00285461676	-0.00497347004	0.00000000000	0.39615549879
-0.00304602119	-0.00494407265	0.00000000000	0.39884843956
-0.00325350300	-0.00491505704	0.00000000000	0.40183316101
-0.00345196978	-0.00488936883	0.00000000000	0.40474395831
-0.00364297763	-0.00486578769	0.00000000000	0.40758755678
-0.00371257623	-0.00485731445	0.00000000000	0.40863197016
-0.00388272517	-0.00483650668	0.00000000000	0.41119924403
-0.00406456746	-0.00481350537	0.00000000000	0.41395922997
-0.00424520861	-0.00478902798	0.00000000000	0.41671154957
-0.00442549038	-0.00476211777	0.00000000000	0.41946257627
-0.00460602941	-0.00473183739	0.00000000000	0.42221531121
-0.00468347685	-0.00471762243	0.00000000000	0.42339391363
-0.00484872030	-0.00468445911	0.00000000000	0.42590105961
-0.00503502723	-0.00464186242	0.00000000000	0.42871068720
-0.00522605772	-0.00459172367	0.00000000000	0.43156644210
-0.00542298373	-0.00453247411	0.00000000000	0.43447728284
-0.00562202468	-0.00446415947	0.00000000000	0.43737928858
-0.00566788399	-0.00444716302	0.00000000000	0.43804163881
-0.00588679547	-0.00435944118	0.00000000000	0.44117681777
-0.00611314829	-0.00425718782	0.00000000000	0.44439612936
-0.00634655929	-0.00413892593	0.00000000000	0.44772553806
-0.00648020554	-0.00406495505	0.00000000000	0.44965002197
-0.00668707037	-0.00394060748	0.00000000000	0.45267502640
-0.00693835885	-0.00377129503	0.00000000000	0.45643402443
-0.00713770127	-0.00362068702	0.00000000000	0.45947100322
-0.00730437468	-0.00348246257	0.00000000000	0.46203874048
-0.00757469094	-0.00323233593	0.00000000000	0.46623783378
-0.00775319144	-0.00304850833	0.00000000000	0.46902025608
-0.00796495553	-0.00281230432	0.00000000000	0.47233591368
-0.00824781536	-0.00247174297	0.00000000000	0.47684346648
-0.00832252003	-0.00237782923	0.00000000000	0.47805911532
-0.00860462553	-0.00198890658	0.00000000000	0.48287518088
-0.00877179282	-0.00169537027	0.00000000000	0.48609122257
-0.00898151191	-0.00113361325	0.00000000000	0.49118801244
-0.00906205158	-0.00077215550	0.00000000000	0.49402021027
-0.00913549179	0.00002324107	0.00000000000	0.49989518236
-0.00906779165	0.00078250851	0.00000000000	0.50577051475
-0.00898696125	0.00111074993	0.00000000000	0.50856342608
-0.00877291673	0.00165940480	0.00000000000	0.51368294164
-0.00860584535	0.00196733420	0.00000000000	0.51685949764
-0.00831591670	0.00239252570	0.00000000000	0.52170435558
-0.00824860357	0.00247939790	0.00000000000	0.52277246380
-0.00796501286	0.00281979695	0.00000000000	0.52727450546
-0.00775513083	0.00305003433	0.00000000000	0.53065106030
-0.00758557412	0.00322157924	0.00000000000	0.53336456007
-0.00731709139	0.00346652146	0.00000000000	0.53755728714
-0.00714181974	0.00361022397	0.00000000000	0.54021536877
-0.00694437670	0.00375868865	0.00000000000	0.54315369377
-0.00668853705	0.00393212962	0.00000000000	0.54689907027
-0.00647080834	0.00406445819	0.00000000000	0.55005299957
-0.00635134109	0.00413150201	0.00000000000	0.55177726899
-0.00612071358	0.00425033156	0.00000000000	0.55510578610
-0.00589852537	0.00435208376	0.00000000000	0.55832802678
-0.00568411072	0.00443873601	0.00000000000	0.56146926131
-0.00561210671	0.00446535043	0.00000000000	0.56253267281
-0.00542458645	0.00452907026	0.00000000000	0.56531979566
-0.00523062470	0.00458695844	0.00000000000	0.56822497644
-0.00504110791	0.00463632196	0.00000000000	0.57107948148
-0.00485462862	0.00467869000	0.00000000000	0.57389744509
-0.00468078319	0.00471334365	0.00000000000	0.57652725904
-0.00462233412	0.00472406670	0.00000000000	0.57741112377
-0.00444048439	0.00475484534	0.00000000000	0.58015715017
-0.00425766973	0.00478248821	0.00000000000	0.58290737543
-0.00407397623	0.00480777826	0.00000000000	0.58565474881
-0.00388873063	0.00483161407	0.00000000000	0.58840363326
-0.00370464970	0.00485446829	0.00000000000	0.59110869941
-0.00366559113	0.00485928634	0.00000000000	0.59167883116
-0.00346952571	0.00488369599	0.00000000000	0.59451837335
-0.00326567111	0.00491014570	0.00000000000	0.59742764495
-0.00305334615	0.00493979231	0.00000000000	0.60040657552
-0.00284788237	0.00497133682	0.00000000000	0.60323589591
-0.00276055611	0.00498576944	0.00000000000	0.60442183475
-0.00251320851	0.00503049089	0.00000000000	0.60772549816
-0.00224151627	0.00508698883	0.00000000000	0.61125759910
-0.00206232964	0.00512892380	0.00000000000	0.61353084171
-0.00179640165	0.00519881793	0.00000000000	0.61682191600
-0.00145889373	0.00531271771	0.00000000000	0.62085957299
-0.00120629703	0.00542997112	0.00000000000	0.62379260079
-0.00089067365	0.00563843919	0.00000000000	0.62779097947
-0.00076102606	0.00577171114	0.00000000000	0.63002774443
-0.00067347678	0.00599706352	0.00000000000	0.63361712423
-0.00067844768	0.00606909273	0.00000000000	0.63477499303
-0.00072464997	0.00620510632	0.00000000000	0.63710180711
-0.00080811723	0.00632592979	0.00000000000	0.63953736040
-0.00091178003	0.00642349397	0.00000000000	0.64195142258
-0.00102789445	0.00650931791	0.00000000000	0.64437213020
-0.00114929445	0.00659455564	0.00000000000	0.64682140641
-0.00127215987	0.00668484661	0.00000000000	0.64930548501
-0.00134915336	0.00674347710	0.00000000000	0.65086354738
-0.00145536082	0.00682667787	0.00000000000	0.65301061911
-0.00159261912	0.00693767951	0.00000000000	0.65577464035
-0.00173226097	0.00705389088	0.00000000000	0.65856484941
-0.00187485169	0.00717511906	0.00000000000	0.66138141679
-0.00202081890	0.00730100941	0.00000000000	0.66422126928
-0.00211735257	0.00738483836	0.00000000000	0.66607123656
-0.00224145825	0.00749283273	0.00000000000	0.66841309382
-0.00240774776	0.00763668562	0.00000000000	0.67148622068
-0.00257780168	0.00778076330	0.00000000000	0.67455688785
-0.00275166430	0.00792282456	0.00000000000	0.67762605415
-0.00281848186	0.00797561147	0.00000000000	0.67878766038
-0.00298769008	0.00810396036	0.00000000000	0.68168705107
-0.00317340625	0.00823593575	0.00000000000	0.68480310373
-0.00336229170	0.00836141986	0.00000000000	0.68790577869
-0.00355437319	0.00848081012	0.00000000000	0.69099648843
-0.00367532991	0.00855208162	0.00000000000	0.69291121523
-0.00383142960	0.00863992560	0.00000000000	0.69534799402
-0.00403375688	0.00874736810	0.00000000000	0.69845173972
-0.00423897499	0.00884953705	0.00000000000	0.70154041598
-0.00444702881	0.00894556392	0.00000000000	0.70461827476
-0.00465757079	0.00903327656	0.00000000000	0.70768880848
-0.00486980343	0.00911038158	0.00000000000	0.71074855956
-0.00503507747	0.00916270420	0.00000000000	0.71310757666
-0.00517271000	0.00920200743	0.00000000000	0.71505367647
-0.00539239122	0.00925844103	0.00000000000	0.71812077161
-0.00561701225	0.00931047224	0.00000000000	0.72120153801
-0.00584794030	0.00936064097	0.00000000000	0.72430503598
-0.00608651174	0.00941154519	0.00000000000	0.72743884584
-0.00633398684	0.00946586367	0.00000000000	0.73060925527
-0.00658946036	0.00952520701	0.00000000000	0.73381375583
-0.00685109241	0.00959034252	0.00000000000	0.73705862194
-0.00711676963	0.00966205564	0.00000000000	0.74034967083
-0.00738363779	0.00974102774	0.00000000000	0.74368531859
-0.00763345487	0.00982212448	0.00000000000	0.74684869581
-0.00772865278	0.00985492954	0.00000000000	0.74806360941
-0.00799764835	0.00995348362	0.00000000000	0.75152078838
-0.00826819287	0.01006157478	0.00000000000	0.75502744562
-0.00854180860	0.01018028192	0.00000000000	0.75859483698
-0.00882074413	0.01031125493	0.00000000000	0.76224365780
-0.00901309757	0.01040849940	0.00000000000	0.76476900595
-0.00922176926	0.01052238147	0.00000000000	0.76752642540
-0.00950810839	0.01069679459	0.00000000000	0.77135857337
-0.00979666572	0.01089961993	0.00000000000	0.77530508425
-0.00997378428	0.01103812582	0.00000000000	0.77778945643
-0.01019739505	0.01122537052	0.00000000000	0.78102413417
-0.01047675250	0.01147453932	0.00000000000	0.78528117522
-0.01066607429	0.01166099654	0.00000000000	0.78830458926
-0.01087185018	0.01189914703	0.00000000000	0.79165850264
-0.01116282259	0.01233069519	0.00000000000	0.79639804669
-0.01122955871	0.01244538935	0.00000000000	0.79749808530
-0.01152865897	0.01301412678	0.00000000000	0.80290060703
-0.01159215665	0.01315068442	0.00000000000	0.80422461087
-0.01181611592	0.01375948903	0.00000000000	0.80989222487
-0.01189416480	0.01408210687	0.00000000000	0.81259050298
-0.01198476243	0.01475363816	0.00000000000	0.81764151626
-0.01198413603	0.01559882193	0.00000000000	0.82350963286
-0.01184153600	0.01649057110	0.00000000000	0.82964588330
-0.01157836424	0.01730020108	0.00000000000	0.83556205619
-0.01141902207	0.01766129208	0.00000000000	0.83843327043
-0.01105568044	0.01830748859	0.00000000000	0.84428514776
-0.01075769020	0.01871820799	0.00000000000	0.84863932432
-0.01048113185	0.01904315572	0.00000000000	0.85235337813
-0.01002282835	0.01952162794	0.00000000000	0.85789857368
-0.00957353078	0.01994073128	0.00000000000	0.86274551208
-0.00923582577	0.02022093443	0.00000000000	0.86609333321
-0.00855229315	0.02069418613	0.00000000000	0.87228441606
-0.00791860867	0.02101480008	0.00000000000	0.87769869536
-0.00768650800	0.02109844240	0.00000000000	0.87969676576
-0.00715861272	0.02120009207	0.00000000000	0.88444175567
-0.00671843947	0.02120172697	0.00000000000	0.88870287020
-0.00634205529	0.02118669982	0.00000000000	0.89257830189
-0.00601934056	0.02116872330	0.00000000000	0.89615415081
-0.00575457022	0.02112590012	0.00000000000	0.89942822953
-0.00571128067	0.02111396422	0.00000000000	0.90001038662
-0.00550688400	0.02103132371	0.00000000000	0.90299816471
-0.00533387444	0.02092817361	0.00000000000	0.90585008801
-0.00518152345	0.02081839799	0.00000000000	0.90858036362
-0.00504158673	0.02071252259	0.00000000000	0.91120057098
-0.00491108703	0.02061389863	0.00000000000	0.91372029587
-0.00479092333	0.02052059927	0.00000000000	0.91614757865
-0.00468187860	0.02043087148	0.00000000000	0.91848929377
-0.00458445602	0.02034331736	0.00000000000	0.92075143759
-0.00449788934	0.02025755383	0.00000000000	0.92293888725
-0.00442055903	0.02017411131	0.00000000000	0.92505228958
-0.00435075249	0.02009315113	0.00000000000	0.92709994900
-0.00428704632	0.02001480010	0.00000000000	0.92908889760
-0.00422843261	0.01993940906	0.00000000000	0.93101874517
-0.00417394406	0.01986715027	0.00000000000	0.93289209408
-0.00412276873	0.01979818193	0.00000000000	0.93471055543
-0.00407424995	0.01973259728	0.00000000000	0.93647650495
-0.00402923404	0.01967062302	0.00000000000	0.93819334176
-0.00398982444	0.01961268024	0.00000000000	0.93986279363
-0.00395758510	0.01955909444	0.00000000000	0.94148624001
-0.00392859230	0.01950958228	0.00000000000	0.94306550268
-0.00389929252	0.01946893515	0.00000000000	0.94441485654
-0.00387369700	0.01944156385	0.00000000000	0.94534695572
-0.00380931294	0.01938714801	0.00000000000	0.94724155488
-0.00374263805	0.01933521905	0.00000000000	0.94907463840
-0.00368073636	0.01928526956	0.00000000000	0.95084723650
-0.00362351847	0.01923734361	0.00000000000	0.95256117497
-0.00357065325	0.01919150055	0.00000000000	0.95421765461
-0.00352179979	0.01914774782	0.00000000000	0.95581892115
-0.00347665317	0.01910608382	0.00000000000	0.95736685562
-0.00343495175	0.01906651113	0.00000000000	0.95886255829
-0.00339643541	0.01902900205	0.00000000000	0.96030771369
-0.00336084960	0.01899350403	0.00000000000	0.96170452522
-0.00332796725	0.01895996415	0.00000000000	0.96305486430
-0.00329758720	0.01892833186	0.00000000000	0.96436020000
-0.00326952124	0.01889854882	0.00000000000	0.96562205088
-0.00324359313	0.01887054886	0.00000000000	0.96684198916
-0.00321963466	0.01884423056	0.00000000000	0.96802155873
-0.00319748569	0.01881946597	0.00000000000	0.96916229430
-0.00317699902	0.01879613620	0.00000000000	0.97026571023
-0.00315804187	0.01877413467	0.00000000000	0.97133316700
-0.00314049354	0.01875336543	0.00000000000	0.97236592408
-0.00312424131	0.01873374933	0.00000000000	0.97336529759
-0.00310918176	0.01871522290	0.00000000000	0.97433255295
-0.00309522199	0.01869772856	0.00000000000	0.97526878665
-0.00308227509	0.01868120926	0.00000000000	0.97617517512
-0.00307026195	0.01866561145	0.00000000000	0.97705281664
-0.00305911244	0.01865088750	0.00000000000	0.97790258243
-0.00304875926	0.01863698837	0.00000000000	0.97872552840
-0.00303914025	0.01862386690	0.00000000000	0.97952271353
-0.00303020093	0.01861148202	0.00000000000	0.98029493977
-0.00302189043	0.01859979373	0.00000000000	0.98104303695
-0.00301416111	0.01858876291	0.00000000000	0.98176788362
-0.00300696964	0.01857835320	0.00000000000	0.98247028018
-0.00300027662	0.01856853091	0.00000000000	0.98315094664
-0.00299404513	0.01855926323	0.00000000000	0.98381063873
-0.00298824126	0.01855051926	0.00000000000	0.98445007319
-0.00298283435	0.01854227067	0.00000000000	0.98506987240
-0.00297779528	0.01853448942	0.00000000000	0.98567072759
-0.00297309756	0.01852714950	0.00000000000	0.98625326656
-0.00296871703	0.01852022690	0.00000000000	0.98681804778
-0.00296463096	0.01851369815	0.00000000000	0.98736566610
-0.00296081857	0.01850754150	0.00000000000	0.98789666116
-0.00295726054	0.01850173619	0.00000000000	0.98841156727
-0.00295393886	0.01849626237	0.00000000000	0.98891092147
-0.00295083718	0.01849110178	0.00000000000	0.98939519449
-0.00294794015	0.01848623686	0.00000000000	0.98986486728
-0.00294523359	0.01848165105	0.00000000000	0.99032040277
-0.00294270438	0.01847732870	0.00000000000	0.99076224259
-0.00294034031	0.01847325502	0.00000000000	0.99119081835
-0.00293813016	0.01846941613	0.00000000000	0.99160653256
-0.00293606339	0.01846579874	0.00000000000	0.99200979518
-0.00293413027	0.01846239038	0.00000000000	0.99240098976
-0.00293232181	0.01845917933	0.00000000000	0.99278048312
-0.00293062960	0.01845615441	0.00000000000	0.99314863936
-0.00292904584	0.01845330511	0.00000000000	0.99350580578
-0.00292756328	0.01845062150	0.00000000000	0.99385231865
-0.00292617519	0.01844809417	0.00000000000	0.99418850386
-0.00292487530	0.01844571427	0.00000000000	0.99451467746
-0.00292365775	0.01844347338	0.00000000000	0.99483114660
-0.00292251712	0.01844136359	0.00000000000	0.99513821065
-0.00292144831	0.01843937737	0.00000000000	0.99543616203
-0.00292044661	0.01843750760	0.00000000000	0.99572528647
-0.00291950772	0.01843574708	0.00000000000	0.99600586081
-0.00291862776	0.01843408866	0.00000000000	0.99627814893
-0.00291780313	0.01843252572	0.00000000000	0.99654239528
-0.00291703049	0.01843105226	0.00000000000	0.99679881507
-0.00291630681	0.01842966281	0.00000000000	0.99704758927
-0.00291562927	0.01842835239	0.00000000000	0.99728887437
-0.00291499518	0.01842711633	0.00000000000	0.99752282232
-0.00291440191	0.01842595000	0.00000000000	0.99774962845
-0.00291384677	0.01842484876	0.00000000000	0.99796955682
-0.00291332712	0.01842380796	0.00000000000	0.99818292330
-0.00291284048	0.01842282328	0.00000000000	0.99839004827
-0.00291238464	0.01842189092	0.00000000000	0.99859119737
-0.00291195771	0.01842100767	0.00000000000	0.99878656023
-0.00291155803	0.01842017077	0.00000000000	0.99897626126
-0.00291118410	0.01841937779	0.00000000000	0.99916039017
-0.00291083446	0.01841862640	0.00000000000	0.99933904123
-0.00291050762	0.01841791416	0.00000000000	0.99951236472
-0.00291020207	0.01841723854	0.00000000000	0.99968057514
-0.00290991701	0.01841659853	0.00000000000	0.99984352689
-0.00290965338	0.01841599725	0.00000000000	1.00000000000
