0.00000000000	0.00000000000	0.00000000000	0.00000000000
0.02020358034	0.03172403897	0.00000000000	0.01145590917
0.04040585219	0.06341938785	0.00000000000	0.02290770763
0.06060727193	0.09505289032	0.00000000000	0.03435128387
0.08080824016	0.12659153569	0.00000000000	0.04578252472
0.10100930063	0.15800288786	0.00000000000	0.05719744323
0.12121065783	0.18925445108	0.00000000000	0.06859192103
0.14141260460	0.22031445134	0.00000000000	0.07996196494
0.16161480962	0.25115085636	0.00000000000	0.09130332092
0.18181766586	0.28173354930	0.00000000000	0.10261224592
0.20202043185	0.31203160309	0.00000000000	0.11388447881
0.22222328021	0.34201647815	0.00000000000	0.12511639957
0.24242523598	0.37165887184	0.00000000000	0.13630387146
0.26262678021	0.40092934646	0.00000000000	0.14744327307
0.28282794092	0.42979574897	0.00000000000	0.15853046949
0.30302959338	0.45822856609	0.00000000000	0.16956197510
0.32323153315	0.48619840276	0.00000000000	0.18053392575
0.34343363871	0.51367772688	0.00000000000	0.19144272770
0.36363590160	0.54064080276	0.00000000000	0.20228506250
0.38383783800	0.56705997790	0.00000000000	0.21305724930
0.40403989188	0.59290779024	0.00000000000	0.22375602507
0.42424208676	0.61815829877	0.00000000000	0.23437816699
0.44444427217	0.64278742519	0.00000000000	0.24492063110
0.46464614833	0.66676973268	0.00000000000	0.25538030855
0.48484824035	0.69007982716	0.00000000000	0.26575455057
0.50505064974	0.71269424302	0.00000000000	0.27604078662
0.52525293581	0.73459134417	0.00000000000	0.28623647190
0.54545502167	0.75574929895	0.00000000000	0.29633940716
0.56565684562	0.77614586221	0.00000000000	0.30634756423
0.58585911940	0.79576201597	0.00000000000	0.31625959286
0.60606117151	0.81457698715	0.00000000000	0.32607386300
0.62626306534	0.83257043355	0.00000000000	0.33578948182
0.64646471261	0.84972443118	0.00000000000	0.34540572042
0.66666694454	0.86602421154	0.00000000000	0.35492252837
0.68686932548	0.88145330993	0.00000000000	0.36434010449
0.70707116438	0.89599433093	0.00000000000	0.37365928912
0.72727240679	0.90963206235	0.00000000000	0.38288127805
0.74747467131	0.92235398198	0.00000000000	0.39200810527
0.76767775956	0.93414775677	0.00000000000	0.40104246028
0.78787966631	0.94500081234	0.00000000000	0.40998754261
0.80808063705	0.95490237380	0.00000000000	0.41884740043
0.82828177020	0.96384246223	0.00000000000	0.42762693811
0.84848461172	0.97181126636	0.00000000000	0.43633175946
0.86868813942	0.97880145536	0.00000000000	0.44496813116
0.88889019402	0.98480774733	0.00000000000	0.45354343864
0.90909048469	0.98982315934	0.00000000000	0.46206544196
0.92929189122	0.99383906579	0.00000000000	0.47054286958
0.94949489697	0.99685246855	0.00000000000	0.47898493858
0.96969748067	0.99886520068	0.00000000000	0.48740132428
0.98989929853	0.99987513201	0.00000000000	0.49580217818
1.01010085152	0.99987588351	0.00000000000	0.50419782182
1.03030278837	0.99886698564	0.00000000000	0.51259867572
1.05050512757	0.99685387252	0.00000000000	0.52101506142
1.07070712823	0.99383793453	0.00000000000	0.52945713042
1.09090879939	0.98982136046	0.00000000000	0.53793455804
1.11111084205	0.98480787502	0.00000000000	0.54645656136
1.13131343772	0.97880228379	0.00000000000	0.55503186884
1.15151509720	0.97181142324	0.00000000000	0.56366824054
1.17171650434	0.96384217535	0.00000000000	0.57237306189
1.19191888667	0.95490264369	0.00000000000	0.58115259957
1.21212128299	0.94500094983	0.00000000000	0.59001245739
1.23232328249	0.93414708171	0.00000000000	0.59895753972
1.25252501971	0.92235365296	0.00000000000	0.60799189473
1.27272657391	0.90963260263	0.00000000000	0.61711872195
1.29292883234	0.89599496928	0.00000000000	0.62634071088
1.31313122483	0.88145396886	0.00000000000	0.63565989551
1.33333313775	0.86602453337	0.00000000000	0.64507747163
1.35353518814	0.84972280068	0.00000000000	0.65459427958
1.37373698190	0.83256788082	0.00000000000	0.66421051818
1.39393876920	0.81457665429	0.00000000000	0.67392613700
1.41414067271	0.79576435553	0.00000000000	0.68374040714
1.43434300896	0.77614838532	0.00000000000	0.69365243577
1.45454512277	0.75574978776	0.00000000000	0.70366059284
1.47474748496	0.73459112961	0.00000000000	0.71376352810
1.49494974537	0.71269425881	0.00000000000	0.72395921338
1.51515178155	0.69007903531	0.00000000000	0.73424544943
1.53535340235	0.66676781467	0.00000000000	0.74461969145
1.55555498534	0.64278495287	0.00000000000	0.75507936890
1.57575733141	0.61815673175	0.00000000000	0.76562183301
1.59596010666	0.59290843294	0.00000000000	0.77624397493
1.61616279763	0.56706287271	0.00000000000	0.78694275070
1.63636503429	0.54064462600	0.00000000000	0.79771493750
1.65656687965	0.51367983441	0.00000000000	0.80855727230
1.67676811684	0.48619711720	0.00000000000	0.81946607425
1.69696965327	0.45822547019	0.00000000000	0.83043802490
1.71717163699	0.42979346467	0.00000000000	0.84146953051
1.73737342709	0.40092910546	0.00000000000	0.85255672693
1.75757541715	0.37166036287	0.00000000000	0.86369612854
1.77777717542	0.34201790403	0.00000000000	0.87488360043
1.79797950573	0.31203190756	0.00000000000	0.88611552119
1.81818197827	0.28173315762	0.00000000000	0.89738775408
1.83838474379	0.25115017314	0.00000000000	0.90869667908
1.85858701133	0.22031378793	0.00000000000	0.92003803506
1.87878912325	0.18925402342	0.00000000000	0.93140807897
1.89899069672	0.15800281477	0.00000000000	0.94280255677
1.91919197229	0.12659183737	0.00000000000	0.95421747528
1.93939310162	0.09505348729	0.00000000000	0.96564871613
1.95959457524	0.06342010018	0.00000000000	0.97709229237
1.97979674039	0.03172458594	0.00000000000	0.98854409083
2.00000000000	0.00000000000	0.00000000000	1.00000000000
