  0.00000000000000e+00   0.00000000000000e+00   0.00000000000000e+00   0.00000000000000e+00 
  8.86204854528646e-03   1.39164568428624e-02   0.00000000000000e+00   5.02512562814070e-03 
  1.77244053833453e-02   2.78319418815840e-02   0.00000000000000e+00   1.00502512562814e-02 
  2.65877235079075e-02   4.17446105699858e-02   0.00000000000000e+00   1.50753768844221e-02 
  3.54526559127044e-02   5.56526183618889e-02   0.00000000000000e+00   2.01005025125628e-02 
  4.43198555914671e-02   6.95541207111143e-02   0.00000000000000e+00   2.51256281407035e-02 
  5.31899755379266e-02   8.34472730714829e-02   0.00000000000000e+00   3.01507537688442e-02 
  6.20636687458141e-02   9.73302308968159e-02   0.00000000000000e+00   3.51758793969849e-02 
  7.09415882088608e-02   1.11201149640934e-01   0.00000000000000e+00   4.02010050251256e-02 
  7.98243869207979e-02   1.25058184757659e-01   0.00000000000000e+00   4.52261306532663e-02 
  8.87127178753564e-02   1.38899491700811e-01   0.00000000000000e+00   5.02512562814070e-02 
  9.76072340662675e-02   1.52723225924212e-01   0.00000000000000e+00   5.52763819095477e-02 
  1.06508588487262e-01   1.66527542881682e-01   0.00000000000000e+00   6.03015075376884e-02 
  1.15417434132072e-01   1.80310598027042e-01   0.00000000000000e+00   6.53266331658292e-02 
  1.24334423994428e-01   1.94070546814114e-01   0.00000000000000e+00   7.03517587939698e-02 
  1.33260211068060e-01   2.07805544696719e-01   0.00000000000000e+00   7.53768844221106e-02 
  1.42195448346702e-01   2.21513747128677e-01   0.00000000000000e+00   8.04020100502513e-02 
  1.51140788824082e-01   2.35193309563810e-01   0.00000000000000e+00   8.54271356783920e-02 
  1.60096885493933e-01   2.48842387455938e-01   0.00000000000000e+00   9.04522613065327e-02 
  1.69064391349986e-01   2.62459136258883e-01   0.00000000000000e+00   9.54773869346734e-02 
  1.78043959385972e-01   2.76041711426466e-01   0.00000000000000e+00   1.00502512562814e-01 
  1.87036242595621e-01   2.89588268412507e-01   0.00000000000000e+00   1.05527638190955e-01 
  1.96041893972666e-01   3.03096962670828e-01   0.00000000000000e+00   1.10552763819095e-01 
  2.05061566510837e-01   3.16565949655250e-01   0.00000000000000e+00   1.15577889447236e-01 
  2.14095913203865e-01   3.29993384819594e-01   0.00000000000000e+00   1.20603015075377e-01 
  2.23145587045482e-01   3.43377423617680e-01   0.00000000000000e+00   1.25628140703518e-01 
  2.32211241029419e-01   3.56716221503331e-01   0.00000000000000e+00   1.30653266331658e-01 
  2.41293552921241e-01   3.70007863443817e-01   0.00000000000000e+00   1.35678391959799e-01 
  2.50393302995975e-01   3.83250142722800e-01   0.00000000000000e+00   1.40703517587940e-01 
  2.59511298040885e-01   3.96440777185197e-01   0.00000000000000e+00   1.45728643216080e-01 
  2.68648344843271e-01   4.09577484675818e-01   0.00000000000000e+00   1.50753768844221e-01 
  2.77805250190436e-01   4.22657983039475e-01   0.00000000000000e+00   1.55778894472362e-01 
  2.86982820869679e-01   4.35679990120978e-01   0.00000000000000e+00   1.60804020100503e-01 
  2.96181863668301e-01   4.48641223765138e-01   0.00000000000000e+00   1.65829145728643e-01 
  3.05403185373604e-01   4.61539401816767e-01   0.00000000000000e+00   1.70854271356784e-01 
  3.14647592772889e-01   4.74372242120674e-01   0.00000000000000e+00   1.75879396984925e-01 
  3.23915892653456e-01   4.87137462521671e-01   0.00000000000000e+00   1.80904522613065e-01 
  3.33208891802606e-01   4.99832780864568e-01   0.00000000000000e+00   1.85929648241206e-01 
  3.42527397007641e-01   5.12455914994177e-01   0.00000000000000e+00   1.90954773869347e-01 
  3.51872215055861e-01   5.25004582755309e-01   0.00000000000000e+00   1.95979899497487e-01 
  3.61244165393807e-01   5.37476457324444e-01   0.00000000000000e+00   2.01005025125628e-01 
  3.70644154117281e-01   5.49868906134790e-01   0.00000000000000e+00   2.06030150753769e-01 
  3.80073123610198e-01   5.62179168576360e-01   0.00000000000000e+00   2.11055276381910e-01 
  3.89532016379618e-01   5.74404483604665e-01   0.00000000000000e+00   2.16080402010050e-01 
  3.99021774932599e-01   5.86542090175213e-01   0.00000000000000e+00   2.21105527638191e-01 
  4.08543341776198e-01   5.98589227243516e-01   0.00000000000000e+00   2.26130653266332e-01 
  4.18097659417473e-01   6.10543133765083e-01   0.00000000000000e+00   2.31155778894472e-01 
  4.27685670363483e-01   6.22401048695425e-01   0.00000000000000e+00   2.36180904522613e-01 
  4.37308317717982e-01   6.34160207795665e-01   0.00000000000000e+00   2.41206030150754e-01 
  4.46966587302598e-01   6.45817618138641e-01   0.00000000000000e+00   2.46231155778894e-01 
  4.56661535468016e-01   6.57369909222946e-01   0.00000000000000e+00   2.51256281407035e-01 
  4.66394225166061e-01   6.68813675208256e-01   0.00000000000000e+00   2.56281407035176e-01 
  4.76165719348559e-01   6.80145510254246e-01   0.00000000000000e+00   2.61306532663317e-01 
  4.85977080967335e-01   6.91362008520592e-01   0.00000000000000e+00   2.66331658291457e-01 
  4.95829372974215e-01   7.02459764166971e-01   0.00000000000000e+00   2.71356783919598e-01 
  5.05723658321023e-01   7.13435371353057e-01   0.00000000000000e+00   2.76381909547739e-01 
  5.15660999961415e-01   7.24285424220153e-01   0.00000000000000e+00   2.81407035175879e-01 
  5.25642474883232e-01   7.35006376027762e-01   0.00000000000000e+00   2.86432160804020e-01 
  5.35669207922471e-01   7.45594199712832e-01   0.00000000000000e+00   2.91457286432161e-01 
  5.45742334103388e-01   7.56044765937763e-01   0.00000000000000e+00   2.96482412060302e-01 
  5.55862988450239e-01   7.66353945364956e-01   0.00000000000000e+00   3.01507537688442e-01 
  5.66032305987278e-01   7.76517608656811e-01   0.00000000000000e+00   3.06532663316583e-01 
  5.76251421737312e-01   7.86531626456249e-01   0.00000000000000e+00   3.11557788944724e-01 
  5.86521457753858e-01   7.96391695014597e-01   0.00000000000000e+00   3.16582914572864e-01 
  5.96843491499667e-01   8.06092910993177e-01   0.00000000000000e+00   3.21608040201005e-01 
  6.07218590861634e-01   8.15630242291606e-01   0.00000000000000e+00   3.26633165829146e-01 
  6.17647823726660e-01   8.24998656809499e-01   0.00000000000000e+00   3.31658291457286e-01 
  6.28132257981641e-01   8.34193122446472e-01   0.00000000000000e+00   3.36683417085427e-01 
  6.38672961513478e-01   8.43208607102141e-01   0.00000000000000e+00   3.41708542713568e-01 
  6.49271002209067e-01   8.52040078676122e-01   0.00000000000000e+00   3.46733668341709e-01 
  6.59927445592456e-01   8.60682498268027e-01   0.00000000000000e+00   3.51758793969849e-01 
  6.70643197611359e-01   8.69130367735865e-01   0.00000000000000e+00   3.56783919597990e-01 
  6.81418906049645e-01   8.77377445972976e-01   0.00000000000000e+00   3.61809045226131e-01 
  6.92255195168878e-01   8.85417424178312e-01   0.00000000000000e+00   3.66834170854271e-01 
  7.03152689493243e-01   8.93243991292193e-01   0.00000000000000e+00   3.71859296482412e-01 
  7.14112018001680e-01   9.00850797942735e-01   0.00000000000000e+00   3.76884422110553e-01 
  7.25133813392547e-01   9.08231462769993e-01   0.00000000000000e+00   3.81909547738693e-01 
  7.36218708478254e-01   9.15379603433125e-01   0.00000000000000e+00   3.86934673366834e-01 
  7.47367193427022e-01   9.22288746891364e-01   0.00000000000000e+00   3.91959798994975e-01 
  7.58578983350353e-01   9.28951927286165e-01   0.00000000000000e+00   3.96984924623116e-01 
  7.69853531375320e-01   9.35362012176878e-01   0.00000000000000e+00   4.02010050251256e-01 
  7.81190290423404e-01   9.41511868992125e-01   0.00000000000000e+00   4.07035175879397e-01 
  7.92588713416086e-01   9.47394365160532e-01   0.00000000000000e+00   4.12060301507538e-01 
  8.04048236739350e-01   9.53002362995771e-01   0.00000000000000e+00   4.17085427135678e-01 
  8.15567966476691e-01   9.58328622638560e-01   0.00000000000000e+00   4.22110552763819e-01 
  8.27146704014717e-01   9.63365809977276e-01   0.00000000000000e+00   4.27135678391960e-01 
  8.38783239320512e-01   9.68106587380810e-01   0.00000000000000e+00   4.32160804020100e-01 
  8.50475993737229e-01   9.72543808549926e-01   0.00000000000000e+00   4.37185929648241e-01 
  8.62222065287370e-01   9.76671014046458e-01   0.00000000000000e+00   4.42211055276382e-01 
  8.74018255153069e-01   9.80481898505323e-01   0.00000000000000e+00   4.47236180904523e-01 
  8.85861364516463e-01   9.83970156561433e-01   0.00000000000000e+00   4.52261306532663e-01 
  8.97748194559687e-01   9.87129482849705e-01   0.00000000000000e+00   4.57286432160804e-01 
  9.09675546464876e-01   9.89953572005054e-01   0.00000000000000e+00   4.62311557788945e-01 
  9.21640218554661e-01   9.92436124128806e-01   0.00000000000000e+00   4.67336683417085e-01 
  9.33638443160288e-01   9.94571921307841e-01   0.00000000000000e+00   4.72361809045226e-01 
  9.45665209015543e-01   9.96358122969961e-01   0.00000000000000e+00   4.77386934673367e-01 
  9.57715339523928e-01   9.97792204598978e-01   0.00000000000000e+00   4.82412060301508e-01 
  9.69783658088946e-01   9.98871641678699e-01   0.00000000000000e+00   4.87437185929648e-01 
  9.81864988114099e-01   9.99593909692937e-01   0.00000000000000e+00   4.92462311557789e-01 
  9.93954153002890e-01   9.99956484125500e-01   0.00000000000000e+00   4.97487437185930e-01 
  1.00604597391854e+00   9.99956941450557e-01   0.00000000000000e+00   5.02512562814070e-01 
  1.01813522049771e+00   9.99595180920496e-01   0.00000000000000e+00   5.07537688442211e-01 
  1.03021661085053e+00   9.98873424565931e-01   0.00000000000000e+00   5.12562814070352e-01 
  1.04228486084683e+00   9.97793995407831e-01   0.00000000000000e+00   5.17587939698492e-01 
  1.05433468635645e+00   9.96359216467167e-01   0.00000000000000e+00   5.22613065326633e-01 
  1.06636082418521e+00   9.94571451772523e-01   0.00000000000000e+00   5.27638190954774e-01 
  1.07835854626832e+00   9.92434113518272e-01   0.00000000000000e+00   5.32663316582915e-01 
  1.09032369126009e+00   9.89951723939795e-01   0.00000000000000e+00   5.37688442211055e-01 
  1.10225212519933e+00   9.87128858983126e-01   0.00000000000000e+00   5.42713567839196e-01 
  1.11413986562015e+00   9.83970479599088e-01   0.00000000000000e+00   5.47738693467337e-01 
  1.12598337616281e+00   9.80482680456746e-01   0.00000000000000e+00   5.52763819095477e-01 
  1.13777920217284e+00   9.76671763867893e-01   0.00000000000000e+00   5.57788944723618e-01 
  1.14952398267581e+00   9.72544069353663e-01   0.00000000000000e+00   5.62814070351759e-01 
  1.16121536076999e+00   9.68106335248642e-01   0.00000000000000e+00   5.67839195979900e-01 
  1.17285158915739e+00   9.63365542019474e-01   0.00000000000000e+00   5.72864321608040e-01 
  1.18443092911450e+00   9.58328673538558e-01   0.00000000000000e+00   5.77889447236181e-01 
  1.19595164191783e+00   9.53002713678288e-01   0.00000000000000e+00   5.82914572864322e-01 
  1.20741200901569e+00   9.47394655059913e-01   0.00000000000000e+00   5.87939698492462e-01 
  1.21881085081891e+00   9.41511724061795e-01   0.00000000000000e+00   5.92964824120603e-01 
  1.23014757199334e+00   9.35361400463505e-01   0.00000000000000e+00   5.97989949748744e-01 
  1.24142160645358e+00   9.28951176730305e-01   0.00000000000000e+00   6.03015075376884e-01 
  1.25263248864648e+00   9.22288423743041e-01   0.00000000000000e+00   6.08040201005025e-01 
  1.26378028282056e+00   9.15379871636701e-01   0.00000000000000e+00   6.13065326633166e-01 
  1.27486522712288e+00   9.08232040232111e-01   0.00000000000000e+00   6.18090452261307e-01 
  1.28588755980309e+00   9.00851449226021e-01   0.00000000000000e+00   6.23115577889447e-01 
  1.29684751911087e+00   8.93244618315183e-01   0.00000000000000e+00   6.28140703517588e-01 
  1.30774535141275e+00   8.85418061439274e-01   0.00000000000000e+00   6.33165829145729e-01 
  1.31858156777707e+00   8.77378104792577e-01   0.00000000000000e+00   6.38190954773869e-01 
  1.32935699630624e+00   8.69130849706186e-01   0.00000000000000e+00   6.43216080402010e-01 
  1.34007248379292e+00   8.60682384254738e-01   0.00000000000000e+00   6.48241206030151e-01 
  1.35072887702977e+00   8.52038796512872e-01   0.00000000000000e+00   6.53266331658292e-01 
  1.36132702280944e+00   8.43206174555226e-01   0.00000000000000e+00   6.58291457286432e-01 
  1.37186778810090e+00   8.34190491005327e-01   0.00000000000000e+00   6.63316582914573e-01 
  1.38235219950991e+00   8.24996805026310e-01   0.00000000000000e+00   6.68341708542714e-01 
  1.39278135952692e+00   8.15629741560491e-01   0.00000000000000e+00   6.73366834170854e-01 
  1.40315637110369e+00   8.06093922910529e-01   0.00000000000000e+00   6.78391959798995e-01 
  1.41347833719196e+00   7.96393971379082e-01   0.00000000000000e+00   6.83417085427136e-01 
  1.42374836074349e+00   7.86534509268807e-01   0.00000000000000e+00   6.88442211055276e-01 
  1.43396754471002e+00   7.76520158882363e-01   0.00000000000000e+00   6.93467336683417e-01 
  1.44413699204332e+00   7.66355542522408e-01   0.00000000000000e+00   6.98492462311558e-01 
  1.45425780569512e+00   7.56045282491598e-01   0.00000000000000e+00   7.03517587939699e-01 
  1.46433108861719e+00   7.45594001092593e-01   0.00000000000000e+00   7.08542713567839e-01 
  1.47435794244476e+00   7.35006152858578e-01   0.00000000000000e+00   7.13567839195980e-01 
  1.48433946298638e+00   7.24285449801211e-01   0.00000000000000e+00   7.18592964824121e-01 
  1.49427674443918e+00   7.13435398579439e-01   0.00000000000000e+00   7.23618090452261e-01 
  1.50417088100021e+00   7.02459505845094e-01   0.00000000000000e+00   7.28643216080402e-01 
  1.51402296686655e+00   6.91361278250007e-01   0.00000000000000e+00   7.33668341708543e-01 
  1.52383409623525e+00   6.80144222446009e-01   0.00000000000000e+00   7.38693467336683e-01 
  1.53360536330338e+00   6.68811845084932e-01   0.00000000000000e+00   7.43718592964824e-01 
  1.54333786226801e+00   6.57367652818606e-01   0.00000000000000e+00   7.48743718592965e-01 
  1.55303268732619e+00   6.45815152298864e-01   0.00000000000000e+00   7.53768844221106e-01 
  1.56269093267500e+00   6.34157850177537e-01   0.00000000000000e+00   7.58793969849246e-01 
  1.57231368198050e+00   6.22399204563658e-01   0.00000000000000e+00   7.63819095477387e-01 
  1.58190190639171e+00   6.10542154916816e-01   0.00000000000000e+00   7.68844221105528e-01 
  1.59145650890859e+00   5.98589326562212e-01   0.00000000000000e+00   7.73869346733668e-01 
  1.60097839157916e+00   5.86543340437124e-01   0.00000000000000e+00   7.78894472361809e-01 
  1.61046845645146e+00   5.74406817478831e-01   0.00000000000000e+00   7.83919597989950e-01 
  1.61992760557350e+00   5.62182378624613e-01   0.00000000000000e+00   7.88944723618090e-01 
  1.62935674099331e+00   5.49872644811748e-01   0.00000000000000e+00   7.93969849246231e-01 
  1.63875676475892e+00   5.37480236977514e-01   0.00000000000000e+00   7.98994974874372e-01 
  1.64812857891835e+00   5.25007776059190e-01   0.00000000000000e+00   8.04020100502513e-01 
  1.65747308551963e+00   5.12457882994056e-01   0.00000000000000e+00   8.09045226130653e-01 
  1.66679118661079e+00   4.99833178719391e-01   0.00000000000000e+00   8.14070351758794e-01 
  1.67608378423985e+00   4.87136284172472e-01   0.00000000000000e+00   8.19095477386935e-01 
  1.68535178045484e+00   4.74369820290580e-01   0.00000000000000e+00   8.24120603015075e-01 
  1.69459606372420e+00   4.61536361217348e-01   0.00000000000000e+00   8.29145728643216e-01 
  1.70381743258171e+00   4.48638171192314e-01   0.00000000000000e+00   8.34170854271357e-01 
  1.71301664899897e+00   4.35677388466070e-01   0.00000000000000e+00   8.39195979899497e-01 
  1.72219447484175e+00   4.22656150924536e-01   0.00000000000000e+00   8.44221105527638e-01 
  1.73135167197581e+00   4.09576596453632e-01   0.00000000000000e+00   8.49246231155779e-01 
  1.74048900226694e+00   3.96440862939278e-01   0.00000000000000e+00   8.54271356783920e-01 
  1.74960722758090e+00   3.83251088267391e-01   0.00000000000000e+00   8.59296482412060e-01 
  1.75870710978345e+00   3.70009410323894e-01   0.00000000000000e+00   8.64321608040201e-01 
  1.76778941074036e+00   3.56717966994703e-01   0.00000000000000e+00   8.69346733668342e-01 
  1.77685489231742e+00   3.43378896165740e-01   0.00000000000000e+00   8.74371859296482e-01 
  1.78590431638037e+00   3.29994335722924e-01   0.00000000000000e+00   8.79396984924623e-01 
  1.79493843580861e+00   3.16566399626319e-01   0.00000000000000e+00   8.84422110552764e-01 
  1.80395793276480e+00   3.03097013556154e-01   0.00000000000000e+00   8.89447236180904e-01 
  1.81296345595106e+00   2.89588014105477e-01   0.00000000000000e+00   8.94472361809045e-01 
  1.82195565386993e+00   2.76041237335982e-01   0.00000000000000e+00   8.99497487437186e-01 
  1.83093517502393e+00   2.62458519309361e-01   0.00000000000000e+00   9.04522613065327e-01 
  1.83990266791561e+00   2.48841696087305e-01   0.00000000000000e+00   9.09547738693467e-01 
  1.84885878104751e+00   2.35192603731507e-01   0.00000000000000e+00   9.14572864321608e-01 
  1.85780416292216e+00   2.21513078303658e-01   0.00000000000000e+00   9.19597989949749e-01 
  1.86673946204209e+00   2.07804955865451e-01   0.00000000000000e+00   9.24623115577889e-01 
  1.87566532690984e+00   1.94070072478579e-01   0.00000000000000e+00   9.29648241206030e-01 
  1.88458240602795e+00   1.80310264204732e-01   0.00000000000000e+00   9.34673366834171e-01 
  1.89349134789896e+00   1.66527367105604e-01   0.00000000000000e+00   9.39698492462312e-01 
  1.90239280102539e+00   1.52723217242885e-01   0.00000000000000e+00   9.44723618090452e-01 
  1.91128741390980e+00   1.38899650678269e-01   0.00000000000000e+00   9.49748743718593e-01 
  1.92017583505470e+00   1.25058503473448e-01   0.00000000000000e+00   9.54773869346734e-01 
  1.92905871296265e+00   1.11201611690113e-01   0.00000000000000e+00   9.59798994974874e-01 
  1.93793669613617e+00   9.73308113899567e-02   0.00000000000000e+00   9.64824120603015e-01 
  1.94681043307781e+00   8.34479386346711e-02   0.00000000000000e+00   9.69849246231156e-01 
  1.95568057229009e+00   6.95548294859482e-02   0.00000000000000e+00   9.74874371859296e-01 
  1.96454776227556e+00   5.56533200054803e-02   0.00000000000000e+00   9.79899497487437e-01 
  1.97341265153675e+00   4.17452462549594e-02   0.00000000000000e+00   9.84924623115578e-01 
  1.98227588857619e+00   2.78324442960776e-02   0.00000000000000e+00   9.89949748743719e-01 
  1.99113812189643e+00   1.39167501905273e-02   0.00000000000000e+00   9.94974874371859e-01 
  2.00000000000000e+00   0.00000000000000e+00   0.00000000000000e+00   1.00000000000000e+00 
