  0.00000000000000e+00   0.00000000000000e+00   0.00000000000000e+00   0.00000000000000e+00 
  9.07431938087398e-03   1.23536523479970e-02   0.00000000000000e+00   5.02512562814070e-03 
  1.81285386123580e-02   2.48401378914351e-02   0.00000000000000e+00   1.00502512562814e-02 
  2.71639941469816e-02   3.74536786863519e-02   0.00000000000000e+00   1.50753768844221e-02 
  3.61820224372742e-02   5.01884967887849e-02   0.00000000000000e+00   2.01005025125628e-02 
  4.51839599357653e-02   6.30388142547717e-02   0.00000000000000e+00   2.51256281407035e-02 
  5.41711430949844e-02   7.59988531403499e-02   0.00000000000000e+00   3.01507537688442e-02 
  6.31449083674609e-02   8.90628355015573e-02   0.00000000000000e+00   3.51758793969849e-02 
  7.21065922057243e-02   1.02224983394431e-01   0.00000000000000e+00   4.02010050251256e-02 
  8.10575310623041e-02   1.15479518875009e-01   0.00000000000000e+00   4.52261306532663e-02 
  8.99990613897298e-02   1.28820663999330e-01   0.00000000000000e+00   5.02512562814070e-02 
  9.89325196405308e-02   1.42242640823429e-01   0.00000000000000e+00   5.52763819095477e-02 
  1.07859242267237e-01   1.55739671403346e-01   0.00000000000000e+00   6.03015075376884e-02 
  1.16780565722377e-01   1.69305977795117e-01   0.00000000000000e+00   6.53266331658292e-02 
  1.25697826458481e-01   1.82935782054780e-01   0.00000000000000e+00   7.03517587939698e-02 
  1.34612360928078e-01   1.96623306238374e-01   0.00000000000000e+00   7.53768844221106e-02 
  1.43525505583698e-01   2.10362772401934e-01   0.00000000000000e+00   8.04020100502513e-02 
  1.52438596877870e-01   2.24148402601500e-01   0.00000000000000e+00   8.54271356783920e-02 
  1.61352971263124e-01   2.37974418893109e-01   0.00000000000000e+00   9.04522613065327e-02 
  1.70269965191989e-01   2.51835043332797e-01   0.00000000000000e+00   9.54773869346734e-02 
  1.79190915116994e-01   2.65724497976604e-01   0.00000000000000e+00   1.00502512562814e-01 
  1.88117157490670e-01   2.79637004880566e-01   0.00000000000000e+00   1.05527638190955e-01 
  1.97050028765545e-01   2.93566786100721e-01   0.00000000000000e+00   1.10552763819095e-01 
  2.05990865394150e-01   3.07508063693107e-01   0.00000000000000e+00   1.15577889447236e-01 
  2.14941003829012e-01   3.21455059713761e-01   0.00000000000000e+00   1.20603015075377e-01 
  2.23901780522663e-01   3.35401996218721e-01   0.00000000000000e+00   1.25628140703518e-01 
  2.32874531927632e-01   3.49343095264024e-01   0.00000000000000e+00   1.30653266331658e-01 
  2.41860594496447e-01   3.63272578905708e-01   0.00000000000000e+00   1.35678391959799e-01 
  2.50861304681639e-01   3.77184669199811e-01   0.00000000000000e+00   1.40703517587940e-01 
  2.59877998935736e-01   3.91073588202371e-01   0.00000000000000e+00   1.45728643216080e-01 
  2.68912013711269e-01   4.04933557969424e-01   0.00000000000000e+00   1.50753768844221e-01 
  2.77964685460767e-01   4.18758800557008e-01   0.00000000000000e+00   1.55778894472362e-01 
  2.87037350636760e-01   4.32543538021162e-01   0.00000000000000e+00   1.60804020100503e-01 
  2.96131345691776e-01   4.46281992417922e-01   0.00000000000000e+00   1.65829145728643e-01 
  3.05248007078345e-01   4.59968385803327e-01   0.00000000000000e+00   1.70854271356784e-01 
  3.14388671248997e-01   4.73596940233413e-01   0.00000000000000e+00   1.75879396984925e-01 
  3.23554674656262e-01   4.87161877764219e-01   0.00000000000000e+00   1.80904522613065e-01 
  3.32747353752668e-01   5.00657420451782e-01   0.00000000000000e+00   1.85929648241206e-01 
  3.41968044990745e-01   5.14077790352140e-01   0.00000000000000e+00   1.90954773869347e-01 
  3.51218084823023e-01   5.27417209521330e-01   0.00000000000000e+00   1.95979899497487e-01 
  3.60498809702031e-01   5.40669900015389e-01   0.00000000000000e+00   2.01005025125628e-01 
  3.69811556080299e-01   5.53830083890356e-01   0.00000000000000e+00   2.06030150753769e-01 
  3.79157660410356e-01   5.66891983202268e-01   0.00000000000000e+00   2.11055276381910e-01 
  3.88538459144732e-01   5.79849820007164e-01   0.00000000000000e+00   2.16080402010050e-01 
  3.97955288735955e-01   5.92697816361079e-01   0.00000000000000e+00   2.21105527638191e-01 
  4.07409485636556e-01   6.05430194320052e-01   0.00000000000000e+00   2.26130653266332e-01 
  4.16902386299064e-01   6.18041175940120e-01   0.00000000000000e+00   2.31155778894472e-01 
  4.26435327176009e-01   6.30524983277322e-01   0.00000000000000e+00   2.36180904522613e-01 
  4.36009644719919e-01   6.42875838387694e-01   0.00000000000000e+00   2.41206030150754e-01 
  4.45626675383325e-01   6.55087963327274e-01   0.00000000000000e+00   2.46231155778894e-01 
  4.55287755618756e-01   6.67155580152101e-01   0.00000000000000e+00   2.51256281407035e-01 
  4.64994221878741e-01   6.79072910918210e-01   0.00000000000000e+00   2.56281407035176e-01 
  4.74747410615811e-01   6.90834177681641e-01   0.00000000000000e+00   2.61306532663317e-01 
  4.84548658282493e-01   7.02433602498431e-01   0.00000000000000e+00   2.66331658291457e-01 
  4.94399301331318e-01   7.13865407424617e-01   0.00000000000000e+00   2.71356783919598e-01 
  5.04300676214816e-01   7.25123814516236e-01   0.00000000000000e+00   2.76381909547739e-01 
  5.14254119385515e-01   7.36203045829327e-01   0.00000000000000e+00   2.81407035175879e-01 
  5.24260967295946e-01   7.47097323419928e-01   0.00000000000000e+00   2.86432160804020e-01 
  5.34322556398637e-01   7.57800869344074e-01   0.00000000000000e+00   2.91457286432161e-01 
  5.44440223146119e-01   7.68307905657806e-01   0.00000000000000e+00   2.96482412060302e-01 
  5.54615303990920e-01   7.78612654417159e-01   0.00000000000000e+00   3.01507537688442e-01 
  5.64849135385570e-01   7.88709337678171e-01   0.00000000000000e+00   3.06532663316583e-01 
  5.75143053782599e-01   7.98592177496881e-01   0.00000000000000e+00   3.11557788944724e-01 
  5.85498395634537e-01   8.08255395929325e-01   0.00000000000000e+00   3.16582914572864e-01 
  5.95916497393911e-01   8.17693215031541e-01   0.00000000000000e+00   3.21608040201005e-01 
  6.06398695513253e-01   8.26899856859568e-01   0.00000000000000e+00   3.26633165829146e-01 
  6.16946326445091e-01   8.35869543469442e-01   0.00000000000000e+00   3.31658291457286e-01 
  6.27560726641956e-01   8.44596496917201e-01   0.00000000000000e+00   3.36683417085427e-01 
  6.38243232556375e-01   8.53074939258882e-01   0.00000000000000e+00   3.41708542713568e-01 
  6.48995180640880e-01   8.61299092550524e-01   0.00000000000000e+00   3.46733668341709e-01 
  6.59817749671808e-01   8.69263416830406e-01   0.00000000000000e+00   3.51758793969849e-01 
  6.70710041815826e-01   8.76965506384435e-01   0.00000000000000e+00   3.56783919597990e-01 
  6.81669693932159e-01   8.84405167101605e-01   0.00000000000000e+00   3.61809045226131e-01 
  6.92694312142775e-01   8.91582251262959e-01   0.00000000000000e+00   3.66834170854271e-01 
  7.03781502569644e-01   8.98496611149538e-01   0.00000000000000e+00   3.71859296482412e-01 
  7.14928871334733e-01   9.05148099042386e-01   0.00000000000000e+00   3.76884422110553e-01 
  7.26134024560012e-01   9.11536567222545e-01   0.00000000000000e+00   3.81909547738693e-01 
  7.37394568367449e-01   9.17661867971056e-01   0.00000000000000e+00   3.86934673366834e-01 
  7.48708108879012e-01   9.23523853568962e-01   0.00000000000000e+00   3.91959798994975e-01 
  7.60072252216670e-01   9.29122376297307e-01   0.00000000000000e+00   3.96984924623116e-01 
  7.71484604502392e-01   9.34457288437131e-01   0.00000000000000e+00   4.02010050251256e-01 
  7.82942771858146e-01   9.39528442269477e-01   0.00000000000000e+00   4.07035175879397e-01 
  7.94444360405900e-01   9.44335690075388e-01   0.00000000000000e+00   4.12060301507538e-01 
  8.05986976267625e-01   9.48878884135906e-01   0.00000000000000e+00   4.17085427135678e-01 
  8.17568225565286e-01   9.53157876732073e-01   0.00000000000000e+00   4.22110552763819e-01 
  8.29185714420855e-01   9.57172520144932e-01   0.00000000000000e+00   4.27135678391960e-01 
  8.40837048956299e-01   9.60922666655524e-01   0.00000000000000e+00   4.32160804020100e-01 
  8.52519835293586e-01   9.64408168544893e-01   0.00000000000000e+00   4.37185929648241e-01 
  8.64231679554685e-01   9.67628878094081e-01   0.00000000000000e+00   4.42211055276382e-01 
  8.75970187861565e-01   9.70584647584129e-01   0.00000000000000e+00   4.47236180904523e-01 
  8.87732966336194e-01   9.73275329296081e-01   0.00000000000000e+00   4.52261306532663e-01 
  8.99517621100541e-01   9.75700775510978e-01   0.00000000000000e+00   4.57286432160804e-01 
  9.11321758276575e-01   9.77860838509863e-01   0.00000000000000e+00   4.62311557788945e-01 
  9.23142983986264e-01   9.79755370573779e-01   0.00000000000000e+00   4.67336683417085e-01 
  9.34978904351576e-01   9.81384223983767e-01   0.00000000000000e+00   4.72361809045226e-01 
  9.46827125494481e-01   9.82747251020870e-01   0.00000000000000e+00   4.77386934673367e-01 
  9.58685253536946e-01   9.83844303966130e-01   0.00000000000000e+00   4.82412060301508e-01 
  9.70550894600940e-01   9.84675235100590e-01   0.00000000000000e+00   4.87437185929648e-01 
  9.82421654808432e-01   9.85239896705292e-01   0.00000000000000e+00   4.92462311557789e-01 
  9.94295140281391e-01   9.85538141061278e-01   0.00000000000000e+00   4.97487437185930e-01 
  1.00616895714178e+00   9.85569820449591e-01   0.00000000000000e+00   5.02512562814070e-01 
  1.01804071151158e+00   9.85334787151272e-01   0.00000000000000e+00   5.07537688442211e-01 
  1.02990800951275e+00   9.84832893447365e-01   0.00000000000000e+00   5.12562814070352e-01 
  1.04176845726726e+00   9.84063991618912e-01   0.00000000000000e+00   5.17587939698492e-01 
  1.05361966089708e+00   9.83027933946954e-01   0.00000000000000e+00   5.22613065326633e-01 
  1.06545922652418e+00   9.81724572712535e-01   0.00000000000000e+00   5.27638190954774e-01 
  1.07728476027052e+00   9.80153760196696e-01   0.00000000000000e+00   5.32663316582915e-01 
  1.08909386825808e+00   9.78315348680481e-01   0.00000000000000e+00   5.37688442211055e-01 
  1.10088415660882e+00   9.76209190444930e-01   0.00000000000000e+00   5.42713567839196e-01 
  1.11265323144472e+00   9.73835137771088e-01   0.00000000000000e+00   5.47738693467337e-01 
  1.12439869888773e+00   9.71193042939995e-01   0.00000000000000e+00   5.52763819095477e-01 
  1.13611816505984e+00   9.68282758232694e-01   0.00000000000000e+00   5.57788944723618e-01 
  1.14780923608300e+00   9.65104135930228e-01   0.00000000000000e+00   5.62814070351759e-01 
  1.15946951807919e+00   9.61657028313639e-01   0.00000000000000e+00   5.67839195979900e-01 
  1.17109661717037e+00   9.57941287663970e-01   0.00000000000000e+00   5.72864321608040e-01 
  1.18268813947852e+00   9.53956766262261e-01   0.00000000000000e+00   5.77889447236181e-01 
  1.19424169112560e+00   9.49703316389557e-01   0.00000000000000e+00   5.82914572864322e-01 
  1.20575487823358e+00   9.45180790326900e-01   0.00000000000000e+00   5.87939698492462e-01 
  1.21722530692443e+00   9.40389040355330e-01   0.00000000000000e+00   5.92964824120603e-01 
  1.22865058332011e+00   9.35327918755892e-01   0.00000000000000e+00   5.97989949748744e-01 
  1.24002831354261e+00   9.29997277809627e-01   0.00000000000000e+00   6.03015075376884e-01 
  1.25135610371388e+00   9.24396969797578e-01   0.00000000000000e+00   6.08040201005025e-01 
  1.26263155995589e+00   9.18526847000787e-01   0.00000000000000e+00   6.13065326633166e-01 
  1.27385228839061e+00   9.12386761700296e-01   0.00000000000000e+00   6.18090452261307e-01 
  1.28501589514002e+00   9.05976566177147e-01   0.00000000000000e+00   6.23115577889447e-01 
  1.29611998632607e+00   8.99296112712384e-01   0.00000000000000e+00   6.28140703517588e-01 
  1.30716216807074e+00   8.92345253587048e-01   0.00000000000000e+00   6.33165829145729e-01 
  1.31814004649600e+00   8.85123841082181e-01   0.00000000000000e+00   6.38190954773869e-01 
  1.32905123752345e+00   8.77631743631441e-01   0.00000000000000e+00   6.43216080402010e-01 
  1.33989449398433e+00   8.69870703621740e-01   0.00000000000000e+00   6.48241206030151e-01 
  1.35067075096104e+00   8.61846060415996e-01   0.00000000000000e+00   6.53266331658292e-01 
  1.36138119069961e+00   8.53563560773709e-01   0.00000000000000e+00   6.58291457286432e-01 
  1.37202699544606e+00   8.45028951454377e-01   0.00000000000000e+00   6.63316582914573e-01 
  1.38260934744644e+00   8.36247979217503e-01   0.00000000000000e+00   6.68341708542714e-01 
  1.39312942894677e+00   8.27226390822585e-01   0.00000000000000e+00   6.73366834170854e-01 
  1.40358842219308e+00   8.17969933029123e-01   0.00000000000000e+00   6.78391959798995e-01 
  1.41398750943141e+00   8.08484352596619e-01   0.00000000000000e+00   6.83417085427136e-01 
  1.42432787290778e+00   7.98775396284572e-01   0.00000000000000e+00   6.88442211055276e-01 
  1.43461069486823e+00   7.88848810852481e-01   0.00000000000000e+00   6.93467336683417e-01 
  1.44483715755879e+00   7.78710343059848e-01   0.00000000000000e+00   6.98492462311558e-01 
  1.45500844322550e+00   7.68365739666171e-01   0.00000000000000e+00   7.03517587939699e-01 
  1.46512573411437e+00   7.57820747430952e-01   0.00000000000000e+00   7.08542713567839e-01 
  1.47519021247145e+00   7.47081113113689e-01   0.00000000000000e+00   7.13567839195980e-01 
  1.48520306054276e+00   7.36152583473884e-01   0.00000000000000e+00   7.18592964824121e-01 
  1.49516546057434e+00   7.25040905271036e-01   0.00000000000000e+00   7.23618090452261e-01 
  1.50507859481221e+00   7.13751825264645e-01   0.00000000000000e+00   7.28643216080402e-01 
  1.51494364550242e+00   7.02291090214212e-01   0.00000000000000e+00   7.33668341708543e-01 
  1.52476179489099e+00   6.90664446879236e-01   0.00000000000000e+00   7.38693467336683e-01 
  1.53453422522394e+00   6.78877642019217e-01   0.00000000000000e+00   7.43718592964824e-01 
  1.54426211874732e+00   6.66936422393655e-01   0.00000000000000e+00   7.48743718592965e-01 
  1.55394665770716e+00   6.54846534762052e-01   0.00000000000000e+00   7.53768844221106e-01 
  1.56358902434948e+00   6.42613725883906e-01   0.00000000000000e+00   7.58793969849246e-01 
  1.57319040092032e+00   6.30243742518717e-01   0.00000000000000e+00   7.63819095477387e-01 
  1.58275196966571e+00   6.17742331425986e-01   0.00000000000000e+00   7.68844221105528e-01 
  1.59227491283168e+00   6.05115239365213e-01   0.00000000000000e+00   7.73869346733668e-01 
  1.60176041266426e+00   5.92368213095898e-01   0.00000000000000e+00   7.78894472361809e-01 
  1.61120965140948e+00   5.79506999377540e-01   0.00000000000000e+00   7.83919597989950e-01 
  1.62062381131338e+00   5.66537344969641e-01   0.00000000000000e+00   7.88944723618090e-01 
  1.63000407462198e+00   5.53464996631699e-01   0.00000000000000e+00   7.93969849246231e-01 
  1.63935162358132e+00   5.40295701123215e-01   0.00000000000000e+00   7.98994974874372e-01 
  1.64866764043743e+00   5.27035205203690e-01   0.00000000000000e+00   8.04020100502513e-01 
  1.65795330743634e+00   5.13689255632622e-01   0.00000000000000e+00   8.09045226130653e-01 
  1.66720980682408e+00   5.00263599169513e-01   0.00000000000000e+00   8.14070351758794e-01 
  1.67643832084669e+00   4.86763982573862e-01   0.00000000000000e+00   8.19095477386935e-01 
  1.68564003175019e+00   4.73196152605168e-01   0.00000000000000e+00   8.24120603015075e-01 
  1.69481612178061e+00   4.59565856022934e-01   0.00000000000000e+00   8.29145728643216e-01 
  1.70396777318399e+00   4.45878839586657e-01   0.00000000000000e+00   8.34170854271357e-01 
  1.71309616820636e+00   4.32140850055839e-01   0.00000000000000e+00   8.39195979899497e-01 
  1.72220248909375e+00   4.18357634189980e-01   0.00000000000000e+00   8.44221105527638e-01 
  1.73128791809219e+00   4.04534938748579e-01   0.00000000000000e+00   8.49246231155779e-01 
  1.74035363744771e+00   3.90678510491136e-01   0.00000000000000e+00   8.54271356783920e-01 
  1.74940082940635e+00   3.76794096177152e-01   0.00000000000000e+00   8.59296482412060e-01 
  1.75843067621413e+00   3.62887442566127e-01   0.00000000000000e+00   8.64321608040201e-01 
  1.76744436011709e+00   3.48964296417560e-01   0.00000000000000e+00   8.69346733668342e-01 
  1.77644306336126e+00   3.35030404490952e-01   0.00000000000000e+00   8.74371859296482e-01 
  1.78542796819267e+00   3.21091513545803e-01   0.00000000000000e+00   8.79396984924623e-01 
  1.79440025685735e+00   3.07153370341613e-01   0.00000000000000e+00   8.84422110552764e-01 
  1.80336111160133e+00   2.93221721637882e-01   0.00000000000000e+00   8.89447236180904e-01 
  1.81231171467065e+00   2.79302314194110e-01   0.00000000000000e+00   8.94472361809045e-01 
  1.82125324831133e+00   2.65400894769796e-01   0.00000000000000e+00   8.99497487437186e-01 
  1.83018689476940e+00   2.51523210124442e-01   0.00000000000000e+00   9.04522613065327e-01 
  1.83911383629091e+00   2.37675007017547e-01   0.00000000000000e+00   9.09547738693467e-01 
  1.84803525512187e+00   2.23862032208611e-01   0.00000000000000e+00   9.14572864321608e-01 
  1.85695233350833e+00   2.10090032457134e-01   0.00000000000000e+00   9.19597989949749e-01 
  1.86586625369631e+00   1.96364754522617e-01   0.00000000000000e+00   9.24623115577889e-01 
  1.87477819793184e+00   1.82691945164558e-01   0.00000000000000e+00   9.29648241206030e-01 
  1.88368934846095e+00   1.69077351142459e-01   0.00000000000000e+00   9.34673366834171e-01 
  1.89260088752969e+00   1.55526719215820e-01   0.00000000000000e+00   9.39698492462312e-01 
  1.90151399738407e+00   1.42045796144140e-01   0.00000000000000e+00   9.44723618090452e-01 
  1.91042986027013e+00   1.28640328686920e-01   0.00000000000000e+00   9.49748743718593e-01 
  1.91934965843390e+00   1.15316063603659e-01   0.00000000000000e+00   9.54773869346734e-01 
  1.92827457412141e+00   1.02078747653857e-01   0.00000000000000e+00   9.59798994974874e-01 
  1.93720578957870e+00   8.89341275970161e-02   0.00000000000000e+00   9.64824120603015e-01 
  1.94614448705179e+00   7.58879501926342e-02   0.00000000000000e+00   9.69849246231156e-01 
  1.95509184878672e+00   6.29459622002120e-02   0.00000000000000e+00   9.74874371859296e-01 
  1.96404905702951e+00   5.01139103792497e-02   0.00000000000000e+00   9.79899497487437e-01 
  1.97301729402621e+00   3.73975414892473e-02   0.00000000000000e+00   9.84924623115578e-01 
  1.98199774202283e+00   2.48026022897048e-02   0.00000000000000e+00   9.89949748743719e-01 
  1.99099158326542e+00   1.23348395401225e-02   0.00000000000000e+00   9.94974874371859e-01 
  2.00000000000000e+00   0.00000000000000e+00   0.00000000000000e+00   1.00000000000000e+00 
