5758.10529688052	-1214.00257808632	-39.95001220703
1812.00016512194	-1193.56247404862	-39.47112099186
1812.00016512194	-1164.03291114408	-40.30181242069
1812.00016512194	-1130.20592473158	-39.91568963898
1812.00016512194	-1112.69343201975	-38.87776413268
1812.00016512194	-1099.23145332758	-40.72305565699
1812.00016512194	-1085.86797866069	-36.29744823450
1812.00016512194	-1072.09401892928	-42.76638329434
1812.00016512194	-1059.01916844069	-29.51881182269
1812.00016512194	-1047.94227973002	-31.87855153106
1812.00016512194	-1032.81420280914	-41.02076871406
1812.00016512194	-1016.44256406456	-38.32379754723
1812.00016512194	-1003.48897399417	-37.54133417925
1812.00016512194	-982.70666142030	-45.51633110638
1812.00016512194	-972.90252350360	-12.92503229558
1812.00016512194	-953.99778367649	-8.33963359996
1812.00016512194	-938.78828374432	-14.52719703727
1812.00016512194	-920.92790646950	-9.82581804360
1812.00016512194	-898.29949506041	-10.04554606720
1812.00016512194	-873.50623595168	-10.82710365585
1812.00016512194	-851.81278486714	-5.72847697162
1812.00016512194	-833.45851056349	-12.22725794962
1812.00016512194	-817.66359210707	-12.41438803491
1812.00016512194	-801.71378291923	-15.15694211898
1812.00016512194	-786.58788413252	-13.57585702794
1812.00016512194	-747.37870644291	-13.76888152430
1812.00016512194	-708.03105686069	-15.76575545611
1812.00016512194	-668.36276010404	-10.78271463057
1812.00016512194	-649.93677824750	-12.08413586659
1812.00016512194	-634.33489194180	-4.34670875185
1812.00016512194	-613.41877872261	-10.10230778394
1812.00016512194	-601.10586807344	43.19113323229
1812.00016512194	-584.11837506712	30.88031148108
1812.00016512194	-571.80597777816	-10.99131019797
1812.00016512194	-551.19956646019	-8.15601245377
1812.00016512194	-535.16973837169	-11.11670286530
1812.00016512194	-515.70301300611	2.12875921296
1812.00016512194	-501.16912455693	16.64246892971
1812.00016512194	-487.42509126126	37.34085342767
1812.00016512194	-474.14382441795	31.88827394257
1812.00016512194	-462.81623218828	18.61465996272
1812.00016512194	-450.17470983976	8.18649986836
1812.00016512194	-434.23512959937	-2.27169177911
1812.00016512194	-418.19210977885	-8.33470318047
1812.00016512194	-403.64989303836	-7.27270235014
1812.00016512194	-386.47899991279	-8.16979365437
1812.00016512194	-368.38170426424	-10.52702807569
1812.00016512194	-334.19579171998	-10.65597637132
1812.00016512194	-299.75257491650	-11.88973669523
1812.00016512194	-264.47098422709	-10.44960737497
1812.00016512194	-217.79854247137	-11.65787089930
1812.00016512194	-182.18197965230	-10.50466294504
1812.00016512194	-145.16253426760	-8.58103154526
1812.00016512194	-133.79598581456	-8.70548728542
1812.00016512194	-115.27086019342	-7.63706448433
1812.00016512194	-95.20369387238	-7.93351068264
1812.00016512194	-75.77555575196	-9.05289902070
1812.00016512194	-54.93772824611	-7.10351789509
1812.00016512194	-34.14976012637	-8.47534783682
1812.00016512194	-11.12994694553	-7.60043824601
1812.00016512194	5.74987031441	-7.45450764235
1812.00016512194	23.98703943270	-10.38445977045
1812.00016512194	35.94348499259	-5.80439240840
1812.00016512194	51.12214028058	-8.18246669953
1812.00016512194	64.85621011684	-3.67045971664
1812.00016512194	79.51974826000	-7.52490545862
1812.00016512194	95.05631146876	-3.21413212565
1812.00016512194	107.32352739846	-5.99139151157
1812.00016512194	121.59618253952	-4.40871083626
1812.00016512194	139.09336357426	-6.41539111783
1812.00016512194	156.32412374866	-6.80431155011
1812.00016512194	181.04082744983	-5.53902689098
1812.00016512194	196.85995348540	-8.63196629833
1812.00016512194	218.02237438421	-8.44067319243
1812.00016512194	235.28323664104	-8.69971060926
1812.00016512194	262.16037926315	-9.02353015128
1812.00016512194	284.26354095398	-7.92966768144
1812.00016512194	312.69180782480	-8.97430556861
1812.00016512194	345.33120606747	-8.90541925897
1812.00016512194	380.39861236672	-9.80914236176
1812.00016512194	403.43042490532	-7.06622900347
1812.00016512194	422.15972667619	-9.97246202453
1812.00016512194	437.99518139800	-6.72457290753
1812.00016512194	451.35842331955	-9.68637676521
1812.00016512194	482.82775835626	-7.49063201663
1812.00016512194	519.64431690163	-8.77415967026
1812.00016512194	554.00027292673	-7.58822617934
1812.00016512194	562.77314837010	-9.58589515658
1812.00016512194	573.40036853300	-8.77663708156
1812.00016512194	579.95503004614	-9.66148815148
1812.00016512194	594.44105118369	-9.81582240082
1812.00016512194	608.06645998049	-8.22156057248
1812.00016512194	726.16884703732	-9.06444489401
1812.00016512194	877.94567078695	-11.06138109186
1812.00016512194	1079.61602624761	-9.78955985416
1812.00016512194	1225.60208703561	-11.00537065022
1812.00016512194	1320.51525543417	-11.13293871389
1812.00016512194	1366.13731408703	-12.23502887877
1812.00016512194	1378.17894554317	-11.28705136569
1812.00016512194	1388.09868127855	-13.85062408569
1812.00016512194	1399.86797778662	-10.64068550320
1812.00016512194	1411.69642497981	-11.81079560348
1812.00016512194	1424.74101443948	-12.15963727999
1812.00016512194	1448.23591370110	-12.75550086123
1812.00016512194	1474.09866842301	-10.89775672771
1812.00016512194	1498.24526536159	-12.79845407933
1812.00016512194	1527.48379891469	-12.81102709981
1812.00016512194	1598.38756732600	-12.12517422469
1812.00016512194	1670.54670093011	-12.63145132120
1812.00016512194	1724.11719240738	-12.52036981458
1812.00016512194	1730.88133512391	-13.38282365768
1812.00016512194	1740.19139296538	-12.15477888574
1812.00016512194	1751.26502919716	-14.73130966701
1812.00016512194	1765.91112863206	-12.16332861042
1812.00016512194	1783.47891616271	-12.05913042523
1812.00016512194	1810.80038530818	-13.05388062563
1812.00016512194	1850.09894384474	-12.72443232125
1812.00016512194	1901.95081572350	-12.81423479708
1812.00016512194	1946.54463095732	-13.60425174724
1812.00016512194	1972.00292003040	-12.57510970119
1812.00016512194	1989.04399550532	-13.90201624943
1812.00016512194	2004.16846530057	-13.34978051413
1812.00016512194	2017.31620441282	-13.35087030182
1812.00016512194	2028.45925008329	-15.19876785055
1812.00016512194	2040.01290064366	-12.07301260842
1812.00016512194	2051.87732404826	-17.15374567148
1812.00016512194	2061.44764218421	-10.91939593525
1812.00016512194	2079.42211431447	-15.27577362660
1812.00016512194	2097.63548207702	-12.14863746712
1812.00016512194	2116.65405801555	-13.55765014600
1812.00016512194	2135.99917810727	-14.02484947712
1812.00016512194	2162.71510103965	-14.09105358869
1812.00016512194	2207.34432426188	-13.47582988830
1812.00016512194	2265.48074650945	-15.19748149257
1812.00016512194	2314.94920201485	-12.34426423284
1812.00016512194	2345.39729166521	-14.24721554211
1812.00016512194	2351.93536851198	-11.96650755963
1812.00016512194	2360.69815842670	-14.79157950510
1812.00016512194	2378.54953916078	-13.09915778486
1812.00016512194	2405.23054315113	-14.08657213601
1812.00016512194	2433.31678138387	-13.34454255397
1812.00016512194	2459.58122061452	-14.00918085279
1812.00016512194	2487.52165762650	-13.10730230208
1812.00016512194	2512.12553622777	-14.43454767548
1812.00016512194	2529.82588080983	-11.42834000251
1812.00016512194	2541.93913246260	-12.40331952429
1812.00016512194	2555.82448412135	-10.71004731511
1812.00016512194	2573.98790294942	-10.31458600761
1812.00016512194	2589.93939246426	-9.21703110935
1812.00016512194	2606.15676785581	-12.95362814717
1812.00016512194	2621.61152669875	-9.72781150798
1812.00016512194	2635.13564696110	-12.18606849979
1812.00016512194	2645.72610184037	-11.40588806711
1812.00016512194	2656.92794330324	-11.34624166772
1812.00016512194	2667.14919219137	-8.85445730438
1812.00016512194	2678.11777594409	-12.69635148251
1812.00016512194	2687.21558525610	-10.29720298924
1812.00016512194	2699.33248419705	-9.35181817792
1812.00016512194	2712.70647966202	-9.92800616789
1812.00016512194	2724.28562540461	-7.53161815420
