-161.052400757344	719.099975585938
-157.918029166465	719.400024414063
-154.784692063043	719.5
-151.652389082623	719.400024414063
-148.521119860443	719.099975585938
-145.390884031379	719.299987792969
-142.261681230018	719.599975585938
-139.133511090605	719.400024414063
-136.006373247065	718.900024414063
-132.880267333001	718.700012207031
-129.755192981694	719.299987792969
-126.631149826119	719.5
-123.508137498931	719.099975585938
-120.386155632469	719.400024414063
-117.26520385875	719.299987792969
-114.145281809493	718.5
-111.026389116104	719
-107.908525409694	719.099975585938
-104.791690321038	718.700012207031
-101.675883480641	719.299987792969
-98.5611045186717	719.400024414063
-95.447353065025	719
-92.3346287492766	718.799987792969
-89.2229312007213	719.299987792969
-86.1122600483416	718.799987792969
-83.0026149208453	719
-79.8939954466211	719.200012207031
-76.7864012537842	719.700012207031
-73.6798319701527	719.5
-70.5742872232561	719.200012207031
-67.4697666403321	719.599975585938
-64.3662698483556	720.299987792969
-61.2637964739909	719.400024414063
-58.1623461436205	719.200012207031
-55.0619184833662	719.700012207031
-51.962513119061	719.799987792969
-48.8641296762465	719.5
-45.7667677802052	719.700012207031
-42.6704270559493	719.900024414063
-39.575107128185	720
-36.4808076213898	720.200012207031
-33.3875281597407	720.200012207031
-30.2952683671589	720.599975585938
-27.2040278672905	720.400024414063
-24.1138062835193	720.200012207031
-21.0246032389752	720.099975585938
-17.936418356507	720.299987792969
-14.849251258711	721.299987792969
-11.7631015679234	721.200012207031
-8.67796890622949	723.299987792969
-5.59385289544781	726.799987792969
-2.51075315713486	730.299987792969
0.571330687378083	731.599975585938
3.65239901705664	727.099975585938
6.73245221107038	724
9.81149064886844	722.299987792969
12.8895147101308	721.200012207031
15.9665247748119	720.700012207031
19.0425212230794	720.799987792969
22.1175044353585	720.599975585938
25.1914747923185	720.599975585938
28.2644326748526	720.5
31.3363784641254	720.099975585938
34.407312541512	719.900024414063
37.4772352886376	720.299987792969
40.5461470873529	720.200012207031
43.6140483197452	721.099975585938
46.6809393681546	719.5
49.7468206151043	719.900024414063
52.8116924433891	720.099975585938
55.8755552360261	719.299987792969
58.9384093762383	719.400024414063
62.0002552474984	719.599975585938
65.0610932334876	720.099975585938
68.1209237181074	720.900024414063
71.1797470854872	721.900024414063
74.2375637199753	727.599975585938
77.2943740061426	733.099975585938
80.3501783287621	739.599975585938
83.4049770728362	745
86.458770623588	745.299987792969
89.5115593664133	747.599975585938
92.5633436869714	750
95.614123971109	750.200012207031
98.6639006048634	749.299987792969
101.71267397451	747.599975585938
104.760444466499	747
107.807212467523	747.200012207031
110.852978364433	745
113.897742544329	746.200012207031
116.941505394473	747.700012207031
119.984267302342	746.400024414063
123.026028655611	749.599975585938
126.066789842147	745.900024414063
129.106551250017	748.200012207031
132.145313267476	747.400024414063
135.183076282972	748.099975585938
138.219840685155	748.799987792969
141.25560686286	748.599975585938
144.290375205084	748.299987792969
147.324146101058	751.200012207031
150.356919940159	749.5
153.388697111971	748
156.419478006256	748.400024414063
159.449263012951	748.700012207031
162.478052522176	748.799987792969
165.505846924252	748.799987792969
168.53264660963	749.799987792969
171.558451968981	748.799987792969
174.58326339314	748.299987792969
177.607081273107	747.900024414063
180.62990600007	749.299987792969
183.651737965369	749.400024414063
186.672577560525	751
189.69242517724	750.599975585938
192.711281207365	751.799987792969
195.72914604291	752.400024414063
198.746020076084	750.400024414063
201.761903699234	751.900024414063
204.776797304875	750.900024414063
207.790701285686	749.700012207031
210.803616034506	750
213.815541944334	748
216.826479408305	748
219.836428819757	747.700012207031
222.845390572148	747.799987792969
225.85336505909	747.400024414063
228.860352674363	748.599975585938
231.866353811897	745.799987792969
234.87136886575	746.799987792969
237.875398230169	745.5
240.878442299507	745.099975585938
243.880501468296	744.5
246.8815761312	743.900024414063
249.881666683015	745.299987792969
252.880773518714	745.700012207031
255.878897033367	745
258.876037622231	745.200012207031
261.87219568066	744.400024414063
264.867371604185	744.900024414063
267.861565788447	745.400024414063
270.854778629234	745.599975585938
273.847010522466	745.599975585938
276.838261864188	745.700012207031
279.828533050598	744.5
282.817824478014	744.900024414063
285.80613654287	745.5
288.793469641754	744.799987792969
291.779824171381	744.200012207031
294.76520052856	745.599975585938
297.749599110256	746.200012207031
300.733020313556	746
303.71546453566	744.700012207031
306.696932173884	744.099975585938
309.677423625681	744.900024414063
312.656939288627	745.700012207031
315.635479560399	745.200012207031
318.613044838794	744.700012207031
321.58963552173	744.099975585938
324.565252007254	743.400024414063
327.539894693497	745
330.513563978727	744.799987792969
333.486260261321	745.900024414063
336.45798393975	744.099975585938
339.428735412615	745.099975585938
342.398515078611	745.099975585938
345.367323336554	745.900024414063
348.335160585345	744.299987792969
351.302027224011	745.700012207031
354.267923651678	744.700012207031
357.232850267562	745.299987792969
360.196807470995	745.599975585938
363.159795661405	745.799987792969
366.121815238323	745.599975585938
369.082866601374	747.200012207031
372.042950150278	747.599975585938
375.002066284852	746.799987792969
377.96021540502	746.299987792969
380.917397910787	747.700012207031
383.87361420225	747.5
386.828864679608	746
389.783149743152	749.099975585938
392.736469793246	748.900024414063
395.688825230349	748.400024414063
398.640216455031	747.099975585938
401.590643867918	747.900024414063
404.540107869733	749.599975585938
407.488608861292	749.700012207031
410.436147243477	749.299987792969
413.382723417263	751.700012207031
416.328337783717	751.5
419.272990743963	751.799987792969
422.216682699215	750.299987792969
425.159414050779	752.200012207031
428.101185200012	753.900024414063
431.041996548371	755.700012207031
433.981848497378	756.900024414063
436.920741448625	757.799987792969
439.858675803767	761.400024414063
442.795651964569	768.299987792969
445.731670332837	769.799987792969
448.666731310446	779.900024414063
451.600835299364	786
454.533982701586	794
457.466173919221	799.5
460.397409354404	799.599975585938
463.327689409375	793.099975585938
466.257014486398	788.799987792969
469.185384987818	779.200012207031
472.112801316062	772.200012207031
475.039263873568	768
477.964773062894	761.200012207031
480.889329286604	758.700012207031
483.812932947347	754.700012207031
486.735584447842	753.099975585938
489.657284190833	752.599975585938
492.57803257914	751.200012207031
495.497830015628	750.599975585938
498.416676903215	748.299987792969
501.334573644887	750
504.251520643647	750
507.167518302592	747.099975585938
510.082567024834	750.099975585938
512.996667213552	750
515.90981927197	751.299987792969
518.822023603342	749.799987792969
521.733280610983	753.099975585938
524.643590698264	755.099975585938
527.552954268568	754.900024414063
530.461371725349	756.400024414063
533.368843472097	757.700012207031
536.275369912315	762
539.180951449593	762.099975585938
542.085588487526	766.799987792969
544.989281429769	770.5
547.892030679974	773.799987792969
550.793836641883	773.700012207031
553.69469971924	780.200012207031
556.594620315827	784.599975585938
559.493598835466	784.700012207031
562.391635682013	787.200012207031
565.288731259343	791.900024414063
568.184885971374	794.799987792969
571.080100222052	794.900024414063
573.974374415345	793.900024414063
576.867708955262	789.299987792969
579.760104245825	786.299987792969
582.651560691082	788
585.542078695128	782.400024414063
588.431658662056	779.799987792969
591.32030099599	776.400024414063
594.208006101091	775.400024414063
597.094774381517	774.099975585938
599.980606241471	766.599975585938
602.865502085163	768.599975585938
605.749462316826	766
608.632487340711	763.900024414063
611.514577561079	761.799987792969
614.395733382211	758.400024414063
617.275955208418	759.099975585938
620.155243444004	756.900024414063
623.033598493305	756.099975585938
625.911020760651	754.099975585938
628.787510650403	753.700012207031
631.66306856693	750.299987792969
634.537694914594	753.5
637.411390097786	752.799987792969
640.284154520905	751.5
643.155988588352	750.099975585938
646.026892704516	750.900024414063
648.896867273836	751
651.765912700714	753
654.634029389583	751.200012207031
657.501217744867	751.5
660.367478171004	752
663.232811072425	749.700012207031
666.097216853551	750.5
668.960695918832	749.799987792969
671.823248672701	750.700012207031
674.684875519584	749.900024414063
677.545576863912	749.200012207031
680.405353110123	749.299987792969
683.264204662626	750.599975585938
686.122131925858	748.700012207031
688.979135304224	748.599975585938
691.835215202133	749
694.690372023987	748.700012207031
697.544606174179	747.799987792969
700.397918057097	746.799987792969
703.250308077113	747.900024414063
706.1017766386	748.200012207031
708.952324145902	748.5
711.801951003379	749.299987792969
714.650657615341	749.599975585938
717.498444386125	747.299987792969
720.345311720011	749.799987792969
723.191260021316	748.900024414063
726.036289694293	748.099975585938
728.880401143207	747.400024414063
731.723594772292	747.200012207031
734.565870985777	746.400024414063
737.407230187863	746.799987792969
740.247672782728	748.799987792969
743.087199174537	747.900024414063
745.925809767438	747.799987792969
748.763504965554	747.799987792969
751.600285172966	749
754.436150793758	747.799987792969
757.271102231982	745.799987792969
760.105139891669	749.099975585938
762.938264176809	746.400024414063
765.770475491382	749.099975585938
768.601774239332	748.099975585938
771.432160824581	748.900024414063
774.261635651023	747.700012207031
777.090199122514	747.299987792969
779.917851642881	748.900024414063
782.744593615934	748.200012207031
785.570425445436	747.799987792969
788.395347535131	747.5
791.219360288712	747.900024414063
794.042464109864	748.099975585938
796.864659402214	750.200012207031
799.685946569366	748.299987792969
802.506326014884	747.299987792969
805.325798142284	748.900024414063
808.144363355081	748.400024414063
810.962022056719	748.700012207031
813.778774650606	747.900024414063
816.594621540134	746.400024414063
819.409563128625	747.299987792969
822.223599819372	747.5
825.036732015638	748.099975585938
827.848960120626	749.299987792969
830.660284537507	750.200012207031
833.470705669408	745.799987792969
836.280223919406	747.700012207031
839.088839690538	748.599975585938
841.896553385796	746.900024414063
844.703365408119	748.200012207031
847.5092761604	748.799987792969
850.314286045495	748.799987792969
853.118395466201	747.099975585938
855.921604825274	748.200012207031
858.723914525414	748.900024414063
861.525324969262	747.599975585938
864.325836559432	748.799987792969
867.12544969845	748.599975585938
869.924164788844	748.799987792969
872.721982233031	750.599975585938
875.518902433409	748.200012207031
878.314925792318	749.599975585938
881.110052712022	749.900024414063
883.904283594762	749.400024414063
886.697618842688	748.400024414063
889.490058857917	749.200012207031
892.281604042509	749.599975585938
895.072254798446	748.299987792969
897.862011527676	749.5
900.65087463206	752
903.438844513424	749.5
906.225921573509	749.900024414063
909.012106214019	751
911.797398836582	750.700012207031
914.581799842765	751.400024414063
917.36530963407	749.799987792969
920.14792861194	750.700012207031
922.929657177743	748.900024414063
925.710495732792	751
928.490444678323	753
931.269504415538	750.299987792969
934.047675345512	749.700012207031
936.824957869314	751.700012207031
939.601352387904	752.700012207031
942.376859302189	750.5
945.151479012999	750.900024414063
947.925211921101	751.200012207031
950.69805842719	750
953.470018931884	750.900024414063
956.24109383573	752.599975585938
959.011283539212	750.400024414063
961.780588442723	751.099975585938
964.549008946599	750.799987792969
967.316545451099	751.099975585938
970.083198356381	750.099975585938
972.848968062573	748.900024414063
975.613854969683	751
978.377859477675	750.700012207031
981.140981986411	749.200012207031
983.903222895694	752.299987792969
986.664582605232	750.400024414063
989.425061514656	751.5
992.184660023538	751.400024414063
994.943378531344	751.700012207031
997.701217437459	751.799987792969
1000.45817714121	749.900024414063
1003.21425804184	751.5
1005.96946053847	751.200012207031
1008.72378503017	751.099975585938
1011.47723191593	749.5
1014.22980159464	752.700012207031
1016.98149446511	750.900024414063
1019.73231092608	751.599975585938
1022.48225137617	750.599975585938
1025.23131621393	751.599975585938
1027.97950583784	750.400024414063
1030.72682064628	751.200012207031
1033.47326103752	751.799987792969
1036.21882740976	749.599975585938
1038.96352016114	752.599975585938
1041.70733968965	751.299987792969
1044.45028639323	751
1047.19236066972	750.599975585938
1049.93356291686	752.299987792969
1052.6738935323	751.599975585938
1055.41335291363	751.200012207031
1058.15194145829	751
1060.88965956365	750.400024414063
1063.62650762702	751.799987792969
1066.36248604555	751.200012207031
1069.09759521636	748.5
1071.83183553642	748.799987792969
1074.56520740263	750.5
1077.29771121181	749.299987792969
1080.02934736065	752.200012207031
1082.76011624574	750.200012207031
1085.4900182636	753.200012207031
1088.21905381064	750.099975585938
1090.94722328316	752.900024414063
1093.67452707735	751.200012207031
1096.40096558935	752.5
1099.12653921515	751.900024414063
1101.85124835065	750.200012207031
1104.57509339165	752.299987792969
1107.29807473384	752.200012207031
1110.02019277284	753.799987792969
1112.7414479041	754.400024414063
1115.46184052305	754.400024414063
1118.18137102495	752
1120.90003980497	753.599975585938
1123.6178472582	754.700012207031
1126.3347937796	752.5
1129.05087976402	752.299987792969
1131.76610560621	753.299987792969
1134.48047170081	753.5
1137.19397844237	753.700012207031
1139.90662622532	754.200012207031
1142.61841544396	754
1145.3293464925	754.5
1148.03941976504	754.900024414063
1150.74863565557	753.900024414063
1153.45699455796	754
1156.16449686598	755
1158.87114297328	753
1161.5769332734	754
1164.28186815977	753.099975585938
1166.9859480257	755
1169.68917326438	754.200012207031
1172.3915442689	753
1175.09306143224	754.5
1177.79372514725	752.799987792969
1180.49353580667	753.299987792969
1183.19249380311	753.599975585938
1185.8905995291	754.900024414063
1188.587853377	754
1191.28425573911	752.200012207031
1193.97980700757	753.799987792969
1196.6745075744	753.099975585938
1199.36835783155	751
1202.06135817079	750.5
1204.75350898382	753.400024414063
1207.44481066216	753.299987792969
1210.13526359728	752.200012207031
1212.82486818048	752.799987792969
1215.51362480295	752.900024414063
1218.20153385577	752
1220.88859572989	752.700012207031
1223.57481081613	754.099975585938
1226.26017950519	753.400024414063
1228.94470218765	750.900024414063
1231.62837925397	753.099975585938
1234.31121109448	752.700012207031
1236.99319809938	752.099975585938
1239.67434065875	750.599975585938
1242.35463916254	753.599975585938
1245.03409400059	750.299987792969
1247.71270556258	752
1250.3904742381	750.200012207031
1253.06740041659	751.200012207031
1255.74348448737	751
1258.41872683962	751.700012207031
1261.09312786241	750
1263.76668794468	750.299987792969
1266.43940747521	750.5
1269.11128684269	748.700012207031
1271.78232643565	752.5
1274.4525266425	750.200012207031
1277.12188785152	751.400024414063
1279.79041045087	749.200012207031
1282.45809482855	751.799987792969
1285.12494137245	750.5
1287.79095047032	748.700012207031
1290.45612250977	750.5
1293.12045787829	751.099975585938
1295.78395696323	749.700012207031
1298.4466201518	750.700012207031
1301.10844783108	750.400024414063
1303.76944038802	750.700012207031
1306.42959820943	749.200012207031
1309.08892168197	750.200012207031
1311.74741119219	750
1314.40506712649	750.5
1317.06188987112	751.700012207031
1319.71787981222	750.400024414063
1322.37303733578	749.299987792969
1325.02736282763	750.900024414063
1327.6808566735	750
1330.33351925895	750.400024414063
1332.98535096942	751.200012207031
1335.6363521902	752.5
1338.28652330643	751.799987792969
1340.93586470315	750.799987792969
1343.58437676521	751.400024414063
1346.23205987735	748.099975585938
1348.87891442415	749.400024414063
1351.52494079006	752.099975585938
1354.17013935939	751
1356.81451051628	749
1359.45805464479	749.900024414063
1362.10077212876	751.5
1364.74266335193	750.299987792969
1367.38372869791	750.5
1370.02396855011	749.599975585938
1372.66338329184	751.299987792969
1375.30197330626	750.900024414063
1377.93973897638	752.5
1380.57668068506	748.400024414063
1383.21279881501	749.599975585938
1385.8480937488	750.599975585938
1388.48256586886	749.400024414063
1391.11621555746	749.099975585938
1393.74904319673	750
1396.38104916866	749
1399.01223385507	749.400024414063
1401.64259763764	751.599975585938
1404.27214089792	751.200012207031
1406.90086401729	749.299987792969
1409.52876737698	749.200012207031
1412.15585135807	748.599975585938
1414.78211634153	750.700012207031
1417.40756270811	748.099975585938
1420.03219083847	750.5
1422.65600111307	750.700012207031
1425.27899391227	749.700012207031
1427.90116961623	749.900024414063
1430.52252860499	750.099975585938
1433.14307125842	748.900024414063
1435.76279795625	750
1438.38170907805	749.5
1440.99980500324	750.200012207031
1443.61708611107	750.5
1446.23355278067	751
1448.84920539098	750.5
1451.4640443208	752.599975585938
1454.07806994879	750.200012207031
1456.69128265344	750.299987792969
1459.30368281307	751.700012207031
1461.91527080588	750
1464.52604700989	750.900024414063
1467.13601180296	751.299987792969
1469.74516556279	751.099975585938
1472.35350866696	749
1474.96104149285	749.900024414063
1477.56776441771	749.5
1480.17367781861	750.799987792969
1482.77878207248	750.099975585938
1485.38307755609	752.099975585938
1487.98656464603	753.5
1490.58924371876	749.200012207031
1493.19111515057	750.400024414063
1495.79217931758	751.900024414063
1498.39243659577	749.700012207031
1500.99188736094	750.5
1503.59053198873	750.599975585938
1506.18837085465	749.200012207031
1508.785404334	750.599975585938
1511.38163280196	748
1513.97705663354	749.900024414063
1516.57167620357	751.799987792969
1519.16549188673	750.400024414063
1521.75850405755	752.700012207031
1524.35071309037	749.099975585938
1526.9421193594	750.200012207031
1529.53272323865	750.5
1532.122525102	749
1534.71152532314	751.599975585938
1537.29972427561	751.299987792969
1539.8871223328	751
1542.47371986791	750.400024414063
1545.05951725397	749.900024414063
1547.64451486388	751.299987792969
1550.22871307034	749.299987792969
1552.81211224592	751.299987792969
1555.39471276298	751.700012207031
1557.97651499375	750.099975585938
1560.55751931028	750.799987792969
1563.13772608445	752
1565.71713568798	751.299987792969
1568.29574849243	751.400024414063
1570.87356486918	750.5
1573.45058518943	752.099975585938
1576.02680982425	751.099975585938
1578.60223914452	749.299987792969
1581.17687352094	750.5
1583.75071332406	749.700012207031
1586.32375892425	750.900024414063
1588.89601069173	752.099975585938
1591.46746899652	751.900024414063
1594.03813420851	750.400024414063
1596.60800669738	749.900024414063
1599.17708683267	751.799987792969
1601.74537498374	750.5
1604.31287151975	753.299987792969
1606.87957680976	750
1609.44549122259	749.900024414063
1612.01061512692	749.599975585938
1614.57494889126	751.799987792969
1617.13849288394	748.700012207031
1619.70124747313	749.599975585938
1622.2632130268	750.799987792969
1624.82438991279	748.299987792969
1627.38477849873	751.400024414063
1629.9443791521	750.099975585938
1632.5031922402	748.900024414063
1635.06121813016	748.299987792969
1637.61845718892	750.799987792969
1640.17490978328	749.700012207031
1642.73057627983	749.5
1645.28545704501	747
1647.83955244508	749.900024414063
1650.39286284613	750.200012207031
1652.94538861407	750.099975585938
1655.49713011461	751.599975585938
1658.04808771334	749.700012207031
1660.59826177564	749.599975585938
1663.14765266671	749.299987792969
1665.6962607516	751.700012207031
1668.24408639516	752.400024414063
1670.79112996207	750.200012207031
1673.33739181685	749.799987792969
1675.88287232381	750.099975585938
1678.42757184714	750
1680.97149075077	749.200012207031
1683.51462939854	751
1686.05698815406	749.400024414063
1688.59856738078	752.5
1691.13936744196	751.700012207031
1693.67938870071	749.700012207031
1696.21863151993	750.099975585938
1698.75709626235	751.299987792969
1701.29478329055	750.799987792969
1703.83169296688	751.599975585938
1706.36782565357	749.900024414063
1708.90318171263	751
1711.4377615059	750.599975585938
1713.97156539505	749.400024414063
1716.50459374155	751.700012207031
1719.03684690673	750.200012207031
1721.56832525169	750.099975585938
1724.0990291374	750.299987792969
1726.62895892461	750.200012207031
1729.15811497392	750
1731.68649764571	749.099975585938
1734.21410730024	750.700012207031
1736.74094429752	751.400024414063
1739.26700899743	750.299987792969
1741.79230175966	749
1744.31682294371	748.900024414063
1746.84057290888	751.799987792969
1749.36355201434	749.099975585938
1751.88576061902	750
1754.4071990817	750.400024414063
1756.92786776098	751.099975585938
1759.44776701527	750.099975585938
1761.9668972028	749.799987792969
1764.48525868161	750.799987792969
1767.00285180958	750.099975585938
1769.51967694437	750
1772.03573444348	750.299987792969
1774.55102466424	751.900024414063
1777.06554796376	749.200012207031
1779.57930469901	750.200012207031
1782.09229522675	748.700012207031
1784.60451990356	748.099975585938
1787.11597908582	749.900024414063
1789.62667312977	751.400024414063
1792.13660239142	750.200012207031
1794.64576722662	749.5
1797.15416799103	749.200012207031
1799.66180504014	749.900024414063
1802.16867872921	749
1804.67478941338	749.599975585938
1807.18013744755	749.400024414063
1809.68472318647	749.799987792969
1812.18854698468	749
1814.69160919654	749.099975585938
1817.19391017625	751
1819.69545027779	749.400024414063
1822.19622985497	748.799987792969
1824.69624926142	748.200012207031
1827.19550885056	748.200012207031
1829.69400897566	748.799987792969
1832.19174998977	748.099975585938
1834.68873224578	750.200012207031
1837.18495609636	750.5
1839.68042189405	748.299987792969
1842.17512999113	748.599975585938
1844.66908073976	750.799987792969
1847.16227449185	749.599975585938
1849.65471159919	748.099975585938
1852.14639241333	749
1854.63731728566	748.599975585938
1857.12748656736	748.200012207031
1859.61690060946	749.900024414063
1862.10555976276	748.099975585938
1864.59346437789	748.200012207031
1867.0806148053	749.200012207031
1869.56701139525	750
1872.05265449779	746.900024414063
1874.5375444628	747.5
1877.02168163998	749
1879.50506637882	749.799987792969
1881.98769902865	749.799987792969
1884.46957993857	748.799987792969
1886.95070945752	747.400024414063
1889.43108793426	748.700012207031
1891.91071571733	751.799987792969
1894.3895931551	749.099975585938
1896.86772059576	749.200012207031
1899.34509838728	749.400024414063
1901.82172687745	748.799987792969
1904.29760641392	748.900024414063
1906.77273734407	750.400024414063
1909.24712001514	747.900024414063
1911.72075477417	749.900024414063
1914.19364196802	749
1916.66578194333	750.599975585938
1919.13717504658	748.799987792969
1921.60782162405	750.599975585938
1924.07772202183	749.799987792969
1926.5468765858	748.900024414063
1929.01528566169	750.200012207031
1931.482949595	750.099975585938
1933.94986873107	750.099975585938
1936.41604341501	749.099975585938
1938.88147399179	746.799987792969
1941.34616080614	748.099975585938
1943.81010420264	749.700012207031
1946.27330452565	747.599975585938
1948.73576211936	749
1951.19747732774	749.5
1953.6584504946	745.900024414063
1956.11868196354	748.799987792969
1958.57817207798	748.099975585938
1961.03692118112	750
1963.494929616	747.799987792969
1965.95219772548	748.599975585938
1968.40872585217	747.400024414063
1970.86451433854	750.099975585938
1973.31956352686	746.099975585938
1975.77387375919	749.099975585938
1978.22744537741	747.900024414063
1980.68027872319	747.799987792969
1983.13237413805	747.599975585938
1985.58373196327	747.900024414063
1988.03435253995	748.299987792969
1990.48423620903	746.700012207031
1992.93338331123	748.5
1995.38179418705	749.200012207031
1997.82946917685	748.200012207031
2000.27640862078	747.799987792969
2002.72261285876	748.700012207031
2005.16808223058	749.299987792969
2007.6128170758	747.900024414063
2010.05681773378	748.700012207031
2012.5000845437	749
2014.94261784456	748.400024414063
2017.38441797513	748.700012207031
2019.82548527403	749.299987792969
2022.26582007965	749.700012207031
2024.70542273021	749.299987792969
2027.14429356372	749.799987792969
2029.58243291803	747.700012207031
2032.01984113074	749.099975585938
2034.4565185393	748.799987792969
2036.89246548096	749.299987792969
2039.32768229276	749.200012207031
2041.76216931157	750.5
2044.19592687403	749
2046.62895531664	747.599975585938
2049.06125497565	748.900024414063
2051.49282618715	747.5
2053.92366928702	749.5
2056.35378461097	749.799987792969
2058.78317249448	748.700012207031
2061.21183327286	749.200012207031
2063.63976728122	750.299987792969
2066.06697485448	748.799987792969
2068.49345632736	748.799987792969
2070.91921203438	748.400024414063
2073.34424230988	747.700012207031
2075.768547488	747.599975585938
2078.19212790268	748.900024414063
2080.61498388767	749.400024414063
2083.03711577653	749.200012207031
2085.45852390261	748.200012207031
2087.87920859908	747.599975585938
2090.29917019892	748.799987792969
2092.7184090349	748.099975585938
2095.1369254396	748
2097.5547197454	748.5
2099.97179228451	747
2102.38814338892	747
2104.80377339043	749.299987792969
2107.21868262065	749.400024414063
2109.632871411	748.700012207031
2112.04634009268	748.799987792969
2114.45908899673	748.799987792969
2116.87111845398	749.099975585938
2119.28242879505	749.799987792969
2121.69302035039	749.700012207031
2124.10289345023	749.200012207031
2126.51204842463	750.5
2128.92048560345	750.400024414063
2131.32820531633	749.799987792969
2133.73520789276	748.400024414063
2136.14149366198	749.400024414063
2138.54706295308	748.799987792969
2140.95191609493	749.799987792969
2143.35605341621	749.299987792969
2145.75947524542	749.200012207031
2148.16218191085	748
2150.5641737406	748.400024414063
2152.96545106256	748.200012207031
2155.36601420444	748.700012207031
2157.76586349376	748.299987792969
2160.16499925784	748
2162.56342182378	748.200012207031
2164.96113151853	748.200012207031
2167.35812866881	750.099975585938
2169.75441360116	750.799987792969
2172.14998664193	747.700012207031
2174.54484811724	749.099975585938
2176.93899835305	749.400024414063
2179.33243767513	750
2181.72516640902	748.599975585938
2184.1171848801	748
2186.50849341353	748.799987792969
2188.89909233429	747.799987792969
2191.28898196715	748.5
2193.6781626367	749.400024414063
2196.06663466732	747.099975585938
2198.45439838321	748.200012207031
2200.84145410837	748.5
2203.2278021666	749.900024414063
2205.6134428815	747.700012207031
2207.99837657649	748.099975585938
2210.38260357479	747.799987792969
2212.76612419941	749.5
2215.14893877318	747.5
2217.53104761874	748.900024414063
2219.91245105852	748.400024414063
2222.29314941476	747.200012207031
2224.67314300949	749.799987792969
2227.05243216459	748.400024414063
2229.4310172017	748.700012207031
2231.80889844227	748.5
2234.18607620758	749
2236.5625508187	748.700012207031
2238.93832259649	748.400024414063
2241.31339186165	748.5
2243.68775893465	750
2246.06142413579	747.700012207031
2248.43438778515	750
2250.80665020264	748.799987792969
2253.17821170796	747.900024414063
2255.54907262063	748.099975585938
2257.91923325996	746.299987792969
2260.28869394506	747.099975585938
2262.65745499486	748.5
2265.0255167281	747.599975585938
2267.3928794633	747.900024414063
2269.75954351881	749.299987792969
2272.12550921278	748.599975585938
2274.49077686315	748.299987792969
2276.85534678768	749.200012207031
2279.21921930393	747.799987792969
2281.58239472928	747.799987792969
2283.94487338088	749.700012207031
2286.30665557572	747.799987792969
2288.66774163059	748.5
2291.02813186206	748.799987792969
2293.38782658654	748
2295.74682612022	748.400024414063
2298.10513077911	749.099975585938
2300.46274087902	748.700012207031
2302.81965673556	747.5
2305.17587866417	746.5
2307.53140698005	747.5
2309.88624199826	748.5
2312.24038403362	749.099975585938
2314.59383340078	747.900024414063
2316.9465904142	746.700012207031
2319.29865538813	747.900024414063
2321.65002863662	748.099975585938
2324.00071047355	747
2326.3507012126	747.799987792969
2328.70000116725	747.400024414063
2331.04861065077	747.099975585938
2333.39652997627	747
2335.74375945665	748.099975585938
2338.09029940459	747.400024414063
2340.43615013263	747.700012207031
2342.78131195308	749.099975585938
2345.12578517806	746.400024414063
2347.46957011949	750.200012207031
2349.81266708913	747.700012207031
2352.15507639851	749.400024414063
2354.49679835898	748.599975585938
2356.8378332817	746.799987792969
2359.17818147763	749
2361.51784325754	748
2363.85681893201	747.299987792969
2366.19510881143	747.799987792969
2368.53271320597	747.900024414063
2370.86963242566	745.5
2373.20586678026	748.900024414063
2375.54141657942	747.900024414063
2377.87628213255	749.5
2380.21046374886	746.900024414063
2382.5439617374	748
2384.876776407	747.099975585938
2387.20890806631	747.099975585938
2389.54035702378	747.700012207031
2391.87112358769	745.299987792969
2394.20120806609	746.299987792969
2396.53061076688	747.599975585938
2398.85933199771	747.200012207031
2401.18737206611	745.900024414063
2403.51473127936	749.599975585938
2405.84140994457	748.5
2408.16740836866	747.400024414063
2410.49272685835	746.299987792969
2412.81736572018	746.900024414063
2415.14132526048	746.599975585938
2417.46460578541	745.599975585938
2419.78720760092	748.700012207031
2422.10913101278	747.200012207031
2424.43037632656	747.599975585938
2426.75094384763	745.599975585938
2429.0708338812	746.599975585938
2431.39004673226	747.099975585938
2433.70858270562	748.599975585938
2436.02644210589	747.599975585938
2438.3436252375	745.599975585938
2440.6601324047	745.700012207031
2442.9759639115	745.299987792969
2445.29112006177	745.5
2447.60560115917	748.599975585938
2449.91940750717	748.799987792969
2452.23253940905	746.799987792969
2454.5449971679	747
2456.85678108662	747.200012207031
2459.16789146791	748.799987792969
2461.47832861429	746.400024414063
2463.78809282809	748.200012207031
2466.09718441145	748.099975585938
2468.4056036663	746.400024414063
2470.71335089442	746.900024414063
2473.02042639735	746.599975585938
2475.32683047649	747
2477.63256343301	748.900024414063
2479.93762556792	747.799987792969
2482.24201718201	746
2484.54573857591	744.099975585938
2486.84879005005	746.700012207031
2489.15117190467	745.900024414063
2491.4528844398	747.700012207031
2493.75392795531	747
2496.05430275088	746.799987792969
2498.35400912598	746.099975585938
2500.65304737991	747.400024414063
2502.95141781177	748.700012207031
2505.24912072047	748
2507.54615640475	746
2509.84252516313	746.400024414063
2512.13822729396	747.200012207031
2514.43326309541	747.400024414063
2516.72763286546	747.5
2519.02133690188	746.099975585938
2521.31437550226	747
2523.60674896402	747
2525.89845758438	746.299987792969
2528.18950166036	747.200012207031
2530.47988148881	747.5
2532.76959736639	746.299987792969
2535.05864958956	746.900024414063
2537.34703845461	748.099975585938
2539.63476425764	747.299987792969
2541.92182729453	748.900024414063
2544.20822786102	747.099975585938
2546.49396625263	747.900024414063
2548.77904276471	746.5
2551.06345769243	745.099975585938
2553.34721133075	745.900024414063
2555.63030397446	746.200012207031
2557.91273591814	746.700012207031
2560.19450745623	745.200012207031
2562.47561888293	746.599975585938
2564.75607049228	745.900024414063
2567.03586257817	746.099975585938
2569.31499543421	745.900024414063
2571.59346935393	745.700012207031
2573.87128463059	745.700012207031
2576.14844155732	746.299987792969
2578.42494042703	747.299987792969
2580.70078153248	746
2582.97596516619	745.700012207031
2585.25049162055	747.799987792969
2587.52436118774	745.599975585938
2589.79757415976	746.5
2592.0701308284	747.799987792969
2594.34203148531	748
2596.61327642193	746.299987792969
2598.8838659295	747.400024414063
2601.15380029911	745.400024414063
2603.42307982164	745.5
2605.69170478781	745.599975585938
2607.95967548813	746.200012207031
2610.22699221293	746.299987792969
2612.49365525236	745.700012207031
2614.75966489641	747.299987792969
2617.02502143485	747.799987792969
2619.28972515728	745.599975585938
2621.55377635311	744.799987792969
2623.8171753116	747.099975585938
2626.07992232178	747.700012207031
2628.34201767252	747.700012207031
2630.60346165251	745.700012207031
2632.86425455025	747.799987792969
2635.12439665406	746
2637.38388825208	745.299987792969
2639.64272963226	747.099975585938
2641.90092108237	746.900024414063
2644.15846289001	746
2646.41535534257	746.200012207031
2648.6715987273	746.599975585938
2650.92719333123	747.299987792969
2653.18213944121	746.900024414063
2655.43643734393	746.5
2657.6900873259	744.700012207031
2659.94308967342	746.700012207031
2662.19544467264	746.200012207031
2664.4471526095	746.599975585938
2666.69821376979	748.5
2668.94862843909	747.299987792969
2671.19839690281	746
2673.44751944621	747.799987792969
2675.6959963543	746.599975585938
2677.94382791198	746.700012207031
2680.19101440393	746.5
2682.43755611467	747.599975585938
2684.68345332852	745.200012207031
2686.92870632962	746.599975585938
2689.17331540197	745.900024414063
2691.41728082935	746.299987792969
2693.66060289535	748.099975585938
2695.90328188344	746.700012207031
2698.14531807684	746.099975585938
2700.38671175865	747
2702.62746321176	746.400024414063
2704.86757271887	745.799987792969
2707.10704056254	747.5
2709.34586702512	746.200012207031
2711.58405238879	746.599975585938
2713.82159693555	746.599975585938
2716.05850094724	745.400024414063
2718.2947647055	746.900024414063
2720.5303884918	746.599975585938
2722.76537258743	747.799987792969
2724.9997172735	746.200012207031
2727.23342283096	747.200012207031
2729.46648954056	746.099975585938
2731.69891768289	745.599975585938
2733.93070753835	746.900024414063
2736.16185938717	745.900024414063
2738.39237350941	746.099975585938
2740.62225018494	745.900024414063
2742.85148969346	747
2745.08009231449	747.5
2747.30805832739	747.400024414063
2749.53538801132	745.799987792969
2751.76208164528	745.400024414063
2753.98813950809	747.700012207031
2756.2135618784	745.400024414063
2758.43834903466	746.099975585938
2760.6625012552	746.900024414063
2762.8860188181	747.900024414063
2765.10890200134	745.599975585938
2767.33115108267	746.799987792969
2769.55276633968	746
2771.77374804981	745.900024414063
2773.99409649029	748.299987792969
2776.2138119382	746.599975585938
2778.43289467044	746
2780.65134496373	744.700012207031
2782.86916309462	744.799987792969
2785.08634933949	747.900024414063
2787.30290397455	746.299987792969
2789.51882727582	745.799987792969
2791.73411951917	747
2793.94878098028	746
2796.16281193466	745.5
2798.37621265765	745.700012207031
2800.58898342442	744.200012207031
2802.80112450996	747.200012207031
2805.01263618911	746.900024414063
2807.2235187365	745.900024414063
2809.43377242661	744.200012207031
2811.64339753376	746.099975585938
2813.85239433209	744.799987792969
2816.06076309555	743.900024414063
2818.26850409794	747.299987792969
2820.47561761289	747
2822.68210391383	748.299987792969
2824.88796327407	747.200012207031
2827.0931959667	747.299987792969
2829.29780226467	745.700012207031
2831.50178244075	748
2833.70513676754	746.299987792969
2835.90786551747	746.400024414063
2838.10996896279	747.400024414063
2840.31144737561	747
2842.51230102784	745.599975585938
2844.71253019124	745.200012207031
2846.91213513738	747.5
2849.11111613768	748.099975585938
2851.3094734634	747.799987792969
2853.50720738561	745.5
2855.7043181752	745.200012207031
2857.90080610294	745.400024414063
2860.09667143939	747.099975585938
2862.29191445495	746.799987792969
2864.48653541988	745.799987792969
2866.68053460421	746.099975585938
2868.87391227788	746
2871.06666871061	745.799987792969
2873.25880417197	747
2875.45031893136	746
2877.64121325801	746.799987792969
2879.831487421	745
2882.02114168922	746
2884.21017633142	747.400024414063
2886.39859161615	746.200012207031
2888.58638781184	746.200012207031
2890.77356518671	747.5
2892.96012400883	744.799987792969
2895.14606454612	747.299987792969
2897.33138706632	745
2899.51609183701	746.099975585938
2901.70017912559	746.400024414063
2903.88364919932	746
2906.06650232528	746.200012207031
2908.2487387704	745.900024414063
2910.43035880141	744.200012207031
2912.61136268493	747.799987792969
2914.79175068737	746.799987792969
2916.971523075	748.299987792969
2919.15068011392	745.099975585938
2921.32922207008	745.700012207031
2923.50714920924	745.599975585938
2925.68446179701	745.799987792969
2927.86116009886	747.400024414063
2930.03724438006	746.400024414063
2932.21271490573	747
2934.38757194085	745.900024414063
2936.56181575021	746.200012207031
2938.73544659846	746.400024414063
2940.90846475006	746.299987792969
2943.08087046934	746.200012207031
2945.25266402045	746.799987792969
2947.42384566739	746.299987792969
2949.59441567399	744.400024414063
2951.76437430392	745.099975585938
2953.9337218207	746.099975585938
2956.10245848767	745.599975585938
2958.27058456803	745.900024414063
2960.43810032481	745.200012207031
2962.60500602089	747.5
2964.77130191897	746.400024414063
2966.93698828162	746.400024414063
2969.10206537122	746.400024414063
2971.26653345001	746.700012207031
2973.43039278007	746
2975.59364362331	744.599975585938
2977.75628624151	746.400024414063
2979.91832089625	745.5
2982.07974784898	746.200012207031
2984.24056736099	744.099975585938
2986.40077969341	747
2988.56038510721	746.099975585938
2990.71938386319	745.900024414063
2992.87777622203	746.900024414063
2995.03556244421	744.900024414063
2997.19274279009	745
2999.34931751984	745.299987792969
3001.5052868935	746.099975585938
3003.66065117094	744
3005.81541061188	746.5
3007.96956547589	745.799987792969
3010.12311602237	748.200012207031
3012.27606251058	743.900024414063
3014.42840519961	745.700012207031
3016.5801443484	748.599975585938
3018.73128021574	746.400024414063
3020.88181306026	746.799987792969
3023.03174314045	744.400024414063
3025.18107071461	746.299987792969
3027.32979604094	746.299987792969
3029.47791937744	745.400024414063
3031.62544098197	746.400024414063
3033.77236111226	744.400024414063
3035.91868002584	745.5
3038.06439798013	746.5
3040.20951523238	746.799987792969
3042.35403203969	746.400024414063
3044.49794865899	745.799987792969
3046.6412653471	743.900024414063
3048.78398236063	745
3050.92609995611	744.5
3053.06761838984	746.700012207031
3055.20853791804	744.700012207031
3057.34885879672	746.299987792969
3059.48858128178	745.599975585938
3061.62770562895	746.200012207031
3063.76623209382	746.5
3065.90416093181	744.700012207031
3068.04149239822	745.299987792969
3070.17822674818	744.900024414063
3072.31436423666	745.599975585938
3074.44990511851	745.299987792969
3076.58484964841	743.599975585938
3078.7191980809	746.200012207031
3080.85295067036	745.400024414063
3082.98610767103	744.5
3085.11866933701	744.400024414063
3087.25063592222	744.799987792969
3089.38200768048	744.900024414063
3091.51278486542	745.599975585938
3093.64296773054	745.900024414063
3095.7725565292	746.400024414063
3097.90155151459	745.200012207031
3100.02995293977	742.700012207031
3102.15776105766	743.700012207031
3104.284976121	744.599975585938
3106.41159838243	744.200012207031
3108.53762809442	743.200012207031
3110.66306550928	745.700012207031
3112.78791087919	747.700012207031
3114.9121644562	746.5
3117.03582649218	745.799987792969
3119.15889723888	746.700012207031
3121.28137694789	747.700012207031
3123.40326587068	745.099975585938
3125.52456425854	745.400024414063
3127.64527236265	746.299987792969
3129.76539043401	744.5
3131.88491872352	745.400024414063
3134.00385748189	745.200012207031
3136.12220695972	745.299987792969
3138.23996740746	745.099975585938
3140.35713907541	746
3142.47372221373	745.599975585938
3144.58971707243	746.299987792969
3146.7051239014	746.200012207031
3148.81994295036	744.900024414063
3150.9341744689	747.299987792969
3153.04781870648	744.400024414063
3155.1608759124	745.599975585938
3157.27334633582	745.099975585938
3159.38523022579	747.5
3161.49652783117	746.400024414063
3163.60723940071	745.099975585938
3165.71736518302	746.700012207031
3167.82690542655	747
3169.93586037964	745.299987792969
3172.04423029046	744.700012207031
3174.15201540706	746.099975585938
3176.25921597735	745.5
3178.36583224909	744.700012207031
3180.4718644699	742.599975585938
3182.57731288727	746
3184.68217774857	746.200012207031
3186.78645930098	744.900024414063
3188.89015779159	745.799987792969
3190.99327346734	744.299987792969
3193.09580657502	745.299987792969
3195.19775736129	744.900024414063
3197.29912607268	745.400024414063
3199.39991295556	747.099975585938
3201.5001182562	744.799987792969
3203.59974222071	745.299987792969
3205.69878509505	744.299987792969
3207.79724712508	744.599975585938
3209.8951285565	744.599975585938
3211.99242963488	743.5
3214.08915060565	744.799987792969
3216.18529171411	746
3218.28085320543	744.400024414063
3220.37583532463	743.799987792969
3222.47023831662	746.099975585938
3224.56406242616	745.799987792969
3226.65730789786	746.200012207031
3228.74997497622	744.900024414063
3230.84206390561	745.900024414063
3232.93357493025	745.900024414063
3235.02450829423	745
3237.11486424152	744.900024414063
3239.20464301593	745.099975585938
3241.29384486118	744
3243.38247002082	745.099975585938
3245.47051873828	745.799987792969
3247.55799125686	745.900024414063
3249.64488781974	743.599975585938
3251.73120866994	745.599975585938
3253.81695405038	746.400024414063
3255.90212420383	745.400024414063
3257.98671937293	744.299987792969
3260.0707398002	745
3262.15418572802	746.799987792969
3264.23705739865	744.5
3266.31935505421	745.099975585938
3268.4010789367	744.900024414063
3270.48222928798	745.900024414063
3272.5628063498	744.400024414063
3274.64281036374	744.299987792969
3276.72224157131	744.299987792969
3278.80110021386	744.299987792969
3280.87938653259	744.5
3282.95710076862	744.799987792969
3285.03424316291	745.5
3287.11081395629	744.5
3289.1868133895	745
3291.26224170309	744.599975585938
3293.33709913756	746.599975585938
3295.41138593322	744.700012207031
3297.48510233029	744.200012207031
3299.55824856884	745.599975585938
3301.63082488883	745.799987792969
3303.7028315301	745.799987792969
3305.77426873235	744.599975585938
3307.84513673516	744.5
3309.91543577799	746.5
3311.98516610016	744
3314.05432794089	744.5
3316.12292153926	745.400024414063
3318.19094713423	744.099975585938
3320.25840496463	744.299987792969
3322.32529526918	744.900024414063
3324.39161828647	745.700012207031
3326.45737425495	744.299987792969
3328.522563413	744.099975585938
3330.58718599881	744.099975585938
3332.65124225049	745.900024414063
3334.71473240602	744.299987792969
3336.77765670325	745.5
3338.84001537992	745.700012207031
3340.90180867365	745.5
3342.96303682192	745.599975585938
3345.02370006211	745.5
3347.08379863147	745.5
3349.14333276713	743.900024414063
3351.2023027061	745.599975585938
3353.26070868528	745.700012207031
3355.31855094143	748
3357.37582971122	745.200012207031
3359.43254523117	745.599975585938
3361.4886977377	746.599975585938
3363.54428746711	746.400024414063
3365.59931465557	746.200012207031
3367.65377953915	745.799987792969
3369.70768235379	745.299987792969
3371.76102333531	745.5
3373.81380271943	745.400024414063
3375.86602074173	745.599975585938
3377.91767763769	745.400024414063
3379.96877364267	745.599975585938
3382.0193089919	746.099975585938
3384.06928392052	745.099975585938
3386.11869866353	746.799987792969
3388.16755345582	745.200012207031
3390.21584853218	744
3392.26358412727	745.599975585938
3394.31076047564	746.799987792969
3396.35737781172	744.599975585938
3398.40343636984	744.400024414063
3400.44893638419	745.599975585938
3402.49387808886	746.599975585938
3404.53826171785	747.099975585938
3406.58208750502	746
3408.6253556841	744.599975585938
3410.66806648875	746.599975585938
3412.71022015249	745.400024414063
3414.75181690873	745.700012207031
3416.79285699078	744
3418.83334063183	744.700012207031
3420.87326806496	743.299987792969
3422.91263952312	745.900024414063
3424.95145523919	744.900024414063
3426.98971544589	744.5
3429.02742037588	746.099975585938
3431.06457026167	745.599975585938
3433.10116533567	745.599975585938
3435.1372058302	745.200012207031
3437.17269197744	744.900024414063
3439.20762400948	746.099975585938
3441.2420021583	746.299987792969
3443.27582665576	745.400024414063
3445.30909773362	745.799987792969
3447.34181562354	744.200012207031
3449.37398055705	744.200012207031
3451.40559276559	746.299987792969
3453.43665248049	745.099975585938
3455.46715993296	746.400024414063
3457.49711535412	744
3459.52651897498	745.900024414063
3461.55537102642	746.099975585938
3463.58367173926	745.700012207031
3465.61142134416	745.299987792969
3467.63862007172	745.400024414063
3469.6652681524	745.200012207031
3471.69136581658	744.599975585938
3473.71691329452	745.099975585938
3475.74191081638	744.5
3477.76635861223	746
3479.79025691199	744.5
3481.81360594553	744.900024414063
3483.8364059426	746.700012207031
3485.85865713282	747.200012207031
3487.88035974573	745.099975585938
3489.90151401077	745.700012207031
3491.92212015726	745.900024414063
3493.94217841445	743.799987792969
3495.96168901145	745.599975585938
3497.98065217727	746.299987792969
3499.99906814086	746.099975585938
3502.01693713103	745
3504.0342593765	744.700012207031
3506.05103510588	744.5
3508.06726454769	745.099975585938
3510.08294793036	744.5
3512.0980854822	745.200012207031
3514.11267743142	745.5
3516.12672400614	746.200012207031
3518.14022543439	745.900024414063
3520.15318194406	745.799987792969
3522.165593763	745.5
3524.17746111893	745.299987792969
3526.18878423946	745.799987792969
3528.19956335211	745.599975585938
3530.20979868432	744.700012207031
3532.21949046342	744.799987792969
3534.22863891663	745.700012207031
3536.23724427109	745.799987792969
3538.24530675385	746.799987792969
3540.25282659183	745.099975585938
3542.25980401189	745
3544.26623924077	744.400024414063
3546.27213250514	745.299987792969
3548.27748403155	746.099975585938
3550.28229404645	746.200012207031
3552.28656277621	744.299987792969
3554.29029044712	745.900024414063
3556.29347728535	744.400024414063
3558.29612351698	745.599975585938
3560.298229368	745.799987792969
3562.29979506431	745.700012207031
3564.30082083171	743.900024414063
3566.30130689591	746.5
3568.30125348254	745.700012207031
3570.3006608171	746.299987792969
3572.29952912505	745.200012207031
3574.29785863171	746.900024414063
3576.29564956234	745.700012207031
3578.29290214208	747.099975585938
3580.28961659601	747.599975585938
3582.28579314909	744.799987792969
3584.28143202623	747.5
3586.2765334522	747.900024414063
3588.27109765171	748.200012207031
3590.26512484937	746.200012207031
3592.2586152697	746.299987792969
3594.25156913715	748.200012207031
3596.24398667604	746.5
3598.23586811064	746.799987792969
3600.22721366512	745.900024414063
3602.21802356355	749.200012207031
3604.20829802992	748
3606.19803728814	747.799987792969
3608.18724156202	747.099975585938
3610.17591107528	749
3612.16404605157	747.900024414063
3614.15164671444	748.299987792969
3616.13871328736	747.599975585938
3618.12524599372	748.299987792969
3620.11124505679	748.099975585938
3622.09671069979	749
3624.08164314585	749.200012207031
3626.06604261801	749.5
3628.04990933921	750.5
3630.03324353233	749.599975585938
3632.01604542015	748.5
3633.99831522537	748.5
3635.98005317061	746.900024414063
3637.9612594784	749.799987792969
3639.94193437118	750.599975585938
3641.92207807134	748.200012207031
3643.90169080115	750.299987792969
3645.8807727828	749.200012207031
3647.85932423843	747.299987792969
3649.83734539007	749.700012207031
3651.81483645967	748.900024414063
3653.7917976691	747.200012207031
3655.76822924016	747
3657.74413139457	747
3659.71950435395	748.400024414063
3661.69434833986	747.900024414063
3663.66866357375	747.799987792969
3665.64245027704	747.400024414063
3667.61570867102	747.400024414063
3669.58843897693	748.400024414063
3671.56064141592	748
3673.53231620908	747.5
3675.50346357738	749.5
3677.47408374176	748.200012207031
3679.44417692305	748.900024414063
3681.41374334201	747.900024414063
3683.38278321933	746.700012207031
3685.35129677563	747.299987792969
3687.31928423142	748.200012207031
3689.28674580716	746.799987792969
3691.25368172324	747
3693.22009219995	747.299987792969
3695.18597745752	746.5
3697.15133771611	749
3699.11617319579	748.5
3701.08048411656	746.799987792969
3703.04427069834	746.5
3705.007533161	748.599975585938
3706.9702717243	745.799987792969
3708.93248660795	749
3710.89417803159	749.5
3712.85534621477	747.400024414063
3714.81599137697	750.599975585938
3716.77611373762	747.700012207031
3718.73571351604	749.200012207031
3720.69479093151	750.200012207031
3722.65334620322	748.799987792969
3724.61137955029	748.099975585938
3726.56889119178	746.700012207031
3728.52588134667	749.299987792969
3730.48235023387	746.5
3732.43829807223	748.5
3734.39372508051	746.099975585938
3736.3486314774	748
3738.30301748155	748.5
3740.25688331151	749.799987792969
3742.21022918578	747.700012207031
3744.16305532277	748
3746.11536194085	749.099975585938
3748.0671492583	749.700012207031
3750.01841749335	748.900024414063
3751.96916686412	749.900024414063
3753.91939758873	751.099975585938
3755.86910988517	749.900024414063
3757.8183039714	748
3759.7669800653	747.200012207031
3761.71513838469	751
3763.66277914731	750.099975585938
3765.60990257087	750
3767.55650887296	750.599975585938
3769.50259827114	751.200012207031
3771.44817098291	749.599975585938
3773.39322722569	748.5
3775.33776721684	751
3777.28179117365	751.200012207031
3779.22529931336	752
3781.16829185313	749.700012207031
3783.11076901007	751.099975585938
3785.05273100123	750.599975585938
