  5.47300004000000e+03   4.30434000000000e-03   0.00000000000000e+00   0.00000000000000e+00 
  5.47399995067970e+03   4.30444982739080e-03   0.00000000000000e+00   2.92397660818713e-03 
  5.47500018612638e+03   4.30446347389158e-03   0.00000000000000e+00   5.84795321637427e-03 
  5.47600029702774e+03   4.30444912446086e-03   0.00000000000000e+00   8.77192982456140e-03 
  5.47700008346332e+03   4.30444648671502e-03   0.00000000000000e+00   1.16959064327485e-02 
  5.47799973748902e+03   4.30445050960320e-03   0.00000000000000e+00   1.46198830409357e-02 
  5.47899947322430e+03   4.30445267401746e-03   0.00000000000000e+00   1.75438596491228e-02 
  5.47999935630280e+03   4.30444996002701e-03   0.00000000000000e+00   2.04678362573099e-02 
  5.48099935386201e+03   4.30444299551040e-03   0.00000000000000e+00   2.33918128654971e-02 
  5.48199943127216e+03   4.30443247379556e-03   0.00000000000000e+00   2.63157894736842e-02 
  5.48299955390350e+03   4.30441908821045e-03   0.00000000000000e+00   2.92397660818713e-02 
  5.48399968728858e+03   4.30440352843756e-03   0.00000000000000e+00   3.21637426900585e-02 
  5.48499980833633e+03   4.30438622865585e-03   0.00000000000000e+00   3.50877192982456e-02 
  5.48599991260115e+03   4.30436720428219e-03   0.00000000000000e+00   3.80116959064327e-02 
  5.48699999736578e+03   4.30434643191653e-03   0.00000000000000e+00   4.09356725146199e-02 
  5.48800005991296e+03   4.30432388815879e-03   0.00000000000000e+00   4.38596491228070e-02 
  5.48900009752544e+03   4.30429954960892e-03   0.00000000000000e+00   4.67836257309941e-02 
  5.49000010748596e+03   4.30427339286685e-03   0.00000000000000e+00   4.97076023391813e-02 
  5.49100008707725e+03   4.30424539453251e-03   0.00000000000000e+00   5.26315789473684e-02 
  5.49200003358206e+03   4.30421553120584e-03   0.00000000000000e+00   5.55555555555556e-02 
  5.49299994428313e+03   4.30418377948678e-03   0.00000000000000e+00   5.84795321637427e-02 
  5.49399981646321e+03   4.30415011597525e-03   0.00000000000000e+00   6.14035087719298e-02 
  5.49499965010616e+03   4.30411510711434e-03   0.00000000000000e+00   6.43274853801170e-02 
  5.49599948186649e+03   4.30408732705749e-03   0.00000000000000e+00   6.72514619883041e-02 
  5.49699937482659e+03   4.30408112098337e-03   0.00000000000000e+00   7.01754385964912e-02 
  5.49799937777175e+03   4.30410714991656e-03   0.00000000000000e+00   7.30994152046784e-02 
  5.49899947096536e+03   4.30415852342767e-03   0.00000000000000e+00   7.60233918128655e-02 
  5.49999961496027e+03   4.30422330236240e-03   0.00000000000000e+00   7.89473684210526e-02 
  5.50099977030757e+03   4.30428954711303e-03   0.00000000000000e+00   8.18713450292398e-02 
  5.50199989773421e+03   4.30434537085066e-03   0.00000000000000e+00   8.47953216374269e-02 
  5.50299997444521e+03   4.30438383181115e-03   0.00000000000000e+00   8.77192982456140e-02 
  5.50400000734451e+03   4.30440690087420e-03   0.00000000000000e+00   9.06432748538012e-02 
  5.50500000644729e+03   4.30441748260368e-03   0.00000000000000e+00   9.35672514619883e-02 
  5.50599998176872e+03   4.30441848156349e-03   0.00000000000000e+00   9.64912280701754e-02 
  5.50699994332398e+03   4.30441280231749e-03   0.00000000000000e+00   9.94152046783626e-02 
  5.50799990112825e+03   4.30440334942958e-03   0.00000000000000e+00   1.02339181286550e-01 
  5.50899986515956e+03   4.30439301863908e-03   0.00000000000000e+00   1.05263157894737e-01 
  5.50999984145501e+03   4.30438376956860e-03   0.00000000000000e+00   1.08187134502924e-01 
  5.51099982867916e+03   4.30437581059379e-03   0.00000000000000e+00   1.11111111111111e-01 
  5.51199982468752e+03   4.30436915790685e-03   0.00000000000000e+00   1.14035087719298e-01 
  5.51299982733561e+03   4.30436382769999e-03   0.00000000000000e+00   1.16959064327485e-01 
  5.51399983447891e+03   4.30435983616540e-03   0.00000000000000e+00   1.19883040935673e-01 
  5.51499984397294e+03   4.30435719949527e-03   0.00000000000000e+00   1.22807017543860e-01 
  5.51599985367893e+03   4.30435593342963e-03   0.00000000000000e+00   1.25730994152047e-01 
  5.51699986215186e+03   4.30435599899336e-03   0.00000000000000e+00   1.28654970760234e-01 
  5.51799986929403e+03   4.30435725094653e-03   0.00000000000000e+00   1.31578947368421e-01 
  5.51899987516255e+03   4.30435953184002e-03   0.00000000000000e+00   1.34502923976608e-01 
  5.51999987981451e+03   4.30436268422472e-03   0.00000000000000e+00   1.37426900584795e-01 
  5.52099988330703e+03   4.30436655065153e-03   0.00000000000000e+00   1.40350877192982e-01 
  5.52199988569721e+03   4.30437097367133e-03   0.00000000000000e+00   1.43274853801170e-01 
  5.52299988704216e+03   4.30437579583502e-03   0.00000000000000e+00   1.46198830409357e-01 
  5.52399988739897e+03   4.30438085969348e-03   0.00000000000000e+00   1.49122807017544e-01 
  5.52499988682476e+03   4.30438600779761e-03   0.00000000000000e+00   1.52046783625731e-01 
  5.52599988537663e+03   4.30439108269830e-03   0.00000000000000e+00   1.54970760233918e-01 
  5.52699988311253e+03   4.30439593130006e-03   0.00000000000000e+00   1.57894736842105e-01 
  5.52799988010523e+03   4.30440047640611e-03   0.00000000000000e+00   1.60818713450292e-01 
  5.52899987644007e+03   4.30440470528791e-03   0.00000000000000e+00   1.63742690058480e-01 
  5.52999987220281e+03   4.30440860726532e-03   0.00000000000000e+00   1.66666666666667e-01 
  5.53099986747917e+03   4.30441217165818e-03   0.00000000000000e+00   1.69590643274854e-01 
  5.53199986235492e+03   4.30441538778638e-03   0.00000000000000e+00   1.72514619883041e-01 
  5.53299985691579e+03   4.30441824496975e-03   0.00000000000000e+00   1.75438596491228e-01 
  5.53399985124752e+03   4.30442073252816e-03   0.00000000000000e+00   1.78362573099415e-01 
  5.53499984543587e+03   4.30442283978147e-03   0.00000000000000e+00   1.81286549707602e-01 
  5.53599983956658e+03   4.30442455604955e-03   0.00000000000000e+00   1.84210526315789e-01 
  5.53699983372539e+03   4.30442587065224e-03   0.00000000000000e+00   1.87134502923977e-01 
  5.53799982799804e+03   4.30442677290941e-03   0.00000000000000e+00   1.90058479532164e-01 
  5.53899982247029e+03   4.30442725214092e-03   0.00000000000000e+00   1.92982456140351e-01 
  5.53999981722788e+03   4.30442729766663e-03   0.00000000000000e+00   1.95906432748538e-01 
  5.54099981235655e+03   4.30442689880639e-03   0.00000000000000e+00   1.98830409356725e-01 
  5.54199980794204e+03   4.30442604488007e-03   0.00000000000000e+00   2.01754385964912e-01 
  5.54299980407011e+03   4.30442472520753e-03   0.00000000000000e+00   2.04678362573099e-01 
  5.54399980082649e+03   4.30442292910862e-03   0.00000000000000e+00   2.07602339181287e-01 
  5.54499979829694e+03   4.30442064590320e-03   0.00000000000000e+00   2.10526315789474e-01 
  5.54599979656719e+03   4.30441786491114e-03   0.00000000000000e+00   2.13450292397661e-01 
  5.54699979572299e+03   4.30441457545229e-03   0.00000000000000e+00   2.16374269005848e-01 
  5.54799979585009e+03   4.30441076684651e-03   0.00000000000000e+00   2.19298245614035e-01 
  5.54899979703423e+03   4.30440642841366e-03   0.00000000000000e+00   2.22222222222222e-01 
  5.54999979936115e+03   4.30440154947361e-03   0.00000000000000e+00   2.25146198830409e-01 
  5.55099980291661e+03   4.30439611934621e-03   0.00000000000000e+00   2.28070175438596e-01 
  5.55199980778634e+03   4.30439012735131e-03   0.00000000000000e+00   2.30994152046784e-01 
  5.55299981405609e+03   4.30438356280878e-03   0.00000000000000e+00   2.33918128654971e-01 
  5.55399982181161e+03   4.30437641503849e-03   0.00000000000000e+00   2.36842105263158e-01 
  5.55499983113863e+03   4.30436867336028e-03   0.00000000000000e+00   2.39766081871345e-01 
  5.55599984212291e+03   4.30436032709401e-03   0.00000000000000e+00   2.42690058479532e-01 
  5.55699985485020e+03   4.30435136555956e-03   0.00000000000000e+00   2.45614035087719e-01 
  5.55799986940622e+03   4.30434177807677e-03   0.00000000000000e+00   2.48538011695906e-01 
  5.55899988579579e+03   4.30433159266579e-03   0.00000000000000e+00   2.51461988304094e-01 
  5.55999990216181e+03   4.30432172745345e-03   0.00000000000000e+00   2.54385964912281e-01 
  5.56099991478536e+03   4.30431399067324e-03   0.00000000000000e+00   2.57309941520468e-01 
  5.56199991986654e+03   4.30431022925894e-03   0.00000000000000e+00   2.60233918128655e-01 
  5.56299991373786e+03   4.30431220584405e-03   0.00000000000000e+00   2.63157894736842e-01 
  5.56399989589212e+03   4.30431967113106e-03   0.00000000000000e+00   2.66081871345029e-01 
  5.56499986904742e+03   4.30433032246597e-03   0.00000000000000e+00   2.69005847953216e-01 
  5.56599983606731e+03   4.30434176460833e-03   0.00000000000000e+00   2.71929824561403e-01 
  5.56699979981534e+03   4.30435160231769e-03   0.00000000000000e+00   2.74853801169591e-01 
  5.56799976315505e+03   4.30435744035360e-03   0.00000000000000e+00   2.77777777777778e-01 
  5.56899972898168e+03   4.30435694309577e-03   0.00000000000000e+00   2.80701754385965e-01 
  5.56999970099103e+03   4.30434928063966e-03   0.00000000000000e+00   2.83625730994152e-01 
  5.57099968372129e+03   4.30433520751126e-03   0.00000000000000e+00   2.86549707602339e-01 
  5.57199968172364e+03   4.30431568164094e-03   0.00000000000000e+00   2.89473684210526e-01 
  5.57299969884534e+03   4.30429498882081e-03   0.00000000000000e+00   2.92397660818713e-01 
  5.57399973818149e+03   4.30428097063818e-03   0.00000000000000e+00   2.95321637426901e-01 
  5.57499980262549e+03   4.30428112820436e-03   0.00000000000000e+00   2.98245614035088e-01 
  5.57599989065604e+03   4.30428920265507e-03   0.00000000000000e+00   3.01169590643275e-01 
  5.57699999596204e+03   4.30428400607884e-03   0.00000000000000e+00   3.04093567251462e-01 
  5.57800011127659e+03   4.30424464088535e-03   0.00000000000000e+00   3.07017543859649e-01 
  5.57900020960520e+03   4.30417884296046e-03   0.00000000000000e+00   3.09941520467836e-01 
  5.58000024221969e+03   4.30412589341078e-03   0.00000000000000e+00   3.12865497076023e-01 
  5.58100016159466e+03   4.30412527638172e-03   0.00000000000000e+00   3.15789473684211e-01 
  5.58199998612108e+03   4.30417615117847e-03   0.00000000000000e+00   3.18713450292398e-01 
  5.58299980792948e+03   4.30423256639048e-03   0.00000000000000e+00   3.21637426900585e-01 
  5.58399971001273e+03   4.30425269775176e-03   0.00000000000000e+00   3.24561403508772e-01 
  5.58499968697220e+03   4.30423887084093e-03   0.00000000000000e+00   3.27485380116959e-01 
  5.58599969673986e+03   4.30421172721637e-03   0.00000000000000e+00   3.30409356725146e-01 
  5.58699970899482e+03   4.30418611236882e-03   0.00000000000000e+00   3.33333333333333e-01 
  5.58799972013272e+03   4.30416368816512e-03   0.00000000000000e+00   3.36257309941520e-01 
  5.58899973020164e+03   4.30414431410745e-03   0.00000000000000e+00   3.39181286549708e-01 
  5.58999973924969e+03   4.30412784969798e-03   0.00000000000000e+00   3.42105263157895e-01 
  5.59099974732496e+03   4.30411415443889e-03   0.00000000000000e+00   3.45029239766082e-01 
  5.59199975447556e+03   4.30410308783237e-03   0.00000000000000e+00   3.47953216374269e-01 
  5.59299976074957e+03   4.30409450938059e-03   0.00000000000000e+00   3.50877192982456e-01 
  5.59399976619511e+03   4.30408827858573e-03   0.00000000000000e+00   3.53801169590643e-01 
  5.59499977086026e+03   4.30408425494997e-03   0.00000000000000e+00   3.56725146198830e-01 
  5.59599977479313e+03   4.30408229797550e-03   0.00000000000000e+00   3.59649122807018e-01 
  5.59699977804182e+03   4.30408226716448e-03   0.00000000000000e+00   3.62573099415205e-01 
  5.59799978065443e+03   4.30408402201910e-03   0.00000000000000e+00   3.65497076023392e-01 
  5.59899978267904e+03   4.30408742204154e-03   0.00000000000000e+00   3.68421052631579e-01 
  5.59999978416377e+03   4.30409232673398e-03   0.00000000000000e+00   3.71345029239766e-01 
  5.60099978515671e+03   4.30409859559859e-03   0.00000000000000e+00   3.74269005847953e-01 
  5.60199978570596e+03   4.30410608813756e-03   0.00000000000000e+00   3.77192982456140e-01 
  5.60299978585962e+03   4.30411466385306e-03   0.00000000000000e+00   3.80116959064327e-01 
  5.60399978566578e+03   4.30412418224728e-03   0.00000000000000e+00   3.83040935672515e-01 
  5.60499978517255e+03   4.30413450282239e-03   0.00000000000000e+00   3.85964912280702e-01 
  5.60599978442802e+03   4.30414548508057e-03   0.00000000000000e+00   3.88888888888889e-01 
  5.60699978348030e+03   4.30415698852401e-03   0.00000000000000e+00   3.91812865497076e-01 
  5.60799978237748e+03   4.30416887265488e-03   0.00000000000000e+00   3.94736842105263e-01 
  5.60899978116766e+03   4.30418099697535e-03   0.00000000000000e+00   3.97660818713450e-01 
  5.60999977989893e+03   4.30419322098762e-03   0.00000000000000e+00   4.00584795321637e-01 
  5.61099977861941e+03   4.30420540419385e-03   0.00000000000000e+00   4.03508771929825e-01 
  5.61199977737718e+03   4.30421740609623e-03   0.00000000000000e+00   4.06432748538012e-01 
  5.61299977622034e+03   4.30422908619694e-03   0.00000000000000e+00   4.09356725146199e-01 
  5.61399977519700e+03   4.30424030399816e-03   0.00000000000000e+00   4.12280701754386e-01 
  5.61499977435525e+03   4.30425091900206e-03   0.00000000000000e+00   4.15204678362573e-01 
  5.61599977374320e+03   4.30426079071082e-03   0.00000000000000e+00   4.18128654970760e-01 
  5.61699977340893e+03   4.30426977862663e-03   0.00000000000000e+00   4.21052631578947e-01 
  5.61799977340055e+03   4.30427774225166e-03   0.00000000000000e+00   4.23976608187134e-01 
  5.61899977376616e+03   4.30428454108810e-03   0.00000000000000e+00   4.26900584795322e-01 
  5.61999977455385e+03   4.30429003463811e-03   0.00000000000000e+00   4.29824561403509e-01 
  5.62099977581172e+03   4.30429408240389e-03   0.00000000000000e+00   4.32748538011696e-01 
  5.62199977758788e+03   4.30429654388761e-03   0.00000000000000e+00   4.35672514619883e-01 
  5.62299977992775e+03   4.30429728186898e-03   0.00000000000000e+00   4.38596491228070e-01 
  5.62399978275567e+03   4.30429630758781e-03   0.00000000000000e+00   4.41520467836257e-01 
  5.62499978582798e+03   4.30429383828292e-03   0.00000000000000e+00   4.44444444444444e-01 
  5.62599978888865e+03   4.30429010636690e-03   0.00000000000000e+00   4.47368421052632e-01 
  5.62699979168162e+03   4.30428534425232e-03   0.00000000000000e+00   4.50292397660819e-01 
  5.62799979395087e+03   4.30427978435176e-03   0.00000000000000e+00   4.53216374269006e-01 
  5.62899979544036e+03   4.30427365907782e-03   0.00000000000000e+00   4.56140350877193e-01 
  5.62999979589404e+03   4.30426720084306e-03   0.00000000000000e+00   4.59064327485380e-01 
  5.63099979505588e+03   4.30426064206007e-03   0.00000000000000e+00   4.61988304093567e-01 
  5.63199979266983e+03   4.30425421514144e-03   0.00000000000000e+00   4.64912280701754e-01 
  5.63299978847987e+03   4.30424815249974e-03   0.00000000000000e+00   4.67836257309941e-01 
  5.63399978222996e+03   4.30424268654755e-03   0.00000000000000e+00   4.70760233918129e-01 
  5.63499977366404e+03   4.30423804969746e-03   0.00000000000000e+00   4.73684210526316e-01 
  5.63599976252609e+03   4.30423447436205e-03   0.00000000000000e+00   4.76608187134503e-01 
  5.63699974856007e+03   4.30423219295390e-03   0.00000000000000e+00   4.79532163742690e-01 
  5.63799973150993e+03   4.30423143788559e-03   0.00000000000000e+00   4.82456140350877e-01 
  5.63899971117203e+03   4.30423242352606e-03   0.00000000000000e+00   4.85380116959064e-01 
  5.63999969026293e+03   4.30423435858561e-03   0.00000000000000e+00   4.88304093567251e-01 
  5.64099967590142e+03   4.30423493571530e-03   0.00000000000000e+00   4.91228070175439e-01 
  5.64199967557087e+03   4.30423172201986e-03   0.00000000000000e+00   4.94152046783626e-01 
  5.64299969675465e+03   4.30422228460401e-03   0.00000000000000e+00   4.97076023391813e-01 
  5.64399974693614e+03   4.30420419057246e-03   0.00000000000000e+00   5.00000000000000e-01 
  5.64499982813202e+03   4.30418401436546e-03   0.00000000000000e+00   5.02923976608187e-01 
  5.64599992049233e+03   4.30420435976537e-03   0.00000000000000e+00   5.05847953216374e-01 
  5.64699998877042e+03   4.30428269224007e-03   0.00000000000000e+00   5.08771929824561e-01 
  5.64799995753132e+03   4.30429828465053e-03   0.00000000000000e+00   5.11695906432749e-01 
  5.64899978332330e+03   4.30420140464254e-03   0.00000000000000e+00   5.14619883040936e-01 
  5.64999959528770e+03   4.30437617105110e-03   0.00000000000000e+00   5.17543859649123e-01 
  5.65099952558315e+03   4.30539580494886e-03   0.00000000000000e+00   5.20467836257310e-01 
  5.65199953586086e+03   4.30815697192039e-03   0.00000000000000e+00   5.23391812865497e-01 
  5.65299955806164e+03   4.31325190691658e-03   0.00000000000000e+00   5.26315789473684e-01 
  5.65399958466458e+03   4.31964557832867e-03   0.00000000000000e+00   5.29239766081871e-01 
  5.65499962384451e+03   4.32588411231407e-03   0.00000000000000e+00   5.32163742690059e-01 
  5.65599967221582e+03   4.33103874570386e-03   0.00000000000000e+00   5.35087719298246e-01 
  5.65699970744557e+03   4.33504135754521e-03   0.00000000000000e+00   5.38011695906433e-01 
  5.65799970873510e+03   4.33791274416057e-03   0.00000000000000e+00   5.40935672514620e-01 
  5.65899969739338e+03   4.33979066734337e-03   0.00000000000000e+00   5.43859649122807e-01 
  5.65999972384552e+03   4.34089376690268e-03   0.00000000000000e+00   5.46783625730994e-01 
  5.66099981743553e+03   4.34142667184357e-03   0.00000000000000e+00   5.49707602339181e-01 
  5.66199991233830e+03   4.34152536722933e-03   0.00000000000000e+00   5.52631578947368e-01 
  5.66299991740350e+03   4.34130686163290e-03   0.00000000000000e+00   5.55555555555556e-01 
  5.66399980519422e+03   4.34087778379598e-03   0.00000000000000e+00   5.58479532163743e-01 
  5.66499965718821e+03   4.34032701977964e-03   0.00000000000000e+00   5.61403508771930e-01 
  5.66599956078310e+03   4.33973830441122e-03   0.00000000000000e+00   5.64327485380117e-01 
  5.66699953894522e+03   4.33914902778049e-03   0.00000000000000e+00   5.67251461988304e-01 
  5.66799956820637e+03   4.33856318008684e-03   0.00000000000000e+00   5.70175438596491e-01 
  5.66899962407320e+03   4.33798401416490e-03   0.00000000000000e+00   5.73099415204678e-01 
  5.66999968205236e+03   4.33741478284935e-03   0.00000000000000e+00   5.76023391812865e-01 
  5.67099971779021e+03   4.33685874763009e-03   0.00000000000000e+00   5.78947368421053e-01 
  5.67199971958141e+03   4.33631995365959e-03   0.00000000000000e+00   5.81871345029240e-01 
  5.67299969827648e+03   4.33580384359913e-03   0.00000000000000e+00   5.84795321637427e-01 
  5.67399966705742e+03   4.33531600456605e-03   0.00000000000000e+00   5.87719298245614e-01 
  5.67499963905475e+03   4.33486199634770e-03   0.00000000000000e+00   5.90643274853801e-01 
  5.67599962240147e+03   4.33444472748628e-03   0.00000000000000e+00   5.93567251461988e-01 
  5.67699961612720e+03   4.33406227704844e-03   0.00000000000000e+00   5.96491228070175e-01 
  5.67799961829511e+03   4.33371221137643e-03   0.00000000000000e+00   5.99415204678363e-01 
  5.67899962696835e+03   4.33339209681246e-03   0.00000000000000e+00   6.02339181286550e-01 
  5.67999964021009e+03   4.33309949969877e-03   0.00000000000000e+00   6.05263157894737e-01 
  5.68099965608349e+03   4.33283198637758e-03   0.00000000000000e+00   6.08187134502924e-01 
  5.68199967265171e+03   4.33258712319112e-03   0.00000000000000e+00   6.11111111111111e-01 
  5.68299968797790e+03   4.33236247648162e-03   0.00000000000000e+00   6.14035087719298e-01 
  5.68399970012523e+03   4.33215561259131e-03   0.00000000000000e+00   6.16959064327485e-01 
  5.68499970715687e+03   4.33196409786242e-03   0.00000000000000e+00   6.19883040935672e-01 
  5.68599970713596e+03   4.33178549863716e-03   0.00000000000000e+00   6.22807017543860e-01 
  5.68699969814192e+03   4.33161738875598e-03   0.00000000000000e+00   6.25730994152047e-01 
  5.68799968022126e+03   4.33145824934169e-03   0.00000000000000e+00   6.28654970760234e-01 
  5.68899965724078e+03   4.33130832359449e-03   0.00000000000000e+00   6.31578947368421e-01 
  5.68999963350626e+03   4.33116805716602e-03   0.00000000000000e+00   6.34502923976608e-01 
  5.69099961332346e+03   4.33103789570793e-03   0.00000000000000e+00   6.37426900584795e-01 
  5.69199960099813e+03   4.33091828487184e-03   0.00000000000000e+00   6.40350877192982e-01 
  5.69299959998583e+03   4.33080944177635e-03   0.00000000000000e+00   6.43274853801170e-01 
  5.69399960923026e+03   4.33071037078466e-03   0.00000000000000e+00   6.46198830409357e-01 
  5.69499962618422e+03   4.33061967551894e-03   0.00000000000000e+00   6.49122807017544e-01 
  5.69599964829958e+03   4.33053595934835e-03   0.00000000000000e+00   6.52046783625731e-01 
  5.69699967302821e+03   4.33045782564205e-03   0.00000000000000e+00   6.54970760233918e-01 
  5.69799969782199e+03   4.33038387776922e-03   0.00000000000000e+00   6.57894736842105e-01 
  5.69899972013279e+03   4.33031271909902e-03   0.00000000000000e+00   6.60818713450292e-01 
  5.69999973741247e+03   4.33024295300061e-03   0.00000000000000e+00   6.63742690058480e-01 
  5.70099974711290e+03   4.33017318284317e-03   0.00000000000000e+00   6.66666666666667e-01 
  5.70199974682401e+03   4.33010207937773e-03   0.00000000000000e+00   6.69590643274854e-01 
  5.70299973662332e+03   4.33002952746335e-03   0.00000000000000e+00   6.72514619883041e-01 
  5.70399971874491e+03   4.32995646451717e-03   0.00000000000000e+00   6.75438596491228e-01 
  5.70499969549433e+03   4.32988386282157e-03   0.00000000000000e+00   6.78362573099415e-01 
  5.70599966917709e+03   4.32981269465890e-03   0.00000000000000e+00   6.81286549707602e-01 
  5.70699964209873e+03   4.32974393231154e-03   0.00000000000000e+00   6.84210526315789e-01 
  5.70799961656477e+03   4.32967854806185e-03   0.00000000000000e+00   6.87134502923977e-01 
  5.70899959488076e+03   4.32961751419221e-03   0.00000000000000e+00   6.90058479532164e-01 
  5.70999957935220e+03   4.32956180298497e-03   0.00000000000000e+00   6.92982456140351e-01 
  5.71099957227862e+03   4.32951238444653e-03   0.00000000000000e+00   6.95906432748538e-01 
  5.71199957473141e+03   4.32946976474461e-03   0.00000000000000e+00   6.98830409356725e-01 
  5.71299958506579e+03   4.32943342418167e-03   0.00000000000000e+00   7.01754385964912e-01 
  5.71399960127312e+03   4.32940270564124e-03   0.00000000000000e+00   7.04678362573099e-01 
  5.71499962134478e+03   4.32937695200679e-03   0.00000000000000e+00   7.07602339181286e-01 
  5.71599964327214e+03   4.32935550616185e-03   0.00000000000000e+00   7.10526315789474e-01 
  5.71699966504658e+03   4.32933771098989e-03   0.00000000000000e+00   7.13450292397661e-01 
  5.71799968465946e+03   4.32932290937443e-03   0.00000000000000e+00   7.16374269005848e-01 
  5.71899970010216e+03   4.32931044419896e-03   0.00000000000000e+00   7.19298245614035e-01 
  5.71999970936605e+03   4.32929965834697e-03   0.00000000000000e+00   7.22222222222222e-01 
  5.72099971081872e+03   4.32928992332443e-03   0.00000000000000e+00   7.25146198830409e-01 
  5.72199970519013e+03   4.32928079036755e-03   0.00000000000000e+00   7.28070175438596e-01 
  5.72299969412508e+03   4.32927188031300e-03   0.00000000000000e+00   7.30994152046784e-01 
  5.72399967927034e+03   4.32926281414904e-03   0.00000000000000e+00   7.33918128654971e-01 
  5.72499966227271e+03   4.32925321286392e-03   0.00000000000000e+00   7.36842105263158e-01 
  5.72599964477897e+03   4.32924269744589e-03   0.00000000000000e+00   7.39766081871345e-01 
  5.72699962843591e+03   4.32923088888322e-03   0.00000000000000e+00   7.42690058479532e-01 
  5.72799961489031e+03   4.32921740816415e-03   0.00000000000000e+00   7.45614035087719e-01 
  5.72899960578896e+03   4.32920187627696e-03   0.00000000000000e+00   7.48538011695906e-01 
  5.72999960271861e+03   4.32918392835775e-03   0.00000000000000e+00   7.51461988304093e-01 
  5.73099960588535e+03   4.32916352494347e-03   0.00000000000000e+00   7.54385964912281e-01 
  5.73199961411454e+03   4.32914095197189e-03   0.00000000000000e+00   7.57309941520468e-01 
  5.73299962617157e+03   4.32911650952866e-03   0.00000000000000e+00   7.60233918128655e-01 
  5.73399964082176e+03   4.32909049769940e-03   0.00000000000000e+00   7.63157894736842e-01 
  5.73499965683050e+03   4.32906321656975e-03   0.00000000000000e+00   7.66081871345029e-01 
  5.73599967296314e+03   4.32903496622535e-03   0.00000000000000e+00   7.69005847953216e-01 
  5.73699968798502e+03   4.32900604675183e-03   0.00000000000000e+00   7.71929824561403e-01 
  5.73799970066152e+03   4.32897675823483e-03   0.00000000000000e+00   7.74853801169591e-01 
  5.73899970975799e+03   4.32894740075998e-03   0.00000000000000e+00   7.77777777777778e-01 
  5.73999971403979e+03   4.32891827441292e-03   0.00000000000000e+00   7.80701754385965e-01 
  5.74099971247507e+03   4.32888968132765e-03   0.00000000000000e+00   7.83625730994152e-01 
  5.74199970547206e+03   4.32886193818376e-03   0.00000000000000e+00   7.86549707602339e-01 
  5.74299969406213e+03   4.32883536795509e-03   0.00000000000000e+00   7.89473684210526e-01 
  5.74399967927918e+03   4.32881029364068e-03   0.00000000000000e+00   7.92397660818713e-01 
  5.74499966215707e+03   4.32878703823957e-03   0.00000000000000e+00   7.95321637426901e-01 
  5.74599964372969e+03   4.32876592475080e-03   0.00000000000000e+00   7.98245614035088e-01 
  5.74699962503090e+03   4.32874727617338e-03   0.00000000000000e+00   8.01169590643275e-01 
  5.74799960709459e+03   4.32873141550637e-03   0.00000000000000e+00   8.04093567251462e-01 
  5.74899959095461e+03   4.32871866573968e-03   0.00000000000000e+00   8.07017543859649e-01 
  5.74999957741563e+03   4.32870923892217e-03   0.00000000000000e+00   8.09941520467836e-01 
  5.75099956648207e+03   4.32870295973802e-03   0.00000000000000e+00   8.12865497076023e-01 
  5.75199955798379e+03   4.32869956837760e-03   0.00000000000000e+00   8.15789473684211e-01 
  5.75299955175066e+03   4.32869880503124e-03   0.00000000000000e+00   8.18713450292398e-01 
  5.75399954761254e+03   4.32870040988928e-03   0.00000000000000e+00   8.21637426900585e-01 
  5.75499954539930e+03   4.32870412314207e-03   0.00000000000000e+00   8.24561403508772e-01 
  5.75599954494079e+03   4.32870968497995e-03   0.00000000000000e+00   8.27485380116959e-01 
  5.75699954606688e+03   4.32871683559327e-03   0.00000000000000e+00   8.30409356725146e-01 
  5.75799954860744e+03   4.32872531517237e-03   0.00000000000000e+00   8.33333333333333e-01 
  5.75899955239232e+03   4.32873486390759e-03   0.00000000000000e+00   8.36257309941520e-01 
  5.75999955725140e+03   4.32874522198928e-03   0.00000000000000e+00   8.39181286549708e-01 
  5.76099956301454e+03   4.32875612960777e-03   0.00000000000000e+00   8.42105263157895e-01 
  5.76199956951160e+03   4.32876732695342e-03   0.00000000000000e+00   8.45029239766082e-01 
  5.76299957657244e+03   4.32877855421657e-03   0.00000000000000e+00   8.47953216374269e-01 
  5.76399958402693e+03   4.32878955158755e-03   0.00000000000000e+00   8.50877192982456e-01 
  5.76499959170493e+03   4.32880005925672e-03   0.00000000000000e+00   8.53801169590643e-01 
  5.76599959943631e+03   4.32880981741441e-03   0.00000000000000e+00   8.56725146198830e-01 
  5.76699960705093e+03   4.32881856625097e-03   0.00000000000000e+00   8.59649122807018e-01 
  5.76799961437865e+03   4.32882604595675e-03   0.00000000000000e+00   8.62573099415205e-01 
  5.76899962124934e+03   4.32883199672208e-03   0.00000000000000e+00   8.65497076023392e-01 
  5.76999962749286e+03   4.32883615873732e-03   0.00000000000000e+00   8.68421052631579e-01 
  5.77099963293907e+03   4.32883827219279e-03   0.00000000000000e+00   8.71345029239766e-01 
  5.77199963741785e+03   4.32883807727886e-03   0.00000000000000e+00   8.74269005847953e-01 
  5.77299964075905e+03   4.32883531418585e-03   0.00000000000000e+00   8.77192982456140e-01 
  5.77399964279253e+03   4.32882972310412e-03   0.00000000000000e+00   8.80116959064327e-01 
  5.77499964334817e+03   4.32882104422400e-03   0.00000000000000e+00   8.83040935672515e-01 
  5.77599964228229e+03   4.32880906644847e-03   0.00000000000000e+00   8.85964912280702e-01 
  5.77699963968617e+03   4.32879401105150e-03   0.00000000000000e+00   8.88888888888889e-01 
  5.77799963577403e+03   4.32877632553966e-03   0.00000000000000e+00   8.91812865497076e-01 
  5.77899963076117e+03   4.32875645939960e-03   0.00000000000000e+00   8.94736842105263e-01 
  5.77999962486286e+03   4.32873486211795e-03   0.00000000000000e+00   8.97660818713450e-01 
  5.78099961829439e+03   4.32871198318136e-03   0.00000000000000e+00   9.00584795321637e-01 
  5.78199961127107e+03   4.32868827207646e-03   0.00000000000000e+00   9.03508771929824e-01 
  5.78299960400817e+03   4.32866417828989e-03   0.00000000000000e+00   9.06432748538012e-01 
  5.78399959672098e+03   4.32864015130830e-03   0.00000000000000e+00   9.09356725146199e-01 
  5.78499958962480e+03   4.32861664061832e-03   0.00000000000000e+00   9.12280701754386e-01 
  5.78599958293492e+03   4.32859409570660e-03   0.00000000000000e+00   9.15204678362573e-01 
  5.78699957686661e+03   4.32857296605978e-03   0.00000000000000e+00   9.18128654970760e-01 
  5.78799957163519e+03   4.32855370116449e-03   0.00000000000000e+00   9.21052631578947e-01 
  5.78899956745593e+03   4.32853675050737e-03   0.00000000000000e+00   9.23976608187134e-01 
  5.78999956454411e+03   4.32852256357507e-03   0.00000000000000e+00   9.26900584795322e-01 
  5.79099956311505e+03   4.32851158985423e-03   0.00000000000000e+00   9.29824561403509e-01 
  5.79199956338401e+03   4.32850427883148e-03   0.00000000000000e+00   9.32748538011696e-01 
  5.79299956556629e+03   4.32850107999347e-03   0.00000000000000e+00   9.35672514619883e-01 
  5.79399956987719e+03   4.32850244282684e-03   0.00000000000000e+00   9.38596491228070e-01 
  5.79499957653199e+03   4.32850881681822e-03   0.00000000000000e+00   9.41520467836257e-01 
  5.79599958574597e+03   4.32852065145426e-03   0.00000000000000e+00   9.44444444444444e-01 
  5.79699959766144e+03   4.32853817654055e-03   0.00000000000000e+00   9.47368421052632e-01 
  5.79799961167534e+03   4.32855937859508e-03   0.00000000000000e+00   9.50292397660819e-01 
  5.79899962674854e+03   4.32858093183301e-03   0.00000000000000e+00   9.53216374269006e-01 
  5.79999964183648e+03   4.32859949393404e-03   0.00000000000000e+00   9.56140350877193e-01 
  5.80099965589454e+03   4.32861172259524e-03   0.00000000000000e+00   9.59064327485380e-01 
  5.80199966805115e+03   4.32861519618951e-03   0.00000000000000e+00   9.61988304093567e-01 
  5.80299967807222e+03   4.32861088599293e-03   0.00000000000000e+00   9.64912280701754e-01 
  5.80399968587054e+03   4.32860054467598e-03   0.00000000000000e+00   9.67836257309941e-01 
  5.80499969135886e+03   4.32858592490911e-03   0.00000000000000e+00   9.70760233918129e-01 
  5.80599969444994e+03   4.32856877936281e-03   0.00000000000000e+00   9.73684210526316e-01 
  5.80699969505655e+03   4.32855086070756e-03   0.00000000000000e+00   9.76608187134503e-01 
  5.80799969309145e+03   4.32853392161382e-03   0.00000000000000e+00   9.79532163742690e-01 
  5.80899968846741e+03   4.32851971475208e-03   0.00000000000000e+00   9.82456140350877e-01 
  5.80999968109718e+03   4.32850999279280e-03   0.00000000000000e+00   9.85380116959064e-01 
  5.81099967089353e+03   4.32850650840646e-03   0.00000000000000e+00   9.88304093567251e-01 
  5.81199965776923e+03   4.32851101426354e-03   0.00000000000000e+00   9.91228070175439e-01 
  5.81299964163703e+03   4.32852526303450e-03   0.00000000000000e+00   9.94152046783626e-01 
  5.81399962240970e+03   4.32855100738983e-03   0.00000000000000e+00   9.97076023391813e-01 
  5.81499960000000e+03   4.32859000000000e-03   0.00000000000000e+00   1.00000000000000e+00 
