5473.00004000000	0.00430434000	0.00000000000
5473.50017514794	0.00430441022	0.00000000000
5474.99991751786	0.00430449608	0.00000000000
5477.16703138566	0.00430444963	0.00000000000
5480.49816878209	0.00430440674	0.00000000000
5483.83326528245	0.00430450461	0.00000000000
5489.16596567545	0.00430417190	0.00000000000
5493.50028992172	0.00430431133	0.00000000000
5497.16478520605	0.00430397817	0.00000000000
5499.16619113385	0.00430425111	0.00000000000
5501.49948850278	0.00430417697	0.00000000000
5503.83312118962	0.00430457519	0.00000000000
5506.83324421943	0.00430427277	0.00000000000
5511.83274243278	0.00430449917	0.00000000000
5521.49991565950	0.00430418628	0.00000000000
5531.83267931366	0.00430458568	0.00000000000
5542.49966887470	0.00430429061	0.00000000000
5549.16614804286	0.00430449476	0.00000000000
5558.83314070217	0.00430424794	0.00000000000
5569.16609379428	0.00430448012	0.00000000000
5578.83359323022	0.00430414009	0.00000000000
5584.83288731864	0.00430424043	0.00000000000
5599.49956313657	0.00430387663	0.00000000000
5619.16629228040	0.00430449985	0.00000000000
5638.83303215607	0.00430417765	0.00000000000
5646.49984676894	0.00430419970	0.00000000000
5649.49979703496	0.00430442713	0.00000000000
5651.49911829610	0.00430415898	0.00000000000
5653.83280674859	0.00431865427	0.00000000000
5656.16619362684	0.00433326564	0.00000000000
5658.83289283376	0.00434041587	0.00000000000
5661.50006224525	0.00434206511	0.00000000000
5665.16619874218	0.00434033571	0.00000000000
5668.83304399959	0.00433805240	0.00000000000
5677.49936450763	0.00433314039	0.00000000000
5687.16642584671	0.00433141001	0.00000000000
5697.16590366879	0.00433035003	0.00000000000
5702.83319094174	0.00433011564	0.00000000000
5711.49937165747	0.00432927009	0.00000000000
5725.16627919435	0.00432939796	0.00000000000
5742.83252703000	0.00432876904	0.00000000000
5756.83273900740	0.00432862467	0.00000000000
5764.83248732039	0.00432887034	0.00000000000
5768.16676432985	0.00432872123	0.00000000000
5772.16662578679	0.00432887401	0.00000000000
5777.16555408246	0.00432881351	0.00000000000
5783.50009297809	0.00432872622	0.00000000000
5789.83279621381	0.00432836202	0.00000000000
5800.66643546051	0.00432875835	0.00000000000
5809.16643872590	0.00432842940	0.00000000000
5814.99960000000	0.00432859000	0.00000000000
