1	1.00846e-09	1.00846e-09	1.00846e-10	0.00000e+00	0.00000e+00
2	7.13124e-10	7.13124e-10	7.13124e-11	0.00000e+00	0.00000e+00
4	7.04359e-10	7.04359e-10	7.04359e-11	0.00000e+00	0.00000e+00
5	1.46576e-10	1.46576e-10	1.46576e-11	0.00000e+00	0.00000e+00
6	1.23752e-10	1.23752e-10	1.23752e-11	0.00000e+00	0.00000e+00
7	9.35129e-11	9.35129e-11	9.35129e-12	0.00000e+00	0.00000e+00
8	7.23091e-11	7.23091e-11	7.23091e-12	0.00000e+00	0.00000e+00
9	3.28535e-11	3.28535e-11	3.28535e-12	0.00000e+00	0.00000e+00
10	2.58823e-11	2.58823e-11	2.58823e-12	0.00000e+00	0.00000e+00
11	2.24304e-11	2.24304e-11	2.24304e-12	0.00000e+00	0.00000e+00
13	2.18424e-11	2.18424e-11	2.18424e-12	0.00000e+00	0.00000e+00
15	2.18139e-11	2.18139e-11	2.18139e-12	0.00000e+00	0.00000e+00
17	2.13301e-11	2.13301e-11	2.13301e-12	0.00000e+00	0.00000e+00
19	2.12581e-11	2.12581e-11	2.12581e-12	0.00000e+00	0.00000e+00
21	2.12082e-11	2.12082e-11	2.12082e-12	0.00000e+00	0.00000e+00
23	2.12082e-11	2.12082e-11	2.12082e-12	0.00000e+00	0.00000e+00
25	2.12079e-11	2.12079e-11	2.12079e-12	0.00000e+00	0.00000e+00
27	2.01572e-11	2.01572e-11	2.01572e-12	0.00000e+00	0.00000e+00
29	2.01276e-11	2.01276e-11	2.01276e-12	0.00000e+00	0.00000e+00
31	1.97724e-11	1.97724e-11	1.97724e-12	0.00000e+00	0.00000e+00
33	1.96170e-11	1.96170e-11	1.96170e-12	0.00000e+00	0.00000e+00
35	1.92088e-11	1.92088e-11	1.92088e-12	0.00000e+00	0.00000e+00
37	1.91345e-11	1.91345e-11	1.91345e-12	0.00000e+00	0.00000e+00
39	1.88141e-11	1.88141e-11	1.88141e-12	0.00000e+00	0.00000e+00
41	1.84791e-11	1.84791e-11	1.84791e-12	0.00000e+00	0.00000e+00
43	1.82946e-11	1.82946e-11	1.82946e-12	0.00000e+00	0.00000e+00
45	1.80480e-11	1.80480e-11	1.80480e-12	0.00000e+00	0.00000e+00
47	1.78915e-11	1.78915e-11	1.78915e-12	0.00000e+00	0.00000e+00
50	1.78729e-11	1.78729e-11	1.78729e-12	0.00000e+00	0.00000e+00
52	1.77551e-11	1.77551e-11	1.77551e-12	0.00000e+00	0.00000e+00
55	1.77003e-11	1.77003e-11	1.77003e-12	0.00000e+00	0.00000e+00
58	1.76752e-11	1.76752e-11	1.76752e-12	0.00000e+00	0.00000e+00
60	1.75524e-11	1.75524e-11	1.75524e-12	0.00000e+00	0.00000e+00
63	1.74247e-11	1.74247e-11	1.74247e-12	0.00000e+00	0.00000e+00
66	1.73950e-11	1.73950e-11	1.73950e-12	0.00000e+00	0.00000e+00
69	1.73286e-11	1.73286e-11	1.73286e-12	0.00000e+00	0.00000e+00
72	1.72711e-11	1.72711e-11	1.72711e-12	0.00000e+00	0.00000e+00
75	1.72464e-11	1.72464e-11	1.72464e-12	0.00000e+00	0.00000e+00
78	1.71978e-11	1.71978e-11	1.71978e-12	0.00000e+00	0.00000e+00
81	1.71540e-11	1.71540e-11	1.71540e-12	0.00000e+00	0.00000e+00
84	1.71488e-11	1.71488e-11	1.71488e-12	0.00000e+00	0.00000e+00
87	1.71000e-11	1.71000e-11	1.71000e-12	0.00000e+00	0.00000e+00
90	1.70999e-11	1.70999e-11	1.70999e-12	0.00000e+00	0.00000e+00
93	1.70825e-11	1.70825e-11	1.70825e-12	0.00000e+00	0.00000e+00
96	1.69862e-11	1.69862e-11	1.69862e-12	0.00000e+00	0.00000e+00
99	1.69727e-11	1.69727e-11	1.69727e-12	0.00000e+00	0.00000e+00
