0.00000000000 -1.0
0.00000000000 -1.0
0.00000000000 -1.0
0.00000000000 -1.0
0.00438609212 -1.0
0.01315827637 -1.0
0.01900347629 -1.0
0.03362524739 -1.0
0.04239743894 -1.0
0.06578773924 -1.0
0.07163513335 -1.0
0.07455993043 -1.0
0.08333284547 -1.0
0.09210502972 -1.0
0.09502909601 -1.0
0.10964793590 -1.0
0.13596450252 -1.0
0.17982396730 -1.0
0.20029093978 -1.0
0.22953156538 -1.0
0.23830374963 -1.0
0.28508728143 -1.0
0.32017602427 -1.0
0.32309935940 -1.0
0.33771747545 -1.0
0.44883037572 -1.0
0.49561390020 -1.0
0.51023421703 -1.0
0.51608160383 -1.0
0.52192900525 -1.0
0.52777712321 -1.0
0.53654930746 -1.0
0.54239744004 -1.0
0.55116962429 -1.0
0.55994180854 -1.0
0.57456139384 -1.0
0.58333284656 -1.0
0.63596450363 -1.0
0.65935553508 -1.0
0.67105324720 -1.0
0.68567209440 -1.0
0.73537968519 -1.0
0.79093467739 -1.0
0.84064153701 -1.0
0.85818737440 -1.0
0.86111143338 -1.0
0.86988362494 -1.0
0.89327392413 -1.0
0.90497090546 -1.0
0.92543933950 -1.0
0.94883037608 -1.0
1.00000000000 -1.0
1.00000000000 -1.0
1.00000000000 -1.0
1.00000000000 -1.0
