5473.00004000000	0.00430434000	0.00000000000	0.00000000000
5474.00010902302	0.00430443342	0.00000000000	0.00292406629
5475.00011840357	0.00430446575	0.00000000000	0.00584811796
5476.00024939114	0.00430446873	0.00000000000	0.00877218425
5477.00030472878	0.00430445593	0.00000000000	0.01169625054
5478.00008326848	0.00430443999	0.00000000000	0.01462030221
5478.99867278548	0.00430442947	0.00000000000	0.01754144314
5479.99841013842	0.00430442861	0.00000000000	0.02046550943
5480.99842613844	0.00430443608	0.00000000000	0.02338957572
5481.99862353760	0.00430444511	0.00000000000	0.02631362739
5482.99941038208	0.00430444872	0.00000000000	0.02923915526
5483.99967970389	0.00430443988	0.00000000000	0.03216322155
5484.99982835428	0.00430441203	0.00000000000	0.03508727322
5485.99985615455	0.00430436836	0.00000000000	0.03801133951
5486.99983586906	0.00430432182	0.00000000000	0.04093540580
5487.99984676125	0.00430428539	0.00000000000	0.04385947209
5488.99990960883	0.00430426316	0.00000000000	0.04678352376
5490.00000670428	0.00430425029	0.00000000000	0.04970759005
5491.00010301444	0.00430424154	0.00000000000	0.05263165634
5492.00016350619	0.00430423170	0.00000000000	0.05555570801
5493.00016814653	0.00430421553	0.00000000000	0.05847977430
5494.00008190208	0.00430418782	0.00000000000	0.06140384059
5494.99937478342	0.00430414335	0.00000000000	0.06432644456
5495.99852244968	0.00430407885	0.00000000000	0.06724903392
5496.99825866200	0.00430403569	0.00000000000	0.07017310021
5497.99851176045	0.00430409328	0.00000000000	0.07309716649
5498.99946612356	0.00430418387	0.00000000000	0.07602269436
5499.99964099291	0.00430422151	0.00000000000	0.07894674603
5500.99966381850	0.00430425085	0.00000000000	0.08187081232
5501.99967074894	0.00430431994	0.00000000000	0.08479487861
5502.99971945149	0.00430442017	0.00000000000	0.08771893028
5503.99980411107	0.00430448627	0.00000000000	0.09064299657
5504.99989971849	0.00430445576	0.00000000000	0.09356706286
5505.99996978191	0.00430438289	0.00000000000	0.09649112915
5506.99998936954	0.00430434866	0.00000000000	0.09941518082
5507.99998231120	0.00430434518	0.00000000000	0.10233924711
5508.99995893911	0.00430436050	0.00000000000	0.10526331340
5509.99942949812	0.00430438266	0.00000000000	0.10818590275
5510.99941909230	0.00430440000	0.00000000000	0.11110996904
5511.99992842677	0.00430440748	0.00000000000	0.11403549691
5512.99995472935	0.00430440670	0.00000000000	0.11695956320
5513.99948926233	0.00430439956	0.00000000000	0.11988215255
5514.99953879910	0.00430438794	0.00000000000	0.12280621884
5515.99959476277	0.00430437373	0.00000000000	0.12573028513
5516.99964869067	0.00430435882	0.00000000000	0.12865433680
5517.99970712018	0.00430434511	0.00000000000	0.13157840309
5518.99976158861	0.00430433448	0.00000000000	0.13450246938
5519.99980872883	0.00430432877	0.00000000000	0.13742653567
5520.99984237066	0.00430432852	0.00000000000	0.14035058734
5522.00037339949	0.00430433300	0.00000000000	0.14327611521
5522.99989811056	0.00430434140	0.00000000000	0.14619871918
5523.99991770287	0.00430435293	0.00000000000	0.14912278547
5524.99992818979	0.00430436680	0.00000000000	0.15204683714
5525.99944059225	0.00430438220	0.00000000000	0.15496944112
5526.99945123469	0.00430439834	0.00000000000	0.15789350741
5527.99995599002	0.00430441444	0.00000000000	0.16081902067
5528.99996627527	0.00430442968	0.00000000000	0.16374308696
5529.99997806541	0.00430444327	0.00000000000	0.16666715325
5530.99948737714	0.00430445441	0.00000000000	0.16958974260
5531.99950554117	0.00430446232	0.00000000000	0.17251380889
5532.99952857583	0.00430446619	0.00000000000	0.17543787518
5533.99955760321	0.00430446522	0.00000000000	0.17836194147
5534.99958867662	0.00430445868	0.00000000000	0.18128599314
5535.99963126491	0.00430444709	0.00000000000	0.18421005943
5536.99967825309	0.00430443222	0.00000000000	0.18713412572
5537.99972745714	0.00430441594	0.00000000000	0.19005819201
5538.99977169311	0.00430440006	0.00000000000	0.19298224368
5539.99981877695	0.00430438644	0.00000000000	0.19590630996
5540.99936140970	0.00430437693	0.00000000000	0.19882891394
5541.99939271995	0.00430437327	0.00000000000	0.20175296561
5542.99992215292	0.00430437562	0.00000000000	0.20467849348
5543.99994650432	0.00430438251	0.00000000000	0.20760255977
5544.99996722896	0.00430439238	0.00000000000	0.21052662606
5545.99998092043	0.00430440369	0.00000000000	0.21345067773
5546.99999917172	0.00430441487	0.00000000000	0.21637474402
5548.00001857639	0.00430442439	0.00000000000	0.21929881031
5548.99953561842	0.00430443069	0.00000000000	0.22222139966
5549.99956210742	0.00430443224	0.00000000000	0.22514546595
5550.99959452916	0.00430442746	0.00000000000	0.22806953224
5551.99963433371	0.00430441495	0.00000000000	0.23099359853
5552.99967467529	0.00430439621	0.00000000000	0.23391765020
5553.99972041202	0.00430437567	0.00000000000	0.23684171649
5554.99976139116	0.00430435780	0.00000000000	0.23976578278
5555.99979550159	0.00430434459	0.00000000000	0.24268984907
5556.99931856373	0.00430433558	0.00000000000	0.24561243842
5557.99934186298	0.00430433018	0.00000000000	0.24853650471
5558.99986120331	0.00430432783	0.00000000000	0.25146203258
5559.99987293858	0.00430432795	0.00000000000	0.25438608425
5560.99988798692	0.00430432997	0.00000000000	0.25731015054
5561.99990241136	0.00430433332	0.00000000000	0.26023421683
5562.99991227497	0.00430433743	0.00000000000	0.26315826850
5563.99992864015	0.00430434171	0.00000000000	0.26608233479
5564.99994756997	0.00430434561	0.00000000000	0.26900640108
5565.99947001985	0.00430434853	0.00000000000	0.27192900505
5566.99949226501	0.00430434992	0.00000000000	0.27485305672
5567.99952526264	0.00430434920	0.00000000000	0.27777712301
5568.99956507576	0.00430434579	0.00000000000	0.28070118930
5569.99961276721	0.00430433913	0.00000000000	0.28362525559
5570.99966431472	0.00430432867	0.00000000000	0.28654930726
5571.99972873900	0.00430431463	0.00000000000	0.28947337355
5572.99929797325	0.00430429799	0.00000000000	0.29239597753
5573.99986913746	0.00430427974	0.00000000000	0.29532150540
5574.99993431869	0.00430426091	0.00000000000	0.29824555707
5576.00000037614	0.00430424250	0.00000000000	0.30116962336
5577.00005928828	0.00430422551	0.00000000000	0.30409368965
5578.00010303376	0.00430421097	0.00000000000	0.30701774132
5579.00063845011	0.00430419987	0.00000000000	0.30994326919
5580.00015768878	0.00430419324	0.00000000000	0.31286587316
5581.00015780543	0.00430419206	0.00000000000	0.31578993945
5582.00013067007	0.00430419735	0.00000000000	0.31871399112
5583.00008455392	0.00430420965	0.00000000000	0.32163805741
5583.99954103147	0.00430421907	0.00000000000	0.32456066139
5584.99952024241	0.00430421681	0.00000000000	0.32748471306
5585.99952701410	0.00430420565	0.00000000000	0.33040877935
5586.99954987604	0.00430418889	0.00000000000	0.33333284564
5587.99908224466	0.00430416982	0.00000000000	0.33625544962
5588.99911300904	0.00430415164	0.00000000000	0.33917950129
5589.99964868218	0.00430413597	0.00000000000	0.34210502916
5590.99968439393	0.00430412275	0.00000000000	0.34502909545
5591.99971499771	0.00430411187	0.00000000000	0.34795314712
5592.99975048359	0.00430410321	0.00000000000	0.35087721341
5593.99978584199	0.00430409666	0.00000000000	0.35380127970
5594.99982106322	0.00430409210	0.00000000000	0.35672534599
5595.99985113769	0.00430408941	0.00000000000	0.35964939766
5596.99988605548	0.00430408848	0.00000000000	0.36257346394
5597.99992080700	0.00430408919	0.00000000000	0.36549753023
5598.99995538256	0.00430409142	0.00000000000	0.36842159652
5599.99998477259	0.00430409507	0.00000000000	0.37134564819
5600.99951885504	0.00430410000	0.00000000000	0.37426825217
5601.99955284466	0.00430410612	0.00000000000	0.37719231846
5602.99908150526	0.00430411329	0.00000000000	0.38011490781
5603.99911505581	0.00430412142	0.00000000000	0.38303897410
5604.99914837224	0.00430413037	0.00000000000	0.38596304039
5605.99967630901	0.00430414004	0.00000000000	0.38888855365
5606.99970912796	0.00430415031	0.00000000000	0.39181261994
5607.99974168369	0.00430416105	0.00000000000	0.39473668623
5608.99977396651	0.00430417217	0.00000000000	0.39766075252
5609.99980096684	0.00430418353	0.00000000000	0.40058480419
5610.99983267473	0.00430419502	0.00000000000	0.40350887048
5611.99986408062	0.00430420653	0.00000000000	0.40643293677
5612.99989017494	0.00430421795	0.00000000000	0.40935698844
5613.99992094773	0.00430422915	0.00000000000	0.41228105472
5614.99995138942	0.00430424002	0.00000000000	0.41520512101
5615.99998149033	0.00430425044	0.00000000000	0.41812918730
5617.00000624089	0.00430426030	0.00000000000	0.42105323897
5618.00003563112	0.00430426948	0.00000000000	0.42397730526
5618.99906418219	0.00430427786	0.00000000000	0.42689844620
5619.99909282336	0.00430428534	0.00000000000	0.42982251249
5620.99961593702	0.00430429179	0.00000000000	0.43274802574
5621.99964378977	0.00430429710	0.00000000000	0.43567209203
5622.99967123386	0.00430430115	0.00000000000	0.43859615832
5623.99969825959	0.00430430383	0.00000000000	0.44152022461
5624.99971985743	0.00430430501	0.00000000000	0.44444427628
5625.99974601737	0.00430430459	0.00000000000	0.44736834257
5626.99977173455	0.00430430245	0.00000000000	0.45029240886
5627.99979211172	0.00430429865	0.00000000000	0.45321646053
5628.99981735879	0.00430429342	0.00000000000	0.45614052682
5629.99984269082	0.00430428696	0.00000000000	0.45906459311
5630.99986332285	0.00430427952	0.00000000000	0.46198864478
5631.99988946948	0.00430427131	0.00000000000	0.46491271107
5632.99991634576	0.00430426256	0.00000000000	0.46783677736
5633.99994416659	0.00430425350	0.00000000000	0.47076084365
5634.99946803464	0.00430424436	0.00000000000	0.47368343300
5635.99899827790	0.00430423536	0.00000000000	0.47660603698
5636.99953008155	0.00430422672	0.00000000000	0.47953156485
5637.99955882871	0.00430421867	0.00000000000	0.48245561652
5638.99959459469	0.00430421144	0.00000000000	0.48537968281
5639.99963259450	0.00430420526	0.00000000000	0.48830374910
5640.99967304305	0.00430420034	0.00000000000	0.49122781539
5641.99971115529	0.00430419692	0.00000000000	0.49415186706
5642.99975711317	0.00430419529	0.00000000000	0.49707593334
5643.99980534433	0.00430419748	0.00000000000	0.49999999963
5644.99985452175	0.00430420720	0.00000000000	0.50292406592
5645.99989828567	0.00430422826	0.00000000000	0.50584811759
5646.99994527619	0.00430426445	0.00000000000	0.50877218388
5647.99998766749	0.00430431820	0.00000000000	0.51169625017
5648.99998391460	0.00430435993	0.00000000000	0.51462030184
5649.99937908408	0.00430436361	0.00000000000	0.51754290582
5650.99922466733	0.00430511715	0.00000000000	0.52046697211
5651.99919298835	0.00430815747	0.00000000000	0.52339103840
5652.99929937488	0.00431351582	0.00000000000	0.52631509007
5653.99942016508	0.00431970519	0.00000000000	0.52923915636
5654.99948866206	0.00432569513	0.00000000000	0.53216322265
5655.99951697960	0.00433097881	0.00000000000	0.53508727432
5656.99953600981	0.00433508867	0.00000000000	0.53801134061
5657.99956974786	0.00433793444	0.00000000000	0.54093540690
5658.99965330344	0.00433980016	0.00000000000	0.54385947319
5659.99977140900	0.00434091457	0.00000000000	0.54678352486
5660.99987806904	0.00434143472	0.00000000000	0.54970759114
5661.99991260001	0.00434151359	0.00000000000	0.55263165743
5662.99987224908	0.00434128240	0.00000000000	0.55555572372
5663.99980219451	0.00434085064	0.00000000000	0.55847977539
5664.99976349578	0.00434032479	0.00000000000	0.56140384168
5665.99926949227	0.00433976459	0.00000000000	0.56432644566
5666.99930121750	0.00433918187	0.00000000000	0.56725049733
5667.99935299621	0.00433858725	0.00000000000	0.57017456362
5668.99940424126	0.00433799109	0.00000000000	0.57309862991
5669.99993976964	0.00433740340	0.00000000000	0.57602415778
5670.99945230210	0.00433683404	0.00000000000	0.57894674713
5671.99946205689	0.00433628985	0.00000000000	0.58187081342
5672.99947437034	0.00433577858	0.00000000000	0.58479487971
5673.99948910543	0.00433530317	0.00000000000	0.58771893138
5674.99951554108	0.00433486208	0.00000000000	0.59064299767
5675.99954771407	0.00433445358	0.00000000000	0.59356706396
5676.99958466095	0.00433407592	0.00000000000	0.59649113025
5677.99962041835	0.00433372737	0.00000000000	0.59941518192
5678.99966402267	0.00433340618	0.00000000000	0.60233924821
5679.99970951055	0.00433311061	0.00000000000	0.60526331450
5680.99925079777	0.00433283906	0.00000000000	0.60818590385
5681.99929716270	0.00433258951	0.00000000000	0.61110997014
5682.99934252135	0.00433236036	0.00000000000	0.61403403643
5683.99938591027	0.00433214988	0.00000000000	0.61695810272
5684.99942136612	0.00433195633	0.00000000000	0.61988215439
5685.99995778748	0.00433177788	0.00000000000	0.62280768226
5686.99998948391	0.00433161296	0.00000000000	0.62573174854
5688.00001035652	0.00433145975	0.00000000000	0.62865580021
5688.99952933883	0.00433131657	0.00000000000	0.63157840419
5689.99954067713	0.00433118155	0.00000000000	0.63450247048
5690.99954342138	0.00433105306	0.00000000000	0.63742653677
5691.99953448319	0.00433093056	0.00000000000	0.64035058844
5692.99952852816	0.00433081465	0.00000000000	0.64327465473
5693.99952534264	0.00433070596	0.00000000000	0.64619872102
5694.99952971263	0.00433060514	0.00000000000	0.64912278731
5695.99954142433	0.00433051285	0.00000000000	0.65204683898
5696.99907514631	0.00433042975	0.00000000000	0.65496944296
5697.99913088676	0.00433035641	0.00000000000	0.65789350925
5698.99920786958	0.00433029340	0.00000000000	0.66081756092
5699.99930996944	0.00433023811	0.00000000000	0.66374162721
5700.99991549963	0.00433018484	0.00000000000	0.66666715508
5702.00000762006	0.00433012784	0.00000000000	0.66959122137
5703.00006474653	0.00433006146	0.00000000000	0.67251527304
5704.00009315052	0.00432998503	0.00000000000	0.67543933932
5705.00009685749	0.00432990278	0.00000000000	0.67836340561
5705.99958035826	0.00432981918	0.00000000000	0.68128599497
5706.99956341190	0.00432973860	0.00000000000	0.68421006125
5707.99955029044	0.00432966541	0.00000000000	0.68713412754
5708.99954544866	0.00432960148	0.00000000000	0.69005819383
5709.99954342982	0.00432954619	0.00000000000	0.69298224550
5710.99955356283	0.00432949882	0.00000000000	0.69590631179
5711.99957017742	0.00432945865	0.00000000000	0.69883037808
5712.99909249544	0.00432942499	0.00000000000	0.70175298206
5713.99911505928	0.00432939708	0.00000000000	0.70467703373
5714.99914709322	0.00432937421	0.00000000000	0.70760110002
5715.99918292688	0.00432935568	0.00000000000	0.71052516631
5716.99971675752	0.00432934075	0.00000000000	0.71345067957
5717.99975818000	0.00432932873	0.00000000000	0.71637474586
5718.99980139022	0.00432931887	0.00000000000	0.71929881215
5719.99984571761	0.00432931047	0.00000000000	0.72222287843
5720.99988549169	0.00432930281	0.00000000000	0.72514693010
5721.99993004178	0.00432929517	0.00000000000	0.72807099639
5722.99947358085	0.00432928682	0.00000000000	0.73099360037
5723.99951067246	0.00432927706	0.00000000000	0.73391765204
5724.99955054708	0.00432926518	0.00000000000	0.73684171833
5725.99958797349	0.00432925092	0.00000000000	0.73976578462
5726.99962314146	0.00432923447	0.00000000000	0.74268985091
5727.99915114551	0.00432921604	0.00000000000	0.74561244026
5728.99918242158	0.00432919583	0.00000000000	0.74853650655
5729.99921206324	0.00432917405	0.00000000000	0.75146057284
5730.99973514002	0.00432915088	0.00000000000	0.75438608610
5731.99976213640	0.00432912657	0.00000000000	0.75731015239
5732.99978812260	0.00432910129	0.00000000000	0.76023421868
5733.99981330665	0.00432907527	0.00000000000	0.76315828497
5734.99983289677	0.00432904870	0.00000000000	0.76608233664
5735.99985710067	0.00432902178	0.00000000000	0.76900640293
5736.99988112655	0.00432899474	0.00000000000	0.77193046921
5737.99990018263	0.00432896776	0.00000000000	0.77485452088
5738.99992447662	0.00432894106	0.00000000000	0.77777858717
5739.99994921673	0.00432891484	0.00000000000	0.78070265346
5740.99947450305	0.00432888931	0.00000000000	0.78362525744
5741.99949575920	0.00432886467	0.00000000000	0.78654930911
5742.99952308534	0.00432884112	0.00000000000	0.78947337540
5743.99905156756	0.00432881889	0.00000000000	0.79239597938
5744.99908133475	0.00432879811	0.00000000000	0.79532004567
5745.99910690270	0.00432877892	0.00000000000	0.79824409734
5746.99913788339	0.00432876146	0.00000000000	0.80116816363
5747.99966874973	0.00432874584	0.00000000000	0.80409369150
5748.99969439278	0.00432873221	0.00000000000	0.80701774317
5749.99972428513	0.00432872068	0.00000000000	0.80994180946
5750.99975303916	0.00432871138	0.00000000000	0.81286587575
5751.99978026711	0.00432870444	0.00000000000	0.81578994204
5752.99980058140	0.00432869999	0.00000000000	0.81871399370
5753.99982359396	0.00432869815	0.00000000000	0.82163805999
5754.99984391719	0.00432869905	0.00000000000	0.82456212628
5755.99985616355	0.00432870282	0.00000000000	0.82748617795
5756.99936984387	0.00432870958	0.00000000000	0.83040878193
5757.99937977464	0.00432871947	0.00000000000	0.83333284822
5758.99888536850	0.00432873259	0.00000000000	0.83625545220
5759.99888143395	0.00432874910	0.00000000000	0.83917950387
5760.99887776170	0.00432876902	0.00000000000	0.84210357016
5761.99887563704	0.00432879033	0.00000000000	0.84502763645
5762.99938759652	0.00432880893	0.00000000000	0.84795316432
5763.99942190103	0.00432882062	0.00000000000	0.85087721599
5764.99950135459	0.00432882123	0.00000000000	0.85380128228
5765.99963391511	0.00432880656	0.00000000000	0.85672534857
5766.99982362292	0.00432877383	0.00000000000	0.85964940024
5768.00000353380	0.00432875080	0.00000000000	0.86257346653
5769.00009579299	0.00432875912	0.00000000000	0.86549753281
5770.00011780283	0.00432878361	0.00000000000	0.86842159910
5771.00008588445	0.00432880776	0.00000000000	0.87134565077
5772.00002730523	0.00432882369	0.00000000000	0.87426971706
5772.99995028144	0.00432883214	0.00000000000	0.87719378335
5773.99936279638	0.00432883422	0.00000000000	0.88011637270
5774.99928799557	0.00432883103	0.00000000000	0.88304043899
5775.99873378757	0.00432882369	0.00000000000	0.88596304297
5776.99921318810	0.00432881328	0.00000000000	0.88888857084
5777.99873438635	0.00432880095	0.00000000000	0.89181116019
5778.99931946293	0.00432878770	0.00000000000	0.89473668806
5779.99945488511	0.00432877316	0.00000000000	0.89766075435
5780.99960607506	0.00432875546	0.00000000000	0.90058480602
5781.99975268184	0.00432873269	0.00000000000	0.90350887231
5782.99986020698	0.00432870303	0.00000000000	0.90643293860
5783.99991879575	0.00432866698	0.00000000000	0.90935700489
5784.99993323700	0.00432862738	0.00000000000	0.91228105656
5785.99992417288	0.00432858714	0.00000000000	0.91520512285
5786.99989724613	0.00432854921	0.00000000000	0.91812918914
5787.99935801936	0.00432851651	0.00000000000	0.92105177849
5788.99982712309	0.00432849194	0.00000000000	0.92397730636
5789.99981018781	0.00432847836	0.00000000000	0.92690137265
5790.99931095630	0.00432847606	0.00000000000	0.92982397663
5791.99982214229	0.00432848285	0.00000000000	0.93274948988
5792.99885085257	0.00432849640	0.00000000000	0.93567063082
5793.99889026711	0.00432851444	0.00000000000	0.93859469711
5794.99943717846	0.00432853465	0.00000000000	0.94152022498
5795.99948423452	0.00432855472	0.00000000000	0.94444427665
5796.99953868831	0.00432857235	0.00000000000	0.94736834294
5797.99959297677	0.00432858528	0.00000000000	0.95029240923
5798.99964070427	0.00432859276	0.00000000000	0.95321646090
5799.99969164257	0.00432859549	0.00000000000	0.95614052719
5800.99974061423	0.00432859424	0.00000000000	0.95906459348
5801.99978744180	0.00432858977	0.00000000000	0.96198865977
5802.99982694789	0.00432858287	0.00000000000	0.96491271144
5803.99986895492	0.00432857430	0.00000000000	0.96783677772
5804.99990828550	0.00432856483	0.00000000000	0.97076084401
5805.99943964724	0.00432855523	0.00000000000	0.97368343337
5806.99947309413	0.00432854627	0.00000000000	0.97660749965
5808.00000319168	0.00432853871	0.00000000000	0.97953302752
5809.00003004194	0.00432853334	0.00000000000	0.98245709381
5810.00004832868	0.00432853092	0.00000000000	0.98538114548
5810.99956777023	0.00432853222	0.00000000000	0.98830374946
5811.99958339903	0.00432853800	0.00000000000	0.99122781575
5812.99959493184	0.00432854905	0.00000000000	0.99415188204
5813.99959719148	0.00432856612	0.00000000000	0.99707593371
5814.99960000000	0.00432859000	0.00000000000	1.00000000000
