-161.05240075734	719.29998779297	0.00000000000
-106.57142940679	718.04534562541	0.00000000000
-35.24225392843	720.00648983254	0.00000000000
36.49564269736	719.50224706303	0.00000000000
58.56923003281	719.18693258070	0.00000000000
65.68115513170	718.78731387846	0.00000000000
75.66085022611	722.33253952048	0.00000000000
80.21156019611	753.60328239341	0.00000000000
104.42593170000	745.31315484437	0.00000000000
208.14836344857	745.22534737181	0.00000000000
323.76597817522	739.46533760282	0.00000000000
429.29896940130	748.53668610211	0.00000000000
447.25833948729	760.59855981149	0.00000000000
454.85544524363	784.21729797553	0.00000000000
467.85167159347	771.53647866289	0.00000000000
483.51149307968	748.39252164006	0.00000000000
519.36141349262	746.65198307005	0.00000000000
545.21681045389	759.10255261193	0.00000000000
572.25501862233	769.55077843820	0.00000000000
604.03203153256	756.65852304708	0.00000000000
633.12434942499	749.88039572482	0.00000000000
695.69385259942	751.05607706486	0.00000000000
824.17585702477	751.47207759332	0.00000000000
959.51839294152	757.08499550710	0.00000000000
1074.78401885821	757.72918865529	0.00000000000
1152.64299334585	763.67323682674	0.00000000000
1268.28123279655	760.45327920903	0.00000000000
1382.82242834620	765.15282079468	0.00000000000
1474.63564964864	764.34315380790	0.00000000000
1550.02507351497	769.92946358760	0.00000000000
1654.85453786473	765.44076758734	0.00000000000
1768.90326800297	767.19845220144	0.00000000000
1925.00668091767	765.56036791551	0.00000000000
2050.97566579954	768.30134279572	0.00000000000
2179.60532803614	769.89676569813	0.00000000000
2249.93591209863	767.97188330960	0.00000000000
2373.48099202253	768.37455332850	0.00000000000
2495.15086805083	767.40939714738	0.00000000000
2606.50667321419	767.65527739578	0.00000000000
2790.86678928910	766.90264417451	0.00000000000
2974.49094031799	766.49768075386	0.00000000000
3238.25805410276	763.35270460951	0.00000000000
3399.45917105433	763.98480595992	0.00000000000
3541.56621184423	761.08816978153	0.00000000000
3650.11084448746	766.82450130841	0.00000000000
3730.03342861405	759.48823216275	0.00000000000
3785.05273100123	766.20001220703	0.00000000000
