1	2.54277e-05	2.54277e-05	2.54277e-06	0.00000e+00	0.00000e+00
3	2.44177e-05	2.44177e-05	2.44177e-06	0.00000e+00	0.00000e+00
5	2.29013e-05	2.29013e-05	2.29013e-06	0.00000e+00	0.00000e+00
7	2.23315e-05	2.23315e-05	2.23315e-06	0.00000e+00	0.00000e+00
9	2.10787e-05	2.10787e-05	2.10787e-06	0.00000e+00	0.00000e+00
10	1.75586e-05	1.75586e-05	1.75586e-06	0.00000e+00	0.00000e+00
12	1.75255e-05	1.75255e-05	1.75255e-06	0.00000e+00	0.00000e+00
14	1.67108e-05	1.67108e-05	1.67108e-06	0.00000e+00	0.00000e+00
16	1.52876e-05	1.52876e-05	1.52876e-06	0.00000e+00	0.00000e+00
18	1.52052e-05	1.52052e-05	1.52052e-06	0.00000e+00	0.00000e+00
19	1.15614e-05	1.15614e-05	1.15614e-06	0.00000e+00	0.00000e+00
21	1.04154e-05	1.04154e-05	1.04154e-06	0.00000e+00	0.00000e+00
23	1.00085e-05	1.00085e-05	1.00085e-06	0.00000e+00	0.00000e+00
25	9.69461e-06	9.69461e-06	1.00000e-06	0.00000e+00	0.00000e+00
27	9.57738e-06	9.57738e-06	1.00000e-06	0.00000e+00	0.00000e+00
29	8.59570e-06	8.59570e-06	1.00000e-06	0.00000e+00	0.00000e+00
31	8.55015e-06	8.55015e-06	1.00000e-06	0.00000e+00	0.00000e+00
33	8.50379e-06	8.50379e-06	1.00000e-06	0.00000e+00	0.00000e+00
35	8.41968e-06	8.41968e-06	1.00000e-06	0.00000e+00	0.00000e+00
37	8.34349e-06	8.34349e-06	1.00000e-06	0.00000e+00	0.00000e+00
39	8.07565e-06	8.07565e-06	1.00000e-06	0.00000e+00	0.00000e+00
41	7.97368e-06	7.97368e-06	1.00000e-06	0.00000e+00	0.00000e+00
43	7.94755e-06	7.94755e-06	1.00000e-06	0.00000e+00	0.00000e+00
45	7.93936e-06	7.93936e-06	1.00000e-06	0.00000e+00	0.00000e+00
47	7.74463e-06	7.74463e-06	1.00000e-06	0.00000e+00	0.00000e+00
50	7.67318e-06	7.67318e-06	1.00000e-06	0.00000e+00	0.00000e+00
53	7.66583e-06	7.66583e-06	1.00000e-06	0.00000e+00	0.00000e+00
56	7.59995e-06	7.59995e-06	1.00000e-06	0.00000e+00	0.00000e+00
59	7.57575e-06	7.57575e-06	1.00000e-06	0.00000e+00	0.00000e+00
62	7.53407e-06	7.53407e-06	1.00000e-06	0.00000e+00	0.00000e+00
64	7.43173e-06	7.43173e-06	1.00000e-06	0.00000e+00	0.00000e+00
67	7.41477e-06	7.41477e-06	1.00000e-06	0.00000e+00	0.00000e+00
70	7.40699e-06	7.40699e-06	1.00000e-06	0.00000e+00	0.00000e+00
73	7.40672e-06	7.40672e-06	1.00000e-06	0.00000e+00	0.00000e+00
76	7.39856e-06	7.39856e-06	1.00000e-06	0.00000e+00	0.00000e+00
79	7.37600e-06	7.37600e-06	1.00000e-06	0.00000e+00	0.00000e+00
82	7.36433e-06	7.36433e-06	1.00000e-06	0.00000e+00	0.00000e+00
85	7.29615e-06	7.29615e-06	1.00000e-06	0.00000e+00	0.00000e+00
88	7.27945e-06	7.27945e-06	1.00000e-06	0.00000e+00	0.00000e+00
91	7.25832e-06	7.25832e-06	1.00000e-06	0.00000e+00	0.00000e+00
94	7.25803e-06	7.25803e-06	1.00000e-06	0.00000e+00	0.00000e+00
97	7.23805e-06	7.23805e-06	1.00000e-06	0.00000e+00	0.00000e+00
100	7.23799e-06	7.23799e-06	1.00000e-06	0.00000e+00	0.00000e+00
