0.00000000000 -1.0
0.00000000000 -1.0
0.00000000000 -1.0
0.00000000000 -1.0
0.03436323262 -1.0
0.04416138848 -1.0
0.04674489891 -1.0
0.04803628059 -1.0
0.04874981119 -1.0
0.05339115431 -1.0
0.05561309982 -1.0
0.06431369059 -1.0
0.12251226658 -1.0
0.13129221182 -1.0
0.13524018103 -1.0
0.13617586948 -1.0
0.13841546095 -1.0
0.14601677417 -1.0
0.14866944669 -1.0
0.16249598113 -1.0
0.16566219878 -1.0
0.16700785826 -1.0
0.18297885109 -1.0
0.18833598548 -1.0
0.21163032801 -1.0
0.27008732707 -1.0
0.28182019487 -1.0
0.29265189765 -1.0
0.32518425938 -1.0
0.36643934599 -1.0
0.37299819238 -1.0
0.39370292242 -1.0
0.42218157248 -1.0
0.44952626368 -1.0
0.47905231639 -1.0
0.54012763919 -1.0
0.54804894237 -1.0
0.57667115391 -1.0
0.59717074497 -1.0
0.64467071270 -1.0
0.67354293318 -1.0
0.68777372134 -1.0
0.79626691269 -1.0
0.82492909488 -1.0
0.90462972076 -1.0
0.93291470260 -1.0
0.95036751429 -1.0
1.00000000000 -1.0
1.00000000000 -1.0
1.00000000000 -1.0
1.00000000000 -1.0
