-161.05240075734	719.29998779297	0.00000000000	0.00000000000
-157.94913002682	719.23152361932	0.00000000000	0.00065222280
-154.80704356707	719.16818878308	0.00000000000	0.00131215889
-151.70153866803	719.11131907731	0.00000000000	0.00196400049
-148.54521638223	719.05916023480	0.00000000000	0.00262611867
-145.41756890116	719.01289493086	0.00000000000	0.00328186242
-142.30851606372	718.97206532359	0.00000000000	0.00393338137
-139.19776165570	718.93617927354	0.00000000000	0.00458495908
-136.08384851851	718.90504931344	0.00000000000	0.00523692769
-132.93416556902	718.87825458479	0.00000000000	0.00589613812
-129.78392354624	718.85599023245	0.00000000000	0.00655524497
-126.67161368439	718.83826663372	0.00000000000	0.00720622656
-123.55586493411	718.82459848177	0.00000000000	0.00785776673
-120.43601606002	718.81481995218	0.00000000000	0.00851003049
-117.32333275436	718.80878423043	0.00000000000	0.00916068991
-114.20361536663	718.80628750255	0.00000000000	0.00981274043
-111.07152470422	718.80718190508	0.00000000000	0.01046732465
-107.93121290062	718.81132213737	0.00000000000	0.01112360193
-104.80711458453	718.81848754963	0.00000000000	0.01177649334
-101.69640548245	718.82846783033	0.00000000000	0.01242661623
-98.55802753732	718.84123928519	0.00000000000	0.01308257918
-95.37178477138	718.85680160628	0.00000000000	0.01374863395
-92.26383306559	718.87432657801	0.00000000000	0.01439843516
-89.15625381838	718.89399282209	0.00000000000	0.01504829680
-86.04358382627	718.91566878869	0.00000000000	0.01569938878
-82.93633596175	718.93911033181	0.00000000000	0.01634953922
-79.82665617607	718.96420338579	0.00000000000	0.01700041843
-76.71310309864	718.99079335913	0.00000000000	0.01765235618
-73.61413004366	719.01854501712	0.00000000000	0.01830151463
-70.51629713284	719.04739933773	0.00000000000	0.01895073433
-67.40857439873	719.07729321447	0.00000000000	0.01960235567
-64.29594991836	719.10801358398	0.00000000000	0.02025536295
-61.20473232579	719.13912407548	0.00000000000	0.02090426166
-58.10401169472	719.17076119682	0.00000000000	0.02155556598
-55.01783844728	719.20250825877	0.00000000000	0.02220425093
-51.93437430521	719.23431475020	0.00000000000	0.02285282905
-48.84735745826	719.26607448958	0.00000000000	0.02350264569
-45.75065434245	719.29767733824	0.00000000000	0.02415502359
-42.64845277711	719.32890400195	0.00000000000	0.02480911322
-39.57474192854	719.35924402071	0.00000000000	0.02545777059
-36.50677541396	719.38875960354	0.00000000000	0.02610581503
-33.43988436664	719.41732573622	0.00000000000	0.02675425946
-30.36707548674	719.44483122576	0.00000000000	0.02740461308
-27.28234414897	719.47114322330	0.00000000000	0.02805818210
-24.21008906734	719.49587639027	0.00000000000	0.02870982674
-21.15841751453	719.51881272061	0.00000000000	0.02935784555
-18.10688661648	719.53994578828	0.00000000000	0.03000660181
-15.04701250858	719.55914835771	0.00000000000	0.03065793255
-12.00410319793	719.57609105563	0.00000000000	0.03130647762
-8.88082344754	719.59105915501	0.00000000000	0.03197304053
-5.84714763414	719.60306426399	0.00000000000	0.03262137326
-2.36360071842	719.61353257792	0.00000000000	0.03336697472
0.67230683580	719.61955634089	0.00000000000	0.03401778273
3.89027491240	719.62257765978	0.00000000000	0.03470868250
6.94638116512	719.62215872355	0.00000000000	0.03536570208
10.01221814503	719.61855035692	0.00000000000	0.03602536116
13.12237358024	719.61166964909	0.00000000000	0.03669479672
16.13139625404	719.60197237870	0.00000000000	0.03734238915
19.13454150390	719.58936358002	0.00000000000	0.03798834540
22.15996565402	719.57375712127	0.00000000000	0.03863842257
25.17287326735	719.55537939328	0.00000000000	0.03928484843
28.21629011793	719.53400921611	0.00000000000	0.03993655244
31.25084202139	719.50996431115	0.00000000000	0.04058480173
34.28795878900	719.48323799379	0.00000000000	0.04123176111
37.35597027893	719.45361723329	0.00000000000	0.04188315625
40.45684179265	719.42108689153	0.00000000000	0.04253906022
43.52023781224	719.38647858361	0.00000000000	0.04318433733
46.63573434406	719.34885513272	0.00000000000	0.04383757818
49.73967304148	719.30882322330	0.00000000000	0.04448519879
52.84598960713	719.26130136431	0.00000000000	0.04513152534
55.94623340311	719.19668735461	0.00000000000	0.04577774649
59.01864721096	719.10551421373	0.00000000000	0.04642232133
62.05961828159	718.98652377912	0.00000000000	0.04706747650
65.05793052940	719.03863062458	0.00000000000	0.04771338099
67.99342345666	719.66979024087	0.00000000000	0.04835918018
71.22327932800	722.05522652431	0.00000000000	0.04914044221
74.34263083702	727.25805843788	0.00000000000	0.05004504268
77.24081444314	734.39552783006	0.00000000000	0.05101339046
80.36140784890	742.35356877505	0.00000000000	0.05209120086
83.42207605724	747.72507149166	0.00000000000	0.05304687739
85.99711570548	749.74250985627	0.00000000000	0.05373543124
89.11486904173	750.16075516797	0.00000000000	0.05447296132
92.80668039119	749.42490292962	0.00000000000	0.05528605607
95.83528984143	748.60307073589	0.00000000000	0.05594014357
99.10536560398	747.83520223512	0.00000000000	0.05664887188
102.08071075793	747.24664307893	0.00000000000	0.05729624460
105.02593764344	746.75922113517	0.00000000000	0.05793923031
108.16727170592	746.33456377706	0.00000000000	0.05862717939
111.12214034463	746.01593545646	0.00000000000	0.05927610039
114.04245744660	745.76931991149	0.00000000000	0.05991894206
116.95881329613	745.58215805245	0.00000000000	0.06056219701
119.90443067547	745.44415585383	0.00000000000	0.06121299127
122.81502251567	745.34920791873	0.00000000000	0.06185689909
125.73468702915	745.28623380718	0.00000000000	0.06250344294
128.77540125245	745.24511811102	0.00000000000	0.06317722091
132.44078468783	745.21407981392	0.00000000000	0.06398964005
135.36527102928	745.19249295541	0.00000000000	0.06463774113
138.27488880522	745.16848033768	0.00000000000	0.06528233028
141.29711548324	745.14077987949	0.00000000000	0.06595163918
144.19523486180	745.11169691240	0.00000000000	0.06659325190
147.13162220667	745.07983356289	0.00000000000	0.06724313241
150.43187591689	745.04129106789	0.00000000000	0.06797330625
153.43878278267	745.00379610243	0.00000000000	0.06863836635
156.36661035525	744.96523396644	0.00000000000	0.06928574897
159.30471043729	744.92461955996	0.00000000000	0.06993522404
162.20514949806	744.88275803373	0.00000000000	0.07057620442
165.18191476273	744.83808873560	0.00000000000	0.07123388369
168.08995980753	744.79289853495	0.00000000000	0.07187622128
171.19707969597	744.74304998558	0.00000000000	0.07256236467
174.64041295407	744.68608414172	0.00000000000	0.07332256187
177.60428511985	744.63573906220	0.00000000000	0.07397675254
180.56832548168	744.58430476870	0.00000000000	0.07463084452
183.56188710443	744.53137800891	0.00000000000	0.07529131983
186.62820760762	744.47627248840	0.00000000000	0.07596771820
189.55842598030	744.42289028852	0.00000000000	0.07661397752
192.46359703100	744.36938290308	0.00000000000	0.07725460661
195.37822571142	744.31523313483	0.00000000000	0.07789722122
198.29281485180	744.26072864802	0.00000000000	0.07853973300
201.35953300441	744.20312016758	0.00000000000	0.07921568618
204.49110807963	744.14415419208	0.00000000000	0.07990584161
207.82571848788	744.08136734789	0.00000000000	0.08064064797
210.74701236235	744.02649536822	0.00000000000	0.08128430321
213.97566861057	743.96613755256	0.00000000000	0.08199560786
217.00346425591	743.90994131695	0.00000000000	0.08266259888
219.93274998966	743.85606995445	0.00000000000	0.08330783856
222.88330829565	743.80241856046	0.00000000000	0.08395771989
225.97000573855	743.74707525450	0.00000000000	0.08463754621
228.97912328725	743.69402038804	0.00000000000	0.08530025277
231.88592573789	743.64372855391	0.00000000000	0.08594040126
234.80500485874	743.59428704018	0.00000000000	0.08658323482
237.74237865386	743.54572531596	0.00000000000	0.08723008450
240.94405054696	743.49428883505	0.00000000000	0.08793512892
243.89206651181	743.44843152714	0.00000000000	0.08858431536
246.85249255374	743.40395365440	0.00000000000	0.08923624101
250.15754661783	743.35630501985	0.00000000000	0.08996407364
253.16336751208	743.31494298501	0.00000000000	0.09062603080
256.22536637302	743.27487284528	0.00000000000	0.09130038745
259.12042501476	743.23902210405	0.00000000000	0.09193801012
262.10779302684	743.20422176557	0.00000000000	0.09259600241
265.07900349793	743.17193949455	0.00000000000	0.09325048143
268.02234826053	743.14236966367	0.00000000000	0.09389887345
270.92189210891	743.11569948204	0.00000000000	0.09453767230
274.14333360519	743.08906850191	0.00000000000	0.09524746063
277.05405986068	743.06784578918	0.00000000000	0.09588886017
279.97264870703	743.04939109672	0.00000000000	0.09653206705
282.98959470050	743.03341052340	0.00000000000	0.09719703533
285.92822277402	743.02099073109	0.00000000000	0.09784483102
289.00344018457	743.01144740065	0.00000000000	0.09852283814
291.90983889090	743.00579497360	0.00000000000	0.09916372675
294.92327356088	743.00351412153	0.00000000000	0.09982832876
298.24507187814	743.00537440780	0.00000000000	0.10056107811
301.19190903934	743.01099860446	0.00000000000	0.10121124442
304.08711390373	743.02028420793	0.00000000000	0.10185014344
306.99712774258	743.03348873216	0.00000000000	0.10249244082
309.89019541013	743.05057874474	0.00000000000	0.10313113349
312.81981236471	743.07202818633	0.00000000000	0.10377803899
315.74829802000	743.09775522573	0.00000000000	0.10442484572
318.68862908413	743.12801785296	0.00000000000	0.10507442695
321.71149958760	743.16388670175	0.00000000000	0.10574241489
324.59871485859	743.20276916309	0.00000000000	0.10638059512
327.49186985066	743.24638054588	0.00000000000	0.10702026019
330.36367566779	743.29438743724	0.00000000000	0.10765538126
333.27317694612	743.34793478304	0.00000000000	0.10829902418
336.25277157362	743.40801873476	0.00000000000	0.10895837292
339.12786429896	743.47114800104	0.00000000000	0.10959479447
342.27519475676	743.54619581407	0.00000000000	0.11029170774
345.28760399573	743.62397927456	0.00000000000	0.11095897776
348.27951801691	743.70713146279	0.00000000000	0.11162193993
351.14878699226	743.79251920171	0.00000000000	0.11225794943
354.01657678170	743.88350333678	0.00000000000	0.11289385597
356.88286444070	743.98019162906	0.00000000000	0.11352966026
359.74357653818	744.08254263889	0.00000000000	0.11416446396
362.67753575022	744.19370892360	0.00000000000	0.11481577302
365.53264618896	744.30803002842	0.00000000000	0.11544982925
368.41417091322	744.42967267748	0.00000000000	0.11609000862
371.26603125851	744.55637787593	0.00000000000	0.11672385806
374.14425683852	744.69074479893	0.00000000000	0.11736383645
377.24871377095	744.84312239977	0.00000000000	0.11805442806
380.73219425086	745.02349478947	0.00000000000	0.11882972721
384.12650832011	745.20900459471	0.00000000000	0.11958559143
386.96914153388	745.37192074715	0.00000000000	0.12021892379
389.90283882478	745.54741504625	0.00000000000	0.12087285737
392.75391540754	745.72525407975	0.00000000000	0.12150868491
395.66825625766	745.91459204790	0.00000000000	0.12215894420
398.83354808510	746.12932020206	0.00000000000	0.12286558895
402.15708621305	746.37273189922	0.00000000000	0.12360839697
404.98882581703	746.60631299081	0.00000000000	0.12424255806
408.10889471704	746.90447965533	0.00000000000	0.12494329898
410.95244874243	747.22498202416	0.00000000000	0.12558435680
413.77279603669	747.60002049445	0.00000000000	0.12622303278
416.55266234066	748.03636074983	0.00000000000	0.12685587766
419.34009523979	748.55180872256	0.00000000000	0.12749435219
422.11742308568	749.15501102837	0.00000000000	0.12813501395
425.22824443259	749.95271145279	0.00000000000	0.12885874496
428.09699185842	750.81882339113	0.00000000000	0.12953272921
430.84621165143	751.78212196217	0.00000000000	0.13018534998
433.90912266678	753.02884453366	0.00000000000	0.13092118963
436.95440528597	754.47877521837	0.00000000000	0.13166323402
439.50774798707	755.97203700245	0.00000000000	0.13229616649
442.55382223879	758.37398574381	0.00000000000	0.13307028729
445.88350545538	762.24513161131	0.00000000000	0.13395055332
448.80254178520	767.28061878609	0.00000000000	0.13476425907
451.99353680577	775.20928503949	0.00000000000	0.13571610298
455.05713706072	780.56386107315	0.00000000000	0.13663563598
457.33555755583	780.87882376085	0.00000000000	0.13728741727
459.73644337288	779.23420080643	0.00000000000	0.13795574419
463.09119463800	775.62579970632	0.00000000000	0.13887517770
465.62274104284	772.69603606225	0.00000000000	0.13956338346
469.30210498052	768.33900710659	0.00000000000	0.14055306229
472.69721713246	764.37044717011	0.00000000000	0.14145277293
475.39693431291	761.35038752244	0.00000000000	0.14215749609
478.23142603539	758.38715330781	0.00000000000	0.14288614167
481.06624828077	755.70267668543	0.00000000000	0.14360251886
483.70336467261	753.50770389994	0.00000000000	0.14425726697
486.82609737711	751.34202250755	0.00000000000	0.14501749176
489.68919915748	749.81449575495	0.00000000000	0.14569977118
492.40471728679	748.80052873117	0.00000000000	0.14633377716
495.16503361734	748.16506985661	0.00000000000	0.14696768287
497.93852128716	747.83613202112	0.00000000000	0.14759857729
501.06710103922	747.73537608791	0.00000000000	0.14830850143
504.23053619760	747.82249899303	0.00000000000	0.14903039194
507.36319587168	748.04191476511	0.00000000000	0.14975221473
510.27409670730	748.35896996303	0.00000000000	0.15042879258
513.23053580958	748.78836982451	0.00000000000	0.15112121004
516.09926894490	749.30394505970	0.00000000000	0.15179762363
518.75085633013	749.86279791871	0.00000000000	0.15242633187
521.52968617105	750.52847307685	0.00000000000	0.15308829924
524.86987648151	751.42940263489	0.00000000000	0.15388740195
527.62721898496	752.24922289703	0.00000000000	0.15454919718
530.27619190707	753.09556553479	0.00000000000	0.15518621667
533.40319858192	754.16084942281	0.00000000000	0.15593901761
536.34827504691	755.22142839485	0.00000000000	0.15664808874
539.42424366985	756.37920601323	0.00000000000	0.15738793140
542.06650753372	757.40730427808	0.00000000000	0.15802222941
544.69477347890	758.45425866827	0.00000000000	0.15865150119
547.87713635286	759.74565531566	0.00000000000	0.15941050517
550.54820302065	760.84231574647	0.00000000000	0.16004450533
553.90455284504	762.22678526085	0.00000000000	0.16083643363
556.61934989609	763.34435754028	0.00000000000	0.16147257302
559.64007309404	764.57760436449	0.00000000000	0.16217518581
562.42131809624	765.69435077898	0.00000000000	0.16281677645
565.20229116863	766.72501783730	0.00000000000	0.16345262145
568.01110798836	767.55440485113	0.00000000000	0.16408836890
570.81459080773	768.05121672671	0.00000000000	0.16471580208
573.65244763422	768.10526933875	0.00000000000	0.16534313389
576.57775506785	767.58918668735	0.00000000000	0.16598126367
579.67037657841	766.54273321960	0.00000000000	0.16665088020
582.94756016376	765.25923022696	0.00000000000	0.16736483631
585.79249188285	764.17006549557	0.00000000000	0.16799269401
588.60918047124	763.12353074886	0.00000000000	0.16862174906
591.39369353925	762.12154490758	0.00000000000	0.16925070305
594.57106498461	761.01963648960	0.00000000000	0.16997672118
597.30888762118	760.10714897905	0.00000000000	0.17060914547
600.58443514729	759.06238023624	0.00000000000	0.17137368876
603.28844151617	758.23990781811	0.00000000000	0.17201095183
606.21554472276	757.39180991948	0.00000000000	0.17270660499
608.85480347333	756.66588917171	0.00000000000	0.17333863612
611.46820852141	755.98428523209	0.00000000000	0.17396855340
614.22578718403	755.30615531092	0.00000000000	0.17463717046
617.22735580296	754.61697365216	0.00000000000	0.17536896990
619.91803924037	754.04331285484	0.00000000000	0.17602798455
622.47276484551	753.53779423455	0.00000000000	0.17665583875
625.00917386370	753.07400397229	0.00000000000	0.17728078568
628.07728526472	752.56407915772	0.00000000000	0.17803819198
630.76137741082	752.16400886273	0.00000000000	0.17870147990
633.93322138773	751.74659337861	0.00000000000	0.17948530652
636.74788309418	751.42617940469	0.00000000000	0.18018015416
639.76829810354	751.13418035724	0.00000000000	0.18092427873
643.63830503252	750.83735852796	0.00000000000	0.18187418818
646.84736491103	750.65578657246	0.00000000000	0.18265781043
649.49073221404	750.54904740925	0.00000000000	0.18329989175
652.23291249623	750.47580900382	0.00000000000	0.18396258911
654.83311500239	750.43653677614	0.00000000000	0.18458803527
657.51270776492	750.42168120344	0.00000000000	0.18522983862
660.33122775850	750.42863990857	0.00000000000	0.18590218741
663.40678433023	750.45607559946	0.00000000000	0.18663298063
666.52040435082	750.49780046886	0.00000000000	0.18737011346
669.23803462395	750.54001859963	0.00000000000	0.18801154660
671.99406046613	750.58335568655	0.00000000000	0.18866042435
675.07749510105	750.62965786704	0.00000000000	0.18938462955
677.73585525134	750.66774691785	0.00000000000	0.19000756988
680.39921771184	750.70431592155	0.00000000000	0.19063040949
683.25568418869	750.74188013253	0.00000000000	0.19129704740
686.05766447598	750.77717770312	0.00000000000	0.19194965822
688.76459517359	750.80992726191	0.00000000000	0.19257895006
691.88407712467	750.84615470556	0.00000000000	0.19330277468
695.00934112744	750.88097011947	0.00000000000	0.19402653534
697.79573368776	750.91088447927	0.00000000000	0.19467069164
700.55575611290	750.93957705574	0.00000000000	0.19530775602
703.26205029877	750.96690189907	0.00000000000	0.19593150375
706.35161923064	750.99723859720	0.00000000000	0.19664253911
709.34235617924	751.02585889591	0.00000000000	0.19732982304
712.05882657223	751.05132449147	0.00000000000	0.19795327188
714.78380211492	751.07645903992	0.00000000000	0.19857794599
717.88797577714	751.10470788334	0.00000000000	0.19928871643
720.84337715869	751.13134251516	0.00000000000	0.19996465555
723.59244248543	751.15599342910	0.00000000000	0.20059278033
726.36602215612	751.18083982578	0.00000000000	0.20122594352
729.10249231849	751.20542229466	0.00000000000	0.20185012428
731.85703012457	751.23032817199	0.00000000000	0.20247795658
734.58651090134	751.25525749170	0.00000000000	0.20309965485
737.36637618315	751.28099562700	0.00000000000	0.20373243944
740.22768466795	751.30795410744	0.00000000000	0.20438339760
743.00965514049	751.33471515231	0.00000000000	0.20501599484
745.76969119932	751.36189484974	0.00000000000	0.20564334390
748.50107892527	751.38950026900	0.00000000000	0.20626396696
751.23278686258	751.41790260242	0.00000000000	0.20688449009
754.01657554823	751.44775531276	0.00000000000	0.20751670767
756.76104347889	751.47817595097	0.00000000000	0.20813990203
759.51281034430	751.50975556440	0.00000000000	0.20876470197
762.28392893435	751.54274096067	0.00000000000	0.20939388483
765.09508939533	751.57751292154	0.00000000000	0.21003219083
767.83764430064	751.61280136180	0.00000000000	0.21065499144
770.71915477912	751.65143158570	0.00000000000	0.21130946893
773.54376251913	751.69094303182	0.00000000000	0.21195118708
776.56021233558	751.73497062218	0.00000000000	0.21263669501
779.38233232406	751.77783937885	0.00000000000	0.21327823363
782.20324452475	751.82227264369	0.00000000000	0.21391968487
784.95538882447	751.86711242934	0.00000000000	0.21454567953
788.01843682630	751.91870532807	0.00000000000	0.21524260161
790.89145991575	751.96867249200	0.00000000000	0.21589648970
793.63073679325	752.01769644762	0.00000000000	0.21652011974
796.38858669357	752.06838134839	0.00000000000	0.21714815796
799.44676688930	752.12610232464	0.00000000000	0.21784480094
802.42740303225	752.18385035572	0.00000000000	0.21852399387
805.45702257801	752.24400941239	0.00000000000	0.21921456567
808.26673806183	752.30107880219	0.00000000000	0.21985520848
811.01828342786	752.35812091231	0.00000000000	0.22048277102
814.23549262153	752.42621794802	0.00000000000	0.22121677064
817.09730814060	752.48801897448	0.00000000000	0.22186989681
819.80755391218	752.54757416581	0.00000000000	0.22248861325
822.52083453686	752.60816278301	0.00000000000	0.22310819981
825.22525154244	752.66948243986	0.00000000000	0.22372593916
828.06253781149	752.73477501768	0.00000000000	0.22437421839
830.84617498252	752.79975171859	0.00000000000	0.22501042904
833.55031798257	752.86370916102	0.00000000000	0.22562865099
836.59259887486	752.93660703017	0.00000000000	0.22632439052
839.32107703896	753.00279696556	0.00000000000	0.22694855812
842.04834920134	753.06968826898	0.00000000000	0.22757263123
844.81088256358	753.13815353128	0.00000000000	0.22820495825
847.53571960247	753.20634855313	0.00000000000	0.22882883971
850.23246842040	753.27445561533	0.00000000000	0.22944646921
852.97776458335	753.34438218683	0.00000000000	0.23007540074
855.88778751159	753.41911876681	0.00000000000	0.23074227253
858.75223883408	753.49326168015	0.00000000000	0.23139890467
861.65977340561	753.56906286550	0.00000000000	0.23206562002
864.54346334123	753.64474108310	0.00000000000	0.23272707404
867.24289048886	753.71599657845	0.00000000000	0.23334644886
869.94866714024	753.78778527853	0.00000000000	0.23396746192
872.63206115407	753.85930764005	0.00000000000	0.23458351748
875.42995511635	753.93419261963	0.00000000000	0.23522605082
878.35361717862	754.01274172719	0.00000000000	0.23589767515
881.03413239422	754.08498899922	0.00000000000	0.23651363126
883.93194409446	754.16330105161	0.00000000000	0.23717972214
886.95236464752	754.24511153673	0.00000000000	0.23787421982
889.72646753948	754.32037561058	0.00000000000	0.23851228240
892.48303787197	754.39524447447	0.00000000000	0.23914650404
895.23838552906	754.47012317899	0.00000000000	0.23978063563
897.93173985317	754.54332319241	0.00000000000	0.24040068484
901.28551174964	754.63442753209	0.00000000000	0.24117302803
904.17454383817	754.71281995960	0.00000000000	0.24183857419
906.84279067395	754.78511039462	0.00000000000	0.24245344614
909.62570552866	754.86035619241	0.00000000000	0.24309493497
912.29492427065	754.93234741101	0.00000000000	0.24371040095
915.09413045167	755.00761701118	0.00000000000	0.24435603443
917.85583094471	755.08161202166	0.00000000000	0.24499321338
920.83542302658	755.16110486957	0.00000000000	0.24568088305
923.71586617649	755.23757311416	0.00000000000	0.24634588611
926.37879854323	755.30789734810	0.00000000000	0.24696086231
929.03708500715	755.37770966918	0.00000000000	0.24757494747
931.76123652737	755.44881265311	0.00000000000	0.24820443682
934.48415692371	755.51940294874	0.00000000000	0.24883383303
937.13962601043	755.58774677278	0.00000000000	0.24944782261
939.79388212015	755.65553373726	0.00000000000	0.25006171414
942.44692411487	755.72273041294	0.00000000000	0.25067550742
945.11915438972	755.78981323909	0.00000000000	0.25129392480
947.79016883478	755.85622908365	0.00000000000	0.25191224645
950.59338054809	755.92520948052	0.00000000000	0.25256137082
953.24151234121	755.98965802706	0.00000000000	0.25317477259
955.94104974994	756.05460579469	0.00000000000	0.25380027047
958.61635717669	756.11818622702	0.00000000000	0.25442034243
961.27364307680	756.18053030134	0.00000000000	0.25503642330
964.09163605315	756.24572611467	0.00000000000	0.25568996618
966.76325725119	756.30662530848	0.00000000000	0.25630975585
969.43366040612	756.36657530315	0.00000000000	0.25692945102
972.18858670978	756.42741981955	0.00000000000	0.25756895806
975.11857116682	756.49096953945	0.00000000000	0.25824932207
978.09871388644	756.55433184311	0.00000000000	0.25894156661
980.90923256941	756.61286493222	0.00000000000	0.25959462599
983.74028757324	756.67058264362	0.00000000000	0.26025266966
986.42611643553	756.72414763850	0.00000000000	0.26087715473
989.17348148338	756.77770036962	0.00000000000	0.26151614687
991.87055726792	756.82901591406	0.00000000000	0.26214363886
994.51281156746	756.87804481541	0.00000000000	0.26275856519
997.40802358594	756.93031259651	0.00000000000	0.26343257691
1000.20989691184	756.97940455895	0.00000000000	0.26408507368
1002.90199022991	757.02515240943	0.00000000000	0.26471220411
1005.76927482993	757.07230388475	0.00000000000	0.26538036077
1008.39925680280	757.11408817125	0.00000000000	0.26599341464
1011.17534114659	757.15663350949	0.00000000000	0.26664072832
1013.93032240916	757.19723155548	0.00000000000	0.26728332783
1016.63128596589	757.23542431381	0.00000000000	0.26791352780
1019.25199704521	757.27092308935	0.00000000000	0.26852519260
1021.86803935391	757.30479209250	0.00000000000	0.26913595436
1024.52425215482	757.33754418983	0.00000000000	0.26975628573
1027.35833004321	757.37064676246	0.00000000000	0.27041836841
1030.19113616922	757.40219444672	0.00000000000	0.27108037487
1033.02266161294	757.43293796552	0.00000000000	0.27174230515
1036.00330027309	757.46529020675	0.00000000000	0.27243933756
1039.03681619164	757.49911576070	0.00000000000	0.27314899505
1042.29708086079	757.53755698368	0.00000000000	0.27391199332
1045.07866138725	757.57292774967	0.00000000000	0.27456321008
1047.68282830005	757.60887887870	0.00000000000	0.27517309768
1050.68356293053	757.65450870242	0.00000000000	0.27587611035
1053.48296537822	757.70191384283	0.00000000000	0.27653219894
1056.09084515844	757.75095415974	0.00000000000	0.27714361501
1058.71105442160	757.80559535091	0.00000000000	0.27775813181
1061.32231230263	757.86601884699	0.00000000000	0.27837076074
1063.91937198843	757.93263332463	0.00000000000	0.27898027001
1066.71222024432	758.01221979183	0.00000000000	0.27963596684
1069.48188959858	758.10000886604	0.00000000000	0.28028646725
1072.08773363814	758.19132666881	0.00000000000	0.28089871605
1074.68624011629	758.29143353566	0.00000000000	0.28150946049
1077.32940728599	758.40312676438	0.00000000000	0.28213092926
1080.00003002507	758.52588808304	0.00000000000	0.28275909803
1082.93093209221	758.67086766650	0.00000000000	0.28344879602
1085.54634421778	758.80819980615	0.00000000000	0.28406454743
1088.21207328103	758.95482760017	0.00000000000	0.28469245248
1091.11173674986	759.12072504844	0.00000000000	0.28537583756
1093.88897201265	759.28464932179	0.00000000000	0.28603076286
1096.50773516005	759.44263580326	0.00000000000	0.28664869280
1099.08649257489	759.60044848621	0.00000000000	0.28725755956
1101.68110629847	759.76049227899	0.00000000000	0.28787056765
1104.40728210749	759.92893346627	0.00000000000	0.28851511077
1107.11124576098	760.09517256457	0.00000000000	0.28915488296
1109.83255949561	760.26049965158	0.00000000000	0.28979926738
1112.40408670055	760.41386255226	0.00000000000	0.29040867281
1114.97312328778	760.56330043104	0.00000000000	0.29101798356
1117.75166492775	760.71953947204	0.00000000000	0.29167756503
1120.38988121729	760.86159946798	0.00000000000	0.29230441801
1123.31183455173	761.01049991556	0.00000000000	0.29299937728
1126.50995279883	761.16267109277	0.00000000000	0.29376085121
1129.17277010242	761.28096141018	0.00000000000	0.29439551026
1131.74738494077	761.38826350726	0.00000000000	0.29500968094
1134.35613356494	761.49008394614	0.00000000000	0.29563251115
1136.99372089313	761.58615571927	0.00000000000	0.29626273658
1139.53136981840	761.67224541767	0.00000000000	0.29686954874
1142.18176647173	761.75571360406	0.00000000000	0.29750379032
1145.00458492161	761.83759325109	0.00000000000	0.29817979702
1147.66903499561	761.90845524236	0.00000000000	0.29881833363
1150.35105605952	761.97370041939	0.00000000000	0.29946150691
1153.07327931482	762.03390248444	0.00000000000	0.30011473607
1155.73165473414	762.08705467696	0.00000000000	0.30075302644
1159.04282153393	762.14579264392	0.00000000000	0.30154855184
1162.35168122202	762.19660257445	0.00000000000	0.30234403492
1165.02389301394	762.23216633068	0.00000000000	0.30298680707
1167.57109209112	762.26173510313	0.00000000000	0.30359977479
1170.42721497935	762.29010434700	0.00000000000	0.30428736826
1173.07547495651	762.31211771684	0.00000000000	0.30492516699
1175.62935795725	762.32964552459	0.00000000000	0.30554044082
1178.17138873624	762.34368097996	0.00000000000	0.30615303941
1180.72310125337	762.35454398510	0.00000000000	0.30676813280
1183.24633382598	762.36230126547	0.00000000000	0.30737650144
1186.23012665408	762.36790856357	0.00000000000	0.30809606876
1189.26887243574	762.36996018715	0.00000000000	0.30882903014
1191.78955385684	762.36910024898	0.00000000000	0.30943711686
1194.43044805293	762.36593202338	0.00000000000	0.31007426470
1196.93970254781	762.36097183235	0.00000000000	0.31067969145
1199.46634590139	762.35425441601	0.00000000000	0.31128933267
1202.14635703539	762.34545728243	0.00000000000	0.31193597899
1204.66470089734	762.33582663946	0.00000000000	0.31254359747
1207.32363239478	762.32444265150	0.00000000000	0.31318509441
1209.91022749561	762.31238328831	0.00000000000	0.31380907735
1212.43577179900	762.29987420815	0.00000000000	0.31441825400
1215.33508390130	762.28487413270	0.00000000000	0.31511746547
1218.05923018808	762.27040958243	0.00000000000	0.31577429180
1220.61753617049	762.25672183992	0.00000000000	0.31639098580
1223.13012621431	762.24338114863	0.00000000000	0.31699650275
1225.77068332927	762.22968168617	0.00000000000	0.31763267103
1228.27713626943	762.21718054722	0.00000000000	0.31823633354
1230.98122305619	762.20446435473	0.00000000000	0.31888735838
1233.48878877847	762.19358880082	0.00000000000	0.31949083103
1236.36669792804	762.18244388840	0.00000000000	0.32018312399
1239.14357925433	762.17329927006	0.00000000000	0.32085077919
1241.87409241631	762.16609784887	0.00000000000	0.32150694127
1244.78262031080	762.16065174707	0.00000000000	0.32220547980
1247.66591186960	762.15779728178	0.00000000000	0.32289752176
1250.47308372469	762.15772005774	0.00000000000	0.32357085152
1252.99050256191	762.16013153540	0.00000000000	0.32417428977
1255.82630658374	762.16589655164	0.00000000000	0.32485358091
1258.58931334357	762.17485334757	0.00000000000	0.32551493786
1261.22562644055	762.18653096592	0.00000000000	0.32614551409
1263.82890127132	762.20096362835	0.00000000000	0.32676777415
1266.45007616018	762.21830435829	0.00000000000	0.32739392028
1269.26851270759	762.23997640139	0.00000000000	0.32806677477
1272.11395477637	762.26491022757	0.00000000000	0.32874566969
1274.68007163393	762.28991996868	0.00000000000	0.32935759374
1277.66305634418	762.32187018737	0.00000000000	0.33006856489
1280.56490951955	762.35578555461	0.00000000000	0.33075985685
1283.10521852542	762.38766180778	0.00000000000	0.33136476716
1285.77029474920	762.42319402385	0.00000000000	0.33199915670
1288.30544494445	762.45888691897	0.00000000000	0.33260242023
1290.86440404029	762.49669443220	0.00000000000	0.33321117343
1293.40014944496	762.53583288623	0.00000000000	0.33381424995
1295.98326949193	762.57732395366	0.00000000000	0.33442845608
1298.58060827078	762.62059973997	0.00000000000	0.33504592412
1301.33437657882	762.66808125710	0.00000000000	0.33570047351
1303.90499168186	762.71379319334	0.00000000000	0.33631141138
1306.51771662756	762.76153170861	0.00000000000	0.33693230212
1309.14705071087	762.81077819260	0.00000000000	0.33755710542
1311.67514030113	762.85917772509	0.00000000000	0.33815783789
1314.28695151417	762.91016787921	0.00000000000	0.33877847276
1316.97280053614	762.96355172438	0.00000000000	0.33941673196
1319.54119752958	763.01540644389	0.00000000000	0.34002713080
1322.15128644231	763.06881544788	0.00000000000	0.34064751009
1325.08207789106	763.12952641542	0.00000000000	0.34134422862
1327.66080781134	763.18348946768	0.00000000000	0.34195737585
1330.19113548252	763.23684355036	0.00000000000	0.34255914645
1332.75522526534	763.29122888446	0.00000000000	0.34316910008
1335.28960785341	763.34521261961	0.00000000000	0.34377215880
1337.81660580656	763.39917864715	0.00000000000	0.34437365029
1340.34852988986	763.45330317284	0.00000000000	0.34497652439
1342.98509629713	763.50962787118	0.00000000000	0.34560455967
1345.55547734981	763.56441004550	0.00000000000	0.34621709125
1348.42137694385	763.62522818502	0.00000000000	0.34690037664
1350.97575407774	763.67910282051	0.00000000000	0.34750970585
1353.60577929504	763.73414643171	0.00000000000	0.34813741513
1356.34026182758	763.79081217780	0.00000000000	0.34879043972
1359.50936582593	763.85561985400	0.00000000000	0.34954778063
1362.01391135060	763.90607156232	0.00000000000	0.35014673099
1364.60064586962	763.95736916337	0.00000000000	0.35076575191
1367.76227504372	764.01881151349	0.00000000000	0.35152295405
1370.55861360326	764.07187117003	0.00000000000	0.35219325591
1373.21219898332	764.12099129536	0.00000000000	0.35282987458
1375.70742634145	764.16599048315	0.00000000000	0.35342900015
1378.22818419246	764.21018734547	0.00000000000	0.35403476782
1380.79968207496	764.25387118846	0.00000000000	0.35465328140
1383.58238638273	764.29943409686	0.00000000000	0.35532325083
1386.10587732055	764.33911467033	0.00000000000	0.35593142429
1388.59187651275	764.37658731329	0.00000000000	0.35653115426
1391.20557924620	764.41415251674	0.00000000000	0.35716234926
1393.68112767609	764.44790521325	0.00000000000	0.35776082453
1396.32980466390	764.48194490826	0.00000000000	0.35840187285
1398.89666153550	764.51278348631	0.00000000000	0.35902385186
1401.58328784391	764.54268058324	0.00000000000	0.35967565249
1404.36449089670	764.57093903088	0.00000000000	0.36035129030
1406.86177569584	764.59387024926	0.00000000000	0.36095875506
1409.32109096290	764.61409446267	0.00000000000	0.36155774649
1411.94768621252	764.63300154708	0.00000000000	0.36219834230
1414.63841411779	764.64936594573	0.00000000000	0.36285553079
1417.12050738983	764.66165583184	0.00000000000	0.36346264193
1419.95583514330	764.67226642157	0.00000000000	0.36415721817
1422.70744917866	764.67892871881	0.00000000000	0.36483240632
1425.40422813276	764.68184548665	0.00000000000	0.36549524213
1428.02615027460	764.68112250377	0.00000000000	0.36614075705
1430.44780739917	764.67725159884	0.00000000000	0.36673793493
1432.89299463019	764.67071924649	0.00000000000	0.36734181810
1435.70000106653	764.66137916219	0.00000000000	0.36803604118
1438.47672182305	764.65180313770	0.00000000000	0.36872365105
1440.88877552041	764.64450825080	0.00000000000	0.36932153813
1443.33272845398	764.63926612421	0.00000000000	0.36992776731
1446.18275821621	764.63740299520	0.00000000000	0.37063512809
1448.95121739901	764.64161304233	0.00000000000	0.37132249648
1451.52644820105	764.65232636367	0.00000000000	0.37196196607
1454.48547377689	764.67449259357	0.00000000000	0.37269665228
1456.91525511505	764.70188973842	0.00000000000	0.37329973247
1459.51354874196	764.74078507742	0.00000000000	0.37394436710
1462.61726352453	764.79949989238	0.00000000000	0.37471402919
1465.02168434971	764.85356349656	0.00000000000	0.37531000741
1467.74245251742	764.92314056495	0.00000000000	0.37598411378
1470.36685274918	764.99810765579	0.00000000000	0.37663406035
1472.92670177187	765.07808756085	0.00000000000	0.37726775475
1475.41403170231	765.16176263744	0.00000000000	0.37788324770
1477.93639719712	765.25209590725	0.00000000000	0.37850716152
1480.61147726593	765.35334758723	0.00000000000	0.37916857839
1483.04799388206	765.44993624851	0.00000000000	0.37977076921
1485.72467853830	765.56026859349	0.00000000000	0.38043205571
1488.35453058747	765.67239437201	0.00000000000	0.38108150680
1490.78342051147	765.77871995180	0.00000000000	0.38168109815
1493.59157595753	765.90434087706	0.00000000000	0.38237403982
1496.11875193210	766.01930148267	0.00000000000	0.38299739749
1498.66560026818	766.13644333569	0.00000000000	0.38362537075
1501.07568344520	766.24800802821	0.00000000000	0.38421940498
1503.57000920728	766.36371876082	0.00000000000	0.38483398295
1506.09959521267	766.48082055748	0.00000000000	0.38545702192
1508.53230153352	766.59272917769	0.00000000000	0.38605598581
1510.95761355018	766.70314704137	0.00000000000	0.38665292259
1513.42455695896	766.81381618605	0.00000000000	0.38725989629
1515.84017396017	766.92012318796	0.00000000000	0.38785403839
1518.28430334171	767.02515442296	0.00000000000	0.38845499062
1520.87781362561	767.13331183706	0.00000000000	0.38909245104
1523.29210575911	767.23047726889	0.00000000000	0.38968565874
1525.79116666244	767.32700090220	0.00000000000	0.39029949086
1528.20899918211	767.41600921891	0.00000000000	0.39089317572
1530.63170316355	767.50043119827	0.00000000000	0.39148786563
1533.08972659134	767.58075471991	0.00000000000	0.39209103154
1535.91056791510	767.66572632182	0.00000000000	0.39278299002
1538.34082540616	767.73224694746	0.00000000000	0.39337893544
1540.98411052594	767.79704472095	0.00000000000	0.39402690941
1543.89009729790	767.85905535089	0.00000000000	0.39473903916
1546.39304237123	767.90497330950	0.00000000000	0.39535221040
1549.81888818685	767.95702516039	0.00000000000	0.39619120958
1553.27433412862	767.99743507685	0.00000000000	0.39703717582
1555.87488560889	768.02020419391	0.00000000000	0.39767367710
1558.47567071682	768.03669576427	0.00000000000	0.39831010482
1561.22168078240	768.04757606220	0.00000000000	0.39898194215
1563.82280008050	768.05196218286	0.00000000000	0.39961822285
1566.28463371885	768.05104325534	0.00000000000	0.40022034693
1569.00524579128	768.04455676387	0.00000000000	0.40088568119
1571.62880214026	768.03312430038	0.00000000000	0.40152721099
1574.74013304202	768.01333924619	0.00000000000	0.40228794480
1577.24441182303	767.99278388481	0.00000000000	0.40290021052
1579.68453676286	767.96901460824	0.00000000000	0.40349676766
1582.24308556557	767.94035552801	0.00000000000	0.40412226317
1584.80132861219	767.90811139765	0.00000000000	0.40474768176
1587.30438866137	767.87331944377	0.00000000000	0.40535961912
1589.84241650686	767.83499699056	0.00000000000	0.40598012644
1592.48722801203	767.79205060726	0.00000000000	0.40662677597
1595.04375692780	767.74786055416	0.00000000000	0.40725188722
1597.48075000370	767.70350714958	0.00000000000	0.40784782387
1599.89823373294	767.65756497728	0.00000000000	0.40843905204
1602.38229819590	767.60855266741	0.00000000000	0.40904663878
1604.81730053528	767.55894132600	0.00000000000	0.40964230993
1607.24350422157	767.50817177522	0.00000000000	0.41023592252
1609.66260546963	767.45642422737	0.00000000000	0.41082790093
1612.21441804358	767.40084148744	0.00000000000	0.41145247853
1614.63810054723	767.34731446758	0.00000000000	0.41204582333
1617.13313969482	767.29168156663	0.00000000000	0.41265677854
1619.54860683068	767.23751800146	0.00000000000	0.41324839644
1622.42070704293	767.17300671438	0.00000000000	0.41395206007
1624.92974574029	767.11680558261	0.00000000000	0.41456696714
1627.33462567360	767.06329382184	0.00000000000	0.41515652787
1629.92147812198	767.00635465568	0.00000000000	0.41579090869
1632.62704772593	766.94775691441	0.00000000000	0.41645464844
1635.07102846624	766.89589839192	0.00000000000	0.41705444222
1637.59236306080	766.84369866998	0.00000000000	0.41767345859
1640.09399668772	766.79343923535	0.00000000000	0.41828788939
1642.49024500331	766.74694004516	0.00000000000	0.41887668191
1644.88876511752	766.70221130482	0.00000000000	0.41946628384
1647.33884803044	766.65860589250	0.00000000000	0.42006883126
1649.87263851052	766.61595580993	0.00000000000	0.42069226406
1652.27120226774	766.57808778753	0.00000000000	0.42128271613
1654.67453390106	766.54279825576	0.00000000000	0.42187463708
1657.16567549446	766.50923703032	0.00000000000	0.42248850788
1659.69299530096	766.47839250519	0.00000000000	0.42311163355
1662.19914663425	766.45089995068	0.00000000000	0.42372987402
1664.62509353698	766.42712707408	0.00000000000	0.42432864167
1667.00576695768	766.40642485163	0.00000000000	0.42491653028
1669.79442912465	766.38536734919	0.00000000000	0.42560553545
1672.63651538623	766.36731320898	0.00000000000	0.42630814174
1675.19597359705	766.35387571209	0.00000000000	0.42694121967
1677.59271063221	766.34361652879	0.00000000000	0.42753433789
1680.26866284014	766.33470554424	0.00000000000	0.42819687874
1683.76180878172	766.32690995156	0.00000000000	0.42906225718
1686.73680025734	766.32350426296	0.00000000000	0.42979971533
1689.11254742682	766.32279728569	0.00000000000	0.43038891810
1691.47962934199	766.32377494303	0.00000000000	0.43097622271
1694.14749000196	766.32677931146	0.00000000000	0.43163844990
1696.51449682972	766.33103494602	0.00000000000	0.43222625571
1699.25825053656	766.33771749354	0.00000000000	0.43290791816
1701.78093325802	766.34540600181	0.00000000000	0.43353493475
1704.19674026322	766.35405303186	0.00000000000	0.43413563177
1706.76067542075	766.36449708773	0.00000000000	0.43477341824
1709.18826637949	766.37548697747	0.00000000000	0.43537752814
1711.54730353402	766.38709900656	0.00000000000	0.43596479731
1714.20441615907	766.40116663180	0.00000000000	0.43662652424
1716.66112531606	766.41499831678	0.00000000000	0.43723857699
1719.34146957430	766.43087125433	0.00000000000	0.43790659645
1721.72419909033	766.44556354054	0.00000000000	0.43850065733
1724.23559574585	766.46153554321	0.00000000000	0.43912701238
1726.68753776844	766.47750852151	0.00000000000	0.43973874742
1729.28764194807	766.49474178785	0.00000000000	0.44038766718
1731.70444944076	766.51092835581	0.00000000000	0.44099103893
1734.23283631811	766.52792686988	0.00000000000	0.44162246670
1736.62017396605	766.54393836011	0.00000000000	0.44221885229
1738.96275247304	766.55952000108	0.00000000000	0.44280422494
1741.31253839967	766.57493005838	0.00000000000	0.44339156216
1744.00814996369	766.59222059973	0.00000000000	0.44406553621
1746.48940871116	766.60765780972	0.00000000000	0.44468609693
1749.48994703118	766.62555642807	0.00000000000	0.44543675315
1752.18244383868	766.64075440115	0.00000000000	0.44611054772
1754.52252632198	766.65318946253	0.00000000000	0.44669630138
1756.86627609680	766.66482805888	0.00000000000	0.44728310895
1759.80578653536	766.67813204750	0.00000000000	0.44801926388
1762.22637763517	766.68788994935	0.00000000000	0.44862561359
1764.56283667058	766.69618242154	0.00000000000	0.44921101253
1767.07878785684	766.70377392654	0.00000000000	0.44984151484
1769.61632512984	766.70999803327	0.00000000000	0.45047756430
1772.52313898348	766.71542620292	0.00000000000	0.45120634958
1775.10605381945	766.71878860398	0.00000000000	0.45185408861
1777.47826150919	766.72071744826	0.00000000000	0.45244912333
1779.96835417286	766.72159866222	0.00000000000	0.45307387181
1782.29859108510	766.72140785116	0.00000000000	0.45365865009
1784.62793745894	766.72027953074	0.00000000000	0.45424333982
1787.15933541730	766.71804024185	0.00000000000	0.45487890288
1789.48406326103	766.71509997933	0.00000000000	0.45546272335
1791.86381853964	766.71125934986	0.00000000000	0.45606051148
1794.41568791359	766.70625865359	0.00000000000	0.45670170446
1797.25688908637	766.69968407485	0.00000000000	0.45741580793
1799.57672608377	766.69358146236	0.00000000000	0.45799904153
1801.98278460638	766.68660327005	0.00000000000	0.45860411606
1804.30064819363	766.67929993357	0.00000000000	0.45918717212
1806.87153732566	766.67058463958	0.00000000000	0.45983406455
1809.37174162701	766.66154221604	0.00000000000	0.46046336447
1811.94053580247	766.65172640541	0.00000000000	0.46111013085
1814.61004971665	766.64102339961	0.00000000000	0.46178247788
1817.10698157301	766.63060603755	0.00000000000	0.46241156652
1819.72228796362	766.61933336874	0.00000000000	0.46307069902
1822.10393623651	766.60879733231	0.00000000000	0.46367114228
1824.41675971701	766.59836466049	0.00000000000	0.46425441896
1826.95496311435	766.58673863033	0.00000000000	0.46489474809
1829.27649060621	766.57598989154	0.00000000000	0.46548061365
1831.81243224376	766.56417538709	0.00000000000	0.46612080977
1834.13977522252	766.55331277787	0.00000000000	0.46670855127
1836.79910116854	766.54093530918	0.00000000000	0.46738037618
1839.99169386179	766.52621364588	0.00000000000	0.46818727184
1842.89724873443	766.51303691039	0.00000000000	0.46892196138
1845.63321630935	766.50090192822	0.00000000000	0.46961407115
1847.95399082531	766.49087066371	0.00000000000	0.47020138382
1850.43528897450	766.48046464228	0.00000000000	0.47082956014
1852.89377661105	766.47053154647	0.00000000000	0.47145221022
1855.20269913647	766.46159190181	0.00000000000	0.47203720922
1857.53975366044	766.45297296109	0.00000000000	0.47262956456
1859.91886539664	766.44468975501	0.00000000000	0.47323281940
1862.21307317471	766.43721598921	0.00000000000	0.47381477781
1864.91143847709	766.42913062447	0.00000000000	0.47449955229
1867.25626765896	766.42277546406	0.00000000000	0.47509487183
1869.66566117724	766.41694648301	0.00000000000	0.47570684198
1871.95178080216	766.41211837895	0.00000000000	0.47628774694
1874.35853367200	766.40782331564	0.00000000000	0.47689956669
1876.91956588271	766.40419631476	0.00000000000	0.47755090458
1879.21531679339	766.40182104725	0.00000000000	0.47813503983
1881.55207172526	766.40030137259	0.00000000000	0.47872986922
1884.08432212924	766.39972990116	0.00000000000	0.47937476355
1886.41826201778	766.40021259471	0.00000000000	0.47996942979
1888.81669631750	766.40170621746	0.00000000000	0.48058079909
1891.63770964339	766.40473999436	0.00000000000	0.48130022847
1894.05278727985	766.40841898516	0.00000000000	0.48191642208
1896.46656213757	766.41307918701	0.00000000000	0.48253254259
1898.92109099967	766.41881239124	0.00000000000	0.48315932534
1901.19002148841	766.42499181256	0.00000000000	0.48373894169
1903.92073906422	766.43353346842	0.00000000000	0.48443680791
1906.32946878591	766.44205489769	0.00000000000	0.48505263627
1908.71753470119	766.45140265840	0.00000000000	0.48566340664
1911.16596748117	766.46190270777	0.00000000000	0.48628984289
1913.42984056223	766.47242421974	0.00000000000	0.48686925779
1915.74874438149	766.48399916194	0.00000000000	0.48746294970
1918.02422181323	766.49613034808	0.00000000000	0.48804570763
1920.80230493088	766.51196215897	0.00000000000	0.48875742446
1923.11797447452	766.52600234072	0.00000000000	0.48935087076
1925.94993228189	766.54419629640	0.00000000000	0.49007686115
1929.34126346668	766.56743570074	0.00000000000	0.49094657423
1932.05942043341	766.58717960390	0.00000000000	0.49164389439
1934.56755321458	766.60626106481	0.00000000000	0.49228751876
1936.98389330556	766.62541235093	0.00000000000	0.49290774819
1939.28044895664	766.64429974790	0.00000000000	0.49349737132
1941.60365231133	766.66407321489	0.00000000000	0.49409396939
1943.97746335508	766.68495696411	0.00000000000	0.49470369621
1946.53107731493	766.70817381469	0.00000000000	0.49535974939
1948.90330075892	766.73042455451	0.00000000000	0.49596932762
1951.40579189269	766.75459464684	0.00000000000	0.49661250521
1954.22803847916	766.78269231337	0.00000000000	0.49733801019
1956.70518386239	766.80806960266	0.00000000000	0.49797492058
1958.97418402189	766.83188722931	0.00000000000	0.49855840555
1961.42688050984	766.85823445738	0.00000000000	0.49918922135
1964.24662974021	766.88927701264	0.00000000000	0.49991455059
1966.54802075329	766.91519379705	0.00000000000	0.50050662213
1968.80631079704	766.94111932437	0.00000000000	0.50108766982
1971.05763461118	766.96743989558	0.00000000000	0.50166698356
1973.53077393260	766.99688603918	0.00000000000	0.50230343622
1976.05192751141	767.02746135774	0.00000000000	0.50295230401
1978.32610759999	767.05551032219	0.00000000000	0.50353765330
1980.61132616158	767.08413026397	0.00000000000	0.50412588107
1982.97533099541	767.11418208744	0.00000000000	0.50473442240
1985.40072382988	767.14547016449	0.00000000000	0.50535879537
1987.99696499409	767.17945670876	0.00000000000	0.50602717551
1990.29361638460	767.20993295630	0.00000000000	0.50661844442
1993.33536977419	767.25086825376	0.00000000000	0.50740155124
1996.20696578907	767.29008644976	0.00000000000	0.50814085325
1998.72520826698	767.32491616927	0.00000000000	0.50878917656
2001.65327765294	767.36590427317	0.00000000000	0.50954299214
2003.97904584093	767.39881962479	0.00000000000	0.51014172753
2006.21736369803	767.43078327741	0.00000000000	0.51071792669
2008.46934723663	767.46321271819	0.00000000000	0.51129761529
2010.79456407045	767.49696854461	0.00000000000	0.51189611960
2013.11964395879	767.53098507227	0.00000000000	0.51249454692
2015.37932837186	767.56428366083	0.00000000000	0.51307609738
2017.61673396276	767.59747352542	0.00000000000	0.51365186482
2019.85401624388	767.63086788752	0.00000000000	0.51422754630
2022.11336493716	767.66478868031	0.00000000000	0.51480884551
2024.58212705174	767.70206527370	0.00000000000	0.51544394852
2026.86294637216	767.73668692150	0.00000000000	0.51603062645
2029.28588311670	767.77364350010	0.00000000000	0.51665377433
2031.57990388465	767.80878880201	0.00000000000	0.51724367944
2034.00305427347	767.84606152684	0.00000000000	0.51786669179
2036.23919768708	767.88058060857	0.00000000000	0.51844152798
2038.78300498642	767.91997673561	0.00000000000	0.51909533650
2041.02024657714	767.95472389370	0.00000000000	0.51967024254
2043.51439957180	767.99355484628	0.00000000000	0.52031104059
2045.89587129021	768.03070881912	0.00000000000	0.52092275764
2048.22162691591	768.06705234851	0.00000000000	0.52152003385
2051.01232065675	768.11071879551	0.00000000000	0.52223653397
2053.77542805426	768.15399384119	0.00000000000	0.52294575257
2056.04624521757	768.18957279878	0.00000000000	0.52352845818
2058.31730123618	768.22515474161	0.00000000000	0.52411107988
2060.58862990097	768.26072770239	0.00000000000	0.52469362111
2062.97243764991	768.29803438430	0.00000000000	0.52530484307
2065.73841881535	768.34126755712	0.00000000000	0.52601383380
2068.31327704787	768.38144198078	0.00000000000	0.52667361215
2070.78791976794	768.41997064107	0.00000000000	0.52730750187
2073.06122950808	768.45527980140	0.00000000000	0.52788963261
2075.53698800833	768.49362603639	0.00000000000	0.52852339524
2078.06275659733	768.53261539375	0.00000000000	0.52916972802
2080.47127681009	768.56965575484	0.00000000000	0.52978583310
2082.71383033159	768.60400861785	0.00000000000	0.53035928121
2084.95683179846	768.63822594445	0.00000000000	0.53093264379
2087.46025254807	768.67623342469	0.00000000000	0.53157233330
2089.96445807581	768.71404439853	0.00000000000	0.53221196129
2092.20911637033	768.74774596890	0.00000000000	0.53278506712
2094.46193084933	768.78137672156	0.00000000000	0.53336003349
2096.94391448379	768.81819034836	0.00000000000	0.53399322560
2099.80764188029	768.86033589938	0.00000000000	0.53472345556
2102.34126878567	768.89731001398	0.00000000000	0.53536919138
2104.67895448352	768.93114881132	0.00000000000	0.53596471513
2106.93050403995	768.96347798727	0.00000000000	0.53653804273
2109.68455673385	769.00265478981	0.00000000000	0.53723898167
2112.04253239830	769.03586098891	0.00000000000	0.53783880707
2114.63328950595	769.07197107465	0.00000000000	0.53849751428
2117.14767534900	769.10662604025	0.00000000000	0.53913646355
2119.85034798628	769.14342873986	0.00000000000	0.53982287858
2122.25157918855	769.17571854397	0.00000000000	0.54043239979
2124.51362126365	769.20569067852	0.00000000000	0.54100635434
2127.21890878142	769.24073485108	0.00000000000	0.54169262154
2129.49601621274	769.26935871357	0.00000000000	0.54227026420
2131.91857546382	769.29873094379	0.00000000000	0.54288492596
2134.24464173495	769.32569729637	0.00000000000	0.54347534059
2136.49807981930	769.35049043599	0.00000000000	0.54404765002
2138.77977266988	769.37408453948	0.00000000000	0.54462757431
2141.05898205446	769.39595954936	0.00000000000	0.54520741733
2143.44956810547	769.41688898007	0.00000000000	0.54581630627
2146.02914097327	769.43692105443	0.00000000000	0.54647429340
2148.55187607398	769.45369797703	0.00000000000	0.54711890288
2151.06944465241	769.46740914517	0.00000000000	0.54776345336
2153.29506274342	769.47680483774	0.00000000000	0.54833443139
2156.13126961235	769.48498514486	0.00000000000	0.54906371538
2158.39089202279	769.48854207933	0.00000000000	0.54964604173
2160.67417408647	769.48955045185	0.00000000000	0.55023560699
2163.09142828600	769.48787099083	0.00000000000	0.55086098295
2165.31524900189	769.48390953146	0.00000000000	0.55143739111
2168.17928567059	769.47551905365	0.00000000000	0.55218121351
2170.58174917772	769.46573415556	0.00000000000	0.55280639660
2172.79213634145	769.45460728250	0.00000000000	0.55338255859
2175.25859935385	769.43988530676	0.00000000000	0.55402652068
2177.47133473161	769.42469424845	0.00000000000	0.55460514788
2179.64816499273	769.40799958163	0.00000000000	0.55517519489
2181.82456562376	769.38965044807	0.00000000000	0.55574590157
2184.02736636740	769.36947071620	0.00000000000	0.55632428634
2186.22709161824	769.34778630855	0.00000000000	0.55690259036
2188.39154634900	769.32503474157	0.00000000000	0.55747229962
2190.67716867728	769.29957462322	0.00000000000	0.55807459707
2193.30035940820	769.26865827089	0.00000000000	0.55876668279
2195.94759803478	769.23576206860	0.00000000000	0.55946596161
2198.24413096570	769.20595975160	0.00000000000	0.56007324532
2200.40904708318	769.17688379074	0.00000000000	0.56064623730
2202.57189630224	769.14696972533	0.00000000000	0.56121914547
2204.88261476317	769.11414957153	0.00000000000	0.56183169651
2207.09924908025	769.08192380860	0.00000000000	0.56241973059
2209.38565665337	769.04802121033	0.00000000000	0.56302667060
2211.54136303157	769.01553072274	0.00000000000	0.56359924855
2213.84534724485	768.98033968177	0.00000000000	0.56421152969
2216.28840895455	768.94261306329	0.00000000000	0.56486108581
2219.22057181599	768.89694818439	0.00000000000	0.56564104352
2221.81930101840	768.85628961093	0.00000000000	0.56633257151
2223.95402195259	768.82287132978	0.00000000000	0.56690076740
2226.34369807516	768.78555238068	0.00000000000	0.56753693209
2228.96777864046	768.74481902969	0.00000000000	0.56823557597
2231.92421694821	768.69942549956	0.00000000000	0.56902273007
2234.33750936038	768.66291314220	0.00000000000	0.56966522947
2236.70256697054	768.62772904836	0.00000000000	0.57029480099
2239.29970151117	768.58991174433	0.00000000000	0.57098599835
2241.43682929582	768.55953897449	0.00000000000	0.57155460981
2243.82709230279	768.52647709813	0.00000000000	0.57219035602
2245.96987159494	768.49774600459	0.00000000000	0.57276004837
2248.19388385587	768.46892613090	0.00000000000	0.57335107118
2250.96162597072	768.43462229834	0.00000000000	0.57408615364
2253.10710908372	768.40932783432	0.00000000000	0.57465559747
2255.24608584991	768.38532741755	0.00000000000	0.57522295408
2257.40034999741	768.36246608228	0.00000000000	0.57579396927
2259.63041077747	768.34027308191	0.00000000000	0.57638462155
2261.79585919170	768.32023833099	0.00000000000	0.57695768626
2264.79940128972	768.29493039691	0.00000000000	0.57775176288
2267.66608390400	768.27334056883	0.00000000000	0.57850885120
2270.28346392768	768.25570143901	0.00000000000	0.57919945049
2272.64446259282	768.24140174974	0.00000000000	0.57982190115
2274.86842196810	768.22926224602	0.00000000000	0.58040781024
2277.20936529461	768.21781027184	0.00000000000	0.58102412944
2279.62228603463	768.20735664562	0.00000000000	0.58165898353
2281.83470326283	768.19891186123	0.00000000000	0.58224073525
2284.48932098391	768.19013410541	0.00000000000	0.58293835119
2287.03549194159	768.18301578559	0.00000000000	0.58360707562
2289.52957743522	768.17719194207	0.00000000000	0.58426177681
2292.24401833429	768.17204868760	0.00000000000	0.58497396790
2294.40996564737	768.16876965446	0.00000000000	0.58554200872
2296.65869282064	768.16607803347	0.00000000000	0.58613155360
2298.96481313453	768.16401023282	0.00000000000	0.58673594818
2301.43653270557	768.16250036040	0.00000000000	0.58738354640
2303.59618466162	768.16171926138	0.00000000000	0.58794923529
2305.90330792082	768.16137746712	0.00000000000	0.58855342187
2308.08613224955	768.16146640032	0.00000000000	0.58912495231
2310.24891822595	768.16189609713	0.00000000000	0.58969115366
2312.62277002080	768.16269695052	0.00000000000	0.59031253701
2315.17541090314	768.16386607563	0.00000000000	0.59098066054
2317.39377751892	768.16507647565	0.00000000000	0.59156126316
2319.61186839398	768.16640855047	0.00000000000	0.59214178694
2321.82962004248	768.16780617382	0.00000000000	0.59272223421
2323.98801325627	768.16917620350	0.00000000000	0.59328717552
2326.45965324119	768.17068985327	0.00000000000	0.59393416533
2328.69106905413	768.17194405769	0.00000000000	0.59451834754
2330.85547328818	768.17300271767	0.00000000000	0.59508507293
2333.07041476991	768.17387006484	0.00000000000	0.59566513802
2335.35331835000	768.17447649262	0.00000000000	0.59626313477
2337.65561506150	768.17473059039	0.00000000000	0.59686636941
2339.97827141425	768.17456062398	0.00000000000	0.59747512053
2342.13058699927	768.17399640308	0.00000000000	0.59803939965
2344.28194884648	768.17304840270	0.00000000000	0.59860359575
2346.67092806723	768.17155569349	0.00000000000	0.59923030318
2348.96839625965	768.16969345089	0.00000000000	0.59983319916
2351.62101944879	768.16703612400	0.00000000000	0.60052953215
2353.77608285225	768.16448711381	0.00000000000	0.60109544025
2356.11405993215	768.16133652353	0.00000000000	0.60170957166
2358.90484520739	768.15706518717	0.00000000000	0.60244290602
2361.46994940999	768.15266378481	0.00000000000	0.60311718910
2364.20166832577	768.14749188966	0.00000000000	0.60383553461
2366.35141214390	768.14308119896	0.00000000000	0.60440103364
2368.50020105674	768.13838165413	0.00000000000	0.60496645111
2370.73110011891	768.13320377190	0.00000000000	0.60555365422
2372.89326622391	768.12790363518	0.00000000000	0.60612294088
2375.15928874807	768.12206055888	0.00000000000	0.60671975757
2377.44460078594	768.11587860736	0.00000000000	0.60732184694
2379.72891094857	768.10941918866	0.00000000000	0.60792386565
2382.12722875219	768.10234693222	0.00000000000	0.60855613883
2384.26424930618	768.09580382345	0.00000000000	0.60911970579
2386.42049223462	768.08898003723	0.00000000000	0.60968851430
2388.86670125917	768.08097953762	0.00000000000	0.61033402463
2391.55789169285	768.07187392817	0.00000000000	0.61104443934
2394.05458887135	768.06315570565	0.00000000000	0.61170375451
2396.44673596178	768.05457075498	0.00000000000	0.61233567986
2398.63379974315	768.04653338114	0.00000000000	0.61291361713
2400.78384814873	768.03846553883	0.00000000000	0.61348194842
2403.35807438061	768.02860087665	0.00000000000	0.61416263357
2406.38107965189	768.01674980887	0.00000000000	0.61496230578
2408.76793416230	768.00720394396	0.00000000000	0.61559394202
2410.93607498362	767.99839923253	0.00000000000	0.61616788697
2413.24952014111	767.98887449446	0.00000000000	0.61678049338
2415.39327990142	767.97993774464	0.00000000000	0.61734834837
2417.58732560333	767.97069033253	0.00000000000	0.61792970477
2420.07265572040	767.96010326185	0.00000000000	0.61858846474
2422.63837731496	767.94906260989	0.00000000000	0.61926878096
2424.84589137419	767.93948414886	0.00000000000	0.61985431814
2427.05242912136	767.92984660480	0.00000000000	0.62043978321
2429.31531883035	767.91990704574	0.00000000000	0.62104039461
2431.47444208308	767.91037977916	0.00000000000	0.62161364833
2433.58604862089	767.90102974316	0.00000000000	0.62217446009
2435.93645650824	767.89059479007	0.00000000000	0.62279889653
2438.05486026461	767.88117417793	0.00000000000	0.62336187921
2440.16450293122	767.87178641444	0.00000000000	0.62392270640
2442.27612686552	767.86239207722	0.00000000000	0.62448423328
2445.22463522109	767.84929414547	0.00000000000	0.62526859607
2447.94668818161	767.83724027680	0.00000000000	0.62599301785
2450.26701143826	767.82700814124	0.00000000000	0.62661075541
2452.37037224445	767.81777669888	0.00000000000	0.62717091322
2454.60190071410	767.80803803370	0.00000000000	0.62776539356
2456.70429061916	767.79892380415	0.00000000000	0.62832565008
2458.80572333928	767.78988125369	0.00000000000	0.62888582514
2460.90913518358	767.78090617685	0.00000000000	0.62944670187
2463.22367704750	767.77112811558	0.00000000000	0.63006407821
2465.56100329670	767.76136896264	0.00000000000	0.63068774675
2467.82821701600	767.75202404186	0.00000000000	0.63129291372
2470.48363269804	767.74124553459	0.00000000000	0.63200195903
2473.30656710624	767.73000221344	0.00000000000	0.63275604208
2475.59265718165	767.72107335005	0.00000000000	0.63336695173
2477.99971537200	767.71185546976	0.00000000000	0.63401041280
2480.76288255236	767.70152214235	0.00000000000	0.63474935522
2482.98197210241	767.69342814032	0.00000000000	0.63534301846
2485.41182407817	767.68478734780	0.00000000000	0.63599329253
2487.92089102213	767.67612198992	0.00000000000	0.63666501494
2490.03182127330	767.66904460367	0.00000000000	0.63723034523
2492.40691042693	767.66132573813	0.00000000000	0.63786663497
2494.85897313080	767.65364068695	0.00000000000	0.63852378507
2497.01815866381	767.64712320953	0.00000000000	0.63910264584
2499.25032580484	767.64064166034	0.00000000000	0.63970127106
2501.39233049416	767.63467636377	0.00000000000	0.64027590662
2503.51968089778	767.62900774718	0.00000000000	0.64084679555
2505.60333378015	767.62371147534	0.00000000000	0.64140613666
2507.69090470378	767.61866780552	0.00000000000	0.64196670719
2509.86087942804	767.61371281633	0.00000000000	0.64254959419
2511.94650228733	767.60923575515	0.00000000000	0.64311000470
2514.36322427228	767.60440917196	0.00000000000	0.64375960520
2516.70227529239	767.60011902739	0.00000000000	0.64438855667
2518.80022217110	767.59659984303	0.00000000000	0.64495286873
2521.29401280138	767.59281802604	0.00000000000	0.64562389156
2523.44128558209	767.58989623497	0.00000000000	0.64620187880
2525.60420453325	767.58725167813	0.00000000000	0.64678426851
2527.91377430560	767.58474299845	0.00000000000	0.64740635669
2530.51350149354	767.58228796282	0.00000000000	0.64810685973
2532.84535084616	767.58039914913	0.00000000000	0.64873541637
2534.91290749716	767.57895758612	0.00000000000	0.64929291680
2537.19460195540	767.57760586460	0.00000000000	0.64990835881
2539.26804380564	767.57658176661	0.00000000000	0.65046781131
2541.75259519245	767.57559288357	0.00000000000	0.65113841705
2544.42970777019	767.57479496335	0.00000000000	0.65186127502
2546.53792909435	767.57434497084	0.00000000000	0.65243072682
2548.74809144779	767.57402645132	0.00000000000	0.65302790502
2550.80768172090	767.57385775661	0.00000000000	0.65358457485
2553.59241545305	767.57380400992	0.00000000000	0.65433750665
2556.26416751497	767.57391522755	0.00000000000	0.65506018045
2558.38102132304	767.57409854405	0.00000000000	0.65563296254
2560.47114847392	767.57434791994	0.00000000000	0.65619868681
2562.52965154084	767.57464733692	0.00000000000	0.65675602009
2564.58429271318	767.57498708694	0.00000000000	0.65731247420
2566.95181679901	767.57541321116	0.00000000000	0.65795387142
2569.19668436990	767.57583517764	0.00000000000	0.65856224213
2571.30794386539	767.57623328451	0.00000000000	0.65913458419
2573.41829059500	767.57661874915	0.00000000000	0.65970685260
2575.73154824861	767.57701103782	0.00000000000	0.66033434407
2577.99569896465	767.57734784562	0.00000000000	0.66094871604
2580.07739360068	767.57760195973	0.00000000000	0.66151375419
2582.13234307964	767.57778758785	0.00000000000	0.66207169708
2584.25330049353	767.57789793467	0.00000000000	0.66264773262
2586.53756009797	767.57790885889	0.00000000000	0.66326831326
2588.75194046010	767.57779674480	0.00000000000	0.66387010038
2591.05873491435	767.57753437517	0.00000000000	0.66449720179
2593.63049653563	767.57704524572	0.00000000000	0.66519657382
2595.70564243644	767.57648322008	0.00000000000	0.66576107827
2597.76084353627	767.57576548638	0.00000000000	0.66632031822
2599.79952458600	767.57488261266	0.00000000000	0.66687522093
2601.94771867693	767.57375447318	0.00000000000	0.66746010154
2604.45973697603	767.57215865511	0.00000000000	0.66814425971
2606.64548000818	767.57051032347	0.00000000000	0.66873974841
2608.69613446672	767.56872973210	0.00000000000	0.66929859604
2610.97033977172	767.56647426059	0.00000000000	0.66991854990
2613.39726998580	767.56372272066	0.00000000000	0.67058034955
2615.43050926575	767.56112861009	0.00000000000	0.67113496215
2617.47756630340	767.55823737552	0.00000000000	0.67169349868
2620.28802757820	767.55378788989	0.00000000000	0.67246058127
2622.93080210667	767.54907041857	0.00000000000	0.67318216125
2625.57250625052	767.54381133387	0.00000000000	0.67390370510
2627.86445006097	767.53880858700	0.00000000000	0.67452991972
2629.91536148370	767.53400187133	0.00000000000	0.67509043182
2632.83050377435	767.52666245219	0.00000000000	0.67588737560
2635.87947661422	767.51838973211	0.00000000000	0.67672118989
2638.14349203347	767.51188009083	0.00000000000	0.67734051613
2640.16758614027	767.50581356447	0.00000000000	0.67789433251
2642.20567681315	767.49948450298	0.00000000000	0.67845208848
2644.30335994200	767.49275431811	0.00000000000	0.67902626240
2647.10401292407	767.48345397555	0.00000000000	0.67979301492
2649.31791921848	767.47586973521	0.00000000000	0.68039925352
2651.73157235285	767.46739099150	0.00000000000	0.68106030451
2654.58531749619	767.45711532047	0.00000000000	0.68184203087
2656.79741464075	767.44898684172	0.00000000000	0.68244808822
2659.23629385476	767.43988407359	0.00000000000	0.68311636758
2662.40965943513	767.42785838125	0.00000000000	0.68398602980
2664.48718119424	767.41989822274	0.00000000000	0.68455544340
2666.72036103661	767.41128526279	0.00000000000	0.68516757232
2668.76060143449	767.40338120928	0.00000000000	0.68572685645
2670.83687333688	767.39531857385	0.00000000000	0.68629605223
2673.14220710189	767.38636257274	0.00000000000	0.68692807742
2675.18129294026	767.37845382537	0.00000000000	0.68748713201
2677.27183330358	767.37037365601	0.00000000000	0.68806031067
2679.31025230474	767.36252930867	0.00000000000	0.68861921234
2681.37102986575	767.35463271860	0.00000000000	0.68918425768
2683.46063590251	767.34665929622	0.00000000000	0.68975722103
2685.86889868699	767.33751055634	0.00000000000	0.69041757575
2688.19796254676	767.32870254276	0.00000000000	0.69105623065
2690.21122559262	767.32111922801	0.00000000000	0.69160830265
2692.23895120496	767.31350890251	0.00000000000	0.69216435276
2694.32701704257	767.30569987162	0.00000000000	0.69273696224
2696.39941973183	767.29797620869	0.00000000000	0.69330528899
2698.47151380647	767.29027931583	0.00000000000	0.69387354348
2700.54329988663	767.28260811862	0.00000000000	0.69444172574
2702.63016376552	767.27490483645	0.00000000000	0.69501405527
2704.79137893917	767.26695106463	0.00000000000	0.69560678868
2707.50097207235	767.25701175908	0.00000000000	0.69634993800
2710.15473056925	767.24731031855	0.00000000000	0.69707779304
2712.24035629923	767.23970731155	0.00000000000	0.69764983764
2714.24996046282	767.23239822350	0.00000000000	0.69820104191
2716.57593493119	767.22395775412	0.00000000000	0.69883903493
2718.59975375402	767.21662946210	0.00000000000	0.69939416077
2720.75903063045	767.20882563123	0.00000000000	0.69998645370
2722.82774097047	767.20136251212	0.00000000000	0.70055391501
2724.85937741827	767.19404486194	0.00000000000	0.70111121698
2726.91357457536	767.18665673168	0.00000000000	0.70167471785
2729.11565452972	767.17874759069	0.00000000000	0.70227879671
2731.13755956034	767.17149441072	0.00000000000	0.70283345975
2733.27470097626	767.16383590949	0.00000000000	0.70341974562
2735.95422881962	767.15424370694	0.00000000000	0.70415484018
2738.13285273333	767.14645133394	0.00000000000	0.70475253006
2740.40546315434	767.13832775084	0.00000000000	0.70537601573
2742.45752262368	767.13099573756	0.00000000000	0.70593900345
2744.68105520112	767.12305323487	0.00000000000	0.70654904551
2746.85863573055	767.11527584325	0.00000000000	0.70714649047
2748.86608166640	767.10810587673	0.00000000000	0.70769726577
2750.87321303766	767.10093582491	0.00000000000	0.70824796306
2752.88002795627	767.09376472816	0.00000000000	0.70879858168
2754.89847833742	767.08654888218	0.00000000000	0.70935240087
2757.05319428187	767.07884127662	0.00000000000	0.70994361720
2759.10286744758	767.07150392314	0.00000000000	0.71050601995
2761.97434266784	767.06121370469	0.00000000000	0.71129392749
2764.26964816107	767.05297730551	0.00000000000	0.71192375011
2766.56471409173	767.04473047717	0.00000000000	0.71255351656
2768.64275395742	767.03725253919	0.00000000000	0.71312373911
2770.73748423598	767.02970288324	0.00000000000	0.71369854920
2772.79939884815	767.02225900305	0.00000000000	0.71426436175
2775.19897240914	767.01357910471	0.00000000000	0.71492284070
2777.68036671887	767.00458231822	0.00000000000	0.71560378243
2779.94883232077	766.99633739797	0.00000000000	0.71622630112
2782.08004808560	766.98857250135	0.00000000000	0.71681116267
2784.45194975751	766.97990780336	0.00000000000	0.71746208293
2786.60329648792	766.97202666484	0.00000000000	0.71805248365
2789.08378859771	766.96291200393	0.00000000000	0.71873322113
2791.75931506029	766.95304535382	0.00000000000	0.71946749296
2793.81865016861	766.94542468297	0.00000000000	0.72003266389
2795.82460378222	766.93797839724	0.00000000000	0.72058319013
2798.22225103063	766.92904676561	0.00000000000	0.72124122210
2801.00864378188	766.91862203929	0.00000000000	0.72200595412
2803.87771206774	766.90783489368	0.00000000000	0.72279338664
2806.16910091790	766.89917913504	0.00000000000	0.72342227871
2808.25945977503	766.89125001340	0.00000000000	0.72399600159
2810.29025235302	766.88351583520	0.00000000000	0.72455338052
2812.33323659508	766.87570337106	0.00000000000	0.72511411013
2814.32867499174	766.86804090459	0.00000000000	0.72566179428
2816.59364138578	766.85930413523	0.00000000000	0.72628346019
2819.15544299452	766.84937030170	0.00000000000	0.72698660464
2821.47126356516	766.84034112831	0.00000000000	0.72762223937
2823.46448242303	766.83253118073	0.00000000000	0.72816933193
2825.45842927331	766.82468167909	0.00000000000	0.72871662780
2827.74776707976	766.81562282480	0.00000000000	0.72934500633
2829.75629823326	766.80763309812	0.00000000000	0.72989631243
2831.75749788478	766.79963246855	0.00000000000	0.73044560928
2833.76545445116	766.79156366166	0.00000000000	0.73099676380
2835.83526355628	766.78320212303	0.00000000000	0.73156489896
2838.04903067357	766.77420819632	0.00000000000	0.73217255191
2840.44322084686	766.76442065160	0.00000000000	0.73282973243
2842.43379158068	766.75623401880	0.00000000000	0.73337612624
2844.55795537294	766.74744765201	0.00000000000	0.73395919268
2846.84549332725	766.73792613219	0.00000000000	0.73458710679
2848.83929435110	766.72957593398	0.00000000000	0.73513439423
2850.92447552388	766.72079081935	0.00000000000	0.73570676704
2852.92987022266	766.71229050398	0.00000000000	0.73625724065
2855.09555253893	766.70305309896	0.00000000000	0.73685171449
2857.16276277205	766.69417875451	0.00000000000	0.73741915966
2859.37437786600	766.68462167778	0.00000000000	0.73802624532
2861.82173091855	766.67396868646	0.00000000000	0.73869804252
2863.81044574350	766.66525116872	0.00000000000	0.73924394496
2865.81415985681	766.65641163632	0.00000000000	0.73979396567
2867.89734175885	766.64716061241	0.00000000000	0.74036580122
2870.03955683607	766.63758154526	0.00000000000	0.74095384222
2872.16063541974	766.62803002315	0.00000000000	0.74153608186
2874.26166371180	766.61850196925	0.00000000000	0.74211281814
2876.25177072540	766.60941459820	0.00000000000	0.74265910663
2879.30705549555	766.59534310785	0.00000000000	0.74349778889
2882.14463393775	766.58214124465	0.00000000000	0.74427671025
2884.42896932647	766.57141834789	0.00000000000	0.74490376493
2886.71312206332	766.56061003594	0.00000000000	0.74553076902
2888.72312434980	766.55102647625	0.00000000000	0.74608251779
2891.22420113981	766.53900521669	0.00000000000	0.74676906639
2893.40905067553	766.52841514060	0.00000000000	0.74736880923
2895.82652408771	766.51659951014	0.00000000000	0.74803240623
2897.85902829368	766.50658457788	0.00000000000	0.74859032789
2899.99835112517	766.49596233153	0.00000000000	0.74917756988
2902.52678079898	766.48329941757	0.00000000000	0.74987161934
2904.75878487089	766.47202177923	0.00000000000	0.75048429851
2906.80461188124	766.46160187036	0.00000000000	0.75104587080
2909.13965361123	766.44961059385	0.00000000000	0.75168682924
2911.13078497904	766.43930152996	0.00000000000	0.75223338378
2913.60258283876	766.42639489148	0.00000000000	0.75291187579
2915.62036098167	766.41576832260	0.00000000000	0.75346573994
2917.61784872046	766.40516734358	0.00000000000	0.75401403220
2919.59859289020	766.39457443958	0.00000000000	0.75455772610
2921.57906670239	766.38390162103	0.00000000000	0.75510134326
2923.62292784164	766.37280092063	0.00000000000	0.75566235672
2926.09391565293	766.35926191641	0.00000000000	0.75634060698
2928.40091168958	766.34650289621	0.00000000000	0.75697383977
2930.39682887206	766.33537079085	0.00000000000	0.75752168313
2932.37596410660	766.32424562414	0.00000000000	0.75806491694
2934.55701380416	766.31188438780	0.00000000000	0.75866356847
2936.53666187642	766.30057185953	0.00000000000	0.75920693594
2938.84285098458	766.28728077197	0.00000000000	0.75983992683
2940.87035872216	766.27549461320	0.00000000000	0.76039642253
2943.12425008225	766.26228007891	0.00000000000	0.76101504964
2945.10179743158	766.25058725413	0.00000000000	0.76155782417
2947.33014358674	766.23729999157	0.00000000000	0.76216943017
2949.71652235801	766.22293792863	0.00000000000	0.76282440483
2951.69433377590	766.21092980001	0.00000000000	0.76336723771
2953.76837255301	766.19823416264	0.00000000000	0.76393647644
2955.94751794856	766.18478010028	0.00000000000	0.76453455714
2958.12647693735	766.17120810221	0.00000000000	0.76513258089
2960.65171915537	766.15532862619	0.00000000000	0.76582563596
2962.95620381097	766.14069469094	0.00000000000	0.76645809672
2964.93561239301	766.12801522753	0.00000000000	0.76700133543
2966.91161767533	766.11525536268	0.00000000000	0.76754363481
2968.93601248774	766.10207616995	0.00000000000	0.76809920867
2971.00829682402	766.08847216630	0.00000000000	0.76866791927
2973.31202801440	766.07321325896	0.00000000000	0.76930014000
2975.42289428177	766.05910533946	0.00000000000	0.76987942520
2977.64884518723	766.04409597254	0.00000000000	0.77049028571
2979.63169886058	766.03061038251	0.00000000000	0.77103442732
2981.72181303029	766.01627651898	0.00000000000	0.77160799695
2984.18956848830	765.99919441519	0.00000000000	0.77228518983
2986.29943449470	765.98445237292	0.00000000000	0.77286416389
2988.33628835028	765.97009930782	0.00000000000	0.77342309532
2990.31266858567	765.95605762820	0.00000000000	0.77396542538
2992.34907138083	765.94147029917	0.00000000000	0.77452421876
2994.40140296432	765.92664544875	0.00000000000	0.77508737551
2996.38227829972	765.91221829205	0.00000000000	0.77563091747
2998.49094056393	765.89673151758	0.00000000000	0.77620951550
3000.71507654968	765.88025139266	0.00000000000	0.77681978937
3003.04360591810	765.86283654272	0.00000000000	0.77745869720
3005.02350965292	765.84789821245	0.00000000000	0.77800193987
3007.04375684866	765.83253054693	0.00000000000	0.77855624386
3009.03971325290	765.81722276849	0.00000000000	0.77910387496
3011.16857526247	765.80075781005	0.00000000000	0.77968796237
3013.36699164373	765.78360435002	0.00000000000	0.78029112319
3015.77717285198	765.76462129480	0.00000000000	0.78095237232
3017.74719205045	765.74896620431	0.00000000000	0.78149285076
3019.72014499319	765.73316165944	0.00000000000	0.78203412555
3021.68967573196	765.71725771501	0.00000000000	0.78257445282
3023.86315987818	765.69955869697	0.00000000000	0.78317072314
3026.01316621264	765.68189677208	0.00000000000	0.78376054196
3028.14058452180	765.66426839807	0.00000000000	0.78434415354
3030.44055124848	765.64503882261	0.00000000000	0.78497508806
3032.66236836066	765.62629219887	0.00000000000	0.78558457230
3034.66675618942	765.60923533695	0.00000000000	0.78613440151
3036.64308837089	765.59228177778	0.00000000000	0.78667652501
3038.67472439001	765.57471265340	0.00000000000	0.78723380864
3040.75927038718	765.55653620618	0.00000000000	0.78780559481
3043.33768819930	765.53384193730	0.00000000000	0.78851283348
3045.85918485027	765.51142069079	0.00000000000	0.78920444246
3047.98501417903	765.49234118163	0.00000000000	0.78978751276
3049.96731581078	765.47440325262	0.00000000000	0.79033120557
3051.93673739750	765.45644084828	0.00000000000	0.79087135521
3054.20874605289	765.43554285041	0.00000000000	0.79149448167
3056.42896451123	765.41493799853	0.00000000000	0.79210339023
3058.92162452817	765.39158731631	0.00000000000	0.79278700108
3061.72611932619	765.36503829075	0.00000000000	0.79355611136
3063.92099028444	765.34405400609	0.00000000000	0.79415802136
3066.44184234506	765.31972786820	0.00000000000	0.79484930935
3068.52421624415	765.29945009624	0.00000000000	0.79542034021
3070.53822549321	765.27967952756	0.00000000000	0.79597261170
3072.68477274819	765.25843545943	0.00000000000	0.79656121368
3074.80858607527	765.23724612669	0.00000000000	0.79714357019
3077.21594222881	765.21303638860	0.00000000000	0.79780366618
3079.26024835436	765.19232908393	0.00000000000	0.79836421090
3081.22340767412	765.17232467608	0.00000000000	0.79890250622
3083.30431612959	765.15100260679	0.00000000000	0.79947309281
3085.38497609790	765.12957174351	0.00000000000	0.80004361983
3087.70849722513	765.10552017531	0.00000000000	0.80068075543
3089.67897439386	765.08503454708	0.00000000000	0.80122109856
3091.65652233710	765.06440282663	0.00000000000	0.80176339904
3093.62631867674	765.04378825928	0.00000000000	0.80230359544
3095.65185397402	765.02253304580	0.00000000000	0.80285910365
3098.08526054266	764.99693391919	0.00000000000	0.80352651143
3100.46226604198	764.97187538132	0.00000000000	0.80417849773
3102.60510817964	764.94925327861	0.00000000000	0.80476630074
3105.23682233622	764.92144519152	0.00000000000	0.80548827124
3107.27677175675	764.89988320138	0.00000000000	0.80604795411
3109.28497680758	764.87866107247	0.00000000000	0.80659897752
3111.44974540637	764.85579971086	0.00000000000	0.80719301932
3114.22177124334	764.82656622846	0.00000000000	0.80795379778
3116.24337860534	764.80528815356	0.00000000000	0.80850869858
3118.45617775826	764.78205020541	0.00000000000	0.80911615456
3120.41512157435	764.76153339934	0.00000000000	0.80965399223
3122.76023611815	764.73705264578	0.00000000000	0.81029794604
3124.71807439103	764.71669183587	0.00000000000	0.81083563603
3126.81138723621	764.69500999016	0.00000000000	0.81141061632
3129.18269138460	764.67057126459	0.00000000000	0.81206206402
3131.20047694131	764.64988916514	0.00000000000	0.81261648900
3133.88300245425	764.62257160277	0.00000000000	0.81335370764
3135.95331921667	764.60164002005	0.00000000000	0.81392279451
3137.90744326097	764.58201427241	0.00000000000	0.81446003982
3139.85769520064	764.56256295748	0.00000000000	0.81499631822
3141.81055760189	764.54322975865	0.00000000000	0.81553341548
3143.77559702434	764.52393019341	0.00000000000	0.81607396716
3146.22643257186	764.50008926322	0.00000000000	0.81674830701
3148.93267812813	764.47407916737	0.00000000000	0.81749312709
3151.01885347544	764.45426841725	0.00000000000	0.81806744199
3152.96804480980	764.43595728466	0.00000000000	0.81860416948
3155.01286894050	764.41696369177	0.00000000000	0.81916736246
3157.14134653489	764.39743839096	0.00000000000	0.81975374335
3159.08504086333	764.37983609595	0.00000000000	0.82028935304
3161.07816207416	764.36202132566	0.00000000000	0.82083872064
3163.07050694032	764.34446055916	0.00000000000	0.82138801715
3165.01080327215	764.32760474650	0.00000000000	0.82192310445
3167.00158989336	764.31057182317	0.00000000000	0.82247226361
3169.02303926898	764.29355698115	0.00000000000	0.82303003800
3170.98758164114	764.27730102705	0.00000000000	0.82357226520
3172.95129993191	764.26133660309	0.00000000000	0.82411442120
3174.89184808624	764.24584890761	0.00000000000	0.82465033709
3176.90999675034	764.23005494832	0.00000000000	0.82520785267
3178.92726736468	764.21458892440	0.00000000000	0.82576529997
3181.19792606926	764.19755792342	0.00000000000	0.82639297702
3183.18190805549	764.18299881305	0.00000000000	0.82694159004
3185.53292470655	764.16612732062	0.00000000000	0.82759191620
3187.67257820880	764.15112505130	0.00000000000	0.82818398450
3189.61968877155	764.13775905577	0.00000000000	0.82872294688
3191.57542362790	764.12460337217	0.00000000000	0.82926446296
3193.52081044177	764.11178038261	0.00000000000	0.82980327980
3195.53094710141	764.09880104768	0.00000000000	0.83036020493
3197.45738219063	764.08661519251	0.00000000000	0.83089410665
3199.44925356972	764.07427069985	0.00000000000	0.83144631588
3201.71093040648	764.06056218294	0.00000000000	0.83207353650
3203.63901389302	764.04912880206	0.00000000000	0.83260842243
3205.60001772694	764.03773398743	0.00000000000	0.83315261082
3207.80607547146	764.02519078581	0.00000000000	0.83376500809
3209.74435638308	764.01440541602	0.00000000000	0.83430325087
3211.97481263006	764.00226000604	0.00000000000	0.83492283683
3214.23095009746	763.99025676110	0.00000000000	0.83554978464
3216.38247429946	763.97906721504	0.00000000000	0.83614787622
3218.42005918134	763.96869548565	0.00000000000	0.83671448784
3220.47732528869	763.95843994626	0.00000000000	0.83728676392
3222.39283258708	763.94908136801	0.00000000000	0.83781978000
3224.64431782039	763.93830929475	0.00000000000	0.83844650108
3226.60937026889	763.92910322745	0.00000000000	0.83899368104
3228.91333381017	763.91853428392	0.00000000000	0.83963545898
3230.96599161566	763.90931618351	0.00000000000	0.84020744109
3232.89410069321	763.90082187163	0.00000000000	0.84074489479
3234.88699509607	763.89220424795	0.00000000000	0.84130058854
3237.00495479808	763.88322041190	0.00000000000	0.84189135786
3238.93984693438	763.87516490998	0.00000000000	0.84243124662
3240.86435771249	763.86729131036	0.00000000000	0.84296841257
3242.89105559010	763.85914372919	0.00000000000	0.84353428881
3245.21512464040	763.84997529126	0.00000000000	0.84418343244
3247.22052384766	763.84220755224	0.00000000000	0.84474377238
3249.15082559985	763.83485078954	0.00000000000	0.84528330888
3251.11986699306	763.82746248728	0.00000000000	0.84583385587
3253.04838539054	763.82033480165	0.00000000000	0.84637325163
3255.01564521808	763.81316938352	0.00000000000	0.84692366624
3257.22564439116	763.80524026554	0.00000000000	0.84754221746
3259.14188922479	763.79846260284	0.00000000000	0.84807874050
3261.04435677287	763.79181812688	0.00000000000	0.84861158116
3262.97977029841	763.78513991140	0.00000000000	0.84915382877
3264.88586609942	763.77863807345	0.00000000000	0.84968803982
3266.80806799392	763.77215188080	0.00000000000	0.85022694364
3268.76901559235	763.76560277202	0.00000000000	0.85077689564
3270.68941918233	763.75925033747	0.00000000000	0.85131565910
3272.68314266137	763.75271407001	0.00000000000	0.85187518343
3274.57605870334	763.74655854901	0.00000000000	0.85240659763
3276.47135425585	763.74043938729	0.00000000000	0.85293885673
3278.39960553148	763.73425407253	0.00000000000	0.85348055298
3280.37172494883	763.72796469535	0.00000000000	0.85403476350
3282.73364233371	763.72047328704	0.00000000000	0.85469877047
3284.76175139019	763.71406956546	0.00000000000	0.85526915564
3286.67476027801	763.70804804401	0.00000000000	0.85580735851
3289.08967280181	763.70046469813	0.00000000000	0.85648702821
3291.33716792179	763.69341678929	0.00000000000	0.85711984236
3293.24718585034	763.68742820098	0.00000000000	0.85765783537
3295.23051242428	763.68120499764	0.00000000000	0.85821667255
3297.47507279880	763.67414914967	0.00000000000	0.85884935781
3300.35535227280	763.66506192888	0.00000000000	0.85966161222
3302.28595876247	763.65894213643	0.00000000000	0.86020629103
3304.23060519960	763.65274824617	0.00000000000	0.86075512407
3306.12518321322	763.64668010166	0.00000000000	0.86129001340
3308.00594725786	763.64061826956	0.00000000000	0.86182118569
3309.88253861186	763.63452729398	0.00000000000	0.86235136174
3311.78391527668	763.62830744603	0.00000000000	0.86288872631
3313.94110234704	763.62118531332	0.00000000000	0.86349861520
3315.84056625251	763.61485074525	0.00000000000	0.86403584035
3318.40925309605	763.60618056006	0.00000000000	0.86476264182
3321.08770443786	763.59700021153	0.00000000000	0.86552086948
3323.19004662325	763.58968532500	0.00000000000	0.86611627426
3325.44830330619	763.58171230684	0.00000000000	0.86675609573
3327.57350335620	763.57409204771	0.00000000000	0.86735846572
3329.91230356737	763.56556588677	0.00000000000	0.86802165640
3332.55696826247	763.55573608887	0.00000000000	0.86877192961
3334.89331473915	763.54687491333	0.00000000000	0.86943504655
3337.42417032567	763.53707650712	0.00000000000	0.87015370122
3339.84179645069	763.52751158384	0.00000000000	0.87084052606
3341.71236683738	763.51996661068	0.00000000000	0.87137215444
3343.71299296688	763.51175139850	0.00000000000	0.87194095561
3345.65481475542	763.50362795061	0.00000000000	0.87249324626
3347.51387297220	763.49570727164	0.00000000000	0.87302219014
3349.37201311705	763.48764521351	0.00000000000	0.87355106172
3351.48567474083	763.47829157142	0.00000000000	0.87415289115
3353.59830166245	763.46874089371	0.00000000000	0.87475467156
3355.45350025009	763.46018193967	0.00000000000	0.87528332676
3357.33345841358	763.45133927814	0.00000000000	0.87581923168
3359.23715818277	763.44220578372	0.00000000000	0.87636210425
3361.61548761759	763.43053359098	0.00000000000	0.87704060893
3363.72308117038	763.41993935272	0.00000000000	0.87764214024
3366.56542644578	763.40526501197	0.00000000000	0.87845377213
3368.41768208924	763.39545542989	0.00000000000	0.87898292818
3370.93056248644	763.38182531709	0.00000000000	0.87970112208
3373.11131554741	763.36968745914	0.00000000000	0.88032468182
3375.18844538767	763.35785117843	0.00000000000	0.88091886272
3377.28938860262	763.34559862256	0.00000000000	0.88152010548
3379.15886187125	763.33445271228	0.00000000000	0.88205531862
3381.12075282057	763.32250345608	0.00000000000	0.88261720528
3383.37718527507	763.30843289309	0.00000000000	0.88326372207
3385.28324167500	763.29626777204	0.00000000000	0.88381007698
3387.26258240501	763.28335768621	0.00000000000	0.88437766034
3389.11761016218	763.27099646692	0.00000000000	0.88490980248
3390.99261594669	763.25823911909	0.00000000000	0.88544787871
3393.08551996317	763.24368033219	0.00000000000	0.88604872772
3395.36305515264	763.22744648815	0.00000000000	0.88670287298
3397.24821021335	763.21369469961	0.00000000000	0.88724455018
3399.28901935389	763.19847925077	0.00000000000	0.88783118819
3401.15896451214	763.18423229965	0.00000000000	0.88836892622
3403.19777472655	763.16835942746	0.00000000000	0.88895546010
3405.03733746993	763.15372828077	0.00000000000	0.88948488501
3407.05079218944	763.13737119257	0.00000000000	0.89006458647
3408.91681679556	763.12188609811	0.00000000000	0.89060205649
3410.78187756953	763.10609033286	0.00000000000	0.89113945685
3412.74831924358	763.08908490369	0.00000000000	0.89170629498
3414.59051198488	763.07282147961	0.00000000000	0.89223752846
3416.41448857568	763.05639670302	0.00000000000	0.89276371042
3418.59822591040	763.03630344370	0.00000000000	0.89339394084
3421.30105155756	763.01077415566	0.00000000000	0.89417438143
3423.14847393006	762.99289657523	0.00000000000	0.89470808007
3425.46488032331	762.96998021214	0.00000000000	0.89537755701
3428.13673338226	762.94284292518	0.00000000000	0.89615017152
3430.61618107612	762.91697109949	0.00000000000	0.89686754099
3432.81934033618	762.89341500318	0.00000000000	0.89750529106
3434.63867857343	762.87355349561	0.00000000000	0.89803216257
3436.61455868334	762.85155723371	0.00000000000	0.89860460049
3438.54747252369	762.82960401299	0.00000000000	0.89916482557
3440.93819068319	762.80184628480	0.00000000000	0.89985806068
3442.76626959419	762.78016287300	0.00000000000	0.90038838902
3444.69600987181	762.75683621392	0.00000000000	0.90094843710
3446.50596478566	762.73454372144	0.00000000000	0.90147393421
3448.34061060587	762.71153287572	0.00000000000	0.90200681106
3450.15730925039	762.68833084886	0.00000000000	0.90253468503
3451.96764249614	762.66479276750	0.00000000000	0.90306091778
3454.15914172001	762.63573376159	0.00000000000	0.90369822800
3456.45833396141	762.60457196158	0.00000000000	0.90436718600
3458.26217089081	762.57963468559	0.00000000000	0.90489225551
3460.06831801641	762.55426342145	0.00000000000	0.90541820412
3461.88642135598	762.52838108892	0.00000000000	0.90594783857
3463.73769813075	762.50174016912	0.00000000000	0.90648734237
3465.53670818662	762.47563981979	0.00000000000	0.90701180839
3467.74792177570	762.44336809079	0.00000000000	0.90765669912
3469.82621953105	762.41294320191	0.00000000000	0.90826307445
3471.67375009855	762.38590235232	0.00000000000	0.90880231639
3473.53533234081	762.35873459573	0.00000000000	0.90934584127
3475.36798680484	762.33213516252	0.00000000000	0.90988109310
3477.52099893459	762.30116362095	0.00000000000	0.91051012217
3479.43366038406	762.27398573529	0.00000000000	0.91106911600
3481.22570714679	762.24888055985	0.00000000000	0.91159301262
3483.13685389044	762.22256296318	0.00000000000	0.91215188582
3484.95417342402	762.19804338231	0.00000000000	0.91268346763
3486.77079063626	762.17409414308	0.00000000000	0.91321498149
3489.05451699559	762.14488533970	0.00000000000	0.91388335150
3491.20221673038	762.11844018183	0.00000000000	0.91451209316
3493.09056371216	762.09609811102	0.00000000000	0.91506504804
3495.10900658813	762.07324695640	0.00000000000	0.91565623541
3497.63604439886	762.04627638761	0.00000000000	0.91639657598
3499.52241110011	762.02743111920	0.00000000000	0.91694935032
3501.66688878149	762.00745003863	0.00000000000	0.91757788729
3504.27276040192	761.98538970602	0.00000000000	0.91834182657
3506.46961733544	761.96882104435	0.00000000000	0.91898599310
3508.37288797320	761.95606529088	0.00000000000	0.91954416560
3511.10921867489	761.94048961831	0.00000000000	0.92034678687
3512.90871272778	761.93212149497	0.00000000000	0.92087469562
3514.79132143834	761.92504243186	0.00000000000	0.92142704944
3516.59947951792	761.91992494458	0.00000000000	0.92195761416
3518.44686674010	761.91646807438	0.00000000000	0.92249973969
3520.26568987150	761.91488222015	0.00000000000	0.92303352694
3522.23046665826	761.91527358635	0.00000000000	0.92361019165
3524.37030340349	761.91828338466	0.00000000000	0.92423828008
3526.72742019662	761.92484446389	0.00000000000	0.92493018742
3528.52389292825	761.93221727567	0.00000000000	0.92545754665
3530.34108366379	761.94183581021	0.00000000000	0.92599100246
3532.15801585598	761.95369225400	0.00000000000	0.92652439204
3533.93632290047	761.96752912400	0.00000000000	0.92704644698
3535.75279095303	761.98400853929	0.00000000000	0.92757970417
3537.53502883576	762.00254520692	0.00000000000	0.92810290691
3539.33962061140	762.02376862659	0.00000000000	0.92863266133
3541.32563741386	762.05005764426	0.00000000000	0.92921565629
3543.46400209648	762.08189442945	0.00000000000	0.92984334383
3545.40399720975	762.11403387363	0.00000000000	0.93041276970
3547.20803187753	762.14677347124	0.00000000000	0.93094225467
3549.19384474717	762.18606939021	0.00000000000	0.93152504766
3550.97509563717	762.22428997998	0.00000000000	0.93204776158
3552.77889627176	762.26592490682	0.00000000000	0.93257704469
3555.08064500508	762.32342447789	0.00000000000	0.93325236051
3557.32773066229	762.38412241393	0.00000000000	0.93391153941
3559.12200013494	762.43554340723	0.00000000000	0.93443780200
3561.23466015641	762.49912971408	0.00000000000	0.93505733963
3564.07401495501	762.58916600966	0.00000000000	0.93588976684
3565.95328061326	762.65126096008	0.00000000000	0.93644056808
3567.87286263676	762.71643986813	0.00000000000	0.93700304698
3569.81446875760	762.78389521856	0.00000000000	0.93757182449
3571.61970561629	762.84774968516	0.00000000000	0.93810050311
3573.58475800869	762.91823518688	0.00000000000	0.93867580811
3575.72728087875	762.99592027222	0.00000000000	0.93930284601
3578.06213730004	763.08114586736	0.00000000000	0.93998588695
3579.84633763665	763.14638127075	0.00000000000	0.94050762461
3582.23828453768	763.23357924095	0.00000000000	0.94120677137
3584.23020854115	763.30563226038	0.00000000000	0.94178870983
3586.70714854883	763.39404416351	0.00000000000	0.94251196323
3589.45511099224	763.48994972610	0.00000000000	0.94331382992
3591.42647253087	763.55692511137	0.00000000000	0.94388872363
3593.31358020769	763.61931271484	0.00000000000	0.94443875407
3595.24197127251	763.68106083413	0.00000000000	0.94500050981
3597.08031375643	763.73780032754	0.00000000000	0.94553573385
3598.98964991136	763.79428802404	0.00000000000	0.94609130670
3600.79464794851	763.84517465228	0.00000000000	0.94661620930
3602.58382286428	763.89299038901	0.00000000000	0.94713620357
3604.41205066787	763.93893529421	0.00000000000	0.94766722293
3606.34620893809	763.98409419574	0.00000000000	0.94822864234
3608.14150597817	764.02261737274	0.00000000000	0.94874940687
3610.30242360863	764.06435543231	0.00000000000	0.94937576997
3612.65908953273	764.10371314031	0.00000000000	0.95005828575
3614.79644775185	764.13348845013	0.00000000000	0.95067674284
3616.61000559512	764.15427611186	0.00000000000	0.95120110154
3618.41116417531	764.17099000231	0.00000000000	0.95172152055
3620.24841426686	764.18414253976	0.00000000000	0.95225201687
3622.07475445623	764.19345702921	0.00000000000	0.95277902513
3623.92760897819	764.19921902433	0.00000000000	0.95331335369
3626.04586225513	764.20144025002	0.00000000000	0.95392382775
3628.19221939385	764.19915024349	0.00000000000	0.95454199625
3630.18594075036	764.19312126193	0.00000000000	0.95511585748
3632.38931886296	764.18230434722	0.00000000000	0.95574969708
3634.23284103953	764.17006911896	0.00000000000	0.95627973681
3636.12358154619	764.15466014543	0.00000000000	0.95682310106
3638.24793237442	764.13407424652	0.00000000000	0.95743331423
3640.08133463411	764.11367749823	0.00000000000	0.95795972430
3641.97388027414	764.09021591076	0.00000000000	0.95850290734
3643.88565028539	764.06418126570	0.00000000000	0.95905140712
3645.69677972060	764.03748855676	0.00000000000	0.95957085909
3648.16025102564	763.99824631179	0.00000000000	0.96027716138
3650.18491754946	763.96366514637	0.00000000000	0.96085745877
3651.99704148706	763.93108784503	0.00000000000	0.96137670404
3653.80587250326	763.89716862954	0.00000000000	0.96189489151
3655.71967599188	763.85989622833	0.00000000000	0.96244304012
3657.52871267742	763.82348654744	0.00000000000	0.96296108913
3659.39088153194	763.78494639821	0.00000000000	0.96349427240
3661.25308033214	763.74546395228	0.00000000000	0.96402739484
3663.25475673713	763.70212950836	0.00000000000	0.96460038522
3665.38459211134	763.65518727923	0.00000000000	0.96521000812
3667.19339081202	763.61479427833	0.00000000000	0.96572771133
3669.01913784307	763.57366614570	0.00000000000	0.96625025079
3670.88076356882	763.53149271830	0.00000000000	0.96678305641
3672.75787279705	763.48886264019	0.00000000000	0.96732030387
3674.99741638304	763.43805503226	0.00000000000	0.96796131569
3676.80480327762	763.39724554813	0.00000000000	0.96847867359
3678.71712711242	763.35440358170	0.00000000000	0.96902612218
3680.76631547861	763.30904389368	0.00000000000	0.96961282748
3682.69794286322	763.26696482491	0.00000000000	0.97016596085
3685.30269187228	763.21153787591	0.00000000000	0.97091200661
3687.79437663624	763.16024460089	0.00000000000	0.97162587053
3689.59823501025	763.12435351149	0.00000000000	0.97214281431
3691.44075314738	763.08891651044	0.00000000000	0.97267097330
3693.26034630058	763.05526278318	0.00000000000	0.97319270824
3695.33044815161	763.01876193526	0.00000000000	0.97378646576
3697.30086293865	762.98595110077	0.00000000000	0.97435183798
3699.10986008688	762.95763053047	0.00000000000	0.97487108638
3700.93598023025	762.93092541372	0.00000000000	0.97539544870
3702.77322813570	762.90609996739	0.00000000000	0.97592322073
3704.69574606709	762.88246177362	0.00000000000	0.97647573186
3706.86740837208	762.85882946599	0.00000000000	0.97710016313
3708.98314693853	762.83914262277	0.00000000000	0.97770885911
3711.34871541893	762.82128958958	0.00000000000	0.97838985858
3713.40848388540	762.80954018568	0.00000000000	0.97898321315
3715.25212425033	762.80218790352	0.00000000000	0.97951463094
3717.38898465249	762.79759821485	0.00000000000	0.98013096761
3719.17531618151	762.79715295634	0.00000000000	0.98064654502
3721.06661964329	762.80020059961	0.00000000000	0.98119277597
3723.09316372844	762.80765561703	0.00000000000	0.98177848907
3725.00146524215	762.81880548142	0.00000000000	0.98233044376
3726.99960075801	762.83495204511	0.00000000000	0.98290883160
3728.77933534474	762.85333438631	0.00000000000	0.98342440185
3730.66244130613	762.87704152080	0.00000000000	0.98397034427
3732.43887851867	762.90355769486	0.00000000000	0.98448577715
3734.25281767221	762.93493489080	0.00000000000	0.98501252095
3736.07891800743	762.97105676308	0.00000000000	0.98554324861
3738.16915283922	763.01817720512	0.00000000000	0.98615131817
3739.94747553844	763.06327814898	0.00000000000	0.98666914826
3742.03332325220	763.12224788908	0.00000000000	0.98727712990
3743.94429180446	763.18220828113	0.00000000000	0.98783472708
3746.30161718468	763.26426044521	0.00000000000	0.98852336763
3748.57191567215	763.35201840809	0.00000000000	0.98918745042
3750.32986402071	763.42605316181	0.00000000000	0.98970226795
3752.23109316122	763.51227563848	0.00000000000	0.99025965379
3754.24936583952	763.61100018570	0.00000000000	0.99085206403
3755.99936880339	763.70276502090	0.00000000000	0.99136633909
3758.03831603607	763.81710198151	0.00000000000	0.99196625830
3759.79378273180	763.92210795280	0.00000000000	0.99248341610
3761.55478442959	764.03370647480	0.00000000000	0.99300282114
3763.29536088088	764.15032170466	0.00000000000	0.99351682291
3765.40310168309	764.30014868770	0.00000000000	0.99414009743
3767.35275176387	764.44735485305	0.00000000000	0.99471747035
3769.08649974802	764.58539363027	0.00000000000	0.99523160645
3771.13170071605	764.75707935348	0.00000000000	0.99583897153
3772.96306668343	764.91913987147	0.00000000000	0.99638365077
3775.00177896396	765.10903441339	0.00000000000	0.99699092857
3777.01104869957	765.30620727543	0.00000000000	0.99759041847
3778.74721460423	765.48478482849	0.00000000000	0.99810922837
3780.46725641081	765.66937408145	0.00000000000	0.99862397111
3782.65340116133	765.91525653544	0.00000000000	0.99927930403
3785.05273100123	766.20001220703	0.00000000000	1.00000000000
