-161.05240075734	719.29998779297	0.00000000000
-111.47275177241	718.02125686940	0.00000000000
-35.98514445969	720.26116750836	0.00000000000
42.23354259606	719.12161399489	0.00000000000
76.48533272647	719.89852414497	0.00000000000
81.22519854580	752.43695529248	0.00000000000
99.22106988713	745.95373879878	0.00000000000
207.82662117909	744.54825090969	0.00000000000
327.11937600836	739.73410482278	0.00000000000
437.43482469204	748.92659264871	0.00000000000
452.80116510160	776.77885947342	0.00000000000
463.10061507305	782.42655004846	0.00000000000
475.16550806905	752.10431124757	0.00000000000
503.08973750809	746.47758104752	0.00000000000
533.40289394929	751.10431638887	0.00000000000
569.20483514073	773.47919162006	0.00000000000
612.43322943587	751.22222879828	0.00000000000
733.64427562356	749.39762451289	0.00000000000
1033.91660319850	759.79756918445	0.00000000000
1335.47440040792	763.21223113066	0.00000000000
1591.96244027231	768.09339756771	0.00000000000
1758.73046284033	765.47989448342	0.00000000000
2216.19116190761	770.31148497987	0.00000000000
2752.90903071560	766.78603641732	0.00000000000
3283.09698886935	764.22947608257	0.00000000000
3535.18350918807	761.35186582062	0.00000000000
3676.12229858586	765.41166847666	0.00000000000
3751.28994957404	760.89543290364	0.00000000000
3785.05273100123	766.20001220703	0.00000000000
