0.00000000000 -1.0
0.00000000000 -1.0
0.00000000000 -1.0
0.00000000000 -1.0
123.31578536746 -1.0
184.97367805118 -1.0
200.38815122212 -1.0
208.09538780758 -1.0
215.80262439305 -1.0
246.63157073491 -1.0
493.26314146982 -1.0
524.09208781169 -1.0
539.50656098262 -1.0
547.21379756808 -1.0
554.92103415355 -1.0
585.74998049541 -1.0
616.57892683728 -1.0
647.40787317914 -1.0
678.23681952100 -1.0
739.89471220473 -1.0
986.52628293964 -1.0
1479.78942440947 -1.0
1603.10520977692 -1.0
1726.42099514438 -1.0
1973.05256587929 -1.0
2959.57884881893 -1.0
3452.84199028875 -1.0
3699.47356102366 -1.0
3822.78934639112 -1.0
3946.10513175857 -1.0
3946.10513175857 -1.0
3946.10513175857 -1.0
3946.10513175857 -1.0
