-161.05240075734	719.29998779297	0.00000000000	0.00000000000
-157.94709686781	719.22350610344	0.00000000000	0.00065222280
-154.80320911288	719.15325787509	0.00000000000	0.00131215889
-151.69616766759	719.09068657854	0.00000000000	0.00196400049
-148.53852123407	719.03382476321	0.00000000000	0.00262611867
-145.40978721657	718.98392533275	0.00000000000	0.00328186242
-142.29986643188	718.94043699093	0.00000000000	0.00393338137
-139.18844498757	718.90278465817	0.00000000000	0.00458495908
-136.07405565859	718.87072460833	0.00000000000	0.00523692769
-132.92407558572	718.84378350190	0.00000000000	0.00589613812
-129.77371158238	718.82211304346	0.00000000000	0.00655524497
-126.66144305998	718.80564568601	0.00000000000	0.00720622656
-123.54588675083	718.79384483520	0.00000000000	0.00785776673
-120.42637197489	718.78649062968	0.00000000000	0.00851003049
-117.31415303888	718.78337035358	0.00000000000	0.00916068991
-114.19502243674	718.78423711922	0.00000000000	0.00981274043
-111.06363309279	718.78889624565	0.00000000000	0.01046732465
-107.92412723206	718.79714416133	0.00000000000	0.01112360193
-104.80092281291	718.80867028246	0.00000000000	0.01177649334
-101.69118518383	718.82320833046	0.00000000000	0.01242661623
-98.55385969454	718.84073964226	0.00000000000	0.01308257918
-95.36874945596	718.86124184871	0.00000000000	0.01374863395
-92.26195459061	718.88363275608	0.00000000000	0.01439843516
-89.15557367997	718.90815517744	0.00000000000	0.01504829680
-86.04413592166	718.93463030332	0.00000000000	0.01569938878
-82.93814022949	718.96274202164	0.00000000000	0.01634953922
-79.82972587716	718.99233232915	0.00000000000	0.01700041843
-76.71744226625	719.02319199026	0.00000000000	0.01765235618
-73.61972537249	719.05490571768	0.00000000000	0.01830151463
-70.52313103427	719.08737795522	0.00000000000	0.01895073433
-67.41662376530	719.12050068515	0.00000000000	0.01960235567
-64.30517955384	719.15399591355	0.00000000000	0.02025536295
-61.21508747131	719.18735089543	0.00000000000	0.02090426166
-58.11543918701	719.22067066218	0.00000000000	0.02155556598
-55.03026705149	719.25347015295	0.00000000000	0.02220425093
-51.94772728307	719.28565132528	0.00000000000	0.02285282905
-48.86154996608	719.31705135324	0.00000000000	0.02350264569
-45.76559257591	719.34749677145	0.00000000000	0.02415502359
-42.66403100978	719.37670532973	0.00000000000	0.02480911322
-39.59083848224	719.40413994590	0.00000000000	0.02545777059
-36.52326428393	719.42979833076	0.00000000000	0.02610581503
-33.45663044573	719.45349451853	0.00000000000	0.02675425946
-30.38393371037	719.47504487547	0.00000000000	0.02740461308
-27.29915800250	719.49423554853	0.00000000000	0.02805818210
-24.22669197491	719.51067749354	0.00000000000	0.02870982674
-21.17463574018	719.52413380898	0.00000000000	0.02935784555
-18.12253520205	719.53448696379	0.00000000000	0.03000660181
-15.06189360457	719.54151343289	0.00000000000	0.03065793255
-12.01801548172	719.54492913513	0.00000000000	0.03130647762
-8.89338680300	719.54463824520	0.00000000000	0.03197304053
-5.85753986516	719.54105178163	0.00000000000	0.03262137326
-2.36969754323	719.53351628154	0.00000000000	0.03336697472
0.67218381284	719.52449123605	0.00000000000	0.03401778273
3.89940344916	719.51297071713	0.00000000000	0.03470868250
6.96689045570	719.50067182952	0.00000000000	0.03536570208
10.04572736473	719.48750811117	0.00000000000	0.03602536116
13.16967873703	719.47382276144	0.00000000000	0.03669479672
16.19166341757	719.46075632523	0.00000000000	0.03734238915
19.20642587630	719.44836400635	0.00000000000	0.03798834540
22.24128385668	719.43701052656	0.00000000000	0.03863842257
25.26039762234	719.42730154006	0.00000000000	0.03928484843
28.30592606888	719.41958343195	0.00000000000	0.03993655244
31.33751327559	719.41444053733	0.00000000000	0.04058480173
34.36570364154	719.41229759752	0.00000000000	0.04123176111
37.41776486895	719.41363148627	0.00000000000	0.04188315625
40.49456025207	719.41899696560	0.00000000000	0.04253906022
43.52548591618	719.42868618714	0.00000000000	0.04318433733
46.59829073212	719.44342826014	0.00000000000	0.04383757818
49.64954734565	719.46341519225	0.00000000000	0.04448519879
52.70000415057	719.48916349940	0.00000000000	0.04513152534
55.75569571614	719.52116827564	0.00000000000	0.04577774649
58.80975163472	719.55979179687	0.00000000000	0.04642232133
61.87283100667	719.60689341188	0.00000000000	0.04706747650
64.92113722455	719.76481318087	0.00000000000	0.04771338099
67.88385360461	720.30705827537	0.00000000000	0.04835918018
71.25294498838	721.89187374310	0.00000000000	0.04914044221
74.70377311084	725.63609103071	0.00000000000	0.05004504268
77.65448358121	732.76488030828	0.00000000000	0.05101339046
80.30528574768	743.10653672351	0.00000000000	0.05209120086
83.20250937048	749.18823371104	0.00000000000	0.05304687739
85.94035978182	750.26988593033	0.00000000000	0.05373543124
89.22693693313	749.69238151340	0.00000000000	0.05447296132
92.95256319294	748.65936363900	0.00000000000	0.05528605607
95.94167711553	747.96942528631	0.00000000000	0.05594014357
99.17251093282	747.35418631248	0.00000000000	0.05664887188
102.11722654819	746.90001005100	0.00000000000	0.05729624460
105.03670451983	746.53905933841	0.00000000000	0.05793923031
108.15536692906	746.23954022194	0.00000000000	0.05862717939
111.09320699999	746.02698449855	0.00000000000	0.05927610039
114.00057211408	745.87176913135	0.00000000000	0.05991894206
116.90762327045	745.76027277257	0.00000000000	0.06056219701
119.84729680408	745.68053850555	0.00000000000	0.06121299127
122.75519357773	745.62295586073	0.00000000000	0.06185689909
125.67509075917	745.57500628735	0.00000000000	0.06250344294
128.71875990862	745.52541286266	0.00000000000	0.06317722091
132.38991727198	745.46357794646	0.00000000000	0.06398964005
135.31946722179	745.41275749990	0.00000000000	0.06463774113
138.23392009628	745.36098980237	0.00000000000	0.06528233028
141.26093631720	745.30603586244	0.00000000000	0.06595163918
144.16343018718	745.25229246911	0.00000000000	0.06659325190
147.10403605854	745.19688059307	0.00000000000	0.06724313241
150.40877960034	745.13355634360	0.00000000000	0.06797330625
153.41955048322	745.07499559311	0.00000000000	0.06863836635
156.35093723403	745.01727233856	0.00000000000	0.06928574897
159.29241170076	744.95873529543	0.00000000000	0.06993522404
162.19599219596	744.90043095146	0.00000000000	0.07057620442
165.17578987806	744.84014356747	0.00000000000	0.07123388369
168.08661400456	744.78089273382	0.00000000000	0.07187622128
171.19650764937	744.71729128944	0.00000000000	0.07256236467
174.64268466506	744.64657070961	0.00000000000	0.07332256187
177.60881581738	744.58559810853	0.00000000000	0.07397675254
180.57494512160	744.52462121990	0.00000000000	0.07463084452
183.57044811090	744.46312411935	0.00000000000	0.07529131983
186.63858629929	744.40031565373	0.00000000000	0.07596771820
189.57038439399	744.34055549490	0.00000000000	0.07661397752
192.47697400567	744.28164062557	0.00000000000	0.07725460661
195.39288213586	744.22295032717	0.00000000000	0.07789722122
198.30861075221	744.16475949173	0.00000000000	0.07853973300
201.37638114528	744.10415943646	0.00000000000	0.07921568618
204.50888021679	744.04303960092	0.00000000000	0.07990584161
207.84431285656	743.97891623203	0.00000000000	0.08064064797
210.76619461083	743.92364792449	0.00000000000	0.08128430321
213.99536172645	743.86365354162	0.00000000000	0.08199560786
217.02350860819	743.80852580658	0.00000000000	0.08266259888
219.95302064421	743.75632448672	0.00000000000	0.08330783856
222.90369815216	743.70495513172	0.00000000000	0.08395771989
225.99040792214	743.65260813607	0.00000000000	0.08463754621
228.99943127025	743.60303861399	0.00000000000	0.08530025277
231.90604724048	743.55660997692	0.00000000000	0.08594040126
234.82484863675	743.51150713180	0.00000000000	0.08658323482
237.76185544476	743.46774392832	0.00000000000	0.08723008450
240.96303202486	743.42199454496	0.00000000000	0.08793512892
243.91050835229	743.38176041519	0.00000000000	0.08858431536
246.87031605441	743.34326887921	0.00000000000	0.08923624101
250.17459433185	743.30266520821	0.00000000000	0.08996407364
253.17963601167	743.26800466633	0.00000000000	0.09062603080
256.24077351895	743.23501294394	0.00000000000	0.09130038745
259.13495910345	743.20605579053	0.00000000000	0.09193801012
262.12137057215	743.17854066619	0.00000000000	0.09259600241
265.09157772542	743.15364432401	0.00000000000	0.09325048143
268.03388156841	743.13149630766	0.00000000000	0.09389887345
270.93235815778	743.11220838344	0.00000000000	0.09453767230
274.15256991996	743.09382406652	0.00000000000	0.09524746063
277.06214946539	743.08005922626	0.00000000000	0.09588886017
279.97955862977	743.06905638023	0.00000000000	0.09653206705
282.99525790604	743.06071779655	0.00000000000	0.09719703533
285.93264904982	743.05564919811	0.00000000000	0.09784483102
289.00655257558	743.05366577540	0.00000000000	0.09852283814
291.91169531410	743.05500041460	0.00000000000	0.09916372675
294.92381740932	743.05976798864	0.00000000000	0.09982832876
298.24416175472	743.06912552706	0.00000000000	0.10056107811
301.18970737879	743.08112511576	0.00000000000	0.10121124442
304.08364588774	743.09638909843	0.00000000000	0.10185014344
306.99239335689	743.11528610968	0.00000000000	0.10249244082
309.88421232320	743.13768977261	0.00000000000	0.10313113349
312.81257921423	743.16413690352	0.00000000000	0.10377803899
315.73983377451	743.19444227002	0.00000000000	0.10442484572
318.67895140069	743.22884927018	0.00000000000	0.10507442695
321.70060232412	743.26847170582	0.00000000000	0.10574241489
324.58668321034	743.31042670890	0.00000000000	0.10638059512
327.47873528212	743.35658277955	0.00000000000	0.10702026019
330.34948361855	743.40655575419	0.00000000000	0.10765538126
333.25795535431	743.46149454850	0.00000000000	0.10829902418
336.23654340090	743.52234366246	0.00000000000	0.10895837292
339.11071465048	743.58554613914	0.00000000000	0.10959479447
342.25709707524	743.65988783355	0.00000000000	0.11029170774
345.26866288725	743.73618897276	0.00000000000	0.11095897776
348.25980561774	743.81705199561	0.00000000000	0.11162193993
351.12840114644	743.89944672705	0.00000000000	0.11225794943
353.99558655432	743.98662723944	0.00000000000	0.11289385597
356.86134267152	744.07867120968	0.00000000000	0.11352966026
359.72160042580	744.17551556858	0.00000000000	0.11416446396
362.65517676013	744.28009708439	0.00000000000	0.11481577302
365.50999935308	744.38706728584	0.00000000000	0.11544982925
368.39132229752	744.50031559085	0.00000000000	0.11609000862
371.24307461578	744.61771632542	0.00000000000	0.11672385806
374.12128760719	744.74165542515	0.00000000000	0.11736383645
377.22584416355	744.88158006016	0.00000000000	0.11805442806
380.70958241653	745.04643997196	0.00000000000	0.11882972721
384.10430275241	745.21521522006	0.00000000000	0.11958559143
386.94739887344	745.36284736131	0.00000000000	0.12021892379
389.88169557974	745.52131881561	0.00000000000	0.12087285737
392.73347719212	745.68136554360	0.00000000000	0.12150868491
395.64866770896	745.85120997737	0.00000000000	0.12215894420
398.81509982963	746.04294951177	0.00000000000	0.12286558895
402.14181352845	746.25266681518	0.00000000000	0.12360839697
404.98048767938	746.43842644149	0.00000000000	0.12424255806
408.11560119472	746.65098452094	0.00000000000	0.12494329898
410.98143356372	746.85632809836	0.00000000000	0.12558435680
413.82964314921	747.09680147335	0.00000000000	0.12622303278
416.63900404521	747.40205610675	0.00000000000	0.12685587766
419.45437688826	747.80946504555	0.00000000000	0.12749435219
422.25414614155	748.35087893821	0.00000000000	0.12813501395
425.37883212985	749.16294617732	0.00000000000	0.12885874496
428.24492519322	750.14991017064	0.00000000000	0.12953272921
430.97300946397	751.35412506025	0.00000000000	0.13018534998
433.98512488413	753.04851395288	0.00000000000	0.13092118963
436.94503786691	755.16654956701	0.00000000000	0.13166323402
439.40100086179	757.33576783869	0.00000000000	0.13229616649
442.31006291332	760.48881312196	0.00000000000	0.13307028729
445.50708873879	764.64167955815	0.00000000000	0.13395055332
448.41021124660	768.69785866495	0.00000000000	0.13476425907
451.81554816564	773.26642789091	0.00000000000	0.13571610298
455.19070434361	777.04104667032	0.00000000000	0.13663563598
457.66321424435	779.03951153182	0.00000000000	0.13728741727
460.20291713677	780.01000507578	0.00000000000	0.13795574419
463.52598042205	778.52468315336	0.00000000000	0.13887517770
465.82961753278	775.07130221375	0.00000000000	0.13956338346
469.10598324481	768.61508144544	0.00000000000	0.14055306229
472.29791013435	763.31451301421	0.00000000000	0.14145277293
474.96701641872	759.88417294804	0.00000000000	0.14215749609
477.85905309168	756.94188792798	0.00000000000	0.14288614167
480.81186255505	754.59159558907	0.00000000000	0.14360251886
483.58720688986	752.86589718304	0.00000000000	0.14425726697
486.87903918667	751.30991197149	0.00000000000	0.14501749176
489.87673622676	750.27049688323	0.00000000000	0.14569977118
492.68222651522	749.56321361007	0.00000000000	0.14633377716
495.49115284544	749.06515135292	0.00000000000	0.14696768287
498.27582106544	748.73845402763	0.00000000000	0.14759857729
501.37797447625	748.52453667628	0.00000000000	0.14830850143
504.48054327082	748.42531111909	0.00000000000	0.14903039194
507.53182137234	748.43333880561	0.00000000000	0.14975221473
510.35421082966	748.54211649678	0.00000000000	0.15042879258
513.21357059024	748.75877803666	0.00000000000	0.15112121004
515.98662563697	749.07704160057	0.00000000000	0.15179762363
518.55329826679	749.47055708041	0.00000000000	0.15242633187
521.25178533875	749.98991838804	0.00000000000	0.15308829924
524.51446402143	750.76518928434	0.00000000000	0.15388740195
527.22970353180	751.53409626912	0.00000000000	0.15454919718
529.86209669908	752.38617968115	0.00000000000	0.15518621667
533.00602906856	753.53893195153	0.00000000000	0.15593901761
536.00908076789	754.77206633293	0.00000000000	0.15664808874
539.18635145690	756.18780834825	0.00000000000	0.15738793140
541.94061054383	757.47104710183	0.00000000000	0.15802222941
544.69570380804	758.77585167112	0.00000000000	0.15865150119
548.04221492711	760.34938982741	0.00000000000	0.15941050517
550.85166750773	761.62808268389	0.00000000000	0.16004450533
554.37132052689	763.13066166715	0.00000000000	0.16083643363
557.20112032755	764.22431984752	0.00000000000	0.16147257302
560.32303328000	765.27511416153	0.00000000000	0.16217518581
563.16522374629	766.05664831048	0.00000000000	0.16281677645
565.96889168232	766.63160300472	0.00000000000	0.16345262145
568.75432674560	766.97711895095	0.00000000000	0.16408836890
571.48244954222	767.07376853023	0.00000000000	0.16471580208
574.19038343323	766.94536727625	0.00000000000	0.16534313389
576.92670136387	766.61053702552	0.00000000000	0.16598126367
579.78052398639	766.06726307121	0.00000000000	0.16665088020
582.80621884630	765.30632606033	0.00000000000	0.16736483631
585.45470645395	764.51173093864	0.00000000000	0.16799269401
588.09874687055	763.62506961054	0.00000000000	0.16862174906
590.73484222129	762.67394193576	0.00000000000	0.16925070305
593.77100195134	761.52971916178	0.00000000000	0.16997672118
596.41213037975	760.52231627695	0.00000000000	0.17060914547
599.60351874114	759.33069173386	0.00000000000	0.17137368876
602.26477157755	758.39101304409	0.00000000000	0.17201095183
605.17289385591	757.44380872752	0.00000000000	0.17270660499
607.81792731997	756.65372317638	0.00000000000	0.17333863612
610.45681175595	755.93021274599	0.00000000000	0.17396855340
613.26073444797	755.22901709771	0.00000000000	0.17463717046
616.33302184553	754.53656482717	0.00000000000	0.17536896990
619.10274708923	753.97661549204	0.00000000000	0.17602798455
621.74413127708	753.49625385605	0.00000000000	0.17665583875
624.37579657599	753.06684695937	0.00000000000	0.17728078568
627.56857125728	752.60774589149	0.00000000000	0.17803819198
630.36755112048	752.25736118231	0.00000000000	0.17870147990
633.67869431284	751.90092289296	0.00000000000	0.17948530652
636.61709687461	751.63311944025	0.00000000000	0.18018015416
639.76710795130	751.39217782649	0.00000000000	0.18092427873
643.79301660047	751.14648935310	0.00000000000	0.18187418818
647.11813376100	750.98990078329	0.00000000000	0.18265781043
649.84528829993	750.88868103552	0.00000000000	0.18329989175
652.66246027800	750.80649495354	0.00000000000	0.18396258911
655.32353211657	750.74684956883	0.00000000000	0.18458803527
658.05644802279	750.70086695739	0.00000000000	0.18522983862
660.92184396722	750.66610131458	0.00000000000	0.18590218741
664.03907682508	750.64003887293	0.00000000000	0.18663298063
667.18622128810	750.62189097120	0.00000000000	0.18737011346
669.92709154728	750.60958519181	0.00000000000	0.18801154660
672.70192405180	750.59944623938	0.00000000000	0.18866042435
675.80139362265	750.59083284051	0.00000000000	0.18938462955
678.46954831433	750.58567467142	0.00000000000	0.19000756988
681.13916119394	750.58257114737	0.00000000000	0.19063040949
683.99855888080	750.58149534559	0.00000000000	0.19129704740
686.79981283947	750.58266176713	0.00000000000	0.19194965822
689.50283257765	750.58583810810	0.00000000000	0.19257895006
692.61411628310	750.59194737982	0.00000000000	0.19330277468
695.72744463238	750.60064422308	0.00000000000	0.19402653534
698.50025643501	750.61052826777	0.00000000000	0.19467069164
701.24427287209	750.62226001684	0.00000000000	0.19530775602
703.93256606469	750.63560487441	0.00000000000	0.19593150375
706.99899241445	750.65302645661	0.00000000000	0.19664253911
709.96490037566	750.67206844683	0.00000000000	0.19732982304
712.65692335808	750.69118495403	0.00000000000	0.19795327188
715.35571951362	750.71207061356	0.00000000000	0.19857794599
718.42824316922	750.73790971343	0.00000000000	0.19928871643
721.35189668058	750.76449779617	0.00000000000	0.19996465555
724.07018554765	750.79093667425	0.00000000000	0.20059278033
726.81165557732	750.81924818867	0.00000000000	0.20122594352
729.51555340796	750.84876349940	0.00000000000	0.20185012428
732.23655820662	750.88003298201	0.00000000000	0.20247795658
734.93221940823	750.91253389090	0.00000000000	0.20309965485
737.67718521034	750.94715820423	0.00000000000	0.20373243944
740.50225063981	750.98437369266	0.00000000000	0.20438339760
743.24882577489	751.02206317321	0.00000000000	0.20501599484
745.97374265668	751.06089623756	0.00000000000	0.20564334390
748.67051758764	751.10071389178	0.00000000000	0.20626396696
751.36789266083	751.14189246059	0.00000000000	0.20688449009
754.11713331740	751.18522667968	0.00000000000	0.20751670767
756.82812103795	751.22927899391	0.00000000000	0.20813990203
759.54704220965	751.27475070320	0.00000000000	0.20876470197
762.28596347824	751.32183629704	0.00000000000	0.20939388483
765.06551538879	751.37090510031	0.00000000000	0.21003219083
767.77840419823	751.42001790701	0.00000000000	0.21065499144
770.63015152074	751.47291554762	0.00000000000	0.21130946893
773.42713817751	751.52603385698	0.00000000000	0.21195118708
776.41585998054	751.58411402786	0.00000000000	0.21263669501
779.21366132197	751.63969013315	0.00000000000	0.21327823363
782.01179909515	751.69641027856	0.00000000000	0.21391968487
784.74317002696	751.75284685731	0.00000000000	0.21454567953
787.78473876570	751.81690421568	0.00000000000	0.21524260161
790.63914919407	751.87814976943	0.00000000000	0.21589648970
793.36202943975	751.93756467788	0.00000000000	0.21652011974
796.10467061216	751.99836287578	0.00000000000	0.21714815796
799.14747181763	752.06690120195	0.00000000000	0.21784480094
802.11458293045	752.13480184654	0.00000000000	0.21852399387
805.13189466108	752.20489749141	0.00000000000	0.21921456567
807.93145624895	752.27084787910	0.00000000000	0.21985520848
810.67420041940	752.33628497133	0.00000000000	0.22048277102
813.88250999854	752.41383099698	0.00000000000	0.22121677064
816.73763034341	752.48371632159	0.00000000000	0.22186989681
819.44256202451	752.55065891628	0.00000000000	0.22248861325
822.15149184230	752.61839039602	0.00000000000	0.22310819981
824.85250694260	752.68658671419	0.00000000000	0.22372593916
827.68719409851	752.75884283667	0.00000000000	0.22437421839
830.46921319158	752.83041137978	0.00000000000	0.22501042904
833.17263651647	752.90055399098	0.00000000000	0.22562865099
836.21507342603	752.98016428751	0.00000000000	0.22632439052
838.94452696192	753.05216257904	0.00000000000	0.22694855812
841.67353100232	753.12466910805	0.00000000000	0.22757263123
844.43855799612	753.19863734001	0.00000000000	0.22820495825
847.16655185280	753.27208724407	0.00000000000	0.22882883971
849.86707573039	753.34523489245	0.00000000000	0.22944646921
852.61684827512	753.42013839314	0.00000000000	0.23007540074
855.53227815889	753.49999087018	0.00000000000	0.23074227253
858.40268043243	753.57901978418	0.00000000000	0.23139890467
861.31685532924	753.65963956925	0.00000000000	0.23206562002
864.20769031268	753.73996768013	0.00000000000	0.23272707404
866.91427710990	753.81546912533	0.00000000000	0.23334644886
869.62765569286	753.89141936770	0.00000000000	0.23396746192
872.31897870994	753.96698446855	0.00000000000	0.23458351748
875.12552052325	754.04600484100	0.00000000000	0.23522605082
878.05859716928	754.12879894126	0.00000000000	0.23589767515
880.74805014006	754.20487937816	0.00000000000	0.23651363126
883.65581721581	754.28728266798	0.00000000000	0.23717972214
886.68689773050	754.37331113656	0.00000000000	0.23787421982
889.47100898082	754.45241834535	0.00000000000	0.23851228240
892.23769624317	754.53108689126	0.00000000000	0.23914650404
895.00329397844	754.60975428178	0.00000000000	0.23978063563
897.70676861477	754.68665811672	0.00000000000	0.24040068484
901.07323398290	754.78238891266	0.00000000000	0.24117302803
903.97323888253	754.86479214256	0.00000000000	0.24183857419
906.65161598368	754.94081813326	0.00000000000	0.24245344614
909.44505834497	755.02000193606	0.00000000000	0.24309493497
912.12430608928	755.09581976918	0.00000000000	0.24371040095
914.93392362590	755.17516434288	0.00000000000	0.24435603443
917.70575539704	755.25325191002	0.00000000000	0.24499321338
920.69608191273	755.33725215795	0.00000000000	0.24568088305
923.58666921644	755.41818006705	0.00000000000	0.24634588611
926.25874166553	755.49272660734	0.00000000000	0.24696086231
928.92589253401	755.56685834349	0.00000000000	0.24757494747
931.65882666071	755.64250545467	0.00000000000	0.24820443682
934.39018789998	755.71776646225	0.00000000000	0.24883383303
937.05353175643	755.79079841483	0.00000000000	0.24944782261
939.71527571042	755.86341179307	0.00000000000	0.25006171414
942.37539634458	755.93558809282	0.00000000000	0.25067550742
945.05434736596	756.00787739594	0.00000000000	0.25129392480
947.73167470243	756.07972615050	0.00000000000	0.25191224645
950.54108252707	756.15469541374	0.00000000000	0.25256137082
953.19466952051	756.22511013290	0.00000000000	0.25317477259
955.89937557482	756.29648730197	0.00000000000	0.25380027047
958.57941993584	756.36682356561	0.00000000000	0.25442034243
961.24103666605	756.43629416309	0.00000000000	0.25503642330
964.06322105905	756.50954235542	0.00000000000	0.25568996618
966.73844029673	756.57858572689	0.00000000000	0.25630975585
969.41208012690	756.64721102157	0.00000000000	0.25692945102
972.16997456765	756.71760612626	0.00000000000	0.25756895806
975.10270914297	756.79202921914	0.00000000000	0.25824932207
978.08522657285	756.86725910115	0.00000000000	0.25894156661
980.89760138901	756.93777852941	0.00000000000	0.25959462599
983.73015659619	757.00839585983	0.00000000000	0.26025266966
986.41707199982	757.07500630606	0.00000000000	0.26087715473
989.16521538381	757.14275849426	0.00000000000	0.26151614687
991.86273348829	757.20889511231	0.00000000000	0.26214363886
994.50511763211	757.27332938216	0.00000000000	0.26275856519
997.40013360565	757.34352847851	0.00000000000	0.26343257691
1000.20148698273	757.41106543499	0.00000000000	0.26408507368
1002.89278093873	757.47558941408	0.00000000000	0.26471220411
1005.75889772134	757.54392012537	0.00000000000	0.26538036077
1008.38752745100	757.60624263148	0.00000000000	0.26599341464
1011.16189888927	757.67166377093	0.00000000000	0.26664072832
1013.91489659335	757.73622137522	0.00000000000	0.26728332783
1016.61364725636	757.79916185328	0.00000000000	0.26791352780
1019.23196302140	757.85990235013	0.00000000000	0.26852519260
1021.84537600209	757.92021317248	0.00000000000	0.26913595436
1024.49868111617	757.98112407804	0.00000000000	0.26975628573
1027.32939877347	758.04575443700	0.00000000000	0.27041836841
1030.15859135620	758.10998839984	0.00000000000	0.27108037487
1032.98626587683	758.17382967573	0.00000000000	0.27174230515
1035.96260999936	758.24064391877	0.00000000000	0.27243933756
1038.99152031661	758.30823782598	0.00000000000	0.27314899505
1042.24659308688	758.38043278813	0.00000000000	0.27391199332
1045.02356354682	758.44166191209	0.00000000000	0.27456321008
1047.62327798638	758.49868343052	0.00000000000	0.27517309768
1050.61873499761	758.56402932618	0.00000000000	0.27587611035
1053.41308789978	758.62464777298	0.00000000000	0.27653219894
1056.01616808158	758.68082397974	0.00000000000	0.27714361501
1058.63147520971	758.73698198521	0.00000000000	0.27775813181
1061.23778071229	758.79266784335	0.00000000000	0.27837076074
1063.82986113258	758.84777606256	0.00000000000	0.27898027001
1066.61730912049	758.90673597678	0.00000000000	0.27963596684
1069.38159125458	758.96489980976	0.00000000000	0.28028646725
1071.98235145146	759.01934726559	0.00000000000	0.28089871605
1074.57578651128	759.07337768877	0.00000000000	0.28150946049
1077.21380778983	759.12806936028	0.00000000000	0.28213092926
1079.87929780024	759.18305895013	0.00000000000	0.28275909803
1082.80475449283	759.24310062708	0.00000000000	0.28344879602
1085.41557243789	759.29641255902	0.00000000000	0.28406454743
1088.07697277124	759.35049587131	0.00000000000	0.28469245248
1090.97244396675	759.40903905634	0.00000000000	0.28537583756
1093.74627914712	759.46483592573	0.00000000000	0.28603076286
1096.36248673107	759.51720747558	0.00000000000	0.28664869280
1098.93943543030	759.56855406652	0.00000000000	0.28725755956
1101.53302744668	759.61999519449	0.00000000000	0.28787056765
1104.25909054788	759.67381008880	0.00000000000	0.28851511077
1106.96401661993	759.72695357767	0.00000000000	0.28915488296
1109.68748351484	759.78020846256	0.00000000000	0.28979926738
1112.26223244549	759.83032459428	0.00000000000	0.29040867281
1114.83573069561	759.88019482300	0.00000000000	0.29101798356
1117.62060053783	759.93391440813	0.00000000000	0.29167756503
1120.26637239923	759.98471608388	0.00000000000	0.29230441801
1123.19856931221	760.04075354556	0.00000000000	0.29299937728
1126.41016900248	760.10181657413	0.00000000000	0.29376085121
1129.08593066494	760.15244417190	0.00000000000	0.29439551026
1131.67446747089	760.20121023247	0.00000000000	0.29500968094
1134.29865842269	760.25043865855	0.00000000000	0.29563251115
1136.95314916667	760.30002378098	0.00000000000	0.29626273658
1139.50821285558	760.34755309723	0.00000000000	0.29686954874
1142.17792679371	760.39700980779	0.00000000000	0.29750379032
1145.02249815404	760.44947801011	0.00000000000	0.29817979702
1147.70850995694	760.49880891011	0.00000000000	0.29881833363
1150.41315876225	760.54827636683	0.00000000000	0.29946150691
1153.15920950964	760.59829290060	0.00000000000	0.30011473607
1155.84160508999	760.64695049053	0.00000000000	0.30075302644
1159.18360143035	760.70730153306	0.00000000000	0.30154855184
1162.52412708920	760.76733032655	0.00000000000	0.30234403492
1165.22242676379	760.81560643567	0.00000000000	0.30298680707
1167.79483606625	760.86145678568	0.00000000000	0.30359977479
1170.67953048307	760.91267519153	0.00000000000	0.30428736826
1173.35448069674	760.95998549394	0.00000000000	0.30492516699
1175.93420201960	761.00544659793	0.00000000000	0.30554044082
1178.50197165232	761.05053890408	0.00000000000	0.30615303941
1181.07946579247	761.09564590085	0.00000000000	0.30676813280
1183.62806333053	761.14009602754	0.00000000000	0.30737650144
1186.64158430811	761.19246445671	0.00000000000	0.30809606876
1189.71018913902	761.24558224143	0.00000000000	0.30882903014
1192.25522840374	761.28948112573	0.00000000000	0.30943711686
1194.92115706326	761.33531656319	0.00000000000	0.31007426470
1197.45366243722	761.37871983465	0.00000000000	0.31067969145
1200.00311562160	761.42228016221	0.00000000000	0.31128933267
1202.70657846420	761.46832858861	0.00000000000	0.31193597899
1205.24618536572	761.51145435938	0.00000000000	0.31254359747
1207.92667058419	761.55683696044	0.00000000000	0.31318509441
1210.53326942911	761.60083802551	0.00000000000	0.31380907735
1213.07735220993	761.64366231708	0.00000000000	0.31441825400
1215.99664111282	761.69265797575	0.00000000000	0.31511746547
1218.73819168652	761.73853339550	0.00000000000	0.31577429180
1221.31155450720	761.78147655204	0.00000000000	0.31639098580
1223.83764360324	761.82352245237	0.00000000000	0.31699650275
1226.49093256016	761.86757277135	0.00000000000	0.31763267103
1229.00801802291	761.90925768311	0.00000000000	0.31823633354
1231.72190716768	761.95409121307	0.00000000000	0.31888735838
1234.23694090309	761.99553990958	0.00000000000	0.31949083103
1237.12140550797	762.04296223318	0.00000000000	0.32018312399
1239.90247672263	762.08857209826	0.00000000000	0.32085077919
1242.63497340822	762.13328106397	0.00000000000	0.32150694127
1245.54318474125	762.18075524977	0.00000000000	0.32220547980
1248.42358724839	762.22766769902	0.00000000000	0.32289752176
1251.22538557076	762.27320072729	0.00000000000	0.32357085152
1253.73575935715	762.31391756644	0.00000000000	0.32417428977
1256.56101969861	762.35965442037	0.00000000000	0.32485358091
1259.31101368880	762.40408743540	0.00000000000	0.32551493786
1261.93240315836	762.44636724953	0.00000000000	0.32614551409
1264.51863829408	762.48801099003	0.00000000000	0.32676777415
1267.12044565622	762.52983912367	0.00000000000	0.32739392028
1269.91569773364	762.57470632266	0.00000000000	0.32806677477
1272.73537723048	762.61989480984	0.00000000000	0.32874566969
1275.27633617948	762.66055862724	0.00000000000	0.32935759374
1278.22790995686	762.70772848689	0.00000000000	0.33006856489
1281.09710370454	762.75351852383	0.00000000000	0.33075985685
1283.60722586239	762.79353000007	0.00000000000	0.33136476716
1286.23913230598	762.83543754376	0.00000000000	0.33199915670
1288.74139592916	762.87524062629	0.00000000000	0.33260242023
1291.26593140270	762.91536099125	0.00000000000	0.33321117343
1293.76643635653	762.95506545417	0.00000000000	0.33381424995
1296.31259235018	762.99546271702	0.00000000000	0.33442845608
1298.87177186284	763.03603676057	0.00000000000	0.33504592412
1301.58410015833	763.07900931828	0.00000000000	0.33570047351
1304.11521465340	763.11908628160	0.00000000000	0.33631141138
1306.68707858362	763.15978704708	0.00000000000	0.33693230212
1309.27466073123	763.20071764550	0.00000000000	0.33755710542
1311.76209812849	763.24004896095	0.00000000000	0.33815783789
1314.33147956477	763.28066312659	0.00000000000	0.33877847276
1316.97333668216	763.32241227200	0.00000000000	0.33941673196
1319.49941792741	763.36232456030	0.00000000000	0.34002713080
1322.06634955503	763.40287786219	0.00000000000	0.34064751009
1324.94861089282	763.44841106155	0.00000000000	0.34134422862
1327.48468053222	763.48847673659	0.00000000000	0.34195737585
1329.97327669653	763.52779658009	0.00000000000	0.34255914645
1332.49529592947	763.56765141374	0.00000000000	0.34316910008
1334.98839791314	763.60705875756	0.00000000000	0.34377215880
1337.47462134731	763.64636938908	0.00000000000	0.34437365029
1339.96616412558	763.68577878445	0.00000000000	0.34497652439
1342.56127654721	763.72684480068	0.00000000000	0.34560455967
1345.09192232296	763.76691158652	0.00000000000	0.34621709125
1347.91442032660	763.81162692936	0.00000000000	0.34690037664
1350.43101481986	763.85152370101	0.00000000000	0.34750970585
1353.02312518303	763.89264794347	0.00000000000	0.34813741513
1355.71935402867	763.93545981384	0.00000000000	0.34879043972
1358.84575846233	763.98515222670	0.00000000000	0.34954778063
1361.31790939166	764.02448696426	0.00000000000	0.35014673099
1363.87253876551	764.06517534286	0.00000000000	0.35076575191
1366.99693343536	764.11499976535	0.00000000000	0.35152295405
1369.76231165502	764.15915910679	0.00000000000	0.35219325591
1372.38834655912	764.20114903091	0.00000000000	0.35282987458
1374.85938971230	764.24071304902	0.00000000000	0.35342900015
1377.35750365911	764.28076483297	0.00000000000	0.35403476782
1379.90784919266	764.32171316433	0.00000000000	0.35465328140
1382.66999369446	764.36613281163	0.00000000000	0.35532325083
1385.17703741502	764.40651662106	0.00000000000	0.35593142429
1387.64897354911	764.44639968398	0.00000000000	0.35653115426
1390.25028259635	764.48844241786	0.00000000000	0.35716234926
1392.71644942159	764.52837215913	0.00000000000	0.35776082453
1395.35773481774	764.57121708917	0.00000000000	0.35840187285
1397.92014445188	764.61286441414	0.00000000000	0.35902385186
1400.60509543361	764.65659311639	0.00000000000	0.35967565249
1403.38790282593	764.70201594602	0.00000000000	0.36035129030
1405.88963388511	764.74294111230	0.00000000000	0.36095875506
1408.35620881909	764.78337756315	0.00000000000	0.36155774649
1410.99382511004	764.82671588906	0.00000000000	0.36219834230
1413.69946549325	764.87128025385	0.00000000000	0.36285553079
1416.19867740929	764.91254498115	0.00000000000	0.36346264193
1419.05764495098	764.95987150003	0.00000000000	0.36415721817
1421.83650835762	765.00600027615	0.00000000000	0.36483240632
1424.56425227659	765.05140708990	0.00000000000	0.36549524213
1427.22045460887	765.09574691988	0.00000000000	0.36614075705
1429.67753229067	765.13687448482	0.00000000000	0.36673793493
1432.16198430942	765.17857210873	0.00000000000	0.36734181810
1435.01784601011	765.22664565103	0.00000000000	0.36803604118
1437.84623527062	765.27441064008	0.00000000000	0.36872365105
1440.30535151909	765.31606698388	0.00000000000	0.36932153813
1442.79858400227	765.35842511899	0.00000000000	0.36992776731
1445.70749795274	765.40800659714	0.00000000000	0.37063512809
1448.53395417489	765.45635278941	0.00000000000	0.37132249648
1451.16324292056	765.50148051466	0.00000000000	0.37196196607
1454.18379157538	765.55351108183	0.00000000000	0.37269665228
1456.66307699324	765.59637109106	0.00000000000	0.37329973247
1459.31301523074	765.64233692276	0.00000000000	0.37394436710
1462.47667725434	765.69742891227	0.00000000000	0.37471402919
1464.92624984267	765.74024901900	0.00000000000	0.37531000741
1467.69675453771	765.78883051742	0.00000000000	0.37598411378
1470.36775153694	765.83577714299	0.00000000000	0.37663406035
1472.97173328035	765.88160863192	0.00000000000	0.37726775475
1475.50068595369	765.92614106675	0.00000000000	0.37788324770
1478.06397960955	765.97126231966	0.00000000000	0.37850716152
1480.78104210581	766.01903100912	0.00000000000	0.37916857839
1483.25450907295	766.06242672903	0.00000000000	0.37977076921
1485.97035648378	766.10993405099	0.00000000000	0.38043205571
1488.63721369249	766.15639871242	0.00000000000	0.38108150680
1491.09897190509	766.19908948107	0.00000000000	0.38168109815
1493.94354562526	766.24813405294	0.00000000000	0.38237403982
1496.50203121655	766.29194435042	0.00000000000	0.38299739749
1499.07901549280	766.33574284293	0.00000000000	0.38362537075
1501.51629406676	766.37682860438	0.00000000000	0.38421940498
1504.03739971457	766.41894589385	0.00000000000	0.38483398295
1506.59271242983	766.46120186758	0.00000000000	0.38545702192
1509.04878818066	766.50137108321	0.00000000000	0.38605598581
1511.49604796791	766.54092763995	0.00000000000	0.38665292259
1513.98392066768	766.58062685547	0.00000000000	0.38725989629
1516.41865660119	766.61894302309	0.00000000000	0.38785403839
1518.88073441666	766.65711723830	0.00000000000	0.38845499062
1521.49174149535	766.69693391525	0.00000000000	0.38909245104
1523.92087637104	766.73332578036	0.00000000000	0.38968565874
1526.43382147717	766.77027657242	0.00000000000	0.39029949086
1528.86364278058	766.80529736166	0.00000000000	0.39089317572
1531.29692377011	766.83963708333	0.00000000000	0.39148786563
1533.76419789324	766.87367547282	0.00000000000	0.39209103154
1536.59380261118	766.91169951939	0.00000000000	0.39278299002
1539.03000930450	766.94353154360	0.00000000000	0.39337893544
1541.67806991272	766.97713987464	0.00000000000	0.39402690941
1544.58727985064	767.01282120320	0.00000000000	0.39473903916
1547.09132965428	767.04244966202	0.00000000000	0.39535221040
1550.51623090026	767.08128010482	0.00000000000	0.39619120958
1553.96791103043	767.11834663212	0.00000000000	0.39703717582
1556.56380697687	767.14479688512	0.00000000000	0.39767367710
1559.15840420152	767.16996418024	0.00000000000	0.39831010482
1561.89625040871	767.19509838598	0.00000000000	0.39898194215
1564.48812248585	767.21750268607	0.00000000000	0.39961822285
1566.93987382319	767.23741304680	0.00000000000	0.40022034693
1569.64786887911	767.25791129558	0.00000000000	0.40088568119
1572.25782130077	767.27614071062	0.00000000000	0.40152721099
1575.35123093011	767.29574599457	0.00000000000	0.40228794480
1577.83970688955	767.30989566608	0.00000000000	0.40290021052
1580.26327746596	767.32224741533	0.00000000000	0.40349676766
1582.80326824080	767.33364068091	0.00000000000	0.40412226317
1585.34175325937	767.34340047738	0.00000000000	0.40474768176
1587.82434347117	767.35133340504	0.00000000000	0.40535961912
1590.34049184842	767.35770762739	0.00000000000	0.40598012644
1592.96132882418	767.36252426466	0.00000000000	0.40662677597
1595.49359761358	767.36542211028	0.00000000000	0.40725188722
1597.90653743317	767.36662305975	0.00000000000	0.40784782387
1600.29932852473	767.36635395228	0.00000000000	0.40843905204
1602.75722130936	767.36460870857	0.00000000000	0.40904663878
1605.16584599024	767.36149872929	0.00000000000	0.40964230993
1607.56511773527	767.35706718799	0.00000000000	0.41023592252
1609.95678159809	767.35136829603	0.00000000000	0.41082790093
1612.47908668365	767.34401977521	0.00000000000	0.41145247853
1614.87427039591	767.33581534200	0.00000000000	0.41204582333
1617.33955638832	767.32617019710	0.00000000000	0.41265677854
1619.72588050633	767.31571863746	0.00000000000	0.41324839644
1622.56297983999	767.30192599468	0.00000000000	0.41395206007
1625.04120827396	767.28871747627	0.00000000000	0.41456696714
1627.41641884689	767.27509004932	0.00000000000	0.41515652787
1629.97127613355	767.25942462202	0.00000000000	0.41579090869
1632.64337265767	767.24198078931	0.00000000000	0.41645464844
1635.05717907168	767.22534270001	0.00000000000	0.41705444222
1637.54751638201	767.20735155910	0.00000000000	0.41767345859
1640.01859607632	767.18872014294	0.00000000000	0.41828788939
1642.38582927746	767.17018948271	0.00000000000	0.41887668191
1644.75561505033	767.15101452800	0.00000000000	0.41946628384
1647.17672777344	767.13082478681	0.00000000000	0.42006883126
1649.68103315578	767.10935335377	0.00000000000	0.42069226406
1652.05219507617	767.08851896617	0.00000000000	0.42128271613
1654.42863058785	767.06719111441	0.00000000000	0.42187463708
1656.89255029409	767.04465311454	0.00000000000	0.42248850788
1659.39297332041	767.02138943631	0.00000000000	0.42311163355
1661.87317581448	766.99797513730	0.00000000000	0.42372987402
1664.27469421727	766.97503036496	0.00000000000	0.42432864167
1666.63205899674	766.95229123848	0.00000000000	0.42491653028
1669.39425989124	766.92543394854	0.00000000000	0.42560553545
1672.21031892211	766.89788600452	0.00000000000	0.42630814174
1674.74715666857	766.87298693089	0.00000000000	0.42694121967
1677.12341923097	766.84964352564	0.00000000000	0.42753433789
1679.77732574448	766.82360611403	0.00000000000	0.42819687874
1683.24299493556	766.78975901114	0.00000000000	0.42906225718
1686.19575608682	766.76115604716	0.00000000000	0.42979971533
1688.55452958891	766.73852420712	0.00000000000	0.43038891810
1690.90539182955	766.71620811973	0.00000000000	0.43097622271
1693.55580473238	766.69139070683	0.00000000000	0.43163844990
1695.90807462959	766.66971767746	0.00000000000	0.43222625571
1698.63562559757	766.64506272238	0.00000000000	0.43290791816
1701.14424952424	766.62289411534	0.00000000000	0.43353493475
1703.54735068107	766.60216494905	0.00000000000	0.43413563177
1706.09861598735	766.58075393580	0.00000000000	0.43477341824
1708.51498868760	766.56109123239	0.00000000000	0.43537752814
1710.86385317542	766.54259880619	0.00000000000	0.43596479731
1713.51037271597	766.52255180218	0.00000000000	0.43662652424
1715.95810745270	766.50480706908	0.00000000000	0.43723857699
1718.62956239081	766.48637117427	0.00000000000	0.43790659645
1721.00516714501	766.47080844232	0.00000000000	0.43850065733
1723.50982094481	766.45523847874	0.00000000000	0.43912701238
1725.95591391053	766.44085315956	0.00000000000	0.43973874742
1728.55058027743	766.42646947505	0.00000000000	0.44038766718
1730.96301375172	766.41389455052	0.00000000000	0.44099103893
1733.48749984429	766.40154912114	0.00000000000	0.44162246670
1735.87176377481	766.39064397959	0.00000000000	0.44221885229
1738.21187889345	766.38064471830	0.00000000000	0.44280422494
1740.55972174083	766.37130470436	0.00000000000	0.44339156216
1743.25372686421	766.36143088508	0.00000000000	0.44406553621
1745.73406742653	766.35312635180	0.00000000000	0.44468609693
1748.73417476385	766.34407398398	0.00000000000	0.44543675315
1751.42688209966	766.33686063846	0.00000000000	0.44611054772
1753.76757930282	766.33128043928	0.00000000000	0.44669630138
1756.11232395194	766.32632526158	0.00000000000	0.44728310895
1759.05358450685	766.32099463241	0.00000000000	0.44801926388
1761.47600762403	766.31733308337	0.00000000000	0.44862561359
1763.81454510127	766.31441339550	0.00000000000	0.44921101253
1766.33305002911	766.31193502491	0.00000000000	0.44984151484
1768.87348461893	766.31012438989	0.00000000000	0.45047756430
1771.78402263915	766.30888705871	0.00000000000	0.45120634958
1774.37061800940	766.30852514271	0.00000000000	0.45185408861
1776.74652055952	766.30879424858	0.00000000000	0.45244912333
1779.24082230600	766.30968661891	0.00000000000	0.45307387181
1781.57531072565	766.31107884693	0.00000000000	0.45365865009
1783.90921477427	766.31300057681	0.00000000000	0.45424333982
1786.44592119393	766.31568038341	0.00000000000	0.45487890288
1788.77585620579	766.31867528144	0.00000000000	0.45546272335
1791.16127725275	766.32226182218	0.00000000000	0.45606051148
1793.71960590371	766.32668332614	0.00000000000	0.45670170446
1796.56847479243	766.33229413486	0.00000000000	0.45741580793
1798.89495135898	766.33740300412	0.00000000000	0.45799904153
1801.30826250333	766.34319362338	0.00000000000	0.45860411606
1803.63347136054	766.34923732796	0.00000000000	0.45918717212
1806.21292600354	766.35646506279	0.00000000000	0.45983406455
1808.72188946770	766.36401286565	0.00000000000	0.46046336447
1811.30013138371	766.37228980990	0.00000000000	0.46111013085
1813.97995311657	766.38144027800	0.00000000000	0.46178247788
1816.48698571165	766.39049485686	0.00000000000	0.46241156652
1819.11335569693	766.40048118336	0.00000000000	0.46307069902
1821.50551678026	766.41001293300	0.00000000000	0.46367114228
1823.82895467526	766.41965989444	0.00000000000	0.46425441896
1826.37927346828	766.43068030485	0.00000000000	0.46489474809
1828.71231594918	766.44114825501	0.00000000000	0.46548061365
1831.26131686041	766.45299709019	0.00000000000	0.46612080977
1833.60109299954	766.46424290044	0.00000000000	0.46670855127
1836.27515845785	766.47751740650	0.00000000000	0.46738037618
1839.48620902225	766.49403525073	0.00000000000	0.46818727184
1842.40929784698	766.50960249745	0.00000000000	0.46892196138
1845.16242757855	766.52471181463	0.00000000000	0.46961407115
1847.49826270292	766.53786065434	0.00000000000	0.47020138382
1849.99618093807	766.55224662282	0.00000000000	0.47082956014
1852.47167067128	766.56682458992	0.00000000000	0.47145221022
1854.79705212131	766.58080079478	0.00000000000	0.47203720922
1857.15125684355	766.59522000356	0.00000000000	0.47262956456
1859.54834093219	766.61017180412	0.00000000000	0.47323281940
1861.86037650863	766.62484266035	0.00000000000	0.47381477781
1864.58034264025	766.64240443116	0.00000000000	0.47449955229
1866.94450480232	766.65792462286	0.00000000000	0.47509487183
1869.37431532209	766.67411386299	0.00000000000	0.47570684198
1871.68033060705	766.68969286918	0.00000000000	0.47628774694
1874.10858624157	766.70631442044	0.00000000000	0.47689956669
1876.69313503997	766.72423946815	0.00000000000	0.47755090458
1879.01053029743	766.74050726457	0.00000000000	0.47813503983
1881.36987000299	766.75725052977	0.00000000000	0.47872986922
1883.92723205267	766.77559519290	0.00000000000	0.47937476355
1886.28489293507	766.79267864667	0.00000000000	0.47996942979
1888.70825044622	766.81039988034	0.00000000000	0.48058079909
1891.55924725633	766.83144535013	0.00000000000	0.48130022847
1894.00053345536	766.84962452596	0.00000000000	0.48191642208
1896.44096768254	766.86793278426	0.00000000000	0.48253254259
1898.92305092452	766.88668225149	0.00000000000	0.48315932534
1901.21782329765	766.90412338217	0.00000000000	0.48373894169
1903.98007753866	766.92524149536	0.00000000000	0.48443680791
1906.41698625233	766.94397394634	0.00000000000	0.48505263627
1908.83329154708	766.96263202393	0.00000000000	0.48566340664
1911.31095811995	766.98184069968	0.00000000000	0.48628984289
1913.60208602637	766.99966346408	0.00000000000	0.48686925779
1915.94910316145	767.01797223647	0.00000000000	0.48746294970
1918.25233348305	767.03598138762	0.00000000000	0.48804570763
1921.06448384193	767.05801393419	0.00000000000	0.48875742446
1923.40867241750	767.07640687301	0.00000000000	0.48935087076
1926.27561548381	767.09892080982	0.00000000000	0.49007686115
1929.70893054088	767.12588904778	0.00000000000	0.49094657423
1932.46075112093	767.14749175169	0.00000000000	0.49164389439
1934.99991439803	767.16740168727	0.00000000000	0.49228751876
1937.44608584839	767.18655040110	0.00000000000	0.49290774819
1939.77090668016	767.20471065686	0.00000000000	0.49349737132
1942.12258790696	767.22303347702	0.00000000000	0.49409396939
1944.52534779009	767.24169581444	0.00000000000	0.49470369621
1947.10990002373	767.26169320303	0.00000000000	0.49535974939
1949.51064285523	767.28018668932	0.00000000000	0.49596932762
1952.04295397146	767.29959744324	0.00000000000	0.49661250521
1954.89845958691	767.32135305149	0.00000000000	0.49733801019
1957.40443377172	767.34031751615	0.00000000000	0.49797492058
1959.69951115363	767.35757101378	0.00000000000	0.49855840555
1962.18001017275	767.37608471764	0.00000000000	0.49918922135
1965.03118442116	767.39717978456	0.00000000000	0.49991455059
1967.35776349839	767.41423679367	0.00000000000	0.50050662213
1969.64034429777	767.43083183010	0.00000000000	0.50108766982
1971.91544485570	767.44723531129	0.00000000000	0.50166698356
1974.41417527729	767.46509363572	0.00000000000	0.50230343622
1976.96082181602	767.48312503683	0.00000000000	0.50295230401
1979.25745995730	767.49923989973	0.00000000000	0.50353765330
1981.56471120598	767.51528970426	0.00000000000	0.50412588107
1983.95092327164	767.53174192513	0.00000000000	0.50473442240
1986.39845858496	767.54846209781	0.00000000000	0.50535879537
1989.01765506652	767.56618158558	0.00000000000	0.50602717551
1991.33394604785	767.58170276986	0.00000000000	0.50661844442
1994.40071104865	767.60203795231	0.00000000000	0.50740155124
1997.29483517504	767.62100435237	0.00000000000	0.50814085325
1999.83193498362	767.63745247133	0.00000000000	0.50878917656
2002.78083776913	767.65636115343	0.00000000000	0.50954299214
2005.12229016254	767.67121496343	0.00000000000	0.51014172753
2007.37495906604	767.68537227167	0.00000000000	0.51071792669
2009.64062629035	767.69947967730	0.00000000000	0.51129761529
2011.97915710525	767.71390262048	0.00000000000	0.51189611960
2014.31670192289	767.72817948878	0.00000000000	0.51249454692
2016.58766814715	767.74191592703	0.00000000000	0.51307609738
2018.83541687659	767.75538232401	0.00000000000	0.51365186482
2021.08219994162	767.76871431482	0.00000000000	0.51422754630
2023.35027012814	767.78204243222	0.00000000000	0.51480884551
2025.82753687005	767.79645070576	0.00000000000	0.51544394852
2028.11524118386	767.80961838865	0.00000000000	0.51603062645
2030.54444689376	767.82345570122	0.00000000000	0.51665377433
2032.84339033849	767.83641388561	0.00000000000	0.51724367944
2035.27064863638	767.84995089711	0.00000000000	0.51786669179
2037.50956816136	767.86230625334	0.00000000000	0.51844152798
2040.05532570312	767.87620213243	0.00000000000	0.51909533650
2042.29319988188	767.88828346976	0.00000000000	0.51967024254
2044.78684076773	767.90159822596	0.00000000000	0.52031104059
2047.16660375546	767.91416038195	0.00000000000	0.52092275764
2049.48951963633	767.92628658308	0.00000000000	0.52152003385
2052.27525041925	767.94065216496	0.00000000000	0.52223653397
2055.03174029269	767.95467778118	0.00000000000	0.52294575257
2057.29582646018	767.96605750493	0.00000000000	0.52352845818
2059.55896483317	767.97730615276	0.00000000000	0.52411107988
2061.82117040850	767.98842420959	0.00000000000	0.52469362111
2064.19408785824	767.99995133495	0.00000000000	0.52530484307
2066.94571703392	768.01314540689	0.00000000000	0.52601383380
2069.50553125201	768.02525353664	0.00000000000	0.52667361215
2071.96416062675	768.03673259287	0.00000000000	0.52730750187
2074.22139669631	768.04714184590	0.00000000000	0.52788963261
2076.67814371960	768.05833053975	0.00000000000	0.52852339524
2079.18287517528	768.06958722440	0.00000000000	0.52916972802
2081.56976838770	768.08017320342	0.00000000000	0.52978583310
2083.79079175969	768.08990011688	0.00000000000	0.53035928121
2086.01089747735	768.09950435566	0.00000000000	0.53093264379
2088.48713602310	768.11007698468	0.00000000000	0.53157233330
2090.96241019671	768.12049865065	0.00000000000	0.53221196129
2093.17963725778	768.12970948528	0.00000000000	0.53278506712
2095.40347933361	768.13882999908	0.00000000000	0.53336003349
2097.85185160930	768.14873522089	0.00000000000	0.53399322560
2100.67456637542	768.15997824325	0.00000000000	0.53472345556
2103.16988901195	768.16976008609	0.00000000000	0.53536919138
2105.47053048572	768.17864841501	0.00000000000	0.53596471513
2107.68483887176	768.18708536671	0.00000000000	0.53653804273
2110.39123140116	768.19724066159	0.00000000000	0.53723898167
2112.70653785568	768.20579208113	0.00000000000	0.53783880707
2115.24840875661	768.21503583443	0.00000000000	0.53849751428
2117.71332050714	768.22385566459	0.00000000000	0.53913646355
2120.36056051974	768.23317033352	0.00000000000	0.53982287858
2122.71057234435	768.24130278430	0.00000000000	0.54043239979
2124.92287504829	768.24884175103	0.00000000000	0.54100635434
2127.56734709210	768.25770501676	0.00000000000	0.54169262154
2129.79262171002	768.26503836611	0.00000000000	0.54227026420
2132.15988360623	768.27271461285	0.00000000000	0.54288492596
2134.43315879546	768.27996507046	0.00000000000	0.54347534059
2136.63616072641	768.28687853718	0.00000000000	0.54404765002
2138.86791100581	768.29376921700	0.00000000000	0.54462757431
2141.09878257289	768.30054378005	0.00000000000	0.54520741733
2143.44079692876	768.30753415276	0.00000000000	0.54581630627
2145.97096330398	768.31494638589	0.00000000000	0.54647429340
2148.44898720062	768.32206556445	0.00000000000	0.54711890288
2150.92609229181	768.32904371384	0.00000000000	0.54776345336
2153.11987078773	768.33510848411	0.00000000000	0.54833443139
2155.92109778596	768.34269564341	0.00000000000	0.54906371538
2158.15721994639	768.34862621596	0.00000000000	0.54964604173
2160.42057011531	768.35451539729	0.00000000000	0.55023560699
2162.82077372491	768.36063611941	0.00000000000	0.55086098295
2165.03247025329	768.36616292686	0.00000000000	0.55143739111
2167.88573783384	768.37313301145	0.00000000000	0.55218121351
2170.28321296974	768.37885073338	0.00000000000	0.55280639660
2172.49213752289	768.38400680018	0.00000000000	0.55338255859
2174.96036116771	768.38964141449	0.00000000000	0.55402652068
2177.17759262033	768.39458932323	0.00000000000	0.55460514788
2179.36141770231	768.39935774802	0.00000000000	0.55517519489
2181.54724616092	768.40402653012	0.00000000000	0.55574590157
2183.76194870137	768.40865112042	0.00000000000	0.55632428634
2185.97580658682	768.41316772287	0.00000000000	0.55690259036
2188.15623987983	768.41751259209	0.00000000000	0.55747229962
2190.46083495298	768.42199347056	0.00000000000	0.55807459707
2193.10827907890	768.42700005498	0.00000000000	0.55876668279
2195.78246864054	768.43190473228	0.00000000000	0.55946596161
2198.10422305681	768.43603910871	0.00000000000	0.56007324532
2200.29434161467	768.43983382829	0.00000000000	0.56064623730
2202.48362429915	768.44352525452	0.00000000000	0.56121914547
2204.82382757394	768.44735886425	0.00000000000	0.56183169651
2207.06981423743	768.45092931774	0.00000000000	0.56241973059
2209.38744685340	768.45450225054	0.00000000000	0.56302667060
2211.57334139895	768.45776868143	0.00000000000	0.56359924855
2213.91024617891	768.46115005814	0.00000000000	0.56421152969
2216.38878577537	768.46461171854	0.00000000000	0.56486108581
2219.36404557856	768.46859820679	0.00000000000	0.56564104352
2222.00119631817	768.47197812000	0.00000000000	0.56633257151
2224.16747068429	768.47464693822	0.00000000000	0.56690076740
2226.59229469192	768.47751952895	0.00000000000	0.56753693209
2229.25455657995	768.48053423303	0.00000000000	0.56823557597
2232.25320964717	768.48375603480	0.00000000000	0.56902273007
2234.70010818869	768.48624905808	0.00000000000	0.56966522947
2237.09716861013	768.48857323029	0.00000000000	0.57029480099
2239.72818036532	768.49099016001	0.00000000000	0.57098599835
2241.89203779540	768.49287312373	0.00000000000	0.57155460981
2244.31080550514	768.49486628218	0.00000000000	0.57219035602
2246.47775249824	768.49655216218	0.00000000000	0.57276004837
2248.72532495963	768.49820145812	0.00000000000	0.57335107118
2251.52001330776	768.50011165049	0.00000000000	0.57408615364
2253.68441663081	768.50148430748	0.00000000000	0.57465559747
2255.84041196892	768.50275931112	0.00000000000	0.57522295408
2258.00983305528	768.50394952880	0.00000000000	0.57579396927
2260.25335782893	768.50508286658	0.00000000000	0.57638462155
2262.42959142362	768.50608774609	0.00000000000	0.57695768626
2265.44433572058	768.50732664627	0.00000000000	0.57775176288
2268.31780083532	768.50834252380	0.00000000000	0.57850885120
2270.93819011312	768.50912913568	0.00000000000	0.57919945049
2273.29940969567	768.50972415365	0.00000000000	0.57982190115
2275.52150332975	768.51018592637	0.00000000000	0.58040781024
2277.85839875890	768.51056918873	0.00000000000	0.58102412944
2280.26500604975	768.51085456777	0.00000000000	0.58165898353
2282.46980918746	768.51101898625	0.00000000000	0.58224073525
2285.11309760850	768.51109424185	0.00000000000	0.58293835119
2287.64626930409	768.51104212201	0.00000000000	0.58360707562
2290.12570961155	768.51087380008	0.00000000000	0.58426177681
2292.82218826912	768.51055951982	0.00000000000	0.58497396790
2294.97238011072	768.51021128902	0.00000000000	0.58554200872
2297.20349463973	768.50975871155	0.00000000000	0.58613155360
2299.49030547487	768.50919872906	0.00000000000	0.58673594818
2301.94002099947	768.50849130575	0.00000000000	0.58738354640
2304.07941783400	768.50778281557	0.00000000000	0.58794923529
2306.36392317361	768.50693325866	0.00000000000	0.58855342187
2308.52448979198	768.50604170819	0.00000000000	0.58912495231
2310.66446943894	768.50507453647	0.00000000000	0.58969115366
2313.01250753274	768.50391735148	0.00000000000	0.59031253701
2315.53657735657	768.50256182281	0.00000000000	0.59098066054
2317.72951435637	768.50129061546	0.00000000000	0.59156126316
2319.92169755196	768.49993326570	0.00000000000	0.59214178694
2322.11313727180	768.49849016267	0.00000000000	0.59272223421
2324.24560015593	768.49700343887	0.00000000000	0.59328717552
2326.68724280823	768.49520165093	0.00000000000	0.59393416533
2328.89137834193	768.49348423208	0.00000000000	0.59451834754
2331.02921433640	768.49173638317	0.00000000000	0.59508507293
2333.21692933030	768.48986437047	0.00000000000	0.59566513802
2335.47180715812	768.48784694184	0.00000000000	0.59626313477
2337.74595732816	768.48572218855	0.00000000000	0.59686636941
2340.04041886143	768.48348713050	0.00000000000	0.59747512053
2342.16682559287	768.48133418610	0.00000000000	0.59803939965
2344.29250327172	768.47910382468	0.00000000000	0.59860359575
2346.65321358337	768.47653562415	0.00000000000	0.59923030318
2348.92374826966	768.47397529838	0.00000000000	0.59983319916
2351.54558548035	768.47090923535	0.00000000000	0.60052953215
2353.67588529775	768.46833184952	0.00000000000	0.60109544025
2355.98725056607	768.46544840261	0.00000000000	0.60170957166
2358.74661888152	768.46188800684	0.00000000000	0.60244290602
2361.28318497753	768.45850225621	0.00000000000	0.60311718910
2363.98487214204	768.45477780430	0.00000000000	0.60383553461
2366.11124590448	768.45176102247	0.00000000000	0.60440103364
2368.23690927661	768.44867034776	0.00000000000	0.60496645111
2370.44404884966	768.44538227220	0.00000000000	0.60555365422
2372.58343227245	768.44211868644	0.00000000000	0.60612294088
2374.82583854680	768.43861748937	0.00000000000	0.60671975757
2377.08760586853	768.43500299442	0.00000000000	0.60732184694
2379.34865750246	768.43130661040	0.00000000000	0.60792386565
2381.72285531685	768.42733628700	0.00000000000	0.60855613883
2383.83864426574	768.42372162478	0.00000000000	0.60911970579
2385.97371546080	768.42000127095	0.00000000000	0.60968851430
2388.39621319833	768.41569195752	0.00000000000	0.61033402463
2391.06169873720	768.41084266154	0.00000000000	0.61104443934
2393.53490893483	768.40624270343	0.00000000000	0.61170375451
2395.90488073284	768.40174446864	0.00000000000	0.61233567986
2398.07195372429	768.39755435282	0.00000000000	0.61291361713
2400.20261560809	768.39336325667	0.00000000000	0.61348194842
2402.75398020973	768.38825192676	0.00000000000	0.61416263357
2405.75062904917	768.38212018264	0.00000000000	0.61496230578
2408.11705146597	768.37718055852	0.00000000000	0.61559394202
2410.26692403529	768.37261878421	0.00000000000	0.61616788697
2412.56118515216	768.36767310952	0.00000000000	0.61678049338
2414.68745442898	768.36301842749	0.00000000000	0.61734834837
2416.86388682848	768.35818337662	0.00000000000	0.61792970477
2419.32961921159	768.35261979976	0.00000000000	0.61858846474
2421.87550673536	768.34678017278	0.00000000000	0.61926878096
2424.06628166320	768.34167806055	0.00000000000	0.61985431814
2426.25639118718	768.33650663258	0.00000000000	0.62043978321
2428.50275057770	768.33112912645	0.00000000000	0.62104039461
2430.64640336835	768.32592864034	0.00000000000	0.62161364833
2432.74316702655	768.32077716770	0.00000000000	0.62217446009
2435.07738973410	768.31496734196	0.00000000000	0.62279889653
2437.18151160260	768.30966288618	0.00000000000	0.62336187921
2439.27722148329	768.30431647266	0.00000000000	0.62392270640
2441.37519133618	768.29890145077	0.00000000000	0.62448423328
2444.30512627931	768.29123440386	0.00000000000	0.62526859607
2447.01054558430	768.28404718801	0.00000000000	0.62599301785
2449.31708231877	768.27783848888	0.00000000000	0.62661075541
2451.40825999629	768.27214528229	0.00000000000	0.62717091322
2453.62719194307	768.26603783521	0.00000000000	0.62776539356
2455.71802620668	768.26022068876	0.00000000000	0.62832565008
2457.80821295398	768.25434524734	0.00000000000	0.62888582514
2459.90067495688	768.24840352298	0.00000000000	0.62944670187
2462.20352484499	768.24179548139	0.00000000000	0.63006407821
2464.52942616201	768.23504839888	0.00000000000	0.63068774675
2466.78592711339	768.22843301291	0.00000000000	0.63129291372
2469.42926169814	768.22059684905	0.00000000000	0.63200195903
2472.23990837913	768.21216272480	0.00000000000	0.63275604208
2474.51647027624	768.20525472625	0.00000000000	0.63336695173
2476.91390802567	768.19790634213	0.00000000000	0.63401041280
2479.66655620990	768.18937666979	0.00000000000	0.63474935522
2481.87760699939	768.18245406181	0.00000000000	0.63534301846
2484.29907760933	768.17480034003	0.00000000000	0.63599329253
2486.79995485690	768.16681676626	0.00000000000	0.63666501494
2488.90436330071	768.16003713238	0.00000000000	0.63723034523
2491.27251963686	768.15234076472	0.00000000000	0.63786663497
2493.71787786321	768.14431945109	0.00000000000	0.63852378507
2495.87154330125	768.13719303168	0.00000000000	0.63910264584
2498.09838384819	768.12976386456	0.00000000000	0.63970127106
2500.23564262820	768.12257594150	0.00000000000	0.64027590662
2502.35863607563	768.11538045125	0.00000000000	0.64084679555
2504.43836792392	768.10827822104	0.00000000000	0.64140613666
2506.52235624794	768.10110878065	0.00000000000	0.64196670719
2508.68897600063	768.09359948873	0.00000000000	0.64254959419
2510.77173091135	768.08632776702	0.00000000000	0.64311000470
2513.18556950589	768.07783539013	0.00000000000	0.64375960520
2515.52228229474	768.06954860345	0.00000000000	0.64438855667
2517.61851291662	768.06205996470	0.00000000000	0.64495286873
2520.11073326686	768.05308983196	0.00000000000	0.64562389156
2522.25706244414	768.04530682955	0.00000000000	0.64620187880
2524.41941262576	768.03741198208	0.00000000000	0.64678426851
2526.72879755136	768.02892111405	0.00000000000	0.64740635669
2529.32883808154	768.01928894979	0.00000000000	0.64810685973
2531.66143774037	768.01058254225	0.00000000000	0.64873541637
2533.73003039720	768.00281046076	0.00000000000	0.64929291680
2536.01327218492	767.99417653643	0.00000000000	0.64990835881
2538.08848738838	767.98627918371	0.00000000000	0.65046781131
2540.57562377132	767.97675187315	0.00000000000	0.65113841705
2543.25608233871	767.96640845817	0.00000000000	0.65186127502
2545.36734743363	767.95820669795	0.00000000000	0.65243072682
2547.58108702720	767.94955540672	0.00000000000	0.65302790502
2549.64436635901	767.94144502439	0.00000000000	0.65358457485
2552.43463271240	767.93040527170	0.00000000000	0.65433750665
2555.11228080174	767.91973420040	0.00000000000	0.65506018045
2557.23421430346	767.91122474321	0.00000000000	0.65563296254
2559.32971068420	767.90277562966	0.00000000000	0.65619868681
2561.39384484371	767.89440890663	0.00000000000	0.65675602009
2563.45444568955	767.88601319331	0.00000000000	0.65731247420
2565.82925664761	767.87628398306	0.00000000000	0.65795387142
2568.08144809290	767.86700481904	0.00000000000	0.65856224213
2570.19996329727	767.85823029661	0.00000000000	0.65913458419
2572.31791838994	767.84941374867	0.00000000000	0.65970685260
2574.63992411487	767.83969722726	0.00000000000	0.66033434407
2576.91305005715	767.83013443031	0.00000000000	0.66094871604
2579.00335658594	767.82129671960	0.00000000000	0.66151375419
2581.06714510409	767.81253007599	0.00000000000	0.66207169708
2583.19757700476	767.80343788635	0.00000000000	0.66264773262
2585.49243945912	767.79359607978	0.00000000000	0.66326831326
2587.71749267919	767.78400664995	0.00000000000	0.66387010038
2590.03581773852	767.77396643120	0.00000000000	0.66449720179
2592.62092974603	767.76271260090	0.00000000000	0.66519657382
2594.70722820484	767.75358591498	0.00000000000	0.66576107827
2596.77380888874	767.74450677050	0.00000000000	0.66632031822
2598.82410624476	767.73546139553	0.00000000000	0.66687522093
2600.98489387138	767.72588818971	0.00000000000	0.66746010154
2603.51209770250	767.71463950552	0.00000000000	0.66814425971
2605.71145602038	767.70480478544	0.00000000000	0.66873974841
2607.77522403422	767.69553839932	0.00000000000	0.66929859604
2610.06435659827	767.68521749679	0.00000000000	0.66991854990
2612.50766148324	767.67415249278	0.00000000000	0.67058034955
2614.55497234743	767.66484224529	0.00000000000	0.67113496215
2616.61652143806	767.65543203087	0.00000000000	0.67169349868
2619.44740940118	767.64245305720	0.00000000000	0.67246058127
2622.10995060272	767.63018636856	0.00000000000	0.67318216125
2624.77195287308	767.61786515003	0.00000000000	0.67390370510
2627.08192890392	767.60712763105	0.00000000000	0.67452991972
2629.14928595574	767.59748227888	0.00000000000	0.67509043182
2632.08826867268	767.58371307191	0.00000000000	0.67588737560
2635.16270645428	767.56923822380	0.00000000000	0.67672118989
2637.44594485375	767.55844205568	0.00000000000	0.67734051613
2639.48742779326	767.54875592845	0.00000000000	0.67789433251
2641.54320165995	767.53897075394	0.00000000000	0.67845208848
2643.65924759382	767.52886628144	0.00000000000	0.67902626240
2646.48463866607	767.51532389657	0.00000000000	0.67979301492
2648.71825017979	767.50457745020	0.00000000000	0.68039925352
2651.15350615089	767.49282058732	0.00000000000	0.68106030451
2654.03291211557	767.47886598712	0.00000000000	0.68184203087
2656.26495772546	767.46800936927	0.00000000000	0.68244808822
2658.72585659221	767.45600031263	0.00000000000	0.68311636758
2661.92786183117	767.44031385912	0.00000000000	0.68398602980
2664.02409474956	767.43000778698	0.00000000000	0.68455544340
2666.27732661465	767.41889786623	0.00000000000	0.68516757232
2668.33581046178	767.40871957746	0.00000000000	0.68572685645
2670.43055293072	767.39833430788	0.00000000000	0.68629605223
2672.75625822803	767.38677165202	0.00000000000	0.68692807742
2674.81322148300	767.37651710757	0.00000000000	0.68748713201
2676.92193215123	767.36597766577	0.00000000000	0.68806031067
2678.97790477119	767.35567589533	0.00000000000	0.68861921234
2681.05626453222	767.34523627214	0.00000000000	0.68918425768
2683.16353116809	767.33462542843	0.00000000000	0.68975722103
2685.59193945746	767.32236547422	0.00000000000	0.69041757575
2687.94027524591	767.31047760751	0.00000000000	0.69105623065
2689.97003072421	767.30017736689	0.00000000000	0.69160830265
2692.01421203507	767.28978072045	0.00000000000	0.69216435276
2694.11906121941	767.27905152231	0.00000000000	0.69273696224
2696.20795955830	767.26837989694	0.00000000000	0.69330528899
2698.29638643648	767.25768738195	0.00000000000	0.69387354348
2700.38434331454	767.24697432292	0.00000000000	0.69444172574
2702.48733513933	767.23616126705	0.00000000000	0.69501405527
2704.66508386754	767.22494002331	0.00000000000	0.69560678868
2707.39516408441	767.21083915655	0.00000000000	0.69634993800
2710.06872845854	767.19699460596	0.00000000000	0.69707779304
2712.16974105780	767.18609066269	0.00000000000	0.69764983764
2714.19402312780	767.17556510926	0.00000000000	0.69820104191
2716.53680567731	767.16335958112	0.00000000000	0.69883903493
2718.57509231585	767.15271993736	0.00000000000	0.69939416077
2720.74964531464	767.14134834901	0.00000000000	0.69998645370
2722.83283685184	767.13043488128	0.00000000000	0.70055391501
2724.87854886109	767.11969938658	0.00000000000	0.70111121698
2726.94683141290	767.10882726352	0.00000000000	0.70167471785
2729.16384805852	767.09715337899	0.00000000000	0.70227879671
2731.19932015482	767.08641761886	0.00000000000	0.70283345975
2733.35064918048	767.07505261418	0.00000000000	0.70341974562
2736.04774486431	767.06077861652	0.00000000000	0.70415484018
2738.24047281370	767.04915321008	0.00000000000	0.70475253006
2740.52762499242	767.03700786054	0.00000000000	0.70537601573
2742.59266603284	767.02602539428	0.00000000000	0.70593900345
2744.83010627617	767.01410869678	0.00000000000	0.70654904551
2747.02114799668	767.00242201284	0.00000000000	0.70714649047
2749.04086474616	766.99163450041	0.00000000000	0.70769726577
2751.06013274255	766.98083565469	0.00000000000	0.70824796306
2753.07895084845	766.97002580112	0.00000000000	0.70879858168
2755.10934205835	766.95914076457	0.00000000000	0.70935240087
2757.27665972231	766.94750739089	0.00000000000	0.70994361720
2759.33818185782	766.93642856129	0.00000000000	0.71050601995
2762.22603128590	766.92088775404	0.00000000000	0.71129392749
2764.53423742224	766.90844901626	0.00000000000	0.71192375011
2766.84203674702	766.89599765320	0.00000000000	0.71255351656
2768.93146368259	766.88471209258	0.00000000000	0.71312373911
2771.03753650394	766.87332506909	0.00000000000	0.71369854920
2773.11048340324	766.86210616485	0.00000000000	0.71426436175
2775.52273132437	766.84903767623	0.00000000000	0.71492284070
2778.01704719562	766.83551011137	0.00000000000	0.71560378243
2780.29716211839	766.82313185983	0.00000000000	0.71622630112
2782.43918108389	766.81149294865	0.00000000000	0.71681116267
2784.82294609728	766.79852915587	0.00000000000	0.71746208293
2786.98490829278	766.78676170762	0.00000000000	0.71805248365
2789.47747024990	766.77318365162	0.00000000000	0.71873322113
2792.16581324463	766.75852633088	0.00000000000	0.71946749296
2794.23487115861	766.74723689604	0.00000000000	0.72003266389
2796.25017758857	766.73623393755	0.00000000000	0.72058319013
2798.65885220206	766.72307493404	0.00000000000	0.72124122210
2801.45785417323	766.70777271871	0.00000000000	0.72200595412
2804.33967621371	766.69200645200	0.00000000000	0.72279338664
2806.64108492944	766.67940798287	0.00000000000	0.72342227871
2808.74045699641	766.66791004808	0.00000000000	0.72399600159
2810.77989014824	766.65673574448	0.00000000000	0.72455338052
2812.83145242795	766.64549069655	0.00000000000	0.72511411013
2814.83515916165	766.63450412005	0.00000000000	0.72566179428
2817.10937979768	766.62203008293	0.00000000000	0.72628346019
2819.68148193111	766.60791733937	0.00000000000	0.72698660464
2822.00646302748	766.59515661778	0.00000000000	0.72762223937
2824.00745239539	766.58417155408	0.00000000000	0.72816933193
2826.00906787056	766.57318098976	0.00000000000	0.72871662780
2828.30708208956	766.56056079859	0.00000000000	0.72934500633
2830.32311328884	766.54948765819	0.00000000000	0.72989631243
2832.33168211308	766.53845440250	0.00000000000	0.73044560928
2834.34692960758	766.52738366760	0.00000000000	0.73099676380
2836.42414685336	766.51597200381	0.00000000000	0.73156489896
2838.64571758645	766.50376712721	0.00000000000	0.73217255191
2841.04820910503	766.49056858146	0.00000000000	0.73282973243
2843.04557316749	766.47959627077	0.00000000000	0.73337612624
2845.17687833356	766.46788912795	0.00000000000	0.73395919268
2847.47198330551	766.45528376790	0.00000000000	0.73458710679
2849.47227592387	766.44429924501	0.00000000000	0.73513439423
2851.56414361565	766.43281383137	0.00000000000	0.73570676704
2853.57587075702	766.42177067252	0.00000000000	0.73625724065
2855.74828431557	766.40984827852	0.00000000000	0.73685171449
2857.82181654295	766.39847165429	0.00000000000	0.73741915966
2860.04008455416	766.38630467210	0.00000000000	0.73802624532
2862.49466740029	766.37284653936	0.00000000000	0.73869804252
2864.48915566299	766.36191529933	0.00000000000	0.73924394496
2866.49859548993	766.35090630953	0.00000000000	0.73979396567
2868.58763381001	766.33946602898	0.00000000000	0.74036580122
2870.73576961836	766.32770757978	0.00000000000	0.74095384222
2872.86260980716	766.31607153410	0.00000000000	0.74153608186
2874.96924727212	766.30455210911	0.00000000000	0.74211281814
2876.96457814957	766.29364724397	0.00000000000	0.74265910663
2880.02771554792	766.27691853030	0.00000000000	0.74349778889
2882.87240758838	766.26139659521	0.00000000000	0.74427671025
2885.16234544540	766.24891191568	0.00000000000	0.74490376493
2887.45199056837	766.23643848743	0.00000000000	0.74553076902
2889.46673617637	766.22547099897	0.00000000000	0.74608251779
2891.97359882106	766.21183603488	0.00000000000	0.74676906639
2894.16339810674	766.19993640060	0.00000000000	0.74736880923
2896.58623579976	766.18678266145	0.00000000000	0.74803240623
2898.62315949736	766.17573442437	0.00000000000	0.74859032789
2900.76704558850	766.16411661995	0.00000000000	0.74917756988
2903.30075262855	766.15040088291	0.00000000000	0.74987161934
2905.53731173055	766.13830717130	0.00000000000	0.75048429851
2907.58722651238	766.12723361139	0.00000000000	0.75104587080
2909.92682809151	766.11460741278	0.00000000000	0.75168682924
2911.92175558307	766.10385121160	0.00000000000	0.75223338378
2914.39814380359	766.09051116541	0.00000000000	0.75291187579
2916.41956557359	766.07963144857	0.00000000000	0.75346573994
2918.42056571000	766.06886963263	0.00000000000	0.75401403220
2920.40469728159	766.05820602452	0.00000000000	0.75455772610
2922.38846030719	766.04755149058	0.00000000000	0.75510134326
2924.43561073338	766.03656356943	0.00000000000	0.75566235672
2926.91042851836	766.02328919456	0.00000000000	0.75634060698
2929.22085121776	766.01090493172	0.00000000000	0.75697383977
2931.21961358863	766.00019726836	0.00000000000	0.75752168313
2933.20145795610	765.98958539706	0.00000000000	0.75806491694
2935.38536075046	765.97789711789	0.00000000000	0.75866356847
2937.36747544278	765.96729343704	0.00000000000	0.75920693594
2939.67638687386	765.95494655830	0.00000000000	0.75983992683
2941.70615051005	765.94409649245	0.00000000000	0.76039642253
2943.96239516793	765.93203976200	0.00000000000	0.76101504964
2945.94187041651	765.92146506321	0.00000000000	0.76155782417
2948.17223232364	765.90955304143	0.00000000000	0.76216943017
2950.56058171244	765.89680015027	0.00000000000	0.76282440483
2952.53987578403	765.88623331170	0.00000000000	0.76336723771
2954.61531974934	765.87515454520	0.00000000000	0.76393647644
2956.79577335057	765.86351632124	0.00000000000	0.76453455714
2958.97586472091	765.85188067528	0.00000000000	0.76513258089
2961.50219494174	765.83839725262	0.00000000000	0.76582563596
2963.80745797593	765.82609326997	0.00000000000	0.76645809672
2965.78736851070	765.81552503486	0.00000000000	0.76700133543
2967.76371858822	765.80497471877	0.00000000000	0.76754363481
2969.78830201480	765.79416542297	0.00000000000	0.76809920867
2971.86060399799	765.78309939257	0.00000000000	0.76866791927
2974.16414291414	765.77079573652	0.00000000000	0.76930014000
2976.27463379361	765.75952011091	0.00000000000	0.76987942520
2978.49997892679	765.74762717899	0.00000000000	0.77049028571
2980.48210859270	765.73703048006	0.00000000000	0.77103442732
2982.57126853028	765.72585751568	0.00000000000	0.77160799695
2985.03764083866	765.71266125429	0.00000000000	0.77228518983
2987.14610046920	765.70137440032	0.00000000000	0.77286416389
2989.18139779244	765.69047387181	0.00000000000	0.77342309532
2991.15607831194	765.67989262111	0.00000000000	0.77396542538
2993.19053191109	765.66898516663	0.00000000000	0.77452421876
2995.24069305662	765.65798703663	0.00000000000	0.77508737551
2997.21927471914	765.64736637212	0.00000000000	0.77563091747
2999.32527783393	765.63605428414	0.00000000000	0.77620951550
3001.54636261996	765.62411526120	0.00000000000	0.77681978937
3003.87142258469	765.61160712708	0.00000000000	0.77745869720
3005.84815199812	765.60096426298	0.00000000000	0.77800193987
3007.86494482107	765.59009711160	0.00000000000	0.77855624386
3009.85727209834	765.57935290610	0.00000000000	0.77910387496
3011.98202341824	765.56788442077	0.00000000000	0.77968796237
3014.17593157749	765.55603120479	0.00000000000	0.78029112319
3016.58085882999	765.54302395186	0.00000000000	0.78095237232
3018.54633847601	765.53238221842	0.00000000000	0.78149285076
3020.51452141096	765.52171530865	0.00000000000	0.78203412555
3022.47906460407	765.51105725221	0.00000000000	0.78257445282
3024.64677981491	765.49928391315	0.00000000000	0.78317072314
3026.79080284268	765.48762534938	0.00000000000	0.78376054196
3028.91202660682	765.47607670076	0.00000000000	0.78434415354
3031.20498595686	765.46357681808	0.00000000000	0.78497508806
3033.41972385483	765.45148680918	0.00000000000	0.78558457230
3035.41746087259	765.44056700969	0.00000000000	0.78613440151
3037.38698711366	765.42978768777	0.00000000000	0.78667652501
3039.41136713092	765.41869356642	0.00000000000	0.78723380864
3041.48819171618	765.40729626812	0.00000000000	0.78780559481
3044.05666696600	765.39317815355	0.00000000000	0.78851283348
3046.56801641929	765.37934903982	0.00000000000	0.78920444246
3048.68496105525	765.36767201687	0.00000000000	0.78978751276
3050.65870305684	765.35676819573	0.00000000000	0.79033120557
3052.61935541109	765.34592036311	0.00000000000	0.79087135521
3054.88091581003	765.33338700201	0.00000000000	0.79149448167
3057.09057733455	765.32111936638	0.00000000000	0.79210339023
3059.57097194126	765.30732225208	0.00000000000	0.79278700108
3062.36113844874	765.29176777476	0.00000000000	0.79355611136
3064.54440085843	765.27957069197	0.00000000000	0.79415802136
3067.05148759797	765.26553572810	0.00000000000	0.79484930935
3069.12213805443	765.25392026576	0.00000000000	0.79542034021
3071.12450238542	765.24266702394	0.00000000000	0.79597261170
3073.25830403240	765.23065212384	0.00000000000	0.79656121368
3075.36917184805	765.21874257914	0.00000000000	0.79714357019
3077.76146657635	765.20521605860	0.00000000000	0.79780366618
3079.79267208036	765.19370641897	0.00000000000	0.79836421090
3081.74299307120	765.18263328269	0.00000000000	0.79890250622
3083.81002841668	765.17087375181	0.00000000000	0.79947309281
3085.87655583488	765.15909227576	0.00000000000	0.80004361983
3088.18400038916	765.14590744277	0.00000000000	0.80068075543
3090.14061176180	765.13470217308	0.00000000000	0.80122109856
3092.10404054974	765.12343430892	0.00000000000	0.80176339904
3094.05958010302	765.11218790646	0.00000000000	0.80230359544
3096.07026463125	765.10059920094	0.00000000000	0.80285910365
3098.48558935493	765.08664404653	0.00000000000	0.80352651143
3100.84469513014	765.07297697595	0.00000000000	0.80417849773
3102.97121447947	765.06062571112	0.00000000000	0.80476630074
3105.58265922814	765.04541614213	0.00000000000	0.80548827124
3107.60674190914	765.03359530533	0.00000000000	0.80604795411
3109.59920638499	765.02193124314	0.00000000000	0.80659897752
3111.74688502108	765.00932712238	0.00000000000	0.80719301932
3114.49686193288	764.99313993215	0.00000000000	0.80795379778
3116.50228684455	764.98130062586	0.00000000000	0.80850869858
3118.69728807507	764.96830798744	0.00000000000	0.80911615456
3120.64041240398	764.95677607727	0.00000000000	0.80965399223
3122.96652470584	764.94293343931	0.00000000000	0.81029794604
3124.90845646073	764.93134508059	0.00000000000	0.81083563603
3126.98473109424	764.91892242341	0.00000000000	0.81141061632
3129.33671017341	764.90480892314	0.00000000000	0.81206206402
3131.33804373780	764.89276455988	0.00000000000	0.81261648900
3133.99870511388	764.87670173335	0.00000000000	0.81335370764
3136.05216798343	764.86426469688	0.00000000000	0.81392279451
3137.99041165524	764.85249313369	0.00000000000	0.81446003982
3139.92485122519	764.84071296748	0.00000000000	0.81499631822
3141.86192627954	764.82888465014	0.00000000000	0.81553341548
3143.81113630783	764.81694944063	0.00000000000	0.81607396716
3146.24232328561	764.80201637611	0.00000000000	0.81674830701
3148.92701554992	764.78546522001	0.00000000000	0.81749312709
3150.99669409122	764.77266134537	0.00000000000	0.81806744199
3152.93057624834	764.76066228489	0.00000000000	0.81860416948
3154.95945929056	764.74803673741	0.00000000000	0.81916736246
3157.07148514019	764.73485306326	0.00000000000	0.81975374335
3159.00029261897	764.72277637229	0.00000000000	0.82028935304
3160.97829427872	764.71035488511	0.00000000000	0.82083872064
3162.95568340059	764.69789963026	0.00000000000	0.82138801715
3164.88157637138	764.68573221607	0.00000000000	0.82192310445
3166.85776083724	764.67320921926	0.00000000000	0.82247226361
3168.86457619662	764.66045248125	0.00000000000	0.82303003800
3170.81509324124	764.64801495240	0.00000000000	0.82357226520
3172.76499603067	764.63554286408	0.00000000000	0.82411442120
3174.69210186057	764.62317842253	0.00000000000	0.82465033709
3176.69650254385	764.61027739961	0.00000000000	0.82520785267
3178.70027236533	764.59733859838	0.00000000000	0.82576529997
3180.95602218491	764.58272213642	0.00000000000	0.82639297702
3182.92722611753	764.56990513538	0.00000000000	0.82694159004
3185.26339971730	764.55466099586	0.00000000000	0.82759191620
3187.38982535313	764.54073400983	0.00000000000	0.82818398450
3189.32513002146	764.52801566807	0.00000000000	0.82872294688
3191.26922807448	764.51519779649	0.00000000000	0.82926446296
3193.20325900279	764.50240441110	0.00000000000	0.82980327980
3195.20189080269	764.48913940257	0.00000000000	0.83036020493
3197.11751772372	764.47638266352	0.00000000000	0.83089410665
3199.09843698416	764.46314683678	0.00000000000	0.83144631588
3201.34795225543	764.44806123418	0.00000000000	0.83207353650
3203.26589724330	764.43515247934	0.00000000000	0.83260842243
3205.21680509264	764.42197735186	0.00000000000	0.83315261082
3207.41176414640	764.40709991293	0.00000000000	0.83376500809
3209.34051895045	764.39397905330	0.00000000000	0.83430325087
3211.56027299092	764.37882279359	0.00000000000	0.83492283683
3213.80586678181	764.36342877659	0.00000000000	0.83554978464
3215.94759905620	764.34868873777	0.00000000000	0.83614787622
3217.97614619121	764.33467496384	0.00000000000	0.83671448784
3220.02451887581	764.32047173783	0.00000000000	0.83728676392
3221.93195398912	764.30719793208	0.00000000000	0.83781978000
3224.17420711046	764.29153464354	0.00000000000	0.83844650108
3226.13142707509	764.27780946055	0.00000000000	0.83899368104
3228.42647336880	764.26165174900	0.00000000000	0.83963545898
3230.47142751446	764.24719651182	0.00000000000	0.84020744109
3232.39250629955	764.23356649398	0.00000000000	0.84074489479
3234.37834301559	764.21942526063	0.00000000000	0.84130058854
3236.48903386112	764.20433678488	0.00000000000	0.84189135786
3238.41749330582	764.19049819985	0.00000000000	0.84243124662
3240.33580200301	764.17668203218	0.00000000000	0.84296841257
3242.35617906094	764.16207594343	0.00000000000	0.84353428881
3244.67326461240	764.14525505711	0.00000000000	0.84418343244
3246.67286422163	764.13067853692	0.00000000000	0.84474377238
3248.59778075314	764.11659312466	0.00000000000	0.84528330888
3250.56152732691	764.10216927822	0.00000000000	0.84583385587
3252.48505338681	764.08798729013	0.00000000000	0.84637325163
3254.44741708607	764.07346392185	0.00000000000	0.84692366624
3256.65215167343	764.05707995934	0.00000000000	0.84754221746
3258.56403267165	764.04281458927	0.00000000000	0.84807874050
3260.46235162598	764.02859700382	0.00000000000	0.84861158116
3262.39373192701	764.01407679601	0.00000000000	0.84915382877
3264.29603938369	763.99972053760	0.00000000000	0.84968803982
3266.21460484968	763.98518628951	0.00000000000	0.85022694364
3268.17203223715	763.97030000513	0.00000000000	0.85077689564
3270.08917311994	763.95566327320	0.00000000000	0.85131565910
3272.07970187604	763.94040631780	0.00000000000	0.85187518343
3273.96976547638	763.92586249625	0.00000000000	0.85240659763
3275.86238063086	763.91124310651	0.00000000000	0.85293885673
3277.78808447501	763.89631028369	0.00000000000	0.85348055298
3279.75778503327	763.88097551519	0.00000000000	0.85403476350
3282.11705251003	763.86252634259	0.00000000000	0.85469877047
3284.14309999416	763.84661147824	0.00000000000	0.85526915564
3286.05434449458	763.83153746010	0.00000000000	0.85580735851
3288.46727827045	763.81242147782	0.00000000000	0.85648702821
3290.71317973702	763.79454275117	0.00000000000	0.85711984236
3292.62203021082	763.77928145413	0.00000000000	0.85765783537
3294.60432537877	763.76336861565	0.00000000000	0.85821667255
3296.84793967212	763.74527838782	0.00000000000	0.85884935781
3299.72734717544	763.72193683517	0.00000000000	0.85966161222
3301.65758320157	763.70621036421	0.00000000000	0.86020629103
3303.60202916148	763.69030330849	0.00000000000	0.86075512407
3305.49657773884	763.67474148067	0.00000000000	0.86129001340
3307.37747372483	763.65922991981	0.00000000000	0.86182118569
3309.25435601305	763.64368961816	0.00000000000	0.86235136174
3311.15618895935	763.62787932072	0.00000000000	0.86288872631
3313.31408955556	763.60986248141	0.00000000000	0.86349861520
3315.21435324373	763.59392777913	0.00000000000	0.86403584035
3317.78437565648	763.57227335298	0.00000000000	0.86476264182
3320.46452875754	763.54956330092	0.00000000000	0.86552086948
3322.56842632363	763.53164403650	0.00000000000	0.86611627426
3324.82856761518	763.51230311128	0.00000000000	0.86675609573
3326.95574240274	763.49401341920	0.00000000000	0.86735846572
3329.29693993550	763.47378574628	0.00000000000	0.86802165640
3331.94459656708	763.45078589552	0.00000000000	0.86877192961
3334.28383273423	763.43035452757	0.00000000000	0.86943504655
3336.81807777722	763.40810175290	0.00000000000	0.87015370122
3339.23919175104	763.38672670219	0.00000000000	0.87084052606
3341.11262734268	763.37010876937	0.00000000000	0.87137215444
3343.11647777382	763.35225808733	0.00000000000	0.87194095561
3345.06158626605	763.33485516915	0.00000000000	0.87249324626
3346.92393537089	763.31812256558	0.00000000000	0.87302219014
3348.78550503507	763.30132799729	0.00000000000	0.87355106172
3350.90323729691	763.28213805935	0.00000000000	0.87415289115
3353.02011207675	763.26286561597	0.00000000000	0.87475467156
3354.87918784871	763.24586552431	0.00000000000	0.87528332676
3356.76321576611	763.22856980953	0.00000000000	0.87581923168
3358.67118315782	763.21099285611	0.00000000000	0.87636210425
3361.05505450892	763.18895693899	0.00000000000	0.87704060893
3363.16775743006	763.16936998043	0.00000000000	0.87764214024
3366.01729370441	763.14288609460	0.00000000000	0.87845377213
3367.87442416618	763.12559666960	0.00000000000	0.87898292818
3370.39416014149	763.10211737310	0.00000000000	0.87970112208
3372.58109206348	763.08173259082	0.00000000000	0.88032468182
3374.66430846737	763.06232063801	0.00000000000	0.88091886272
3376.77161072288	763.04270129477	0.00000000000	0.88152010548
3378.64691616924	763.02526517595	0.00000000000	0.88205531862
3380.61510588393	763.00699787315	0.00000000000	0.88261720528
3382.87901152775	762.98603853284	0.00000000000	0.88326372207
3384.79157393970	762.96838545182	0.00000000000	0.88381007698
3386.77786063442	762.95011318722	0.00000000000	0.88437766034
3388.63957582024	762.93305174504	0.00000000000	0.88490980248
3390.52151790125	762.91587672233	0.00000000000	0.88544787871
3392.62237684798	762.89679877495	0.00000000000	0.88604872772
3394.90882680892	762.87616181761	0.00000000000	0.88670287298
3396.80156685731	762.85918791495	0.00000000000	0.88724455018
3398.85080033016	762.84093248043	0.00000000000	0.88783118819
3400.72866124803	762.82432355441	0.00000000000	0.88836892622
3402.77631900297	762.80635309397	0.00000000000	0.88895546010
3404.62406107746	762.79027103625	0.00000000000	0.88948488501
3406.64668438263	762.77282184085	0.00000000000	0.89006458647
3408.52141009627	762.75680164207	0.00000000000	0.89060205649
3410.39536562390	762.74094338118	0.00000000000	0.89113945685
3412.37140242385	762.72439830460	0.00000000000	0.89170629498
3414.22278815602	762.70906998838	0.00000000000	0.89223752846
3416.05606344758	762.69406435255	0.00000000000	0.89276371042
3418.25119368908	762.67633356090	0.00000000000	0.89339394084
3420.96851785998	762.65476043052	0.00000000000	0.89417438143
3422.82610628494	762.64026367455	0.00000000000	0.89470808007
3425.15555697141	762.62238610669	0.00000000000	0.89537755701
3427.84287209431	762.60219796818	0.00000000000	0.89615017152
3430.33707252632	762.58389833148	0.00000000000	0.89686754099
3432.55367127144	762.56800497992	0.00000000000	0.89750529106
3434.38434488370	762.55515097009	0.00000000000	0.89803216257
3436.37278132300	762.54147767504	0.00000000000	0.89860460049
3438.31822836320	762.52839979083	0.00000000000	0.89916482557
3440.72479376298	762.51264614558	0.00000000000	0.89985806068
3442.56525091888	762.50092479062	0.00000000000	0.90038838902
3444.50830532734	762.48886653591	0.00000000000	0.90094843710
3446.33098110538	762.47785884195	0.00000000000	0.90147393421
3448.17875381303	762.46700741679	0.00000000000	0.90200681106
3450.00868365157	762.45657396758	0.00000000000	0.90253468503
3451.83243415314	762.44649350414	0.00000000000	0.90306091778
3454.04048901350	762.43472431356	0.00000000000	0.90369822800
3456.35742315646	762.42290155122	0.00000000000	0.90436718600
3458.17544902645	762.41401232390	0.00000000000	0.90489225551
3459.99603382624	762.40546054841	0.00000000000	0.90541820412
3461.82888753451	762.39721262083	0.00000000000	0.90594783857
3463.69539068993	762.38919405424	0.00000000000	0.90648734237
3465.50938081027	762.38177705053	0.00000000000	0.90701180839
3467.73923085818	762.37317875078	0.00000000000	0.90765669912
3469.83524511983	762.36563026320	0.00000000000	0.90826307445
3471.69866744002	762.35936343940	0.00000000000	0.90880231639
3473.57637942048	762.35348003682	0.00000000000	0.90934584127
3475.42501043080	762.34811907471	0.00000000000	0.90988109310
3477.59689211386	762.34237843596	0.00000000000	0.91051012217
3479.52638609916	762.33779399208	0.00000000000	0.91106911600
3481.33424510156	762.33394725366	0.00000000000	0.91159301262
3483.26228030492	762.33033190026	0.00000000000	0.91215188582
3485.09566591176	762.32736862479	0.00000000000	0.91268346763
3486.92833240217	762.32487697718	0.00000000000	0.91321498149
3489.23219377545	762.32242428773	0.00000000000	0.91388335150
3491.39875953922	762.32082160754	0.00000000000	0.91451209316
3493.30361583862	762.31998680057	0.00000000000	0.91506504804
3495.33960170790	762.31969926024	0.00000000000	0.91565623541
3497.88841690666	762.32023650571	0.00000000000	0.91639657598
3499.79087973783	762.32129963171	0.00000000000	0.91694935032
3501.95346290667	762.32320811417	0.00000000000	0.91757788729
3504.58102008368	762.32654751093	0.00000000000	0.91834182657
3506.79585524999	762.33024843432	0.00000000000	0.91898599310
3508.71445216219	762.33412125693	0.00000000000	0.91954416560
3511.47237056638	762.34079239932	0.00000000000	0.92034678687
3513.28574909178	762.34590022666	0.00000000000	0.92087469562
3515.18259724863	762.35186567465	0.00000000000	0.92142704944
3517.00413861038	762.35820165069	0.00000000000	0.92195761416
3518.86488516898	762.36529684038	0.00000000000	0.92249973969
3520.69653339622	762.37290410056	0.00000000000	0.92303352694
3522.67477926451	762.38182397227	0.00000000000	0.92361019165
3524.82880539755	762.39237932726	0.00000000000	0.92423828008
3527.20094088168	762.40503570230	0.00000000000	0.92493018742
3529.00840736320	762.41541624490	0.00000000000	0.92545754665
3530.83630165222	762.42657120381	0.00000000000	0.92599100246
3532.66349962304	762.43839045864	0.00000000000	0.92652439204
3534.45141544216	762.45061048846	0.00000000000	0.92704644698
3536.27723364801	762.46376609898	0.00000000000	0.92757970417
3538.06817265785	762.47734238838	0.00000000000	0.92810290691
3539.88108103420	762.49177098042	0.00000000000	0.92863266133
3541.87565664561	762.50845208604	0.00000000000	0.92921565629
3544.02251634364	762.52736308137	0.00000000000	0.92984334383
3545.96954967671	762.54538213255	0.00000000000	0.93041276970
3547.77953980245	762.56288268582	0.00000000000	0.93094225467
3549.77123120925	762.58298477543	0.00000000000	0.93152504766
3551.55713401846	762.60177098616	0.00000000000	0.93204776158
3553.36503014945	762.62152979118	0.00000000000	0.93257704469
3555.67107918589	762.64782801904	0.00000000000	0.93325236051
3557.92131451533	762.67468797731	0.00000000000	0.93391153941
3559.71731177975	762.69698571273	0.00000000000	0.93443780200
3561.83106182461	762.72421780116	0.00000000000	0.93505733963
3564.67018294026	762.76250017227	0.00000000000	0.93588976684
3566.54816541260	762.78891067474	0.00000000000	0.93644056808
3568.46546312285	762.81677884358	0.00000000000	0.93700304698
3570.40371746467	762.84589059608	0.00000000000	0.93757182449
3572.20487265518	762.87378131785	0.00000000000	0.93810050311
3574.16442859974	762.90497806171	0.00000000000	0.93867580811
3576.29971927607	762.93989427704	0.00000000000	0.93930284601
3578.62523770461	762.97889729511	0.00000000000	0.93998588695
3580.40128911796	763.00929007576	0.00000000000	0.94050762461
3582.78094949348	763.05072045971	0.00000000000	0.94120677137
3584.76146398900	763.08572623956	0.00000000000	0.94178870983
3587.22274158365	763.12976138753	0.00000000000	0.94251196323
3589.95143979932	763.17908956547	0.00000000000	0.94331382992
3591.90777414718	763.21466801595	0.00000000000	0.94388872363
3593.77956375436	763.24879168196	0.00000000000	0.94443875407
3595.69136913665	763.28365459904	0.00000000000	0.94500050981
3597.51303244279	763.31681513280	0.00000000000	0.94553573385
3599.40415837201	763.35110949620	0.00000000000	0.94609130670
3601.19111952233	763.38332846821	0.00000000000	0.94661620930
3602.96163623475	763.41501145036	0.00000000000	0.94713620357
3604.77000592248	763.44706422888	0.00000000000	0.94766722293
3606.68229337608	763.48055171708	0.00000000000	0.94822864234
3608.45650593504	763.51118352020	0.00000000000	0.94874940687
3610.59105693073	763.54739263194	0.00000000000	0.94937576997
3612.91775408591	763.58594637979	0.00000000000	0.95005828575
3615.02685611580	763.61996236220	0.00000000000	0.95067674284
3616.81569089617	763.64804248295	0.00000000000	0.95120110154
3618.59170242247	763.67515917081	0.00000000000	0.95172152055
3620.40277813999	763.70196863331	0.00000000000	0.95225201687
3622.20266080284	763.72770894554	0.00000000000	0.95277902513
3624.02831424101	763.75283576836	0.00000000000	0.95331335369
3626.11513951079	763.78026582721	0.00000000000	0.95392382775
3628.22942085335	763.80656060579	0.00000000000	0.95454199625
3630.19325787486	763.82955148798	0.00000000000	0.95511585748
3632.36364284489	763.85326043380	0.00000000000	0.95574969708
3634.17969028028	763.87165469822	0.00000000000	0.95627973681
3636.04247057659	763.88908856318	0.00000000000	0.95682310106
3638.13578345240	763.90686806583	0.00000000000	0.95743331423
3639.94281523367	763.92060696746	0.00000000000	0.95795972430
3641.80863758398	763.93316357509	0.00000000000	0.95850290734
3643.69401868469	763.94410633971	0.00000000000	0.95905140712
3645.48079517746	763.95279872103	0.00000000000	0.95957085909
3647.91229836428	763.96190391914	0.00000000000	0.96027716138
3649.91181735105	763.96695101733	0.00000000000	0.96085745877
3651.70239357333	763.96953470283	0.00000000000	0.96137670404
3653.49070313290	763.97023339704	0.00000000000	0.96189489151
3655.38395626248	763.96886454326	0.00000000000	0.96244304012
3657.17474948392	763.96551835778	0.00000000000	0.96296108913
3659.01942434644	763.95992957258	0.00000000000	0.96349427240
3660.86551881920	763.95210374673	0.00000000000	0.96402739484
3662.85153405479	763.94112599134	0.00000000000	0.96460038522
3664.96670050547	763.92644114476	0.00000000000	0.96521000812
3666.76475170106	763.91146901441	0.00000000000	0.96572771133
3668.58132974061	763.89396514482	0.00000000000	0.96625025079
3670.43542852075	763.87358189888	0.00000000000	0.96678305641
3672.30689946851	763.85037311302	0.00000000000	0.96732030387
3674.54240437272	763.81910340903	0.00000000000	0.96796131569
3676.34876312582	763.79095611922	0.00000000000	0.96847867359
3678.26226115497	763.75828051997	0.00000000000	0.96902612218
3680.31527522052	763.72009844230	0.00000000000	0.96961282748
3682.25282482981	763.68141704320	0.00000000000	0.97016596085
3684.86891251186	763.62566965155	0.00000000000	0.97091200661
3687.37481061893	763.56911503599	0.00000000000	0.97162587053
3689.19087168648	763.52657928270	0.00000000000	0.97214281431
3691.04740359004	763.48204111113	0.00000000000	0.97267097330
3692.88227666686	763.43723202184	0.00000000000	0.97319270824
3694.97138061968	763.38558284893	0.00000000000	0.97378646576
3696.96135925893	763.33608734154	0.00000000000	0.97435183798
3698.78947980774	763.29064355622	0.00000000000	0.97487108638
3700.63593408846	763.24503104257	0.00000000000	0.97539544870
3702.49458625301	763.19966789563	0.00000000000	0.97592322073
3704.44041061660	763.15305392858	0.00000000000	0.97647573186
3706.63937696267	763.10182796217	0.00000000000	0.97710016313
3708.78256299274	763.05378366025	0.00000000000	0.97770885911
3711.17962036719	763.00275165535	0.00000000000	0.97838985858
3713.26733512571	762.96105775540	0.00000000000	0.97898321315
3715.13628466447	762.92623126336	0.00000000000	0.97951463094
3717.30268945854	762.88918764099	0.00000000000	0.98013096761
3719.11378216983	762.86125459147	0.00000000000	0.98064654502
3721.03125438374	762.83499000734	0.00000000000	0.98119277597
3723.08566025942	762.81096191204	0.00000000000	0.98177848907
3725.01990909763	762.79255375231	0.00000000000	0.98233044376
3727.04478524787	762.77801149915	0.00000000000	0.98290883160
3728.84786268934	762.76942412550	0.00000000000	0.98342440185
3730.75507109774	762.76511316471	0.00000000000	0.98397034427
3732.55358432716	762.76581762503	0.00000000000	0.98448577715
3734.38930264420	762.77159136648	0.00000000000	0.98501252095
3736.23644738543	762.78284165045	0.00000000000	0.98554324861
3738.34955198605	762.80278238245	0.00000000000	0.98615131817
3740.14619511516	762.82599156814	0.00000000000	0.98666914826
3742.25206091515	762.86091046673	0.00000000000	0.98727712990
3744.17984726210	762.90054738808	0.00000000000	0.98783472708
3746.55572597536	762.96003047083	0.00000000000	0.98852336763
3748.84139987628	763.02893271326	0.00000000000	0.98918745042
3750.60943836560	763.09048639425	0.00000000000	0.98970226795
3752.51967221390	763.16545649541	0.00000000000	0.99025965379
3754.54519802920	763.25496973785	0.00000000000	0.99085206403
3756.29945311321	763.34117764661	0.00000000000	0.99136633909
3758.34082942754	763.45206982063	0.00000000000	0.99196625830
3760.09609495788	763.55687405262	0.00000000000	0.99248341610
3761.85465511862	763.67098270669	0.00000000000	0.99300282114
3763.59051201164	763.79288287691	0.00000000000	0.99351682291
3765.68932208699	763.95303369369	0.00000000000	0.99414009743
3767.62742637372	764.11381226742	0.00000000000	0.99471747035
3769.34813391171	764.26732779098	0.00000000000	0.99523160645
3771.37444866435	764.46158749266	0.00000000000	0.99583897153
3773.18555150565	764.64800302441	0.00000000000	0.99638365077
3775.19782332278	764.86982077064	0.00000000000	0.99699092857
3777.17686715258	765.10363105912	0.00000000000	0.99759041847
3778.88345299849	765.31817576443	0.00000000000	0.99810922837
3780.57090964589	765.54248830527	0.00000000000	0.99862397111
3782.71075613748	765.84495950697	0.00000000000	0.99927930403
3785.05273100123	766.20001220703	0.00000000000	1.00000000000
