-161.05240075734	719.20001220703	0.00000000000
-109.00610299970	721.42383404628	0.00000000000
-51.31938958844	715.68275729983	0.00000000000
20.37409819097	724.39522405757	0.00000000000
48.77612013144	706.80728321848	0.00000000000
78.44419292681	737.65364534842	0.00000000000
87.71945686483	804.74568853849	0.00000000000
136.34317111360	778.35982468904	0.00000000000
174.62145634756	813.35317442750	0.00000000000
195.13604562570	835.07322599205	0.00000000000
242.56210406053	746.13887960013	0.00000000000
347.05950293939	813.54789540223	0.00000000000
452.83955857492	743.72046955173	0.00000000000
458.03416017185	1103.04759138051	0.00000000000
455.09853201664	923.61046550744	0.00000000000
507.91180162597	624.03510493283	0.00000000000
555.16340978614	952.94835836981	0.00000000000
565.57383190866	1002.55155859669	0.00000000000
576.40807450751	988.84309494664	0.00000000000
576.96219175353	976.99410245081	0.00000000000
583.76532147536	951.80168624040	0.00000000000
587.16470788130	926.39278258849	0.00000000000
592.27516543693	901.40511340813	0.00000000000
596.89284968847	887.99177026309	0.00000000000
599.15955523365	862.60608816267	0.00000000000
604.84624361504	853.51207678851	0.00000000000
607.12611691220	828.87156266602	0.00000000000
614.72841906555	816.78711714410	0.00000000000
619.18036658530	801.09458607178	0.00000000000
631.43512453277	780.26001887244	0.00000000000
655.58081608192	765.04544953826	0.00000000000
759.69586279630	752.81911832751	0.00000000000
861.84858717073	744.34468497603	0.00000000000
1002.85974090783	768.08258237872	0.00000000000
1070.33051155839	734.55871738345	0.00000000000
1136.32453171073	764.14117969518	0.00000000000
1141.80130274509	752.66121164318	0.00000000000
1152.87963949171	773.49839835876	0.00000000000
1156.50465817226	742.34258650473	0.00000000000
2104.40073669329	715.16287280923	0.00000000000
2991.13569445289	723.91820571967	0.00000000000
3785.05273100123	732.70001220703	0.00000000000
