np: 1600 
-161.052400757344	719.200012207031
-157.918029166465	719
-154.784692063043	718.900024414063
-151.652389082623	719.5
-148.521119860443	719.799987792969
-145.390884031379	719.299987792969
-142.261681230018	719.299987792969
-139.133511090605	719
-136.006373247065	719.900024414063
-132.880267333001	720.099975585938
-129.755192981694	719.400024414063
-126.631149826119	718.900024414063
-123.508137498931	718.900024414063
-120.386155632469	718.400024414063
-117.26520385875	719.099975585938
-114.145281809493	719.700012207031
-111.026389116104	719.099975585938
-107.908525409694	719.5
-104.791690321038	719
-101.675883480641	719.599975585938
-98.5611045186717	718.900024414063
-95.447353065025	719.700012207031
-92.3346287492766	719.099975585938
-89.2229312007213	719.900024414063
-86.1122600483416	719.700012207031
-83.0026149208453	719.700012207031
-79.8939954466211	719.5
-76.7864012537842	719.299987792969
-73.6798319701527	719.700012207031
-70.5742872232561	719.799987792969
-67.4697666403321	719.200012207031
-64.3662698483556	719.299987792969
-61.2637964739909	719.599975585938
-58.1623461436205	719.5
-55.0619184833662	719.900024414063
-51.962513119061	718.799987792969
-48.8641296762465	719.5
-45.7667677802052	719.400024414063
-42.6704270559493	719.5
-39.575107128185	718.900024414063
-36.4808076213898	718.799987792969
-33.3875281597407	718.799987792969
-30.2952683671589	718.799987792969
-27.2040278672905	718.700012207031
-24.1138062835193	719.099975585938
-21.0246032389752	719.400024414063
-17.936418356507	719.700012207031
-14.849251258711	719
-11.7631015679234	719.700012207031
-8.67796890622949	719.400024414063
-5.59385289544781	720
-2.51075315713486	723.200012207031
0.571330687378083	726.099975585938
3.65239901705664	722.700012207031
6.73245221107038	720.200012207031
9.81149064886844	719.400024414063
12.8895147101308	719.200012207031
15.9665247748119	719
19.0425212230794	718.700012207031
22.1175044353585	719.5
25.1914747923185	719.5
28.2644326748526	719.200012207031
31.3363784641254	718.799987792969
34.407312541512	720
37.4772352886376	719.400024414063
40.5461470873529	719.5
43.6140483197452	719.5
46.6809393681546	719.400024414063
49.7468206151043	719.200012207031
52.8116924433891	719.299987792969
55.8755552360261	718.799987792969
58.9384093762383	719.099975585938
62.0002552474984	719.700012207031
65.0610932334876	719.299987792969
68.1209237181074	720.5
71.1797470854872	722.799987792969
74.2375637199753	731.900024414063
77.2943740061426	750.299987792969
80.3501783287621	763.799987792969
83.4049770728362	776.799987792969
86.458770623588	783.700012207031
89.5115593664133	790.799987792969
92.5633436869714	792.599975585938
95.614123971109	790.200012207031
98.6639006048634	787.400024414063
101.71267397451	788.599975585938
104.760444466499	787.299987792969
107.807212467523	789.700012207031
110.852978364433	786.400024414063
113.897742544329	790.5
116.941505394473	789.599975585938
119.984267302342	793.799987792969
123.026028655611	794.799987792969
126.066789842147	791.200012207031
129.106551250017	791.599975585938
132.145313267476	790.799987792969
135.183076282972	792.400024414063
138.219840685155	794.200012207031
141.25560686286	796.599975585938
144.290375205084	797.900024414063
147.324146101058	797.200012207031
150.356919940159	798.099975585938
153.388697111971	799.599975585938
156.419478006256	804.900024414063
159.449263012951	804.700012207031
162.478052522176	808.900024414063
165.505846924252	809.200012207031
168.53264660963	809.200012207031
171.558451968981	811.599975585938
174.58326339314	811.299987792969
177.607081273107	813.599975585938
180.62990600007	814.5
183.651737965369	820.299987792969
186.672577560525	822.799987792969
189.69242517724	830.900024414063
192.711281207365	835.400024414063
195.72914604291	831.5
198.746020076084	827.799987792969
201.761903699234	824
204.776797304875	820.400024414063
207.790701285686	813.900024414063
210.803616034506	805.900024414063
213.815541944334	805.299987792969
216.826479408305	804.299987792969
219.836428819757	798.799987792969
222.845390572148	796.099975585938
225.85336505909	794.5
228.860352674363	791.799987792969
231.866353811897	788
234.87136886575	789.5
237.875398230169	785.599975585938
240.878442299507	783.799987792969
243.880501468296	781.400024414063
246.8815761312	782.5
249.881666683015	778.900024414063
252.880773518714	778.900024414063
255.878897033367	779.099975585938
258.876037622231	779
261.87219568066	776.900024414063
264.867371604185	776
267.861565788447	777.700012207031
270.854778629234	778.799987792969
273.847010522466	776
276.838261864188	776.599975585938
279.828533050598	775.900024414063
282.817824478014	777.599975585938
285.80613654287	777.200012207031
288.793469641754	777.299987792969
291.779824171381	776
294.76520052856	772.900024414063
297.749599110256	774.599975585938
300.733020313556	774.099975585938
303.71546453566	776.900024414063
306.696932173884	775.700012207031
309.677423625681	774
312.656939288627	774
315.635479560399	776.900024414063
318.613044838794	777.200012207031
321.58963552173	775.200012207031
324.565252007254	774.400024414063
327.539894693497	773.900024414063
330.513563978727	776.099975585938
333.486260261321	777.599975585938
336.45798393975	778.599975585938
339.428735412615	775.099975585938
342.398515078611	775.200012207031
345.367323336554	777.400024414063
348.335160585345	775.200012207031
351.302027224011	775.299987792969
354.267923651678	778.799987792969
357.232850267562	778.799987792969
360.196807470995	777.400024414063
363.159795661405	778.400024414063
366.121815238323	780.200012207031
369.082866601374	781.400024414063
372.042950150278	779.799987792969
375.002066284852	784.299987792969
377.96021540502	782.200012207031
380.917397910787	783.200012207031
383.87361420225	783.299987792969
386.828864679608	785.299987792969
389.783149743152	782.900024414063
392.736469793246	785.200012207031
395.688825230349	784.400024414063
398.640216455031	784.5
401.590643867918	786.400024414063
404.540107869733	785.599975585938
407.488608861292	787.799987792969
410.436147243477	791
413.382723417263	793.5
416.328337783717	797.799987792969
419.272990743963	796.299987792969
422.216682699215	796.299987792969
425.159414050779	799.700012207031
428.101185200012	804.5
431.041996548371	811.400024414063
433.981848497378	815.599975585938
436.920741448625	824.799987792969
439.858675803767	840.299987792969
442.795651964569	862.900024414063
445.731670332837	888.299987792969
448.666731310446	930.400024414063
451.600835299364	982.400024414063
454.533982701586	1039.5
457.466173919221	1087.09997558594
460.397409354404	1071.40002441406
463.327689409375	1015.5
466.257014486398	943.400024414063
469.185384987818	885.700012207031
472.112801316062	848.299987792969
475.039263873568	826.799987792969
477.964773062894	811.299987792969
480.889329286604	802.799987792969
483.812932947347	794.799987792969
486.735584447842	786.900024414063
489.657284190833	787
492.57803257914	780.700012207031
495.497830015628	779.299987792969
498.416676903215	779.200012207031
501.334573644887	776.200012207031
504.251520643647	778.700012207031
507.167518302592	779.799987792969
510.082567024834	782
512.996667213552	782.700012207031
515.90981927197	784
518.822023603342	793
521.733280610983	798.400024414063
524.643590698264	805.700012207031
527.552954268568	812.900024414063
530.461371725349	819.200012207031
533.368843472097	832.200012207031
536.275369912315	844.700012207031
539.180951449593	863.400024414063
542.085588487526	877.5
544.989281429769	894.599975585938
547.892030679974	912.400024414063
550.793836641883	933.5
553.69469971924	954.299987792969
556.594620315827	966.700012207031
559.493598835466	982.200012207031
562.391635682013	994.700012207031
565.288731259343	995.400024414063
568.184885971374	998.700012207031
571.080100222052	999.599975585938
573.974374415345	988.799987792969
576.867708955262	980.900024414063
579.760104245825	969
582.651560691082	951.200012207031
585.542078695128	939.900024414063
588.431658662056	920.099975585938
591.32030099599	906.5
594.208006101091	896.400024414063
597.094774381517	880.900024414063
599.980606241471	863.799987792969
602.865502085163	854.599975585938
605.749462316826	844.299987792969
608.632487340711	829.900024414063
611.514577561079	820.200012207031
614.395733382211	817
617.275955208418	807.799987792969
620.155243444004	801.900024414063
623.033598493305	793.5
625.911020760651	791.099975585938
628.787510650403	786
631.66306856693	780.799987792969
634.537694914594	779.700012207031
637.411390097786	777.799987792969
640.284154520905	777.099975585938
643.155988588352	774.799987792969
646.026892704516	775.299987792969
648.896867273836	769.099975585938
651.765912700714	765.700012207031
654.634029389583	768.900024414063
657.501217744867	768
660.367478171004	766.900024414063
663.232811072425	765.200012207031
666.097216853551	764.700012207031
668.960695918832	765.299987792969
671.823248672701	762.900024414063
674.684875519584	762.599975585938
677.545576863912	762.5
680.405353110123	764.200012207031
683.264204662626	759.5
686.122131925858	761.900024414063
688.979135304224	760.799987792969
691.835215202133	757.900024414063
694.690372023987	760
697.544606174179	759.700012207031
700.397918057097	760.900024414063
703.250308077113	758.799987792969
706.1017766386	757.700012207031
708.952324145902	758
711.801951003379	756.799987792969
714.650657615341	759.5
717.498444386125	758
720.345311720011	757.900024414063
723.191260021316	757.5
726.036289694293	758.799987792969
728.880401143207	756.799987792969
731.723594772292	758
734.565870985777	758.400024414063
737.407230187863	755.400024414063
740.247672782728	758.799987792969
743.087199174537	757.799987792969
745.925809767438	758
748.763504965554	757
751.600285172966	757.299987792969
754.436150793758	755.5
757.271102231982	755.200012207031
760.105139891669	753.599975585938
762.938264176809	754.200012207031
765.770475491382	753.599975585938
768.601774239332	751.700012207031
771.432160824581	754.599975585938
774.261635651023	754.200012207031
777.090199122514	754.900024414063
779.917851642881	753.200012207031
782.744593615934	753.200012207031
785.570425445436	752.299987792969
788.395347535131	752.200012207031
791.219360288712	752.200012207031
794.042464109864	751.5
796.864659402214	750.200012207031
799.685946569366	750.900024414063
802.506326014884	750.5
805.325798142284	750.200012207031
808.144363355081	751.599975585938
810.962022056719	749.299987792969
813.778774650606	751.700012207031
816.594621540134	748.799987792969
819.409563128625	748.900024414063
822.223599819372	749.599975585938
825.036732015638	750.200012207031
827.848960120626	748.700012207031
830.660284537507	749.200012207031
833.470705669408	748
836.280223919406	748.799987792969
839.088839690538	749.299987792969
841.896553385796	747.299987792969
844.703365408119	750.900024414063
847.5092761604	748.599975585938
850.314286045495	749.700012207031
853.118395466201	748.700012207031
855.921604825274	748.099975585938
858.723914525414	749
861.525324969262	749.700012207031
864.325836559432	751
867.12544969845	750.5
869.924164788844	752.700012207031
872.721982233031	751
875.518902433409	752.400024414063
878.314925792318	751.799987792969
881.110052712022	753.599975585938
883.904283594762	751.200012207031
886.697618842688	751.200012207031
889.490058857917	752
892.281604042509	752
895.072254798446	752.900024414063
897.862011527676	751.900024414063
900.65087463206	753.700012207031
903.438844513424	755.099975585938
906.225921573509	752.799987792969
909.012106214019	755.700012207031
911.797398836582	755.299987792969
914.581799842765	755.799987792969
917.36530963407	754.900024414063
920.14792861194	755.599975585938
922.929657177743	756.900024414063
925.710495732792	758.200012207031
928.490444678323	758.599975585938
931.269504415538	757.299987792969
934.047675345512	756
936.824957869314	759.5
939.601352387904	755.799987792969
942.376859302189	756.900024414063
945.151479012999	760.5
947.925211921101	759
950.69805842719	758
953.470018931884	759.799987792969
956.24109383573	758.400024414063
959.011283539212	760.099975585938
961.780588442723	759.400024414063
964.549008946599	759.5
967.316545451099	757.200012207031
970.083198356381	758.700012207031
972.848968062573	760.900024414063
975.613854969683	760.700012207031
978.377859477675	759.400024414063
981.140981986411	759.299987792969
983.903222895694	759.099975585938
986.664582605232	758.799987792969
989.425061514656	758.299987792969
992.184660023538	757.5
994.943378531344	759.400024414063
997.701217437459	759.200012207031
1000.45817714121	758.200012207031
1003.21425804184	758.5
1005.96946053847	756.400024414063
1008.72378503017	756.299987792969
1011.47723191593	755.700012207031
1014.22980159464	756.400024414063
1016.98149446511	754.700012207031
1019.73231092608	756.099975585938
1022.48225137617	754.799987792969
1025.23131621393	755.599975585938
1027.97950583784	755.200012207031
1030.72682064628	752.900024414063
1033.47326103752	755.299987792969
1036.21882740976	753.599975585938
1038.96352016114	755.299987792969
1041.70733968965	752.700012207031
1044.45028639323	751.099975585938
1047.19236066972	751.099975585938
1049.93356291686	751.5
1052.6738935323	751.099975585938
1055.41335291363	751.099975585938
1058.15194145829	750.799987792969
1060.88965956365	751.400024414063
1063.62650762702	750.200012207031
1066.36248604555	751.099975585938
1069.09759521636	750.200012207031
1071.83183553642	750.599975585938
1074.56520740263	751.200012207031
1077.29771121181	751.400024414063
1080.02934736065	752.799987792969
1082.76011624574	751.900024414063
1085.4900182636	751.299987792969
1088.21905381064	751.599975585938
1090.94722328316	751.5
1093.67452707735	752.5
1096.40096558935	752.299987792969
1099.12653921515	752.200012207031
1101.85124835065	754
1104.57509339165	754.599975585938
1107.29807473384	754.599975585938
1110.02019277284	755.799987792969
1112.7414479041	758.799987792969
1115.46184052305	758.799987792969
1118.18137102495	758.599975585938
1120.90003980497	758
1123.6178472582	759.200012207031
1126.3347937796	759.5
1129.05087976402	760
1131.76610560621	759.599975585938
1134.48047170081	759
1137.19397844237	760.299987792969
1139.90662622532	758.599975585938
1142.61841544396	759.900024414063
1145.3293464925	759.299987792969
1148.03941976504	759.799987792969
1150.74863565557	759.200012207031
1153.45699455796	758.5
1156.16449686598	759.5
1158.87114297328	757.299987792969
1161.5769332734	757.599975585938
1164.28186815977	757.400024414063
1166.9859480257	756.5
1169.68917326438	755.599975585938
1172.3915442689	752.599975585938
1175.09306143224	753.299987792969
1177.79372514725	750.299987792969
1180.49353580667	752.900024414063
1183.19249380311	750.799987792969
1185.8905995291	750.099975585938
1188.587853377	749.5
1191.28425573911	746.599975585938
1193.97980700757	747.5
1196.6745075744	747.099975585938
1199.36835783155	745.400024414063
1202.06135817079	746.599975585938
1204.75350898382	745.400024414063
1207.44481066216	745.200012207031
1210.13526359728	745.200012207031
1212.82486818048	742.599975585938
1215.51362480295	744.200012207031
1218.20153385577	743
1220.88859572989	743.200012207031
1223.57481081613	742.5
1226.26017950519	740.799987792969
1228.94470218765	741.099975585938
1231.62837925397	742.200012207031
1234.31121109448	741.200012207031
1236.99319809938	741.200012207031
1239.67434065875	741.799987792969
1242.35463916254	740
1245.03409400059	740.200012207031
1247.71270556258	739.900024414063
1250.3904742381	739.700012207031
1253.06740041659	739.400024414063
1255.74348448737	740.099975585938
1258.41872683962	738.599975585938
1261.09312786241	738.799987792969
1263.76668794468	739.700012207031
1266.43940747521	739.700012207031
1269.11128684269	739.700012207031
1271.78232643565	738.400024414063
1274.4525266425	738.799987792969
1277.12188785152	738.299987792969
1279.79041045087	737.700012207031
1282.45809482855	737.099975585938
1285.12494137245	737.400024414063
1287.79095047032	737.799987792969
1290.45612250977	736.599975585938
1293.12045787829	735.599975585938
1295.78395696323	736.5
1298.4466201518	736.700012207031
1301.10844783108	738.200012207031
1303.76944038802	735.200012207031
1306.42959820943	736.400024414063
1309.08892168197	736.299987792969
1311.74741119219	737.900024414063
1314.40506712649	735.900024414063
1317.06188987112	736.200012207031
1319.71787981222	737.299987792969
1322.37303733578	736.400024414063
1325.02736282763	735.099975585938
1327.6808566735	736.400024414063
1330.33351925895	736.900024414063
1332.98535096942	736.5
1335.6363521902	734.5
1338.28652330643	737.200012207031
1340.93586470315	735.299987792969
1343.58437676521	735.700012207031
1346.23205987735	735.099975585938
1348.87891442415	734.900024414063
1351.52494079006	734.599975585938
1354.17013935939	735.200012207031
1356.81451051628	735.5
1359.45805464479	734
1362.10077212876	733.299987792969
1364.74266335193	735.5
1367.38372869791	734.299987792969
1370.02396855011	734.599975585938
1372.66338329184	733.799987792969
1375.30197330626	734.700012207031
1377.93973897638	732.5
1380.57668068506	733.5
1383.21279881501	732.599975585938
1385.8480937488	733.099975585938
1388.48256586886	732.700012207031
1391.11621555746	732.599975585938
1393.74904319673	734.700012207031
1396.38104916866	732.799987792969
1399.01223385507	733.799987792969
1401.64259763764	732.799987792969
1404.27214089792	732.5
1406.90086401729	733.400024414063
1409.52876737698	732.5
1412.15585135807	732.900024414063
1414.78211634153	733.400024414063
1417.40756270811	732.799987792969
1420.03219083847	732.900024414063
1422.65600111307	731.799987792969
1425.27899391227	731.400024414063
1427.90116961623	732.200012207031
1430.52252860499	732.700012207031
1433.14307125842	733.400024414063
1435.76279795625	732.099975585938
1438.38170907805	732.700012207031
1440.99980500324	733.299987792969
1443.61708611107	733.700012207031
1446.23355278067	732
1448.84920539098	732.700012207031
1451.4640443208	732.700012207031
1454.07806994879	731.5
1456.69128265344	732.5
1459.30368281307	731.900024414063
1461.91527080588	732.700012207031
1464.52604700989	732.400024414063
1467.13601180296	731.5
1469.74516556279	732
1472.35350866696	732.799987792969
1474.96104149285	732.200012207031
1477.56776441771	732.400024414063
1480.17367781861	733
1482.77878207248	732.099975585938
1485.38307755609	732.5
1487.98656464603	731.5
1490.58924371876	733.099975585938
1493.19111515057	732.599975585938
1495.79217931758	732.099975585938
1498.39243659577	732.700012207031
1500.99188736094	732.299987792969
1503.59053198873	732.799987792969
1506.18837085465	731.700012207031
1508.785404334	732.299987792969
1511.38163280196	731.900024414063
1513.97705663354	730.5
1516.57167620357	732.200012207031
1519.16549188673	730.799987792969
1521.75850405755	732.400024414063
1524.35071309037	732.299987792969
1526.9421193594	731.900024414063
1529.53272323865	731.799987792969
1532.122525102	732
1534.71152532314	731.200012207031
1537.29972427561	732.599975585938
1539.8871223328	731.5
1542.47371986791	732.400024414063
1545.05951725397	731.5
1547.64451486388	732.700012207031
1550.22871307034	731.200012207031
1552.81211224592	732
1555.39471276298	730.599975585938
1557.97651499375	730.5
1560.55751931028	732.299987792969
1563.13772608445	731.799987792969
1565.71713568798	732
1568.29574849243	732.299987792969
1570.87356486918	732.200012207031
1573.45058518943	731.700012207031
1576.02680982425	732
1578.60223914452	730.400024414063
1581.17687352094	729.400024414063
1583.75071332406	731.700012207031
1586.32375892425	730.400024414063
1588.89601069173	730.799987792969
1591.46746899652	731
1594.03813420851	731.299987792969
1596.60800669738	732
1599.17708683267	731.400024414063
1601.74537498374	730.299987792969
1604.31287151975	731.099975585938
1606.87957680976	732.099975585938
1609.44549122259	731.200012207031
1612.01061512692	730.799987792969
1614.57494889126	730.5
1617.13849288394	731
1619.70124747313	729.099975585938
1622.2632130268	730.900024414063
1624.82438991279	731.900024414063
1627.38477849873	729.900024414063
1629.9443791521	730.700012207031
1632.5031922402	731
1635.06121813016	729.799987792969
1637.61845718892	731.200012207031
1640.17490978328	730.700012207031
1642.73057627983	731.599975585938
1645.28545704501	730.099975585938
1647.83955244508	730.900024414063
1650.39286284613	730.700012207031
1652.94538861407	731.200012207031
1655.49713011461	730.099975585938
1658.04808771334	731.400024414063
1660.59826177564	731
1663.14765266671	730.799987792969
1665.6962607516	730.299987792969
1668.24408639516	730.200012207031
1670.79112996207	731.5
1673.33739181685	731.799987792969
1675.88287232381	731.299987792969
1678.42757184714	731.299987792969
1680.97149075077	731.200012207031
1683.51462939854	731.700012207031
1686.05698815406	730.700012207031
1688.59856738078	732.200012207031
1691.13936744196	732.200012207031
1693.67938870071	732
1696.21863151993	732.299987792969
1698.75709626235	732.200012207031
1701.29478329055	732
1703.83169296688	733.200012207031
1706.36782565357	732.099975585938
1708.90318171263	730.799987792969
1711.4377615059	731.700012207031
1713.97156539505	731
1716.50459374155	732.5
1719.03684690673	731.299987792969
1721.56832525169	731.200012207031
1724.0990291374	730.200012207031
1726.62895892461	732.299987792969
1729.15811497392	731.799987792969
1731.68649764571	731.200012207031
1734.21410730024	731
1736.74094429752	729.5
1739.26700899743	731.900024414063
1741.79230175966	731.700012207031
1744.31682294371	730.5
1746.84057290888	729.5
1749.36355201434	729.299987792969
1751.88576061902	731.099975585938
1754.4071990817	730.099975585938
1756.92786776098	730.5
1759.44776701527	730.400024414063
1761.9668972028	728.700012207031
1764.48525868161	729
1767.00285180958	729.5
1769.51967694437	728.400024414063
1772.03573444348	729.900024414063
1774.55102466424	729.799987792969
1777.06554796376	728.299987792969
1779.57930469901	729.5
1782.09229522675	728.900024414063
1784.60451990356	729.099975585938
1787.11597908582	729.099975585938
1789.62667312977	728.099975585938
1792.13660239142	728.599975585938
1794.64576722662	729.700012207031
1797.15416799103	727.900024414063
1799.66180504014	729.099975585938
1802.16867872921	727.5
1804.67478941338	728.799987792969
1807.18013744755	727.700012207031
1809.68472318647	729.299987792969
1812.18854698468	728
1814.69160919654	727.700012207031
1817.19391017625	727.5
1819.69545027779	727.099975585938
1822.19622985497	726.900024414063
1824.69624926142	727.700012207031
1827.19550885056	727.200012207031
1829.69400897566	726.5
1832.19174998977	726.700012207031
1834.68873224578	727.099975585938
1837.18495609636	727.200012207031
1839.68042189405	728.599975585938
1842.17512999113	727.400024414063
1844.66908073976	727.299987792969
1847.16227449185	727.200012207031
1849.65471159919	727.200012207031
1852.14639241333	727.799987792969
1854.63731728566	728
1857.12748656736	726.700012207031
1859.61690060946	726.799987792969
1862.10555976276	727.200012207031
1864.59346437789	726.700012207031
1867.0806148053	727
1869.56701139525	726.299987792969
1872.05265449779	725.5
1874.5375444628	726.5
1877.02168163998	725.700012207031
1879.50506637882	726.200012207031
1881.98769902865	725.900024414063
1884.46957993857	726.099975585938
1886.95070945752	726
1889.43108793426	725.799987792969
1891.91071571733	726.200012207031
1894.3895931551	728
1896.86772059576	726.700012207031
1899.34509838728	727.299987792969
1901.82172687745	726.599975585938
1904.29760641392	726.700012207031
1906.77273734407	726.099975585938
1909.24712001514	726.400024414063
1911.72075477417	726
1914.19364196802	727
1916.66578194333	725.799987792969
1919.13717504658	727
1921.60782162405	725.799987792969
1924.07772202183	726.900024414063
1926.5468765858	725.700012207031
1929.01528566169	726.400024414063
1931.482949595	724.799987792969
1933.94986873107	725.5
1936.41604341501	726.900024414063
1938.88147399179	726.099975585938
1941.34616080614	726.799987792969
1943.81010420264	725
1946.27330452565	725.700012207031
1948.73576211936	726.200012207031
1951.19747732774	724.799987792969
1953.6584504946	725.799987792969
1956.11868196354	724.900024414063
1958.57817207798	725.5
1961.03692118112	725.299987792969
1963.494929616	725.200012207031
1965.95219772548	726.400024414063
1968.40872585217	726
1970.86451433854	726.299987792969
1973.31956352686	725.200012207031
1975.77387375919	725.099975585938
1978.22744537741	725.400024414063
1980.68027872319	725.299987792969
1983.13237413805	725
1985.58373196327	725.299987792969
1988.03435253995	725
1990.48423620903	724.799987792969
1992.93338331123	725.900024414063
1995.38179418705	725.900024414063
1997.82946917685	725.799987792969
2000.27640862078	724.700012207031
2002.72261285876	725.299987792969
2005.16808223058	725.599975585938
2007.6128170758	725.900024414063
2010.05681773378	725.5
2012.5000845437	725.099975585938
2014.94261784456	724.299987792969
2017.38441797513	725.299987792969
2019.82548527403	724.599975585938
2022.26582007965	725.200012207031
2024.70542273021	725.5
2027.14429356372	725.099975585938
2029.58243291803	725.599975585938
2032.01984113074	726.299987792969
2034.4565185393	726
2036.89246548096	725
2039.32768229276	725.599975585938
2041.76216931157	724.900024414063
2044.19592687403	726.200012207031
2046.62895531664	725
2049.06125497565	724.400024414063
2051.49282618715	724.799987792969
2053.92366928702	725.599975585938
2056.35378461097	725.299987792969
2058.78317249448	725.599975585938
2061.21183327286	725
2063.63976728122	724.599975585938
2066.06697485448	724.799987792969
2068.49345632736	725.200012207031
2070.91921203438	725.799987792969
2073.34424230988	724.200012207031
2075.768547488	725.700012207031
2078.19212790268	725.099975585938
2080.61498388767	725.200012207031
2083.03711577653	725.400024414063
2085.45852390261	724.599975585938
2087.87920859908	725.700012207031
2090.29917019892	725.200012207031
2092.7184090349	725
2095.1369254396	724.799987792969
2097.5547197454	724.599975585938
2099.97179228451	724.799987792969
2102.38814338892	724.5
2104.80377339043	725
2107.21868262065	724.5
2109.632871411	725.299987792969
2112.04634009268	725.799987792969
2114.45908899673	725.799987792969
2116.87111845398	724.5
2119.28242879505	724.599975585938
2121.69302035039	725.799987792969
2124.10289345023	724.799987792969
2126.51204842463	724.700012207031
2128.92048560345	724.799987792969
2131.32820531633	724.599975585938
2133.73520789276	725.700012207031
2136.14149366198	725.5
2138.54706295308	724.200012207031
2140.95191609493	725.5
2143.35605341621	725.099975585938
2145.75947524542	724.099975585938
2148.16218191085	725.200012207031
2150.5641737406	725.099975585938
2152.96545106256	725.200012207031
2155.36601420444	726.200012207031
2157.76586349376	725.900024414063
2160.16499925784	725.599975585938
2162.56342182378	725.799987792969
2164.96113151853	724.5
2167.35812866881	724.5
2169.75441360116	726
2172.14998664193	725.799987792969
2174.54484811724	725
2176.93899835305	724.400024414063
2179.33243767513	724.700012207031
2181.72516640902	725
2184.1171848801	725.200012207031
2186.50849341353	725.400024414063
2188.89909233429	725
2191.28898196715	724
2193.6781626367	725.700012207031
2196.06663466732	724.5
2198.45439838321	724.299987792969
2200.84145410837	725.400024414063
2203.2278021666	725.200012207031
2205.6134428815	725.700012207031
2207.99837657649	724.700012207031
2210.38260357479	725.5
2212.76612419941	725.299987792969
2215.14893877318	725.599975585938
2217.53104761874	724.900024414063
2219.91245105852	724.700012207031
2222.29314941476	725.099975585938
2224.67314300949	725.700012207031
2227.05243216459	725.099975585938
2229.4310172017	725.799987792969
2231.80889844227	724.099975585938
2234.18607620758	724.799987792969
2236.5625508187	725.599975585938
2238.93832259649	725
2241.31339186165	724.599975585938
2243.68775893465	725.5
2246.06142413579	725.299987792969
2248.43438778515	726.200012207031
2250.80665020264	725.099975585938
2253.17821170796	726
2255.54907262063	726.099975585938
2257.91923325996	724.599975585938
2260.28869394506	725.200012207031
2262.65745499486	725.200012207031
2265.0255167281	725.200012207031
2267.3928794633	724.700012207031
2269.75954351881	725.200012207031
2272.12550921278	726
2274.49077686315	724.900024414063
2276.85534678768	725.5
2279.21921930393	724.400024414063
2281.58239472928	726.400024414063
2283.94487338088	725.400024414063
2286.30665557572	724.799987792969
2288.66774163059	725.099975585938
2291.02813186206	725.700012207031
2293.38782658654	726.200012207031
2295.74682612022	725.700012207031
2298.10513077911	724.799987792969
2300.46274087902	725.099975585938
2302.81965673556	725.599975585938
2305.17587866417	725.400024414063
2307.53140698005	725.599975585938
2309.88624199826	724.400024414063
2312.24038403362	725.099975585938
2314.59383340078	725
2316.9465904142	725.400024414063
2319.29865538813	726
2321.65002863662	725.099975585938
2324.00071047355	724.799987792969
2326.3507012126	725.099975585938
2328.70000116725	724.400024414063
2331.04861065077	726.200012207031
2333.39652997627	725.299987792969
2335.74375945665	724.900024414063
2338.09029940459	725.400024414063
2340.43615013263	724.799987792969
2342.78131195308	725.299987792969
2345.12578517806	725.299987792969
2347.46957011949	724.400024414063
2349.81266708913	724.900024414063
2352.15507639851	725.099975585938
2354.49679835898	724.700012207031
2356.8378332817	725.5
2359.17818147763	725.099975585938
2361.51784325754	725.099975585938
2363.85681893201	724.200012207031
2366.19510881143	724
2368.53271320597	724.299987792969
2370.86963242566	724.5
2373.20586678026	725.099975585938
2375.54141657942	724.200012207031
2377.87628213255	724.299987792969
2380.21046374886	724.5
2382.5439617374	725.200012207031
2384.876776407	724.799987792969
2387.20890806631	725.099975585938
2389.54035702378	724.200012207031
2391.87112358769	725.099975585938
2394.20120806609	724.599975585938
2396.53061076688	724.299987792969
2398.85933199771	724.599975585938
2401.18737206611	723.900024414063
2403.51473127936	724.599975585938
2405.84140994457	726.099975585938
2408.16740836866	724.599975585938
2410.49272685835	724.400024414063
2412.81736572018	724.299987792969
2415.14132526048	724.099975585938
2417.46460578541	724.400024414063
2419.78720760092	724.400024414063
2422.10913101278	723.599975585938
2424.43037632656	724.700012207031
2426.75094384763	724.900024414063
2429.0708338812	724.599975585938
2431.39004673226	724.099975585938
2433.70858270562	724.299987792969
2436.02644210589	723.299987792969
2438.3436252375	724
2440.6601324047	724.900024414063
2442.9759639115	724.5
2445.29112006177	724
2447.60560115917	723.700012207031
2449.91940750717	724.299987792969
2452.23253940905	724.5
2454.5449971679	724.099975585938
2456.85678108662	724.5
2459.16789146791	724.799987792969
2461.47832861429	725.299987792969
2463.78809282809	724.700012207031
2466.09718441145	723.599975585938
2468.4056036663	723.299987792969
2470.71335089442	724.599975585938
2473.02042639735	724.200012207031
2475.32683047649	723.5
2477.63256343301	724.200012207031
2479.93762556792	724.5
2482.24201718201	725.400024414063
2484.54573857591	724.700012207031
2486.84879005005	723.799987792969
2489.15117190467	723
2491.4528844398	724.200012207031
2493.75392795531	725.299987792969
2496.05430275088	724.099975585938
2498.35400912598	724.299987792969
2500.65304737991	724.799987792969
2502.95141781177	723.799987792969
2505.24912072047	724.299987792969
2507.54615640475	724
2509.84252516313	724.299987792969
2512.13822729396	724.5
2514.43326309541	724.400024414063
2516.72763286546	724
2519.02133690188	724.599975585938
2521.31437550226	724.700012207031
2523.60674896402	724.099975585938
2525.89845758438	724.299987792969
2528.18950166036	724.5
2530.47988148881	724.799987792969
2532.76959736639	723.799987792969
2535.05864958956	722.900024414063
2537.34703845461	724
2539.63476425764	723.5
2541.92182729453	723.5
2544.20822786102	723.599975585938
2546.49396625263	724.099975585938
2548.77904276471	724.400024414063
2551.06345769243	723.799987792969
2553.34721133075	724.200012207031
2555.63030397446	724.099975585938
2557.91273591814	723.700012207031
2560.19450745623	724.099975585938
2562.47561888293	724.700012207031
2564.75607049228	725.099975585938
2567.03586257817	724.5
2569.31499543421	723.799987792969
2571.59346935393	723.700012207031
2573.87128463059	725.299987792969
2576.14844155732	725
2578.42494042703	723.900024414063
2580.70078153248	724.099975585938
2582.97596516619	724.400024414063
2585.25049162055	723.799987792969
2587.52436118774	724.900024414063
2589.79757415976	724.799987792969
2592.0701308284	724.099975585938
2594.34203148531	724.400024414063
2596.61327642193	723.900024414063
2598.8838659295	724.900024414063
2601.15380029911	725
2603.42307982164	725.299987792969
2605.69170478781	724
2607.95967548813	723.799987792969
2610.22699221293	724.700012207031
2612.49365525236	723.799987792969
2614.75966489641	724.700012207031
2617.02502143485	725.299987792969
2619.28972515728	724.299987792969
2621.55377635311	724.799987792969
2623.8171753116	723.799987792969
2626.07992232178	725.5
2628.34201767252	724.799987792969
2630.60346165251	724.5
2632.86425455025	725.400024414063
2635.12439665406	725.299987792969
2637.38388825208	724.900024414063
2639.64272963226	724.299987792969
2641.90092108237	724.700012207031
2644.15846289001	724.799987792969
2646.41535534257	725.200012207031
2648.6715987273	725
2650.92719333123	724.799987792969
2653.18213944121	724.799987792969
2655.43643734393	725.299987792969
2657.6900873259	724.700012207031
2659.94308967342	725.700012207031
2662.19544467264	724.599975585938
2664.4471526095	725
2666.69821376979	724.400024414063
2668.94862843909	725.299987792969
2671.19839690281	725.900024414063
2673.44751944621	725.099975585938
2675.6959963543	725
2677.94382791198	725.5
2680.19101440393	725.400024414063
2682.43755611467	725.299987792969
2684.68345332852	725.599975585938
2686.92870632962	725.099975585938
2689.17331540197	726.299987792969
2691.41728082935	725.400024414063
2693.66060289535	724.5
2695.90328188344	725.599975585938
2698.14531807684	725
2700.38671175865	726
2702.62746321176	725.099975585938
2704.86757271887	727
2707.10704056254	725.099975585938
2709.34586702512	726
2711.58405238879	725.799987792969
2713.82159693555	726.5
2716.05850094724	726.700012207031
2718.2947647055	725.099975585938
2720.5303884918	726.099975585938
2722.76537258743	726.900024414063
2724.9997172735	726.5
2727.23342283096	726
2729.46648954056	726.400024414063
2731.69891768289	726.400024414063
2733.93070753835	726.200012207031
2736.16185938717	726.400024414063
2738.39237350941	726.200012207031
2740.62225018494	726.200012207031
2742.85148969346	726.700012207031
2745.08009231449	727
2747.30805832739	726.5
2749.53538801132	727.099975585938
2751.76208164528	727
2753.98813950809	726.200012207031
2756.2135618784	727.200012207031
2758.43834903466	726.700012207031
2760.6625012552	727.700012207031
2762.8860188181	727.099975585938
2765.10890200134	727.400024414063
2767.33115108267	726.799987792969
2769.55276633968	727.5
2771.77374804981	727.599975585938
2773.99409649029	727.200012207031
2776.2138119382	727
2778.43289467044	727.700012207031
2780.65134496373	727.299987792969
2782.86916309462	728.400024414063
2785.08634933949	727.799987792969
2787.30290397455	727.900024414063
2789.51882727582	727.200012207031
2791.73411951917	727
2793.94878098028	727.400024414063
2796.16281193466	727.900024414063
2798.37621265765	727.799987792969
2800.58898342442	727.799987792969
2802.80112450996	728.5
2805.01263618911	727.599975585938
2807.2235187365	726.5
2809.43377242661	726.700012207031
2811.64339753376	728.099975585938
2813.85239433209	728.5
2816.06076309555	726.400024414063
2818.26850409794	727.5
2820.47561761289	727.099975585938
2822.68210391383	727
2824.88796327407	727.299987792969
2827.0931959667	727.099975585938
2829.29780226467	726.900024414063
2831.50178244075	727.900024414063
2833.70513676754	727.5
2835.90786551747	727.900024414063
2838.10996896279	727.700012207031
2840.31144737561	726.599975585938
2842.51230102784	726.700012207031
2844.71253019124	727.400024414063
2846.91213513738	727.099975585938
2849.11111613768	726.200012207031
2851.3094734634	726.400024414063
2853.50720738561	726.700012207031
2855.7043181752	726.5
2857.90080610294	726.799987792969
2860.09667143939	727.299987792969
2862.29191445495	726.5
2864.48653541988	726.299987792969
2866.68053460421	727.900024414063
2868.87391227788	725.599975585938
2871.06666871061	726.900024414063
2873.25880417197	727.400024414063
2875.45031893136	727
2877.64121325801	726.700012207031
2879.831487421	727.900024414063
2882.02114168922	726.200012207031
2884.21017633142	726.5
2886.39859161615	727.299987792969
2888.58638781184	728.599975585938
2890.77356518671	728.5
2892.96012400883	727.299987792969
2895.14606454612	728.200012207031
2897.33138706632	728.099975585938
2899.51609183701	729
2901.70017912559	729.5
2903.88364919932	730.400024414063
2906.06650232528	730.599975585938
2908.2487387704	730.900024414063
2910.43035880141	731.5
2912.61136268493	730
2914.79175068737	729.799987792969
2916.971523075	729
2919.15068011392	729.599975585938
2921.32922207008	727.799987792969
2923.50714920924	728.599975585938
2925.68446179701	727.099975585938
2927.86116009886	727.700012207031
2930.03724438006	727.400024414063
2932.21271490573	726.200012207031
2934.38757194085	726.400024414063
2936.56181575021	726.400024414063
2938.73544659846	726.900024414063
2940.90846475006	726
2943.08087046934	726.200012207031
2945.25266402045	726.799987792969
2947.42384566739	725.799987792969
2949.59441567399	726.299987792969
2951.76437430392	727.400024414063
2953.9337218207	726.599975585938
2956.10245848767	727.200012207031
2958.27058456803	727.900024414063
2960.43810032481	725.799987792969
2962.60500602089	727.700012207031
2964.77130191897	728
2966.93698828162	727.400024414063
2969.10206537122	727.5
2971.26653345001	726.799987792969
2973.43039278007	727.599975585938
2975.59364362331	727.299987792969
2977.75628624151	726.400024414063
2979.91832089625	727.099975585938
2982.07974784898	726.200012207031
2984.24056736099	727.099975585938
2986.40077969341	726.900024414063
2988.56038510721	725.700012207031
2990.71938386319	726.200012207031
2992.87777622203	726.400024414063
2995.03556244421	726.099975585938
2997.19274279009	725.700012207031
2999.34931751984	726.099975585938
3001.5052868935	726.700012207031
3003.66065117094	726
3005.81541061188	725.599975585938
3007.96956547589	726
3010.12311602237	725.700012207031
3012.27606251058	726.599975585938
3014.42840519961	725.900024414063
3016.5801443484	726.700012207031
3018.73128021574	724.700012207031
3020.88181306026	726
3023.03174314045	724.900024414063
3025.18107071461	725.900024414063
3027.32979604094	726.599975585938
3029.47791937744	727
3031.62544098197	725.400024414063
3033.77236111226	726.799987792969
3035.91868002584	726.599975585938
3038.06439798013	726.299987792969
3040.20951523238	725.299987792969
3042.35403203969	726.5
3044.49794865899	725.099975585938
3046.6412653471	724.400024414063
3048.78398236063	725.700012207031
3050.92609995611	725.200012207031
3053.06761838984	725.5
3055.20853791804	726
3057.34885879672	725.099975585938
3059.48858128178	725.5
3061.62770562895	725.400024414063
3063.76623209382	725
3065.90416093181	726.200012207031
3068.04149239822	725
3070.17822674818	725.5
3072.31436423666	725.700012207031
3074.44990511851	725.299987792969
3076.58484964841	725
3078.7191980809	726
3080.85295067036	726.400024414063
3082.98610767103	725.799987792969
3085.11866933701	725.200012207031
3087.25063592222	726.099975585938
3089.38200768048	724.799987792969
3091.51278486542	726
3093.64296773054	725.5
3095.7725565292	725.400024414063
3097.90155151459	726.400024414063
3100.02995293977	726.5
3102.15776105766	725.200012207031
3104.284976121	725.599975585938
3106.41159838243	725.099975585938
3108.53762809442	726
3110.66306550928	725.900024414063
3112.78791087919	726.099975585938
3114.9121644562	726.099975585938
3117.03582649218	724.200012207031
3119.15889723888	726.200012207031
3121.28137694789	725.299987792969
3123.40326587068	725.900024414063
3125.52456425854	725.900024414063
3127.64527236265	726
3129.76539043401	726.5
3131.88491872352	726.400024414063
3134.00385748189	725.200012207031
3136.12220695972	725.400024414063
3138.23996740746	725.599975585938
3140.35713907541	725.700012207031
3142.47372221373	725.599975585938
3144.58971707243	725.5
3146.7051239014	725
3148.81994295036	725.5
3150.9341744689	726.400024414063
3153.04781870648	725.5
3155.1608759124	724.799987792969
3157.27334633582	724.5
3159.38523022579	725.299987792969
3161.49652783117	726.299987792969
3163.60723940071	726.599975585938
3165.71736518302	725.5
3167.82690542655	725.799987792969
3169.93586037964	725.700012207031
3172.04423029046	725.099975585938
3174.15201540706	724.299987792969
3176.25921597735	725.700012207031
3178.36583224909	725.200012207031
3180.4718644699	725.299987792969
3182.57731288727	725.900024414063
3184.68217774857	724.799987792969
3186.78645930098	725.599975585938
3188.89015779159	726.799987792969
3190.99327346734	725.799987792969
3193.09580657502	725.799987792969
3195.19775736129	726.299987792969
3197.29912607268	724.700012207031
3199.39991295556	725
3201.5001182562	725.299987792969
3203.59974222071	726.099975585938
3205.69878509505	727.099975585938
3207.79724712508	725.700012207031
3209.8951285565	724.900024414063
3211.99242963488	725.299987792969
3214.08915060565	725.200012207031
3216.18529171411	725.599975585938
3218.28085320543	725.200012207031
3220.37583532463	726.299987792969
3222.47023831662	725.900024414063
3224.56406242616	725.5
3226.65730789786	726.599975585938
3228.74997497622	724.900024414063
3230.84206390561	726.099975585938
3232.93357493025	726.200012207031
3235.02450829423	726.099975585938
3237.11486424152	725.5
3239.20464301593	725.400024414063
3241.29384486118	725.599975585938
3243.38247002082	725.700012207031
3245.47051873828	726.099975585938
3247.55799125686	726.5
3249.64488781974	726.200012207031
3251.73120866994	725.400024414063
3253.81695405038	726.099975585938
3255.90212420383	726.099975585938
3257.98671937293	725.299987792969
3260.0707398002	726.5
3262.15418572802	726.099975585938
3264.23705739865	725.799987792969
3266.31935505421	726.799987792969
3268.4010789367	725.799987792969
3270.48222928798	726.5
3272.5628063498	726.099975585938
3274.64281036374	725.599975585938
3276.72224157131	725.400024414063
3278.80110021386	726.299987792969
3280.87938653259	725.900024414063
3282.95710076862	726
3285.03424316291	724.799987792969
3287.11081395629	725.599975585938
3289.1868133895	726.900024414063
3291.26224170309	724.700012207031
3293.33709913756	724.599975585938
3295.41138593322	726.900024414063
3297.48510233029	726.400024414063
3299.55824856884	725.799987792969
3301.63082488883	726.200012207031
3303.7028315301	725.700012207031
3305.77426873235	725.5
3307.84513673516	726.200012207031
3309.91543577799	726.5
3311.98516610016	726.200012207031
3314.05432794089	726.700012207031
3316.12292153926	725.700012207031
3318.19094713423	725.599975585938
3320.25840496463	726.200012207031
3322.32529526918	726.599975585938
3324.39161828647	727
3326.45737425495	725.599975585938
3328.522563413	726
3330.58718599881	725.700012207031
3332.65124225049	727.099975585938
3334.71473240602	726.200012207031
3336.77765670325	726
3338.84001537992	725.5
3340.90180867365	726.400024414063
3342.96303682192	725.299987792969
3345.02370006211	726.400024414063
3347.08379863147	725.700012207031
3349.14333276713	726.400024414063
3351.2023027061	726.099975585938
3353.26070868528	725.900024414063
3355.31855094143	725.599975585938
3357.37582971122	727
3359.43254523117	726.5
3361.4886977377	726
3363.54428746711	726.400024414063
3365.59931465557	726.099975585938
3367.65377953915	726.400024414063
3369.70768235379	726.599975585938
3371.76102333531	726.099975585938
3373.81380271943	727
3375.86602074173	726.900024414063
3377.91767763769	726.599975585938
3379.96877364267	727.099975585938
3382.0193089919	726.5
3384.06928392052	727
3386.11869866353	726.200012207031
3388.16755345582	727.200012207031
3390.21584853218	726.799987792969
3392.26358412727	726.400024414063
3394.31076047564	727.099975585938
3396.35737781172	726.900024414063
3398.40343636984	726.400024414063
3400.44893638419	726.700012207031
3402.49387808886	726.400024414063
3404.53826171785	725.799987792969
3406.58208750502	726.799987792969
3408.6253556841	726.599975585938
3410.66806648875	726.700012207031
3412.71022015249	726.299987792969
3414.75181690873	726.099975585938
3416.79285699078	727.200012207031
3418.83334063183	726
3420.87326806496	726.5
3422.91263952312	726.400024414063
3424.95145523919	727
3426.98971544589	727.599975585938
3429.02742037588	727.700012207031
3431.06457026167	726.700012207031
3433.10116533567	727
3435.1372058302	726.599975585938
3437.17269197744	725.599975585938
3439.20762400948	725.900024414063
3441.2420021583	727.700012207031
3443.27582665576	726.299987792969
3445.30909773362	725.799987792969
3447.34181562354	726.700012207031
3449.37398055705	726.799987792969
3451.40559276559	727
3453.43665248049	726.700012207031
3455.46715993296	726.099975585938
3457.49711535412	727.200012207031
3459.52651897498	727.200012207031
3461.55537102642	726.400024414063
3463.58367173926	726.900024414063
3465.61142134416	727
3467.63862007172	726.599975585938
3469.6652681524	727.5
3471.69136581658	726.599975585938
3473.71691329452	726.900024414063
3475.74191081638	725.799987792969
3477.76635861223	726.599975585938
3479.79025691199	726.299987792969
3481.81360594553	727
3483.8364059426	725.900024414063
3485.85865713282	726.099975585938
3487.88035974573	726.700012207031
3489.90151401077	726.099975585938
3491.92212015726	725.400024414063
3493.94217841445	726
3495.96168901145	726.700012207031
3497.98065217727	726.5
3499.99906814086	726.599975585938
3502.01693713103	726.5
3504.0342593765	727.099975585938
3506.05103510588	726.900024414063
3508.06726454769	726.200012207031
3510.08294793036	726.799987792969
3512.0980854822	726.799987792969
3514.11267743142	726.099975585938
3516.12672400614	727.299987792969
3518.14022543439	726.400024414063
3520.15318194406	727.299987792969
3522.165593763	726.599975585938
3524.17746111893	727.299987792969
3526.18878423946	727.299987792969
3528.19956335211	727.099975585938
3530.20979868432	727.299987792969
3532.21949046342	727.900024414063
3534.22863891663	726.299987792969
3536.23724427109	726.099975585938
3538.24530675385	726.900024414063
3540.25282659183	726.5
3542.25980401189	727.299987792969
3544.26623924077	725.700012207031
3546.27213250514	727.599975585938
3548.27748403155	727.299987792969
3550.28229404645	726.599975585938
3552.28656277621	727.200012207031
3554.29029044712	727.799987792969
3556.29347728535	727.599975585938
3558.29612351698	726.599975585938
3560.298229368	727.599975585938
3562.29979506431	726.900024414063
3564.30082083171	727.299987792969
3566.30130689591	727.900024414063
3568.30125348254	727.900024414063
3570.3006608171	728.299987792969
3572.29952912505	727.599975585938
3574.29785863171	728.099975585938
3576.29564956234	729.299987792969
3578.29290214208	727.5
3580.28961659601	727.700012207031
3582.28579314909	727.5
3584.28143202623	728.599975585938
3586.2765334522	728.200012207031
3588.27109765171	729.799987792969
3590.26512484937	728.900024414063
3592.2586152697	728.900024414063
3594.25156913715	729.200012207031
3596.24398667604	728.200012207031
3598.23586811064	729.200012207031
3600.22721366512	728.799987792969
3602.21802356355	730.900024414063
3604.20829802992	730.299987792969
3606.19803728814	731
3608.18724156202	730.5
3610.17591107528	731.299987792969
3612.16404605157	730.5
3614.15164671444	730.900024414063
3616.13871328736	731.599975585938
3618.12524599372	731.900024414063
3620.11124505679	731.799987792969
3622.09671069979	731.799987792969
3624.08164314585	731.299987792969
3626.06604261801	732.700012207031
3628.04990933921	732.5
3630.03324353233	731.599975585938
3632.01604542015	731.299987792969
3633.99831522537	732
3635.98005317061	732.200012207031
3637.9612594784	733.299987792969
3639.94193437118	733
3641.92207807134	732
3643.90169080115	733.299987792969
3645.8807727828	733.200012207031
3647.85932423843	731.5
3649.83734539007	731.799987792969
3651.81483645967	731.200012207031
3653.7917976691	730.5
3655.76822924016	732.200012207031
3657.74413139457	731
3659.71950435395	732
3661.69434833986	730.200012207031
3663.66866357375	729.799987792969
3665.64245027704	731
3667.61570867102	730.599975585938
3669.58843897693	731.299987792969
3671.56064141592	730
3673.53231620908	729.299987792969
3675.50346357738	729.200012207031
3677.47408374176	729.099975585938
3679.44417692305	729.400024414063
3681.41374334201	729.5
3683.38278321933	728.799987792969
3685.35129677563	729
3687.31928423142	730.599975585938
3689.28674580716	729.400024414063
3691.25368172324	729.5
3693.22009219995	729.5
3695.18597745752	729.799987792969
3697.15133771611	729.599975585938
3699.11617319579	729.599975585938
3701.08048411656	728.200012207031
3703.04427069834	728.5
3705.007533161	729.599975585938
3706.9702717243	730.099975585938
3708.93248660795	730
3710.89417803159	730.700012207031
3712.85534621477	729.900024414063
3714.81599137697	731.099975585938
3716.77611373762	731
3718.73571351604	729.700012207031
3720.69479093151	730.799987792969
3722.65334620322	730.400024414063
3724.61137955029	730.599975585938
3726.56889119178	729.599975585938
3728.52588134667	730
3730.48235023387	731.299987792969
3732.43829807223	731.299987792969
3734.39372508051	730.5
3736.3486314774	730.700012207031
3738.30301748155	730.599975585938
3740.25688331151	730.900024414063
3742.21022918578	731
3744.16305532277	732.099975585938
3746.11536194085	731.700012207031
3748.0671492583	731.099975585938
3750.01841749335	731.200012207031
3751.96916686412	731.799987792969
3753.91939758873	731.599975585938
3755.86910988517	731.900024414063
3757.8183039714	732.099975585938
3759.7669800653	731.799987792969
3761.71513838469	732.299987792969
3763.66277914731	732.700012207031
3765.60990257087	732.900024414063
3767.55650887296	732.5
3769.50259827114	732.799987792969
3771.44817098291	732.400024414063
3773.39322722569	733.700012207031
3775.33776721684	733
3777.28179117365	732.400024414063
3779.22529931336	733.599975585938
3781.16829185313	733.5
3783.11076901007	734.700012207031
3785.05273100123	732.700012207031
