1	1.74062e-04	1.74062e-04	1.74062e-05	0.00000e+00	0.00000e+00
3	1.55585e-04	1.55585e-04	1.55585e-05	0.00000e+00	0.00000e+00
5	1.52306e-04	1.52306e-04	1.52306e-05	0.00000e+00	0.00000e+00
8	1.49247e-04	1.49247e-04	1.49247e-05	0.00000e+00	0.00000e+00
9	1.23374e-04	1.23374e-04	1.23374e-05	0.00000e+00	0.00000e+00
11	1.21888e-04	1.21888e-04	1.21888e-05	0.00000e+00	0.00000e+00
13	1.20089e-04	1.20089e-04	1.20089e-05	0.00000e+00	0.00000e+00
14	1.05221e-04	1.05221e-04	1.05221e-05	0.00000e+00	0.00000e+00
15	8.42060e-05	8.42060e-05	8.42060e-06	0.00000e+00	0.00000e+00
17	7.43567e-05	7.43567e-05	7.43567e-06	0.00000e+00	0.00000e+00
19	6.59593e-05	6.59593e-05	6.59593e-06	0.00000e+00	0.00000e+00
20	5.79442e-05	5.79442e-05	5.79442e-06	0.00000e+00	0.00000e+00
22	5.53274e-05	5.53274e-05	5.53274e-06	0.00000e+00	0.00000e+00
23	4.68405e-05	4.68405e-05	4.68405e-06	0.00000e+00	0.00000e+00
25	4.36609e-05	4.36609e-05	4.36609e-06	0.00000e+00	0.00000e+00
27	3.96513e-05	3.96513e-05	3.96513e-06	0.00000e+00	0.00000e+00
29	3.75285e-05	3.75285e-05	3.75285e-06	0.00000e+00	0.00000e+00
31	3.50158e-05	3.50158e-05	3.50158e-06	0.00000e+00	0.00000e+00
34	3.32805e-05	3.32805e-05	3.32805e-06	0.00000e+00	0.00000e+00
36	3.27161e-05	3.27161e-05	3.27161e-06	0.00000e+00	0.00000e+00
37	2.88567e-05	2.88567e-05	2.88567e-06	0.00000e+00	0.00000e+00
39	2.86378e-05	2.86378e-05	2.86378e-06	0.00000e+00	0.00000e+00
40	2.51087e-05	2.51087e-05	2.51087e-06	0.00000e+00	0.00000e+00
42	2.39492e-05	2.39492e-05	2.39492e-06	0.00000e+00	0.00000e+00
44	2.31645e-05	2.31645e-05	2.31645e-06	0.00000e+00	0.00000e+00
46	2.09498e-05	2.09498e-05	2.09498e-06	0.00000e+00	0.00000e+00
51	1.89649e-05	1.89649e-05	1.89649e-06	0.00000e+00	0.00000e+00
53	1.85256e-05	1.85256e-05	1.85256e-06	0.00000e+00	0.00000e+00
82	1.78607e-05	1.78607e-05	1.78607e-06	0.00000e+00	0.00000e+00
84	1.66533e-05	1.66533e-05	1.66533e-06	0.00000e+00	0.00000e+00
86	1.63126e-05	1.63126e-05	1.63126e-06	0.00000e+00	0.00000e+00
88	1.57250e-05	1.57250e-05	1.57250e-06	0.00000e+00	0.00000e+00
90	1.56129e-05	1.56129e-05	1.56129e-06	0.00000e+00	0.00000e+00
92	1.55106e-05	1.55106e-05	1.55106e-06	0.00000e+00	0.00000e+00
94	1.54965e-05	1.54965e-05	1.54965e-06	0.00000e+00	0.00000e+00
96	1.47578e-05	1.47578e-05	1.47578e-06	0.00000e+00	0.00000e+00
98	1.40720e-05	1.40720e-05	1.40720e-06	0.00000e+00	0.00000e+00
100	1.33274e-05	1.33274e-05	1.33274e-06	0.00000e+00	0.00000e+00
