0.00000000000 -1.0
0.00000000000 -1.0
0.00000000000 -1.0
0.00000000000 -1.0
0.03306868513 -1.0
0.03381797061 -1.0
0.04818224814 -1.0
0.04889479204 -1.0
0.05629560266 -1.0
0.06420467363 -1.0
0.08088840371 -1.0
0.08169723870 -1.0
0.08249307383 -1.0
0.11905784495 -1.0
0.14938594995 -1.0
0.15465539712 -1.0
0.15611101933 -1.0
0.17689054198 -1.0
0.20193677728 -1.0
0.20333419655 -1.0
0.20455212338 -1.0
0.20560859586 -1.0
0.20842996759 -1.0
0.21130320679 -1.0
0.21266133038 -1.0
0.21528810664 -1.0
0.21680490151 -1.0
0.21793588605 -1.0
0.22052292000 -1.0
0.22243737738 -1.0
0.22450153060 -1.0
0.22629193720 -1.0
0.23304324277 -1.0
0.24250929034 -1.0
0.29953516728 -1.0
0.30094103729 -1.0
0.34300669788 -1.0
0.34484919298 -1.0
0.34613252645 -1.0
0.34734409656 -1.0
0.35046003617 -1.0
0.35167478384 -1.0
1.00000000000 -1.0
1.00000000000 -1.0
1.00000000000 -1.0
1.00000000000 -1.0
