-161.05240075734	719.20001220703	0.00000000000	0.00000000000
-157.99967472388	719.32142237322	0.00000000000	0.00064549929
-154.94032512758	719.42568087212	0.00000000000	0.00129040074
-151.84553341776	719.51445346860	0.00000000000	0.00194086487
-148.76350249592	719.58719224286	0.00000000000	0.00258686336
-145.66159398858	719.64561699910	0.00000000000	0.00323535336
-142.57225094526	719.69004000679	0.00000000000	0.00387966528
-139.46943058278	719.72178894067	0.00000000000	0.00452534693
-136.30544095035	719.74185876547	0.00000000000	0.00518238934
-133.19519328065	719.75041911298	0.00000000000	0.00582704001
-130.04493040115	719.74874045571	0.00000000000	0.00647885455
-126.90884404485	719.73764308503	0.00000000000	0.00712671876
-123.78869593727	719.71816488106	0.00000000000	0.00777039305
-120.64538962709	719.69092262473	0.00000000000	0.00841804883
-117.48050155520	719.65666051454	0.00000000000	0.00906945385
-114.32335011128	719.61653798452	0.00000000000	0.00971867802
-111.16436556170	719.57132944409	0.00000000000	0.01036779891
-108.01986435393	719.52216332256	0.00000000000	0.01101357292
-104.86744272970	719.46956207074	0.00000000000	0.01166070800
-101.70607778921	719.41434239032	0.00000000000	0.01230951798
-98.53478854375	719.35733020419	0.00000000000	0.01296030940
-95.35263640385	719.29936491822	0.00000000000	0.01361338196
-92.19352714546	719.24193245696	0.00000000000	0.01426188358
-89.01442740633	719.18512138667	0.00000000000	0.01491475560
-85.88487176854	719.13101212086	0.00000000000	0.01555781978
-82.76133183428	719.07964709294	0.00000000000	0.01620011506
-79.63785772082	719.03176356585	0.00000000000	0.01684296800
-76.51817743719	718.98825935426	0.00000000000	0.01748571536
-73.39319694983	718.94986781958	0.00000000000	0.01813033767
-70.28503062983	718.91769102053	0.00000000000	0.01877237558
-67.15441294627	718.89221695595	0.00000000000	0.01942005157
-64.05737280674	718.87474167794	0.00000000000	0.02006187797
-60.96023300841	718.86583534901	0.00000000000	0.02070492649
-57.87628218424	718.86637248472	0.00000000000	0.02134654146
-54.78770678237	718.87722382533	0.00000000000	0.02199053667
-51.62740038985	718.89997604563	0.00000000000	0.02265107791
-48.52958973392	718.93468406331	0.00000000000	0.02330023839
-45.47814145957	718.98183797223	0.00000000000	0.02394143076
-42.43598135249	719.04261526148	0.00000000000	0.02458251754
-39.37635495462	719.11859256363	0.00000000000	0.02522926773
-36.35434223414	719.20925122830	0.00000000000	0.02587014359
-33.34388837140	719.31600215202	0.00000000000	0.02651074647
-30.34469515785	719.43969514172	0.00000000000	0.02715124377
-27.35647494111	719.58119691714	0.00000000000	0.02779180288
-24.36892365653	719.74196646202	0.00000000000	0.02843475386
-21.39956868845	719.92197989359	0.00000000000	0.02907643904
-18.44350104648	720.12234096731	0.00000000000	0.02971801885
-15.47116221723	720.34626025614	0.00000000000	0.03036606052
-12.51336867524	720.59265020323	0.00000000000	0.03101400063
-9.60041023037	720.85950874291	0.00000000000	0.03165526627
-6.68261202942	721.15215344897	0.00000000000	0.03230088744
-3.23287793015	721.53267380689	0.00000000000	0.03306868513
0.12686151311	721.88531820484	0.00000000000	0.03381797061
3.68052325075	722.01075808020	0.00000000000	0.03459817149
7.04229814753	721.89073426577	0.00000000000	0.03532362221
10.09288610529	721.62323568016	0.00000000000	0.03597327208
13.12774009102	721.24104706758	0.00000000000	0.03661296686
16.18717257614	720.76857224681	0.00000000000	0.03725255670
19.26956495396	720.23246368675	0.00000000000	0.03789288104
22.40896287613	719.65256678124	0.00000000000	0.03854213005
25.50494893964	719.07413262994	0.00000000000	0.03918073040
28.61012582143	718.51389475142	0.00000000000	0.03982074138
31.71716295458	717.99973079275	0.00000000000	0.04046182063
34.91301571643	717.54774768155	0.00000000000	0.04112318889
38.01065881516	717.21262289133	0.00000000000	0.04176737717
41.05919662344	717.01060893028	0.00000000000	0.04240562108
44.08037526791	716.96525163839	0.00000000000	0.04304359070
47.07019351277	717.10359817490	0.00000000000	0.04368162467
50.02457997302	717.45310227944	0.00000000000	0.04432006173
52.93323419808	718.04024944059	0.00000000000	0.04495788585
55.81085386043	718.89851647689	0.00000000000	0.04559963847
58.62154667757	720.04699015154	0.00000000000	0.04623860639
61.39100855878	721.52736572292	0.00000000000	0.04688197916
64.07966784910	723.34983892799	0.00000000000	0.04752191772
66.77896297418	725.62538179844	0.00000000000	0.04818224814
69.57002496536	728.65140726716	0.00000000000	0.04889479204
73.49906145539	735.32927959451	0.00000000000	0.05002332955
78.14733234391	747.57792849545	0.00000000000	0.05159638407
81.71044142747	759.40822909926	0.00000000000	0.05295148410
85.12715504477	770.79305575007	0.00000000000	0.05428251000
87.81879894270	778.41378693456	0.00000000000	0.05528303061
90.79136016577	784.68630267406	0.00000000000	0.05629560266
93.00165582026	787.87091089395	0.00000000000	0.05698120007
95.48431661713	790.32612398103	0.00000000000	0.05769880699
98.21178470119	792.04125690783	0.00000000000	0.05843992742
100.76238770049	792.96935388864	0.00000000000	0.05909922098
103.43118736025	793.43053013941	0.00000000000	0.05976222896
106.42003942473	793.50270023327	0.00000000000	0.06047954790
109.73450856961	793.21531679972	0.00000000000	0.06125140612
113.35762250713	792.65194207483	0.00000000000	0.06207451602
116.26160239772	792.13385990552	0.00000000000	0.06272342768
120.01274412833	791.52546769944	0.00000000000	0.06355291803
122.97475079327	791.19824531820	0.00000000000	0.06420467363
126.56829595683	791.08699543295	0.00000000000	0.06499534707
129.46286270979	791.22984082883	0.00000000000	0.06563311498
132.38735861131	791.57566468835	0.00000000000	0.06627877397
135.43572958106	792.14305632892	0.00000000000	0.06695367558
138.51539923583	792.92206582248	0.00000000000	0.06763802093
141.72490468142	793.94493904928	0.00000000000	0.06835453728
144.67337612621	795.06673729116	0.00000000000	0.06901635043
147.51976872818	796.30862150497	0.00000000000	0.06965904205
150.36998165889	797.70268472784	0.00000000000	0.07030687399
153.29499640112	799.28398215450	0.00000000000	0.07097676121
157.18510991607	801.61330520637	0.00000000000	0.07187674995
159.89838541448	803.38428145592	0.00000000000	0.07251143367
163.40050269792	805.83953880487	0.00000000000	0.07334026922
166.05093607921	807.81914703908	0.00000000000	0.07397560470
168.66283662288	809.86778177578	0.00000000000	0.07460928639
171.57271413211	812.25944029229	0.00000000000	0.07532507943
174.11611996565	814.43986875675	0.00000000000	0.07596010492
176.91459291647	816.93095098831	0.00000000000	0.07667004486
179.42080410766	819.23926863738	0.00000000000	0.07731690136
182.95236039506	822.60761309612	0.00000000000	0.07824836840
185.62064598270	825.23527439459	0.00000000000	0.07896961940
189.46908758770	829.13674120202	0.00000000000	0.08004052987
192.41434604730	832.19974420740	0.00000000000	0.08088840371
195.19987201903	833.65454964615	0.00000000000	0.08169723870
198.12381402276	829.53645853767	0.00000000000	0.08249307383
201.14512178476	824.26947434220	0.00000000000	0.08329532432
204.14719493094	819.41341018615	0.00000000000	0.08408459968
207.89493252258	813.84673627878	0.00000000000	0.08505954393
212.03690494142	808.29157742780	0.00000000000	0.08612448472
214.54294708321	805.21543307459	0.00000000000	0.08676278831
217.10758059411	802.27719375796	0.00000000000	0.08741155835
220.74190188413	798.45765389672	0.00000000000	0.08832357866
223.68412199215	795.64469268824	0.00000000000	0.08905592809
226.40328532802	793.25455082581	0.00000000000	0.08972823426
229.38398722447	790.85360484982	0.00000000000	0.09046045061
232.67002871755	788.45768161009	0.00000000000	0.09126219348
235.42314723588	786.64171710526	0.00000000000	0.09192970336
238.77658110752	784.65180570040	0.00000000000	0.09273784466
241.62135966782	783.14418450299	0.00000000000	0.09341937666
244.61780858980	781.72487163770	0.00000000000	0.09413344617
247.36405693624	780.56765210747	0.00000000000	0.09478463019
250.70617166931	779.33358661266	0.00000000000	0.09557310752
253.39266596015	778.47215646367	0.00000000000	0.09620388370
256.09270673793	777.71661344356	0.00000000000	0.09683525657
258.80067471484	777.06353701036	0.00000000000	0.09746600128
261.80370272681	776.45446753516	0.00000000000	0.09816270639
264.59079176520	775.99071956005	0.00000000000	0.09880684078
267.52570967851	775.60094247454	0.00000000000	0.09948270103
270.35998202857	775.31394152520	0.00000000000	0.10013313281
273.58399443253	775.08627249581	0.00000000000	0.10087046613
276.37476576342	774.96752132664	0.00000000000	0.10150665816
279.18276120698	774.91540375056	0.00000000000	0.10214496025
282.16238144291	774.92776369330	0.00000000000	0.10282039905
284.95961013585	774.99705544097	0.00000000000	0.10345284008
287.75138733336	775.11652321527	0.00000000000	0.10408255310
290.67228052327	775.28970401496	0.00000000000	0.10473989388
294.03769249271	775.54288588461	0.00000000000	0.10549551339
297.05069337508	775.81147640290	0.00000000000	0.10617053444
299.88354660467	776.09441231558	0.00000000000	0.10680403077
303.18369009230	776.45434415902	0.00000000000	0.10754072513
306.11355482880	776.79521099739	0.00000000000	0.10819369893
309.14509422650	777.16298634924	0.00000000000	0.10886838931
311.97351287616	777.51475463757	0.00000000000	0.10949710189
315.31823471910	777.93477282381	0.00000000000	0.11023973932
318.15886308340	778.28936459834	0.00000000000	0.11086983495
321.27086719770	778.66957904588	0.00000000000	0.11155958277
324.15739252489	779.00920922029	0.00000000000	0.11219894172
327.01472230092	779.32800585774	0.00000000000	0.11283153089
330.18001115116	779.65506704267	0.00000000000	0.11353205104
333.18377921967	779.93427369158	0.00000000000	0.11419668430
336.09877978987	780.17076734756	0.00000000000	0.11484164062
339.62561621086	780.40403677570	0.00000000000	0.11562205108
342.46230094532	780.54378793492	0.00000000000	0.11624991359
345.62430714409	780.64289028087	0.00000000000	0.11695006716
348.78411802945	780.67572729562	0.00000000000	0.11765014681
351.61457852657	780.64338121902	0.00000000000	0.11827770144
355.13002899577	780.51424144368	0.00000000000	0.11905784495
357.95288122879	780.33661167471	0.00000000000	0.11968501641
360.91610921859	780.09273851134	0.00000000000	0.12034446403
363.80361810549	779.81561539554	0.00000000000	0.12098856840
366.83420325648	779.50157021362	0.00000000000	0.12166667324
369.73281289945	779.19706049361	0.00000000000	0.12231772113
372.69413238207	778.90060377607	0.00000000000	0.12298585291
376.41796045796	778.57886249929	0.00000000000	0.12383113691
379.45245570175	778.38486472679	0.00000000000	0.12452487857
382.24760791057	778.28175128732	0.00000000000	0.12516841624
384.94833632225	778.26936112139	0.00000000000	0.12579484476
387.88973852085	778.37498260074	0.00000000000	0.12648288891
390.89775642756	778.63692431951	0.00000000000	0.12719349448
393.84834405375	779.07283559115	0.00000000000	0.12789819514
396.48569009572	779.63686262845	0.00000000000	0.12853521990
399.04756454798	780.36513453612	0.00000000000	0.12916113757
401.80493572979	781.37444013489	0.00000000000	0.12984345887
404.34287219069	782.53671092701	0.00000000000	0.13048019463
407.08606818275	784.07713499269	0.00000000000	0.13117880261
410.01737094445	786.09247619521	0.00000000000	0.13193852661
412.72775256586	788.34114148322	0.00000000000	0.13265452339
415.80844059053	791.41035839491	0.00000000000	0.13348607248
418.20730107138	794.22969231480	0.00000000000	0.13414820470
420.42526211606	797.21438128807	0.00000000000	0.13477312624
423.10205001299	801.36186260513	0.00000000000	0.13554549324
426.00885083915	806.63824868260	0.00000000000	0.13640971109
429.24227263077	813.61632046595	0.00000000000	0.13740724290
431.81212257523	820.14751536938	0.00000000000	0.13823194145
435.17927594901	830.30612230738	0.00000000000	0.13936388124
439.19797213335	845.43871460652	0.00000000000	0.14081057779
443.57686638381	867.07732858134	0.00000000000	0.14254938801
447.63837888332	894.46500230073	0.00000000000	0.14439116458
451.91517947676	937.03829551697	0.00000000000	0.14675734022
455.31855218377	995.04867428355	0.00000000000	0.14938594995
457.25290597725	1058.19685719827	0.00000000000	0.15214007334
457.54930424959	1073.05575706268	0.00000000000	0.15465539712
457.27762829229	1049.69550598737	0.00000000000	0.15611101933
458.23004460089	996.92384910001	0.00000000000	0.15883612437
461.85786312132	939.55044784222	0.00000000000	0.16193016452
467.01333561034	892.39574847482	0.00000000000	0.16469867748
472.22958577265	858.49626290317	0.00000000000	0.16692956884
476.70750724711	835.76852301880	0.00000000000	0.16862621664
480.80632258478	818.80553634454	0.00000000000	0.17007280731
484.03923435024	807.63182797752	0.00000000000	0.17116484147
487.27796157288	798.21536373416	0.00000000000	0.17222784538
490.56854898212	790.37733017281	0.00000000000	0.17328495354
492.53174617161	786.51111077184	0.00000000000	0.17390771848
495.58212507820	781.69771141531	0.00000000000	0.17486753342
497.67576027246	779.24114043269	0.00000000000	0.17552296049
499.66714615371	777.55614803532	0.00000000000	0.17614542167
502.04914502392	776.39723939675	0.00000000000	0.17689054198
504.32421020349	776.18143711181	0.00000000000	0.17760444703
506.36517860023	776.71176481616	0.00000000000	0.17824745674
508.56420667393	778.02290786856	0.00000000000	0.17894351956
510.54561649402	779.84017828699	0.00000000000	0.17957407392
512.57783892979	782.31030012054	0.00000000000	0.18022462006
516.04474282486	787.88824558151	0.00000000000	0.18134486229
518.80262718229	793.50376386205	0.00000000000	0.18224701334
521.88234618783	800.95281587401	0.00000000000	0.18326808366
524.89476714213	809.39039647087	0.00000000000	0.18428308560
527.69265133625	818.20290107904	0.00000000000	0.18524254265
531.48102467186	831.56196601345	0.00000000000	0.18657192647
535.08931514726	845.73235431241	0.00000000000	0.18787674864
539.30811691924	863.97472167333	0.00000000000	0.18946124175
542.82712808771	880.47244912469	0.00000000000	0.19084321925
546.50092832271	898.82826483242	0.00000000000	0.19236014185
550.02591281911	917.40351963683	0.00000000000	0.19390696102
553.58163272883	936.92719141968	0.00000000000	0.19558791035
556.80606565075	955.10035814448	0.00000000000	0.19725708729
559.09039866432	968.06608874899	0.00000000000	0.19855687384
561.38443059858	980.93341426281	0.00000000000	0.20000323985
563.21754541369	990.84832669797	0.00000000000	0.20130796441
564.01753061229	994.97387618371	0.00000000000	0.20193677728
565.23415344031	998.75363441570	0.00000000000	0.20269998496
567.56351540059	998.74689114738	0.00000000000	0.20333419655
575.03099949501	989.15871222866	0.00000000000	0.20455212338
577.02901972058	980.69317143205	0.00000000000	0.20560859586
579.27335362330	968.85167562905	0.00000000000	0.20688322881
582.97819186838	952.17542848584	0.00000000000	0.20842996759
585.44174193037	938.57151634081	0.00000000000	0.20967390868
588.40844112742	920.85466347659	0.00000000000	0.21130320679
591.37338863919	906.58543415470	0.00000000000	0.21266133038
594.14814728556	895.85315330068	0.00000000000	0.21384184337
597.14244435318	881.33099989519	0.00000000000	0.21528810664
599.89585782771	863.42167398925	0.00000000000	0.21680490151
603.03003035841	855.13415999294	0.00000000000	0.21793588605
605.62001968427	843.87024434028	0.00000000000	0.21912710732
608.51808187749	829.69698193429	0.00000000000	0.22052292000
611.88851300700	821.18332636955	0.00000000000	0.22168156604
614.19932278385	816.25235868372	0.00000000000	0.22243737738
617.26259047431	808.01599226498	0.00000000000	0.22356827995
619.81582636433	801.18528923678	0.00000000000	0.22450153060
623.29395845027	794.29244276051	0.00000000000	0.22558688936
625.77252488660	790.42554543258	0.00000000000	0.22629193720
628.97928995303	786.14828878786	0.00000000000	0.22717329451
632.30171773696	782.40202993700	0.00000000000	0.22806116689
634.74418549668	780.02420814702	0.00000000000	0.22870017452
637.37010674667	777.77278017030	0.00000000000	0.22937621963
639.83736484227	775.90845104431	0.00000000000	0.23000253325
642.62417031309	774.05564299701	0.00000000000	0.23070118850
645.13101266402	772.58679039610	0.00000000000	0.23132296308
649.00968957531	770.62134351403	0.00000000000	0.23227500228
652.16742349017	769.24457109445	0.00000000000	0.23304324277
655.28901812993	768.03970933563	0.00000000000	0.23379828897
657.91178247992	767.13377687691	0.00000000000	0.23442969835
660.57349795756	766.30504262092	0.00000000000	0.23506789453
663.35714673983	765.52738010906	0.00000000000	0.23573272629
665.96704765961	764.87317096634	0.00000000000	0.23635381754
668.59352222508	764.28066494972	0.00000000000	0.23697682206
671.57090256397	763.68003765238	0.00000000000	0.23768079221
674.19172535065	763.20620980259	0.00000000000	0.23829862786
676.81239716473	762.77683974280	0.00000000000	0.23891486533
679.64447780986	762.35528329274	0.00000000000	0.23957922024
683.29550358200	761.86419777889	0.00000000000	0.24043351518
686.30952699603	761.49220780750	0.00000000000	0.24113715507
689.04399112759	761.17246023283	0.00000000000	0.24177445481
692.20156463983	760.81493272333	0.00000000000	0.24250929034
695.15183701454	760.48479807233	0.00000000000	0.24319500343
697.80959322626	760.18940636550	0.00000000000	0.24381204852
700.57261105473	759.88447253183	0.00000000000	0.24445286956
703.53140039659	759.56052489668	0.00000000000	0.24513837053
706.28261850808	759.26185260912	0.00000000000	0.24577513021
708.94945264585	758.97481591838	0.00000000000	0.24639178104
711.72181884294	758.67913594268	0.00000000000	0.24703225040
714.84834728090	758.34917359502	0.00000000000	0.24775384971
717.68226620766	758.05344576660	0.00000000000	0.24840730834
720.35050239946	757.77805685459	0.00000000000	0.24902205580
723.03263413238	757.50433912164	0.00000000000	0.24963952739
725.83293258348	757.22201686212	0.00000000000	0.25028371182
728.78757010195	756.92811222932	0.00000000000	0.25096287891
731.57322831016	756.65490135279	0.00000000000	0.25160273402
734.26153584276	756.39494445863	0.00000000000	0.25221981485
737.48925191746	756.08781132714	0.00000000000	0.25296020191
740.83389509977	755.77550398818	0.00000000000	0.25372685269
743.59272971751	755.52262144711	0.00000000000	0.25435882235
746.27642510212	755.28085986488	0.00000000000	0.25497324885
749.03736161072	755.03662694761	0.00000000000	0.25560503720
751.72699986832	754.80320269790	0.00000000000	0.25622021349
754.64693772671	754.55496592093	0.00000000000	0.25688775258
757.33814951682	754.33107704527	0.00000000000	0.25750273274
760.21478505346	754.09710649298	0.00000000000	0.25815981939
762.92936081615	753.88151469961	0.00000000000	0.25877965465
765.64443341025	753.67106203658	0.00000000000	0.25939939431
768.59190705152	753.44860737002	0.00000000000	0.26007196503
771.80614234973	753.21334142964	0.00000000000	0.26080517505
774.50603909268	753.02177748467	0.00000000000	0.26142089086
777.23299655350	752.83404292432	0.00000000000	0.26204264161
780.13528876242	752.64073190042	0.00000000000	0.26270423782
782.82213898255	752.46787545231	0.00000000000	0.26331661979
785.57460931258	752.29701959594	0.00000000000	0.26394387291
788.26208857156	752.13640390008	0.00000000000	0.26455624932
790.94850818623	751.98210857430	0.00000000000	0.26516833560
793.67500659984	751.83203977508	0.00000000000	0.26578952070
796.49313084894	751.68398255115	0.00000000000	0.26643156445
799.21886723557	751.54774107970	0.00000000000	0.26705256124
801.91708525012	751.41975295460	0.00000000000	0.26766730702
804.60888181239	751.29902086208	0.00000000000	0.26828062463
807.44453755035	751.17949244119	0.00000000000	0.26892677596
810.49262891718	751.05994522158	0.00000000000	0.26962141990
813.56666413867	750.94895139675	0.00000000000	0.27032208999
816.77879825287	750.84345863774	0.00000000000	0.27105438585
819.45957847999	750.76378710672	0.00000000000	0.27166568113
822.17896381221	750.69089826764	0.00000000000	0.27228592426
824.88666024323	750.62639944246	0.00000000000	0.27290366323
827.73606421042	750.56738488271	0.00000000000	0.27355392477
830.43219342260	750.52005943641	0.00000000000	0.27416940758
833.22037618797	750.47998126873	0.00000000000	0.27480612767
835.94537891641	750.44967044376	0.00000000000	0.27542865654
838.63719851705	750.42847511298	0.00000000000	0.27604385188
841.59487773956	750.41538421750	0.00000000000	0.27672011107
844.99659495844	750.41377759087	0.00000000000	0.27749831909
848.02747470009	750.42470082624	0.00000000000	0.27819209785
850.78794010265	750.44496957274	0.00000000000	0.27882433321
853.53035577301	750.47501547463	0.00000000000	0.27945278919
856.21987849880	750.51423269857	0.00000000000	0.28006948529
858.94342180165	750.56394577264	0.00000000000	0.28069436466
861.63931806827	750.62322338808	0.00000000000	0.28131329776
864.42511653740	750.69517254785	0.00000000000	0.28195330489
867.09686945122	750.77455135002	0.00000000000	0.28256754386
870.08380592477	750.87551928304	0.00000000000	0.28325476731
872.94585851828	750.98457407879	0.00000000000	0.28391379850
875.74102872524	751.10290160348	0.00000000000	0.28455796102
878.41152018538	751.22703781209	0.00000000000	0.28517390087
881.28839094147	751.37308377728	0.00000000000	0.28583802050
884.31363724217	751.54066822965	0.00000000000	0.28653706476
886.94561359407	751.69833746579	0.00000000000	0.28714581738
889.62708744773	751.87051061754	0.00000000000	0.28776659400
892.25326884910	752.05059219387	0.00000000000	0.28837515154
894.94214229894	752.24689923145	0.00000000000	0.28899885167
897.64257710559	752.45637961878	0.00000000000	0.28962587955
900.49736296318	752.69147788853	0.00000000000	0.29028947314
903.26184208265	752.93271401136	0.00000000000	0.29093280840
906.23351681943	753.20716746520	0.00000000000	0.29162519130
909.36435340206	753.51356990273	0.00000000000	0.29235561816
911.97989345680	753.78333412262	0.00000000000	0.29296660445
914.59929737984	754.06627746993	0.00000000000	0.29357922423
917.25969032693	754.36693428337	0.00000000000	0.29420219922
919.89111902326	754.67768460985	0.00000000000	0.29481917416
922.60967794333	755.01289554164	0.00000000000	0.29545741682
925.32415025264	755.36218986227	0.00000000000	0.29609557299
927.91705028394	755.70965746855	0.00000000000	0.29670598382
930.62330232234	756.08693083893	0.00000000000	0.29734397248
933.32524301374	756.47872028131	0.00000000000	0.29798187743
936.58090666016	756.97119478419	0.00000000000	0.29875178286
939.88738367793	757.49456883858	0.00000000000	0.29953516728
942.53976500749	757.92639868836	0.00000000000	0.30016451637
945.81257964330	758.43419865594	0.00000000000	0.30094103729
948.54303385947	758.80344820427	0.00000000000	0.30158783007
951.18755040703	759.10883633899	0.00000000000	0.30221317227
953.99266894505	759.37902018042	0.00000000000	0.30287534602
956.71603910387	759.59075165385	0.00000000000	0.30351712359
959.50715957789	759.75846941672	0.00000000000	0.30417377397
962.12789799629	759.87269433661	0.00000000000	0.30478935935
964.71265786854	759.94630400874	0.00000000000	0.30539558854
967.66315064410	759.98536387532	0.00000000000	0.30608652811
970.42668410499	759.98083573011	0.00000000000	0.30673268207
973.35958662331	759.93510689451	0.00000000000	0.30741740660
975.96084335800	759.86139266029	0.00000000000	0.30802384220
978.69499411094	759.75241717131	0.00000000000	0.30866041211
981.29970883551	759.62048279016	0.00000000000	0.30926606195
983.90976629158	759.46260689889	0.00000000000	0.30987220882
986.52678374074	759.28032474484	0.00000000000	0.31047924517
989.15993070353	759.07450395275	0.00000000000	0.31108931052
991.82776298991	758.84490587287	0.00000000000	0.31170670590
994.71167572558	758.57502521669	0.00000000000	0.31237333387
997.33477746634	758.31191909413	0.00000000000	0.31297900009
1000.03903461050	758.02500971517	0.00000000000	0.31360275555
1002.67096994584	757.73230654259	0.00000000000	0.31420921819
1005.61604404429	757.39120729255	0.00000000000	0.31488714688
1008.24550712767	757.07646367658	0.00000000000	0.31549183299
1010.90671828275	756.74995601447	0.00000000000	0.31610327340
1013.58067664007	756.41559951034	0.00000000000	0.31671710990
1016.43667776865	756.05354229789	0.00000000000	0.31737217051
1019.22897044249	755.69666891517	0.00000000000	0.31801207784
1022.00311753849	755.34129195673	0.00000000000	0.31864732082
1024.69658383673	754.99733614693	0.00000000000	0.31926362841
1027.35115957421	754.66115838982	0.00000000000	0.31987061395
1030.36849092116	754.28461293046	0.00000000000	0.32056006109
1033.41495164525	753.91289249090	0.00000000000	0.32125566937
1036.28339324966	753.57295687738	0.00000000000	0.32191020215
1039.15321406308	753.24480738641	0.00000000000	0.32256465966
1042.26028269036	752.90547574536	0.00000000000	0.32327280981
1045.10963275839	752.61111095599	0.00000000000	0.32392187178
1047.75861676297	752.35375780581	0.00000000000	0.32452501288
1050.42227242332	752.11255423665	0.00000000000	0.32513124329
1053.08653606656	751.89061579724	0.00000000000	0.32573737933
1055.73730279799	751.69065441537	0.00000000000	0.32634023277
1058.39641362133	751.51264036512	0.00000000000	0.32694479046
1061.07924026585	751.35766172306	0.00000000000	0.32755456299
1063.85023655742	751.22538240836	0.00000000000	0.32818420926
1066.57124845187	751.12479331403	0.00000000000	0.32880235391
1069.29240814390	751.05505359704	0.00000000000	0.32942040994
1071.95861371048	751.01838938931	0.00000000000	0.33002588516
1074.64205931091	751.01486995703	0.00000000000	0.33063519570
1077.29750321801	751.04605473408	0.00000000000	0.33123808818
1080.10836388502	751.11851686509	0.00000000000	0.33187622237
1082.82893482806	751.22914510394	0.00000000000	0.33249383580
1085.51131577669	751.37901428685	0.00000000000	0.33310277728
1088.16971853586	751.56923963510	0.00000000000	0.33370629216
1090.82046377397	751.80195373305	0.00000000000	0.33430810395
1093.55453153564	752.08880883101	0.00000000000	0.33492888948
1096.20653587661	752.41424038427	0.00000000000	0.33553111605
1098.85505131915	752.78735147347	0.00000000000	0.33613264184
1101.75255478892	753.25263863146	0.00000000000	0.33679084401
1104.42975283887	753.73748176463	0.00000000000	0.33739913933
1107.07435009484	754.27002506641	0.00000000000	0.33800017693
1109.83778111118	754.88531086557	0.00000000000	0.33862840103
1113.06111470897	755.68156156868	0.00000000000	0.33936143633
1115.70175169695	756.39903172780	0.00000000000	0.33996218817
1118.34453069064	757.17773712763	0.00000000000	0.34056365541
1121.01378635909	758.02764858884	0.00000000000	0.34117139927
1123.76991100572	758.97403662136	0.00000000000	0.34179920681
1126.41230383161	759.94889754635	0.00000000000	0.34240139951
1129.06697662969	760.99671263485	0.00000000000	0.34300669788
1131.70449979919	761.98073792557	0.00000000000	0.34361010951
1134.31221741604	762.25358051637	0.00000000000	0.34421739463
1136.92644712252	760.92180384505	0.00000000000	0.34484919298
1139.54834790614	757.82906125476	0.00000000000	0.34550088797
1142.36177066313	756.66997294327	0.00000000000	0.34613252645
1145.53375178858	759.75665447541	0.00000000000	0.34673944654
1148.67167762072	763.25953808789	0.00000000000	0.34734409656
1151.29083957915	763.12667608830	0.00000000000	0.34795083216
1153.45465229087	759.69254689806	0.00000000000	0.34856002322
1155.39358622153	754.35991020459	0.00000000000	0.34917881990
1157.48874825441	748.21755132601	0.00000000000	0.34985906614
1159.53789442793	744.16465823981	0.00000000000	0.35046003617
1161.91478986592	742.43507019522	0.00000000000	0.35105989546
1164.55846834471	742.11177329779	0.00000000000	0.35167478384
1167.23676546428	742.03524989162	0.00000000000	0.35228958474
1170.42474173289	741.94440344269	0.00000000000	0.35302147324
1173.07479755815	741.86908374520	0.00000000000	0.35362994265
1176.26153155198	741.77874830898	0.00000000000	0.35436172760
1179.33194205662	741.69195565579	0.00000000000	0.35506689458
1182.26434674312	741.60928867058	0.00000000000	0.35574045256
1184.91149876584	741.53485151514	0.00000000000	0.35634856187
1187.54681017591	741.46092467999	0.00000000000	0.35695401941
1190.70120017439	741.37266895978	0.00000000000	0.35767882388
1193.37309493254	741.29811088282	0.00000000000	0.35829283882
1195.98882233842	741.22529597088	0.00000000000	0.35889401425
1198.81696127106	741.14676368587	0.00000000000	0.35954408425
1201.53746838620	741.07141178499	0.00000000000	0.36016948862
1204.25729995988	740.99626631853	0.00000000000	0.36079481068
1206.85953876730	740.92454537132	0.00000000000	0.36139316513
1209.45749662163	740.85311357470	0.00000000000	0.36199060199
1212.52054075795	740.76911359167	0.00000000000	0.36269507773
1215.32147008296	740.69250955537	0.00000000000	0.36333935049
1218.03791412005	740.61840562154	0.00000000000	0.36396426413
1220.63657154319	740.54768936672	0.00000000000	0.36456214967
1223.27390600658	740.47609493901	0.00000000000	0.36516900239
1226.09555999237	740.39969120172	0.00000000000	0.36581834373
1228.69655821968	740.32944011196	0.00000000000	0.36641697619
1231.39142182370	740.25683357870	0.00000000000	0.36703728329
1234.06861890067	740.18488408592	0.00000000000	0.36765359556
1236.65944102966	740.11542761939	0.00000000000	0.36825009172
1239.28139630138	740.04530834373	0.00000000000	0.36885382403
1242.12334878701	739.96950073727	0.00000000000	0.36950829058
1244.71564086606	739.90052954683	0.00000000000	0.37010533390
1247.31171218975	739.83162678501	0.00000000000	0.37070331507
1249.90260835464	739.76302986157	0.00000000000	0.37130017153
1252.49728714123	739.69450135867	0.00000000000	0.37189796688
1255.12631734703	739.62523753464	0.00000000000	0.37250374550
1257.89435324813	739.55249840679	0.00000000000	0.37314162874
1260.48243455713	739.48466147976	0.00000000000	0.37373811186
1263.13648934118	739.41526912687	0.00000000000	0.37434987014
1265.71956019373	739.34790160150	0.00000000000	0.37494533481
1268.30193319271	739.28071870203	0.00000000000	0.37554070590
1271.02451952004	739.21006809499	0.00000000000	0.37616847634
1273.61983697937	739.14289204882	0.00000000000	0.37676697103
1276.22243867408	739.07569589256	0.00000000000	0.37736721391
1278.83399849465	739.00843787079	0.00000000000	0.37796959175
1281.44487476624	738.94136698327	0.00000000000	0.37857188101
1284.03115547313	738.87509493690	0.00000000000	0.37916856460
1286.62299907156	738.80884698068	0.00000000000	0.37976659973
1289.32145671115	738.74005107723	0.00000000000	0.38038930722
1291.98379433639	738.67235299483	0.00000000000	0.38100375208
1294.62969878410	738.60524679451	0.00000000000	0.38161447578
1297.20796443336	738.54002283622	0.00000000000	0.38220965580
1299.96561876215	738.47044282955	0.00000000000	0.38284632185
1303.12446227598	738.39097123936	0.00000000000	0.38357570676
1305.81884510767	738.32337958462	0.00000000000	0.38419792710
1308.39150795449	738.25900868387	0.00000000000	0.38479210764
1311.16912726481	738.18969286111	0.00000000000	0.38543370086
1314.04458754288	738.11813577313	0.00000000000	0.38609797733
1316.62234477788	738.05416030077	0.00000000000	0.38669355180
1319.29495225360	737.98800352193	0.00000000000	0.38731111285
1321.93393239001	737.92285154793	0.00000000000	0.38792097563
1324.64321586837	737.85614199505	0.00000000000	0.38854715987
1327.35183020957	737.78962915368	0.00000000000	0.38917326499
1329.94039757338	737.72623247885	0.00000000000	0.38977169150
1332.52024368562	737.66321292429	0.00000000000	0.39036817059
1335.39067627199	737.59328675825	0.00000000000	0.39103191611
1338.45407648772	737.51888234001	0.00000000000	0.39174037649
1341.29745234731	737.45002742202	0.00000000000	0.39239803957
1343.87441071569	737.38779482781	0.00000000000	0.39299415351
1346.46845858487	737.32531341717	0.00000000000	0.39359429017
1349.03317763322	737.26369997245	0.00000000000	0.39418771019
1351.60174643734	737.20215491225	0.00000000000	0.39478208939
1354.19373777194	737.14021171226	0.00000000000	0.39538195818
1356.76091489897	737.07902288532	0.00000000000	0.39597615304
1359.50408483338	737.01381661105	0.00000000000	0.39661115875
1362.10538245107	736.95215183807	0.00000000000	0.39721339541
1365.02213295692	736.88320479227	0.00000000000	0.39788874774
1367.70105602437	736.82006168277	0.00000000000	0.39850911110
1370.26469249223	736.75979905964	0.00000000000	0.39910284753
1372.87617665406	736.69857562698	0.00000000000	0.39970773613
1375.50145849915	736.63719536388	0.00000000000	0.40031589258
1378.41510160667	736.56926855547	0.00000000000	0.40099093356
1381.05489535128	736.50790352390	0.00000000000	0.40160260522
1383.67810434969	736.44709099052	0.00000000000	0.40221050646
1386.25194933312	736.38758449316	0.00000000000	0.40280703837
1388.81701392862	736.32844018246	0.00000000000	0.40340160459
1391.36773216448	736.26978413683	0.00000000000	0.40399291408
1394.25073533815	736.20367580970	0.00000000000	0.40466133665
1397.08083547771	736.13897539519	0.00000000000	0.40531757893
1399.71587495658	736.07890775626	0.00000000000	0.40592866663
1402.35023904359	736.01902252543	0.00000000000	0.40653967104
1404.90472509134	735.96111246468	0.00000000000	0.40713221892
1407.52179732245	735.90194617667	0.00000000000	0.40773935615
1410.13819165170	735.84295959705	0.00000000000	0.40834640863
1412.69695745589	735.78543110699	0.00000000000	0.40894016043
1415.26314880001	735.72789332570	0.00000000000	0.40953570507
1417.83847669458	735.67030930428	0.00000000000	0.41013344039
1420.38146006467	735.61360430596	0.00000000000	0.41072373772
1423.02781045910	735.55475863318	0.00000000000	0.41133810248
1425.58311500909	735.49809638101	0.00000000000	0.41193140123
1428.18022762911	735.44066689135	0.00000000000	0.41253447843
1430.74228546637	735.38417032645	0.00000000000	0.41312948606
1433.32498200442	735.32737712790	0.00000000000	0.41372935773
1436.00644965599	735.26858019462	0.00000000000	0.41435224597
1438.57628066637	735.21239184803	0.00000000000	0.41494927391
1441.14542084832	735.15637572361	0.00000000000	0.41554621204
1443.69588255101	735.10092212872	0.00000000000	0.41613888021
1446.46427505768	735.04090512852	0.00000000000	0.41678226943
1449.04285188809	734.98516692474	0.00000000000	0.41738161848
1451.57652572575	734.93055302368	0.00000000000	0.41797060016
1454.23354025478	734.87344400513	0.00000000000	0.41858832798
1456.85382166648	734.81728834294	0.00000000000	0.41919759017
1459.41813784870	734.76248947381	0.00000000000	0.41979391109
1462.00640486617	734.70733654607	0.00000000000	0.42039587359
1464.54489924103	734.65339805788	0.00000000000	0.42098633053
1467.14644880612	734.59827771516	0.00000000000	0.42159152644
1469.69814496303	734.54436885439	0.00000000000	0.42218519610
1472.28370638131	734.48990120150	0.00000000000	0.42278681664
1474.84391639656	734.43612287784	0.00000000000	0.42338260965
1477.37433731076	734.38312199846	0.00000000000	0.42397154021
1479.93318502348	734.32967896780	0.00000000000	0.42456715750
1482.53070680100	734.27558571926	0.00000000000	0.42517184960
1485.07009516452	734.22285638828	0.00000000000	0.42576307941
1487.68236984614	734.16877163037	0.00000000000	0.42637135211
1490.41613281434	734.11234305362	0.00000000000	0.42700799315
1492.96162664193	734.05995816748	0.00000000000	0.42760086318
1495.50643617212	734.00773912859	0.00000000000	0.42819364449
1498.06048529213	733.95548295359	0.00000000000	0.42878864917
1500.59572098388	733.90376264322	0.00000000000	0.42937934150
1503.13847802605	733.85203983207	0.00000000000	0.42997185688
1505.76355793278	733.79880093645	0.00000000000	0.43058362948
1508.31486747690	733.74721231736	0.00000000000	0.43117828234
1510.84734232548	733.69615470546	0.00000000000	0.43176861588
1513.53025910486	733.64222708681	0.00000000000	0.43239409505
1516.28154304187	733.58709937486	0.00000000000	0.43303559510
1518.96312875819	733.53353773675	0.00000000000	0.43366092417
1521.68920954995	733.47925876067	0.00000000000	0.43429671037
1524.20427762687	733.42933440214	0.00000000000	0.43488335608
1526.73255772269	733.37929580981	0.00000000000	0.43547315385
1529.24624842695	733.32969298649	0.00000000000	0.43605961817
1531.76205225760	733.28019513714	0.00000000000	0.43664664541
1534.33133818662	733.22979637273	0.00000000000	0.43724622419
1537.00837456169	733.17744654417	0.00000000000	0.43787102578
1539.62478892742	733.12644236310	0.00000000000	0.43848175535
1542.20678908900	733.07626415953	0.00000000000	0.43908452630
1544.78811613541	733.02625294090	0.00000000000	0.43968721407
1547.42138412959	732.97539384321	0.00000000000	0.44030210530
1550.11732583084	732.92348990424	0.00000000000	0.44093171126
1552.68183503195	732.87427179708	0.00000000000	0.44153069777
1555.35431008411	732.82314271218	0.00000000000	0.44215497957
1557.86032003606	732.77534766037	0.00000000000	0.44274044800
1560.62553961671	732.72277644113	0.00000000000	0.44338655581
1563.15238524919	732.67489065660	0.00000000000	0.44397704101
1565.65911628430	732.62753085032	0.00000000000	0.44456289628
1568.16983015587	732.58024024225	0.00000000000	0.44514975287
1570.67237320759	732.53324728311	0.00000000000	0.44573476988
1573.19649981771	732.48599429094	0.00000000000	0.44632490356
1575.70515955837	732.43917528752	0.00000000000	0.44691149197
1578.41719031138	732.38872263386	0.00000000000	0.44754571319
1581.00535000748	732.34073107727	0.00000000000	0.44815104368
1583.89829653574	732.28726890971	0.00000000000	0.44882774829
1586.54173930949	732.23858450890	0.00000000000	0.44944617255
1589.05339053130	732.19247484975	0.00000000000	0.45003383761
1591.55316562202	732.14672584663	0.00000000000	0.45061879461
1594.05694019208	732.10104617323	0.00000000000	0.45120475824
1596.59661313380	732.05485716802	0.00000000000	0.45179919563
1599.12388734810	732.00903912011	0.00000000000	0.45239080338
1601.72436826813	731.96204522933	0.00000000000	0.45299962353
1604.27533452768	731.91609516983	0.00000000000	0.45359692585
1606.85680600077	731.86974577325	0.00000000000	0.45420144603
1609.42128617942	731.82385088339	0.00000000000	0.45480206215
1611.92676831727	731.77915557198	0.00000000000	0.45538893275
1614.42503382347	731.73473033022	0.00000000000	0.45597418405
1616.93747977025	731.69019514798	0.00000000000	0.45656282895
1619.71386887200	731.64114710900	0.00000000000	0.45721339716
1622.46402597648	731.59273391323	0.00000000000	0.45785790529
1625.04080497442	731.54752751737	0.00000000000	0.45846186004
1627.84149980655	731.49856237786	0.00000000000	0.45911838303
1630.38565713838	731.45423532669	0.00000000000	0.45971484771
1632.87902617978	731.41093436300	0.00000000000	0.46029947721
1635.48986272569	731.36574309558	0.00000000000	0.46091172608
1638.14156025361	731.32000118282	0.00000000000	0.46153363698
1640.64775598995	731.27691415060	0.00000000000	0.46212149707
1643.20346091191	731.23312090987	0.00000000000	0.46272104446
1645.87555985565	731.18748960829	0.00000000000	0.46334797724
1648.41499076533	731.14427193092	0.00000000000	0.46394385936
1650.89879772271	731.10214036922	0.00000000000	0.46452676106
1653.40157276622	731.05982646251	0.00000000000	0.46511418614
1655.98811306035	731.01624327189	0.00000000000	0.46572134766
1658.61329347282	730.97216157122	0.00000000000	0.46633765853
1661.10563770787	730.93045256115	0.00000000000	0.46692285729
1663.58600040030	730.88908138704	0.00000000000	0.46750531416
1666.08536374758	730.84753175674	0.00000000000	0.46809230495
1668.56150837356	730.80650507116	0.00000000000	0.46867391408
1671.18345135126	730.76321115777	0.00000000000	0.46928984657
1673.66580057899	730.72236286319	0.00000000000	0.46987306001
1676.16244349524	730.68141721165	0.00000000000	0.47045970389
1678.63488514820	730.64100460502	0.00000000000	0.47104073256
1681.10759866931	730.60072294433	0.00000000000	0.47162189629
1683.60221604842	730.56022155262	0.00000000000	0.47220828029
1686.16306292760	730.51878800608	0.00000000000	0.47281030765
1688.82434108178	730.47588302351	0.00000000000	0.47343602641
1691.29333663301	730.43621780456	0.00000000000	0.47401660973
1693.76546799418	730.39663690922	0.00000000000	0.47459800185
1696.24166549610	730.35712592405	0.00000000000	0.47518042192
1698.70957170630	730.31788157612	0.00000000000	0.47576096328
1701.17966175328	730.27873668592	0.00000000000	0.47634208983
1703.77289839005	730.23778455665	0.00000000000	0.47695226554
1706.34633232929	730.19729118424	0.00000000000	0.47755785984
1708.95859333606	730.15633552132	0.00000000000	0.47817267073
1711.49632173169	730.11669170281	0.00000000000	0.47877001681
1714.00483239293	730.07764300283	0.00000000000	0.47936055997
1716.65910234541	730.03647535090	0.00000000000	0.47998549792
1719.24838925536	729.99646408472	0.00000000000	0.48059521593
1721.71007038507	729.95856054533	0.00000000000	0.48117495908
1724.26097516302	729.91942281497	0.00000000000	0.48177579058
1727.06462228389	729.87657112495	0.00000000000	0.48243624094
1729.54692754701	729.83877394385	0.00000000000	0.48302107101
1732.03876486513	729.80096662085	0.00000000000	0.48360822025
1734.49986395923	729.76375833048	0.00000000000	0.48418819897
1737.14900368752	729.72385434165	0.00000000000	0.48481257138
1740.03333134630	729.68058111469	0.00000000000	0.48549246975
1742.49231827005	729.64383184675	0.00000000000	0.48607218424
1745.07501758195	729.60537493056	0.00000000000	0.48668114184
1747.61989350533	729.56762261549	0.00000000000	0.48728125904
1750.07681895303	729.53130807061	0.00000000000	0.48786070957
1752.79502737219	729.49128381564	0.00000000000	0.48850186599
1755.33790245239	729.45398585972	0.00000000000	0.48910174563
1757.80418898664	729.41794469513	0.00000000000	0.48968363142
1760.25547106646	729.38225287354	0.00000000000	0.49026204925
1762.94605120104	729.34322591877	0.00000000000	0.49089701599
1765.40362351644	729.30771504374	0.00000000000	0.49147706961
1767.87566639458	729.27212624052	0.00000000000	0.49206061177
1770.43256228520	729.23545413543	0.00000000000	0.49266426127
1773.07271340055	729.19773538365	0.00000000000	0.49328764869
1775.51985688358	729.16290770992	0.00000000000	0.49386553841
1778.15872988217	729.12549531619	0.00000000000	0.49448878560
1780.73227142405	729.08915292417	0.00000000000	0.49509668370
1783.21048089010	729.05429083075	0.00000000000	0.49568213884
1785.65776221198	729.01999278910	0.00000000000	0.49626036026
1788.10050530608	728.98588604934	0.00000000000	0.49683758159
1790.63413676475	728.95064496056	0.00000000000	0.49743635614
1793.09938085797	728.91648661804	0.00000000000	0.49801904324
1795.64973201964	728.88128543880	0.00000000000	0.49862192382
1798.35671671943	728.84407395514	0.00000000000	0.49926191747
1800.92503707315	728.80891284105	0.00000000000	0.49986920990
1803.58110197083	728.77269805583	0.00000000000	0.50049733426
1806.16863561532	728.73756184965	0.00000000000	0.50110933438
1808.71563748801	728.70311486519	0.00000000000	0.50171182757
1811.36977705413	728.66736532121	0.00000000000	0.50233974826
1813.95534321229	728.63268299043	0.00000000000	0.50295152833
1816.39915384194	728.60003228422	0.00000000000	0.50352984213
1818.83746899311	728.56758093969	0.00000000000	0.50410692815
1821.28663941105	728.53511165560	0.00000000000	0.50468665651
1823.72360011169	728.50292999995	0.00000000000	0.50526356763
1826.21601068715	728.47014574361	0.00000000000	0.50585368084
1828.67170570854	728.43797254818	0.00000000000	0.50643517560
1831.14910982598	728.40564368040	0.00000000000	0.50702188592
1833.58335794148	728.37400382550	0.00000000000	0.50759844923
1836.02847956553	728.34234811268	0.00000000000	0.50817766130
1838.45846243171	728.31101287616	0.00000000000	0.50875336008
1841.05871141333	728.27761934043	0.00000000000	0.50936947792
1843.61599168266	728.24491597947	0.00000000000	0.50997549577
1846.04391173220	728.21399377319	0.00000000000	0.51055093279
1848.47115581299	728.18320357919	0.00000000000	0.51112628232
1850.89675021542	728.15255746754	0.00000000000	0.51170131353
1853.35607781173	728.12161074176	0.00000000000	0.51228441608
1855.78421637088	728.09118043356	0.00000000000	0.51286019719
1858.35828681592	728.05905562490	0.00000000000	0.51347066266
1860.78213520816	728.02893192180	0.00000000000	0.51404557661
1863.21982812111	727.99875961636	0.00000000000	0.51462384788
1865.66543744486	727.96861363308	0.00000000000	0.51520407123
1868.09503817828	727.93878816343	0.00000000000	0.51578057014
1870.56179887544	727.90863202355	0.00000000000	0.51636596153
1873.04164253582	727.87844329481	0.00000000000	0.51695453403
1875.55293536482	727.84800172709	0.00000000000	0.51755064885
1878.03144857074	727.81808567729	0.00000000000	0.51813905977
1880.47302341518	727.78873986332	0.00000000000	0.51871877633
1882.89856148317	727.75970892898	0.00000000000	0.51929475893
1885.31856247094	727.73086547360	0.00000000000	0.51986949997
1887.73495877271	727.70218567501	0.00000000000	0.52044345805
1890.15361768419	727.67359969052	0.00000000000	0.52101802680
1892.58324229088	727.64500554532	0.00000000000	0.52159527435
1895.26613862681	727.61357193968	0.00000000000	0.52223278207
1897.82999100968	727.58367152030	0.00000000000	0.52284208712
1900.27659920842	727.55526447435	0.00000000000	0.52342360589
1902.73469548743	727.52684788730	0.00000000000	0.52400793103
1905.14631883624	727.49908907668	0.00000000000	0.52458128282
1907.59093831235	727.47107220110	0.00000000000	0.52516255409
1910.00903710867	727.44347973804	0.00000000000	0.52573759354
1912.43324905132	727.41593768003	0.00000000000	0.52631416084
1914.93410926802	727.38765076958	0.00000000000	0.52690903574
1917.47211907367	727.35907433908	0.00000000000	0.52751282822
1920.00947599567	727.33063672584	0.00000000000	0.52811654687
1922.54618011521	727.30233770625	0.00000000000	0.52872019174
1925.06267322090	727.27439373353	0.00000000000	0.52931910774
1927.59807462413	727.24637019276	0.00000000000	0.52992260512
1930.04882924088	727.21940653332	0.00000000000	0.53050603179
1932.67233217636	727.19067753953	0.00000000000	0.53113066755
1935.12173810985	727.16398116492	0.00000000000	0.53171393122
1937.69722276518	727.13604190614	0.00000000000	0.53232729975
1940.15914950129	727.10946021425	0.00000000000	0.53291370277
1942.60654877146	727.08315701992	0.00000000000	0.53349672217
1945.27703491077	727.05459446123	0.00000000000	0.53413297258
1947.72307981959	727.02855891626	0.00000000000	0.53471582927
1950.14576027636	727.00289114655	0.00000000000	0.53529319400
1952.71741115725	726.97577461792	0.00000000000	0.53590614308
1955.20772138879	726.94964281175	0.00000000000	0.53649978552
1957.68043125288	726.92381924825	0.00000000000	0.53708931108
1960.11090607243	726.89855663390	0.00000000000	0.53766884377
1962.50978981906	726.87373880599	0.00000000000	0.53824091818
1964.90504067255	726.84907386002	0.00000000000	0.53881220008
1967.43009892016	726.82319686173	0.00000000000	0.53941452179
1969.83871052092	726.79863231549	0.00000000000	0.53998914314
1972.23981759324	726.77425994278	0.00000000000	0.54056204859
1974.74329180154	726.74897132834	0.00000000000	0.54115945812
1977.13516255148	726.72492709518	0.00000000000	0.54173031109
1979.53425767215	726.70092501389	0.00000000000	0.54230296256
1981.92478929358	726.67712283723	0.00000000000	0.54287364404
1984.32254692683	726.65336315183	0.00000000000	0.54344612490
1986.71963726373	726.62972453949	0.00000000000	0.54401852091
1989.11606041279	726.60620679976	0.00000000000	0.54459083212
1991.50688696207	726.58285775719	0.00000000000	0.54516188105
1994.00525293786	726.55857978544	0.00000000000	0.54575869514
1996.39076008647	726.53551412239	0.00000000000	0.54632862506
1998.77659400895	726.51255814589	0.00000000000	0.54689870715
2001.27302248937	726.48865876299	0.00000000000	0.54749529460
2003.69157177443	726.46562257003	0.00000000000	0.54807334825
2006.08330009057	726.44295557208	0.00000000000	0.54864506654
2008.47436568715	726.42040780050	0.00000000000	0.54921670110
2010.87163335073	726.39791480895	0.00000000000	0.54978989342
2013.26823613580	726.37554131656	0.00000000000	0.55036300193
2015.70978152622	726.35286460469	0.00000000000	0.55094693507
2018.18328236883	726.33001072121	0.00000000000	0.55153859051
2020.60952562356	726.30771033825	0.00000000000	0.55211902003
2023.02278839554	726.28564396513	0.00000000000	0.55269642089
2025.40916080908	726.26393585642	0.00000000000	0.55326746318
2027.80175449776	726.24228324265	0.00000000000	0.55384006936
2030.20244937999	726.22067001400	0.00000000000	0.55441469009
2032.62541116474	726.19897067708	0.00000000000	0.55499471752
2035.00911433144	726.17773493322	0.00000000000	0.55556542246
2037.47745560397	726.15586213768	0.00000000000	0.55615647042
2039.88608722956	726.13463306318	0.00000000000	0.55673329840
2042.30640693646	726.11341490038	0.00000000000	0.55731300274
2044.83208034079	726.09139478679	0.00000000000	0.55791802356
2047.33611418213	726.06968586861	0.00000000000	0.55851794406
2049.74207451960	726.04894202375	0.00000000000	0.55909444624
2052.12796919383	726.02848219594	0.00000000000	0.55966621623
2054.55902354210	726.00774870850	0.00000000000	0.56024888630
2056.93667881716	725.98758144930	0.00000000000	0.56081883375
2059.31367001374	725.96752925155	0.00000000000	0.56138869717
2061.71633757534	725.94737153658	0.00000000000	0.56196479271
2064.09891592604	725.92749254746	0.00000000000	0.56253614734
2066.46893370720	725.90782710819	0.00000000000	0.56310456498
2068.85018865683	725.88817756029	0.00000000000	0.56367575320
2071.25022838244	725.86848358838	0.00000000000	0.56425152393
2073.83774024456	725.84737552140	0.00000000000	0.56487235558
2076.40052086417	725.82659614586	0.00000000000	0.56548734166
2078.79854367403	725.80726694481	0.00000000000	0.56606287076
2081.16150349781	725.78832835009	0.00000000000	0.56663006008
2083.52680748104	725.76947821128	0.00000000000	0.56719788710
2085.94937255271	725.75028285185	0.00000000000	0.56777953837
2088.42271519786	725.73080104658	0.00000000000	0.56837346257
2090.80677153618	725.71213324648	0.00000000000	0.56894602430
2093.16939609631	725.69374038483	0.00000000000	0.56951351440
2095.53135729355	725.67545917835	0.00000000000	0.57008092034
2097.89265523743	725.65728943448	0.00000000000	0.57064824214
2100.25329003746	725.63923096078	0.00000000000	0.57121547984
2102.61826233467	725.62124564879	0.00000000000	0.57178383526
2104.99837401296	725.60325256468	0.00000000000	0.57235590536
2107.37782641484	725.58537201886	0.00000000000	0.57292789361
2109.79388748595	725.56732630113	0.00000000000	0.57350876053
2112.17201665494	725.54967196386	0.00000000000	0.57408058517
2114.52462700992	725.53231245567	0.00000000000	0.57464634926
2117.03139034596	725.51393071045	0.00000000000	0.57524926729
2119.38366377722	725.49678983337	0.00000000000	0.57581510560
2121.86802410234	725.47879988694	0.00000000000	0.57641279906
2124.31315189545	725.46120771219	0.00000000000	0.57700113589
2126.66340732070	725.44440431186	0.00000000000	0.57756672169
2129.01300035637	725.42770958775	0.00000000000	0.57813222337
2131.36495972661	725.41110203121	0.00000000000	0.57869837003
2133.82619658535	725.39383413483	0.00000000000	0.57929090208
2136.17681812859	725.37744845822	0.00000000000	0.57985688129
2138.67790996578	725.36012764927	0.00000000000	0.58045917352
2141.17835806540	725.34292842501	0.00000000000	0.58106139637
2143.53896985163	725.32679841899	0.00000000000	0.58163001884
2145.97830151567	725.31023995569	0.00000000000	0.58221768361
2148.43567782719	725.29367135481	0.00000000000	0.58280977816
2150.77922868466	725.27797515507	0.00000000000	0.58337452425
2153.12211822768	725.26238569532	0.00000000000	0.58393918649
2155.55888068275	725.24628002811	0.00000000000	0.58452655329
2157.90850870184	725.23085485508	0.00000000000	0.58509299434
2160.25748081599	725.21553652101	0.00000000000	0.58565935335
2162.60075088194	725.20035741569	0.00000000000	0.58622441342
2165.09491613268	725.18431271203	0.00000000000	0.58682594393
2167.43278686932	725.16937806342	0.00000000000	0.58738985819
2169.97137550980	725.15327573667	0.00000000000	0.58800227294
2172.31195896191	725.13853491426	0.00000000000	0.58856699956
2174.71041598597	725.12353455567	0.00000000000	0.58914576846
2177.08143584376	725.10881010089	0.00000000000	0.58971799496
2179.42507762812	725.09435748288	0.00000000000	0.59028369070
2181.76806079040	725.08001000430	0.00000000000	0.59084930375
2184.10533277033	725.06579809168	0.00000000000	0.59141361414
2186.44194548372	725.05169051426	0.00000000000	0.59197784137
2188.78998267284	725.03761490729	0.00000000000	0.59254490392
2191.21714896752	725.02317120788	0.00000000000	0.59313115733
2193.79900983150	725.00792538240	0.00000000000	0.59375486563
2196.26371632873	724.99348513850	0.00000000000	0.59435035944
2198.59696927834	724.97991735881	0.00000000000	0.59491417123
2201.04032572658	724.96581587311	0.00000000000	0.59550467029
2203.37224655839	724.95245907150	0.00000000000	0.59606831608
2205.72457468814	724.93908576162	0.00000000000	0.59663697172
2208.14722251583	724.92541794924	0.00000000000	0.59722270769
2210.53593515778	724.91204606995	0.00000000000	0.59780031966
2212.86519972005	724.89910677709	0.00000000000	0.59836363377
2215.19887879839	724.88624168120	0.00000000000	0.59892809202
2217.57135248076	724.87326390506	0.00000000000	0.59950201228
2219.89863669864	724.86063234353	0.00000000000	0.60006507790
2222.23739257668	724.84803721181	0.00000000000	0.60063099592
2224.59531710241	724.83543890109	0.00000000000	0.60120163040
2226.95258916780	724.82294439014	0.00000000000	0.60177218546
2229.32183104376	724.81048739329	0.00000000000	0.60234571686
2231.89393610405	724.79707824383	0.00000000000	0.60296844602
2234.26184883334	724.78483884140	0.00000000000	0.60354182126
2236.64343963909	724.77263038574	0.00000000000	0.60411858871
2238.99740677595	724.76066360055	0.00000000000	0.60468874540
2241.33087045241	724.74889913138	0.00000000000	0.60525401358
2243.72648076194	724.73692282398	0.00000000000	0.60583441691
2246.04645625514	724.72542253004	0.00000000000	0.60639657339
2248.44078451557	724.71365456032	0.00000000000	0.60697682672
2250.87081344641	724.70181580291	0.00000000000	0.60756581544
2253.26384437236	724.69026023976	0.00000000000	0.60814591888
2255.57808192353	724.67918221799	0.00000000000	0.60870699947
2258.09379807686	724.66724788108	0.00000000000	0.60931701477
2260.44186956422	724.65621036838	0.00000000000	0.60988646093
2262.75307686643	724.64544177428	0.00000000000	0.61044704395
2265.06362774728	724.63477097326	0.00000000000	0.61100754422
2267.39886034483	724.62408232716	0.00000000000	0.61157410959
2269.73344076068	724.61349317590	0.00000000000	0.61214059492
2272.10534106350	724.60283346578	0.00000000000	0.61271621605
2274.52902186849	724.59204371411	0.00000000000	0.61330448695
2276.87253005456	724.58170945181	0.00000000000	0.61387337885
2279.29493870031	724.57112901471	0.00000000000	0.61446150710
2281.93420335749	724.55971901887	0.00000000000	0.61510238130
2284.33636635821	724.54944054844	0.00000000000	0.61568576907
2286.67722069816	724.53952193005	0.00000000000	0.61625434758
2288.99033865383	724.52981528982	0.00000000000	0.61681626685
2291.32989723385	724.52009309928	0.00000000000	0.61738468795
2293.65787641181	724.51051415914	0.00000000000	0.61795037432
2295.98520454187	724.50103265028	0.00000000000	0.61851598093
2298.36601255156	724.49143118715	0.00000000000	0.61909466590
2300.67584505543	724.48221050447	0.00000000000	0.61965617797
2303.00121540368	724.47302174990	0.00000000000	0.62022154548
2305.30460660489	724.46401268209	0.00000000000	0.62078164666
2307.60734400398	724.45509842645	0.00000000000	0.62134166599
2310.04180482817	724.44577444543	0.00000000000	0.62193380401
2312.38825215732	724.43688491242	0.00000000000	0.62250461607
2314.68590668398	724.42827273191	0.00000000000	0.62306363626
2316.99828660467	724.41969766587	0.00000000000	0.62362631693
2319.33005276276	724.41114437775	0.00000000000	0.62419379400
2321.70448512059	724.40253113245	0.00000000000	0.62477173633
2324.00775324721	724.39426901986	0.00000000000	0.62533243592
2326.31036925283	724.38610067596	0.00000000000	0.62589305441
2328.65230960786	724.37788649988	0.00000000000	0.62646332691
2331.22497863016	724.36897181386	0.00000000000	0.62708987555
2333.59619161023	724.36085591991	0.00000000000	0.62766744757
2335.90329906639	724.35305206048	0.00000000000	0.62822948427
2338.21886299013	724.34531134933	0.00000000000	0.62879365977
2340.54476849254	724.33762850086	0.00000000000	0.62936043438
2342.85903284778	724.33007594708	0.00000000000	0.62992445138
2345.14706579082	724.32269895812	0.00000000000	0.63048215306
2347.51445564580	724.31516015709	0.00000000000	0.63105927907
2349.82676970090	724.30788897572	0.00000000000	0.63162305852
2352.11698315043	724.30077703521	0.00000000000	0.63218152739
2354.41887811324	724.29371871627	0.00000000000	0.63274292297
2356.76759092498	724.28660962806	0.00000000000	0.63331581754
2359.06818503980	724.27973694471	0.00000000000	0.63387705432
2361.35162306264	724.27300422945	0.00000000000	0.63443418343
2363.71457038714	724.26613002981	0.00000000000	0.63501079326
2366.00085632291	724.25956873653	0.00000000000	0.63556877501
2368.29166251894	724.25308303562	0.00000000000	0.63612793791
2370.57664583156	724.24670203507	0.00000000000	0.63668575729
2372.89350963302	724.24032185813	0.00000000000	0.63725143885
2375.25328865629	724.23391639844	0.00000000000	0.63782768077
2377.53317960372	724.22781672947	0.00000000000	0.63838449347
2379.81554569558	724.22179788878	0.00000000000	0.63894198840
2382.14268216999	724.21575096971	0.00000000000	0.63951049918
2384.43612369215	724.20988039865	0.00000000000	0.64007085765
2386.72171438672	724.20411751656	0.00000000000	0.64062937624
2389.07769486800	724.19826857150	0.00000000000	0.64120517755
2391.43303487214	724.19251387390	0.00000000000	0.64178090553
2393.73303105376	724.18698369519	0.00000000000	0.64234318586
2396.01600323604	724.18158160857	0.00000000000	0.64290138291
2398.29832661053	724.17626775507	0.00000000000	0.64345949963
2400.62032197332	724.17095039007	0.00000000000	0.64402739812
2402.94167412222	724.16572397686	0.00000000000	0.64459522044
2405.41880832340	724.16024538254	0.00000000000	0.64520123794
2407.89530853793	724.15486977996	0.00000000000	0.64580719285
2410.16912181186	724.15002347539	0.00000000000	0.64636363547
2412.43915095964	724.14527044548	0.00000000000	0.64691922996
2414.71166939058	724.14059738263	0.00000000000	0.64747551177
2416.98874587986	724.13600032958	0.00000000000	0.64803298774
2419.25577510354	724.13150836453	0.00000000000	0.64858808194
2421.58661569561	724.12697808023	0.00000000000	0.64915888194
2423.97004273369	724.12243786433	0.00000000000	0.64974264508
2426.23929389102	724.11820174750	0.00000000000	0.65029852377
2428.51311120041	724.11404173955	0.00000000000	0.65085559948
2430.80272420688	724.10993833434	0.00000000000	0.65141662455
2433.07002725667	724.10595935991	0.00000000000	0.65197226166
2435.43111511188	724.10190501137	0.00000000000	0.65255096541
2437.74283109787	724.09802352035	0.00000000000	0.65311765047
2440.08484956288	724.09417991007	0.00000000000	0.65369184694
2442.36200272730	724.09052831080	0.00000000000	0.65425022062
2444.64773070153	724.08694769136	0.00000000000	0.65481077664
2446.91633522729	724.08347773334	0.00000000000	0.65536721233
2449.21190261415	724.08005144882	0.00000000000	0.65593034161
2451.47398473790	724.07675859929	0.00000000000	0.65648533559
2453.74790937276	724.07353190492	0.00000000000	0.65704331420
2456.02118889948	724.07038960148	0.00000000000	0.65760121388
2458.28655691888	724.06734116226	0.00000000000	0.65815725094
2460.56778604720	724.06435493319	0.00000000000	0.65871726088
2462.85951525167	724.06143928168	0.00000000000	0.65927992911
2465.23173029282	724.05851014266	0.00000000000	0.65986244354
2467.49449349053	724.05580032887	0.00000000000	0.66041816214
2469.90782455150	724.05300066073	0.00000000000	0.66101094622
2472.17654907318	724.05045379143	0.00000000000	0.66156829278
2474.47803496460	724.04795424888	0.00000000000	0.66213376896
2476.77888083161	724.04553996902	0.00000000000	0.66269916980
2479.03838341327	724.04325125935	0.00000000000	0.66325449089
2481.36903680181	724.04097570383	0.00000000000	0.66382738171
2483.66796458619	724.03881580482	0.00000000000	0.66439255670
2485.99734920488	724.03671296191	0.00000000000	0.66496530297
2488.30972490003	724.03471065880	0.00000000000	0.66553395050
2490.69567492207	724.03273349987	0.00000000000	0.66612077821
2493.06035491090	724.03086289300	0.00000000000	0.66670246195
2495.44504258772	724.02906599674	0.00000000000	0.66728915556
2497.69404581941	724.02745362172	0.00000000000	0.66784254861
2499.96424615411	724.02590695169	0.00000000000	0.66840123750
2502.30708886105	724.02439590761	0.00000000000	0.66897788784
2504.57599514916	724.02301485256	0.00000000000	0.66953642179
2506.82766120248	724.02172425267	0.00000000000	0.67009079135
2509.07868353642	724.02051354412	0.00000000000	0.67064508178
2511.32379761859	724.01938511251	0.00000000000	0.67119799645
2513.56508805161	724.01833729771	0.00000000000	0.67175004832
2515.82149951477	724.01736173947	0.00000000000	0.67230590429
2518.09778593073	724.01645813355	0.00000000000	0.67286673741
2520.33713667764	724.01564802996	0.00000000000	0.67341854980
2522.61215669416	724.01490499443	0.00000000000	0.67397923248
2524.85339644548	724.01425170909	0.00000000000	0.67453166966
2527.09399258067	724.01367660710	0.00000000000	0.67508402735
2529.33922191238	724.01317844337	0.00000000000	0.67563760667
2531.67397689886	724.01274325726	0.00000000000	0.67621334368
2533.99011854638	724.01239488499	0.00000000000	0.67678457586
2536.34300301975	724.01212587004	0.00000000000	0.67736495684
2538.60228629820	724.01194796541	0.00000000000	0.67792233189
2540.83472174721	724.01184945216	0.00000000000	0.67847316289
2543.06757964942	724.01182765892	0.00000000000	0.67902417719
2545.32495060062	724.01188354060	0.00000000000	0.67958132113
2547.56500420853	724.01201633417	0.00000000000	0.68013427096
2549.83236264610	724.01222910175	0.00000000000	0.68069404214
2552.07847532083	724.01251750022	0.00000000000	0.68124864875
2554.30810712874	724.01288009427	0.00000000000	0.68179926538
2556.55293590511	724.01332186990	0.00000000000	0.68235371501
2558.79712429454	724.01384035730	0.00000000000	0.68290808680
2561.06130727550	724.01444121890	0.00000000000	0.68346747925
2563.30421221422	724.01511333495	0.00000000000	0.68402169546
2565.56711554421	724.01586890640	0.00000000000	0.68458093474
2567.84250744167	724.01670699570	0.00000000000	0.68514334299
2570.06761688724	724.01760244275	0.00000000000	0.68569340314
2572.52547653601	724.01867864959	0.00000000000	0.68630109276
2574.75777922436	724.01973520918	0.00000000000	0.68685309890
2577.09952562959	724.02092439715	0.00000000000	0.68743225440
2579.32521922629	724.02213125971	0.00000000000	0.68798278968
2581.55558931709	724.02341545511	0.00000000000	0.68853456164
2583.81337890234	724.02479159867	0.00000000000	0.68909319848
2586.15266293207	724.02629812896	0.00000000000	0.68967208584
2588.37256496873	724.02780363739	0.00000000000	0.69022151213
2590.64158991558	724.02941870206	0.00000000000	0.69078317855
2592.86873514990	724.03107881205	0.00000000000	0.69133455909
2595.11201426244	724.03282581250	0.00000000000	0.69189001500
2597.42869140317	724.03470872813	0.00000000000	0.69246373039
2599.64536126357	724.03658517481	0.00000000000	0.69301276077
2601.86993007993	724.03854176269	0.00000000000	0.69356382764
2604.24713104517	724.04071381588	0.00000000000	0.69415279306
2606.46507166696	724.04281591768	0.00000000000	0.69470238353
2608.76052803606	724.04506819435	0.00000000000	0.69527126604
2611.05535289832	724.04739773646	0.00000000000	0.69584007771
2613.34954634457	724.04980437079	0.00000000000	0.69640881856
2615.59838860928	724.05223875916	0.00000000000	0.69696639987
2617.90944381588	724.05481808385	0.00000000000	0.69753949227
2620.14565784875	724.05738864528	0.00000000000	0.69809410862
2622.45546448627	724.06012089873	0.00000000000	0.69866706285
2624.92534320313	724.06312905163	0.00000000000	0.69927981992
2627.18417204691	724.06595835717	0.00000000000	0.69984030459
2629.40094705452	724.06880751807	0.00000000000	0.70039043566
2631.69009097014	724.07182499239	0.00000000000	0.70095861085
2633.89700791630	724.07480641293	0.00000000000	0.70150645834
2636.11928006008	724.07788023229	0.00000000000	0.70205819843
2638.36173591029	724.08105475394	0.00000000000	0.70261503192
2640.58273674323	724.08427086983	0.00000000000	0.70316661935
2642.78708709537	724.08753359381	0.00000000000	0.70371415189
2645.00681730375	724.09089017449	0.00000000000	0.70426558548
2647.21312144820	724.09429704807	0.00000000000	0.70481376421
2649.41878771113	724.09777318894	0.00000000000	0.70536186473
2651.61950066232	724.10131143131	0.00000000000	0.70590881444
2653.84614602815	724.10496233583	0.00000000000	0.70646229067
2656.08355221251	724.10870268540	0.00000000000	0.70701852433
2658.38343695906	724.11262239181	0.00000000000	0.70759037693
2660.70232290652	724.11665125427	0.00000000000	0.70816704280
2662.91693950849	724.12057081941	0.00000000000	0.70871786198
2665.15179390689	724.12459727370	0.00000000000	0.70927379723
2667.43097020054	724.12877700723	0.00000000000	0.70984084331
2669.66455945236	724.13294497267	0.00000000000	0.71039663138
2671.92582080257	724.13723690393	0.00000000000	0.71095938971
2674.12116206127	724.14147323923	0.00000000000	0.71150582403
2676.34142495419	724.14582722945	0.00000000000	0.71205854321
2678.53548846741	724.15019846662	0.00000000000	0.71260482101
2680.72891647151	724.15463652742	0.00000000000	0.71315102093
2682.93033184932	724.15915910343	0.00000000000	0.71369929066
2685.14807042384	724.16378435557	0.00000000000	0.71425170769
2687.48056942998	724.16872371494	0.00000000000	0.71483279924
2689.75352504011	724.17361061508	0.00000000000	0.71539914453
2692.02586313193	724.17856872755	0.00000000000	0.71596542254
2694.33550147919	724.18368244064	0.00000000000	0.71654108475
2696.56147424011	724.18868160688	0.00000000000	0.71709597865
2698.85018844057	724.19389392310	0.00000000000	0.71766659968
2701.12001293875	724.19913545385	0.00000000000	0.71823259817
2703.62304361132	724.20499877904	0.00000000000	0.71885684904
2706.12544254568	724.21094778782	0.00000000000	0.71948104791
2708.39331232240	724.21641440598	0.00000000000	0.72004683704
2710.58152222748	724.22175664555	0.00000000000	0.72059283490
2712.81630998536	724.22728106168	0.00000000000	0.72115053831
2715.00324310286	724.23275405832	0.00000000000	0.72169638110
2717.42273461837	724.23888601442	0.00000000000	0.72230036313
2719.70576642113	724.24474614730	0.00000000000	0.72287037143
2721.95311912698	724.25058478393	0.00000000000	0.72343155799
2724.15036324779	724.25636036079	0.00000000000	0.72398031481
2726.35650744067	724.26222600056	0.00000000000	0.72453137691
2728.55248476661	724.26813085129	0.00000000000	0.72507998164
2730.73055395790	724.27405273304	0.00000000000	0.72562419357
2732.91234726261	724.28004972697	0.00000000000	0.72616941700
2735.09350667112	724.28610989485	0.00000000000	0.72671456311
2737.27403229025	724.29223308261	0.00000000000	0.72725963192
2739.44956190347	724.29840669255	0.00000000000	0.72780353277
2741.65130697693	724.30472014199	0.00000000000	0.72835407003
2743.83534648719	724.31104776867	0.00000000000	0.72890026199
2746.03583255918	724.31748836223	0.00000000000	0.72945064952
2748.24720259786	724.32402676047	0.00000000000	0.73000384290
2750.42064131350	724.33051732730	0.00000000000	0.73054762912
2752.65930542521	724.33726923770	0.00000000000	0.73110781922
2754.93252052116	724.34419436290	0.00000000000	0.73167674322
2757.12983920478	724.35095426518	0.00000000000	0.73222675681
2759.40181686464	724.35801195357	0.00000000000	0.73279554571
2761.60940356974	724.36493583751	0.00000000000	0.73334829948
2763.78770800335	724.37183175489	0.00000000000	0.73389380362
2765.99404162884	724.37888098170	0.00000000000	0.73444641041
2768.21315679705	724.38603649779	0.00000000000	0.73500230325
2770.38083424431	724.39308943044	0.00000000000	0.73554539297
2772.56414169871	724.40025633190	0.00000000000	0.73609248074
2774.73383613421	724.40744119865	0.00000000000	0.73663623910
2776.95046314409	724.41484587554	0.00000000000	0.73719184366
2779.13188153383	724.42219637814	0.00000000000	0.73773870620
2781.41756885362	724.42996563297	0.00000000000	0.73831179660
2783.61887723339	724.43751317955	0.00000000000	0.73886381641
2785.78209390579	724.44499225260	0.00000000000	0.73940636602
2787.99559186306	724.45270881726	0.00000000000	0.73996161076
2790.16082673319	724.46031932144	0.00000000000	0.74050483145
2792.33844598227	724.46803529028	0.00000000000	0.74105124153
2794.52504560673	724.47584547601	0.00000000000	0.74159998816
2796.68509000466	724.48362210305	0.00000000000	0.74214215243
2798.84340128189	724.49145323769	0.00000000000	0.74268396306
2801.05317465989	724.49953390601	0.00000000000	0.74323877681
2803.29445917116	724.50779461404	0.00000000000	0.74380158939
2805.57343653353	724.51626105984	0.00000000000	0.74437395725
2807.73358393248	724.52434813939	0.00000000000	0.74491656483
2810.07840508136	724.53319487522	0.00000000000	0.74550565325
2812.25031052328	724.54145252588	0.00000000000	0.74605138622
2814.78039524629	724.55114862004	0.00000000000	0.74668722311
2817.05624788746	724.55994075042	0.00000000000	0.74725926496
2819.22619733408	724.56838568068	0.00000000000	0.74780477263
2821.37915547173	724.57682412963	0.00000000000	0.74834609080
2823.54025736731	724.58535414770	0.00000000000	0.74888953872
2825.69525892208	724.59391949937	0.00000000000	0.74943153466
2827.84962830936	724.60254154285	0.00000000000	0.74997345356
2830.10193000411	724.61161871051	0.00000000000	0.75054009446
2832.26810578147	724.62040960740	0.00000000000	0.75108515218
2834.43365387439	724.62925747641	0.00000000000	0.75163013499
2836.58549017677	724.63810817123	0.00000000000	0.75217174938
2838.85529082908	724.64750752982	0.00000000000	0.75274314423
2841.00254160493	724.65645927850	0.00000000000	0.75328377278
2843.20039760429	724.66568218204	0.00000000000	0.75383722738
2845.35518248346	724.67478335365	0.00000000000	0.75437991936
2847.58406542492	724.68425886069	0.00000000000	0.75494136018
2849.73209177989	724.69344957659	0.00000000000	0.75548251746
2851.88497871370	724.70271904709	0.00000000000	0.75602498179
2854.03174767908	724.71201985456	0.00000000000	0.75656598689
2856.18338037202	724.72139942837	0.00000000000	0.75710830024
2858.35169211705	724.73091004435	0.00000000000	0.75765490117
2860.55991535141	724.74065580121	0.00000000000	0.75821164963
2862.70415852896	724.75017710886	0.00000000000	0.75875235062
2865.08400261821	724.76081127923	0.00000000000	0.75935255811
2867.65820353432	724.77239277367	0.00000000000	0.76000189759
2869.96322329252	724.78283261195	0.00000000000	0.76058343730
2872.12766364597	724.79269532964	0.00000000000	0.76112959673
2874.28178139624	724.80256821009	0.00000000000	0.76167323504
2876.42763253788	724.81245983891	0.00000000000	0.76221487010
2878.70772925883	724.82303212599	0.00000000000	0.76279048098
2881.10952857679	724.83423749266	0.00000000000	0.76339691704
2883.25344056477	724.84429920271	0.00000000000	0.76393832640
2885.45472343497	724.85468844578	0.00000000000	0.76449431017
2887.75487731725	724.86560729942	0.00000000000	0.76507535958
2889.88803440727	724.87579083305	0.00000000000	0.76561430891
2892.16445171708	724.88671911157	0.00000000000	0.76618954425
2894.38028552393	724.89741676262	0.00000000000	0.76674956072
2896.51152885036	724.90776196599	0.00000000000	0.76728828228
2898.72613623050	724.91856983068	0.00000000000	0.76784816338
2900.88235652977	724.92914945046	0.00000000000	0.76839336907
2903.09573368281	724.94006759315	0.00000000000	0.76895311490
2905.22777420993	724.95064005354	0.00000000000	0.76949237561
2907.36472049054	724.96129142538	0.00000000000	0.77003296019
2909.53016725831	724.97214049970	0.00000000000	0.77058083945
2911.87197377017	724.98393607603	0.00000000000	0.77117343570
2914.00147593008	724.99471894219	0.00000000000	0.77171239505
2916.19407281094	725.00587757577	0.00000000000	0.77226740972
2918.35700470425	725.01694108596	0.00000000000	0.77281500139
2920.77511310131	725.02937538129	0.00000000000	0.77342729771
2922.96581925433	725.04069996328	0.00000000000	0.77398210532
2925.30400956822	725.05284935771	0.00000000000	0.77457436113
2927.46439035906	725.06413201139	0.00000000000	0.77512166754
2929.59494864103	725.07531259183	0.00000000000	0.77566150273
2931.86043322622	725.08725959077	0.00000000000	0.77623561672
2933.98418076179	725.09851366510	0.00000000000	0.77677389776
2936.10283611802	725.10979322943	0.00000000000	0.77731097090
2938.24834334294	725.12126906393	0.00000000000	0.77785493521
2940.45122804728	725.13310751236	0.00000000000	0.77841353514
2942.57246315974	725.14456041991	0.00000000000	0.77895151529
2944.72786722120	725.15625122298	0.00000000000	0.77949824641
2946.94759951015	725.16834710433	0.00000000000	0.78006138454
2949.08997890481	725.18007541315	0.00000000000	0.78060498499
2951.32862214021	725.19238721257	0.00000000000	0.78117310194
2953.51068148841	725.20444328282	0.00000000000	0.78172694859
2955.66296486334	725.21638837154	0.00000000000	0.78227332409
2957.82831081957	725.22845950384	0.00000000000	0.78282310243
2960.32005831501	725.24241655136	0.00000000000	0.78345586151
2962.75455396661	725.25612131717	0.00000000000	0.78407419350
2964.87494202815	725.26811281374	0.00000000000	0.78461283593
2967.02402188139	725.28031868922	0.00000000000	0.78515885244
2969.13423416387	725.29235476753	0.00000000000	0.78569507768
2971.29578960483	725.30473593850	0.00000000000	0.78624443590
2973.47222111943	725.31725563367	0.00000000000	0.78679766306
2975.58947923145	725.32948617544	0.00000000000	0.78733593392
2977.78186139338	725.34220382330	0.00000000000	0.78789339199
2979.94093362288	725.35478098623	0.00000000000	0.78844246831
2982.13208796980	725.36759843744	0.00000000000	0.78899979281
2984.32262590055	725.38046594708	0.00000000000	0.78955705057
2986.43115465499	725.39290230341	0.00000000000	0.79009353087
2988.68092121494	725.40622629724	0.00000000000	0.79066603893
2990.81133243369	725.41889528030	0.00000000000	0.79120826187
2992.91797267552	725.43147240723	0.00000000000	0.79174451875
2995.02957714055	725.44412847356	0.00000000000	0.79228212321
2997.14829889620	725.45687670905	0.00000000000	0.79282162421
2999.26640054505	725.46967068707	0.00000000000	0.79336105198
3001.40557252087	725.48264204233	0.00000000000	0.79390593186
3003.55787420967	725.49574372814	0.00000000000	0.79445424337
3005.67411255031	725.50867538436	0.00000000000	0.79499345300
3007.78973119251	725.52165221290	0.00000000000	0.79553258949
3009.89697081304	725.53462620911	0.00000000000	0.79606967503
3012.07961114677	725.54811543191	0.00000000000	0.79662606723
3014.22883242758	725.56144871742	0.00000000000	0.79717402871
3016.39300797819	725.57492540486	0.00000000000	0.79772589158
3018.84058148651	725.59022794510	0.00000000000	0.79835012802
3021.10407268989	725.60443715897	0.00000000000	0.79892751704
3023.32264715301	725.61841797782	0.00000000000	0.79949354307
3025.52036420349	725.63231953573	0.00000000000	0.80005434027
3027.66579826008	725.64594036416	0.00000000000	0.80060188520
3029.77508924395	725.65937976894	0.00000000000	0.80114029162
3032.10983672394	725.67431109611	0.00000000000	0.80173634604
3034.39351895621	725.68897205777	0.00000000000	0.80231946455
3036.48750018188	725.70246390759	0.00000000000	0.80285423233
3038.58647185267	725.71603461103	0.00000000000	0.80339035893
3040.77990884593	725.73026592352	0.00000000000	0.80395070450
3043.01459840867	725.74481716985	0.00000000000	0.80452168364
3045.29530632669	725.75972235361	0.00000000000	0.80510451974
3047.43512062479	725.77375650292	0.00000000000	0.80565144138
3049.69075728169	725.78860231301	0.00000000000	0.80622806183
3051.80360585089	725.80255667289	0.00000000000	0.80676826953
3053.89814664559	725.81643616276	0.00000000000	0.80730388130
3056.00976456307	725.83047512045	0.00000000000	0.80784394572
3058.17944895716	725.84494845350	0.00000000000	0.80839895085
3060.27992372296	725.85900666815	0.00000000000	0.80893633886
3062.36295133836	725.87299324764	0.00000000000	0.80946934747
3064.46219446282	725.88713408282	0.00000000000	0.81000659034
3066.69028452766	725.90219257256	0.00000000000	0.81057690144
3068.91776181639	725.91729798499	0.00000000000	0.81114715195
3071.02502558410	725.93163507250	0.00000000000	0.81168671559
3073.10831119293	725.94585373598	0.00000000000	0.81222022445
3075.20442967122	725.96020475729	0.00000000000	0.81275710487
3077.29211300734	725.97454256817	0.00000000000	0.81329190979
3079.47463041101	725.98957910018	0.00000000000	0.81385109927
3081.56888696544	726.00405302470	0.00000000000	0.81438776247
3083.68440654744	726.01871901174	0.00000000000	0.81492996132
3085.79930379308	726.03342589882	0.00000000000	0.81547208803
3087.96048520670	726.04850123979	0.00000000000	0.81602616941
3090.20484918826	726.06420655994	0.00000000000	0.81660167375
3092.42575237633	726.07979747619	0.00000000000	0.81717125933
3094.52618870861	726.09458814827	0.00000000000	0.81771003821
3096.59917235789	726.10922871991	0.00000000000	0.81824186011
3098.77623571772	726.12465047078	0.00000000000	0.81880047437
3100.84796874427	726.13936985431	0.00000000000	0.81933214831
3103.08875562002	726.15533827543	0.00000000000	0.81990730196
3105.17613631554	726.17025819313	0.00000000000	0.82044316901
3107.27286003913	726.18528820295	0.00000000000	0.82098152097
3109.42795336257	726.20078175707	0.00000000000	0.82153495016
3111.49655561844	726.21569643662	0.00000000000	0.82206625458
3113.56795874075	726.23067335172	0.00000000000	0.82259836306
3115.63418474924	726.24565464990	0.00000000000	0.82312922610
3118.02687487400	726.26305505103	0.00000000000	0.82374407112
3120.44717475342	726.28071292944	0.00000000000	0.82436612629
3122.59855975858	726.29645661474	0.00000000000	0.82491916355
3124.70226892845	726.31189475139	0.00000000000	0.82546003399
3126.76528586329	726.32707578603	0.00000000000	0.82599052765
3128.82883189331	726.34230174637	0.00000000000	0.82652124195
3130.91870414691	726.35776368296	0.00000000000	0.82705881327
3132.98101493700	726.37306277258	0.00000000000	0.82758938025
3135.18995440065	726.38949475293	0.00000000000	0.82815776408
3137.25444050838	726.40489427003	0.00000000000	0.82868906645
3139.31830905005	726.42032974386	0.00000000000	0.82922029489
3141.37813599363	726.43577533219	0.00000000000	0.82975056785
3143.43734803834	726.45125649654	0.00000000000	0.83028076726
3145.49594388915	726.46677309437	0.00000000000	0.83081089279
3147.58091943237	726.48252926248	0.00000000000	0.83134789803
3149.66528263272	726.49832167841	0.00000000000	0.83188483261
3151.80826578430	726.51460073869	0.00000000000	0.83243695859
3153.95063940061	726.53091813481	0.00000000000	0.83298901964
3156.05915585318	726.54701949835	0.00000000000	0.83353244617
3158.12314716619	726.56282095330	0.00000000000	0.83406448383
3160.24623085684	726.57911609509	0.00000000000	0.83461184323
3162.40522371603	726.59572967841	0.00000000000	0.83516855358
3164.46735047285	726.61163809483	0.00000000000	0.83570037408
3166.64561747716	726.62848505596	0.00000000000	0.83626224020
3168.70649962371	726.64446431357	0.00000000000	0.83679391604
3170.75762867858	726.66040662563	0.00000000000	0.83732316095
3172.84728347401	726.67668795518	0.00000000000	0.83786243399
3174.96612234869	726.69323735175	0.00000000000	0.83840932874
3177.21026411282	726.71080999016	0.00000000000	0.83898866466
3179.28598279224	726.72710449246	0.00000000000	0.83952461225
3181.33399252314	726.74321970333	0.00000000000	0.84005349112
3183.42057424224	726.75967737344	0.00000000000	0.84059241843
3185.59348474939	726.77685762575	0.00000000000	0.84115373701
3187.70866393439	726.79362215199	0.00000000000	0.84170023437
3189.90218780968	726.81104995050	0.00000000000	0.84226706980
3192.05275055850	726.82817814238	0.00000000000	0.84282289871
3194.09585171571	726.84448861828	0.00000000000	0.84335104074
3196.16663765206	726.86105795124	0.00000000000	0.84388642625
3198.45576324336	726.87941853776	0.00000000000	0.84447836371
3200.50730919748	726.89591289217	0.00000000000	0.84500895729
3202.55824392637	726.91243940375	0.00000000000	0.84553947889
3204.66854783919	726.92948290187	0.00000000000	0.84608544763
3206.81490468888	726.94685761232	0.00000000000	0.84664083748
3209.05017913850	726.96499490781	0.00000000000	0.84721933608
3211.15863282682	726.98214307235	0.00000000000	0.84776510696
3213.21438191118	726.99889978601	0.00000000000	0.84829732329
3215.25239739252	727.01554810559	0.00000000000	0.84882503435
3217.30692936209	727.03236768518	0.00000000000	0.84935710865
3219.36085152773	727.04921864261	0.00000000000	0.84988911197
3221.52357834044	727.06700146003	0.00000000000	0.85044939171
3223.57626330418	727.08391655562	0.00000000000	0.85098125312
3225.62834427583	727.10086267577	0.00000000000	0.85151304504
3227.78928848861	727.11874659263	0.00000000000	0.85207314273
3230.09630995086	727.13788324387	0.00000000000	0.85267120901
3232.27790068483	727.15602094000	0.00000000000	0.85323686037
3234.31029879382	727.17295443048	0.00000000000	0.85376391725
3236.34208651502	727.18991761797	0.00000000000	0.85429090151
3238.41267520545	727.20724043037	0.00000000000	0.85482803777
3240.44323463627	727.22426323370	0.00000000000	0.85535487648
3242.47665320890	727.24134452169	0.00000000000	0.85588254295
3244.50599344420	727.25842588950	0.00000000000	0.85640923693
3246.55190774342	727.27568139203	0.00000000000	0.85694031938
3248.59721916183	727.29296646361	0.00000000000	0.85747133259
3250.63394842600	727.31021333907	0.00000000000	0.85800020441
3252.73034865375	727.32800118051	0.00000000000	0.85854466131
3254.81020962383	727.34568434704	0.00000000000	0.85908491359
3256.83470122078	727.36293077085	0.00000000000	0.85961087038
3258.92929929983	727.38080963709	0.00000000000	0.86015513095
3261.10270044625	727.39939888786	0.00000000000	0.86071996492
3263.14371525222	727.41689072423	0.00000000000	0.86125048391
3265.17613549490	727.43434238872	0.00000000000	0.86177885582
3267.30517285416	727.45265939726	0.00000000000	0.86233243854
3269.43360539970	727.47100763240	0.00000000000	0.86288595929
3271.50861594947	727.48893029814	0.00000000000	0.86342567888
3273.54655957273	727.50656629360	0.00000000000	0.86395584549
3275.59403456477	727.52431809325	0.00000000000	0.86448857985
3277.61699360171	727.54189004037	0.00000000000	0.86501502225
3279.72322319792	727.56021973243	0.00000000000	0.86556322630
3281.75872245238	727.57796716383	0.00000000000	0.86609310994
3283.77635575070	727.59559100380	0.00000000000	0.86661842919
3285.94269863706	727.61454936569	0.00000000000	0.86718256303
3288.02885645510	727.63284069482	0.00000000000	0.86772591000
3290.21717055181	727.65206418573	0.00000000000	0.86829596312
3292.64834986880	727.67346478137	0.00000000000	0.86892940154
3294.66281340212	727.69123188439	0.00000000000	0.86945436072
3297.12216871133	727.71296527732	0.00000000000	0.87009537349
3299.16279796577	727.73103368391	0.00000000000	0.87062734615
3301.21505079807	727.74923719684	0.00000000000	0.87116243845
3303.24429986029	727.76726830340	0.00000000000	0.87169162119
3305.28311310936	727.78541597457	0.00000000000	0.87222338656
3307.29733864733	727.80337577439	0.00000000000	0.87274882613
3309.36136494692	727.82181146901	0.00000000000	0.87328734691
3311.38015867697	727.83987423465	0.00000000000	0.87381415433
3313.39834651980	727.85796220610	0.00000000000	0.87434089088
3315.43414131800	727.87623890369	0.00000000000	0.87487231119
3317.54880186883	727.89525641047	0.00000000000	0.87542441261
3319.55585671520	727.91333699372	0.00000000000	0.87594850883
3321.60208505309	727.93180124243	0.00000000000	0.87648292341
3323.62525539541	727.95008787056	0.00000000000	0.87701140444
3325.64782657473	727.96839924163	0.00000000000	0.87753981701
3327.84979620728	727.98836896654	0.00000000000	0.87811519903
3329.87112819298	728.00673173213	0.00000000000	0.87864347185
3331.88380964365	728.02504553050	0.00000000000	0.87916957145
3334.08401055870	728.04509930392	0.00000000000	0.87974478731
3336.17398680794	728.06418091499	0.00000000000	0.88029128316
3338.17900234682	728.08251646957	0.00000000000	0.88081565194
3340.20748362891	728.10109605010	0.00000000000	0.88134624626
3342.29569048590	728.12025349904	0.00000000000	0.88189255627
3344.42339309031	728.13980533363	0.00000000000	0.88244929631
3346.55049334435	728.15938385047	0.00000000000	0.88300597697
3348.60304168451	728.17830659678	0.00000000000	0.88354323994
3350.65498809502	728.19725356071	0.00000000000	0.88408043692
3352.66151549368	728.21580982173	0.00000000000	0.88460583188
3354.66161381317	728.23433475165	0.00000000000	0.88512963071
3356.66693453756	728.25293614287	0.00000000000	0.88565488477
3358.86016201975	728.27331264926	0.00000000000	0.88622945773
3360.88254272742	728.29213147940	0.00000000000	0.88675936604
3362.90432104439	728.31097298878	0.00000000000	0.88728920585
3364.91526131033	728.32974144848	0.00000000000	0.88781629408
3366.91752572191	728.34845653353	0.00000000000	0.88834119624
3368.91918696712	728.36719340861	0.00000000000	0.88886602807
3370.91440898774	728.38589720172	0.00000000000	0.88938925900
3372.93318882548	728.40484936502	0.00000000000	0.88991875670
3375.01188467327	728.42439284807	0.00000000000	0.89046406308
3377.00175494011	728.44312851513	0.00000000000	0.89098615675
3379.00038814819	728.46197347527	0.00000000000	0.89151063730
3381.01675893470	728.48101278425	0.00000000000	0.89203986168
3383.04485428720	728.50019015884	0.00000000000	0.89257225373
3385.06002027384	728.51927234884	0.00000000000	0.89310134158
3387.11733700011	728.53878141044	0.00000000000	0.89364158872
3389.21129113109	728.55866655937	0.00000000000	0.89419155281
3391.21436770237	728.57771564975	0.00000000000	0.89471773921
3393.21683720328	728.59678521212	0.00000000000	0.89524385491
3395.25562229438	728.61622746475	0.00000000000	0.89577960319
3397.24293385580	728.63520483546	0.00000000000	0.89630191405
3399.25387569054	728.65443386394	0.00000000000	0.89683052469
3401.24583159366	728.67350703613	0.00000000000	0.89735423309
3403.23718605427	728.69259990802	0.00000000000	0.89787787152
3405.25869571499	728.71200783872	0.00000000000	0.89840952967
3407.34737300353	728.73208796304	0.00000000000	0.89895894851
3409.33104701184	728.75118422744	0.00000000000	0.89948083663
3411.31058016386	728.77026541159	0.00000000000	0.90000172282
3413.30702956100	728.78953463133	0.00000000000	0.90052714886
3415.28889784462	728.80868782760	0.00000000000	0.90104882551
3417.39553917914	728.82907374015	0.00000000000	0.90160344179
3419.52375650752	728.84969645589	0.00000000000	0.90216383924
3421.52806498049	728.86914411380	0.00000000000	0.90269170204
3423.50393349697	728.88834006029	0.00000000000	0.90321216292
3425.51942848334	728.90794567911	0.00000000000	0.90374315201
3427.53432469084	728.92757029810	0.00000000000	0.90427407451
3429.50837853903	728.94682109379	0.00000000000	0.90479432359
3431.59000697108	728.96714653989	0.00000000000	0.90534301820
3433.57226113295	728.98652599274	0.00000000000	0.90586560950
3435.56205539428	729.00600291831	0.00000000000	0.90639027767
3437.64192273840	729.02638685064	0.00000000000	0.90693879170
3439.62236388181	729.04582031199	0.00000000000	0.90746117526
3441.89781157538	729.06817731270	0.00000000000	0.90806148245
3444.06681507019	729.08951693355	0.00000000000	0.90863381658
3446.06384566794	729.10918906390	0.00000000000	0.90916086642
3448.12121457976	729.12947997690	0.00000000000	0.90970393502
3450.08911754072	729.14891160488	0.00000000000	0.91022347772
3452.05997821749	729.16839495466	0.00000000000	0.91074388935
3454.03612408739	729.18795307791	0.00000000000	0.91126578510
3456.04259298340	729.20783428723	0.00000000000	0.91179577990
3458.13748454025	729.22861622939	0.00000000000	0.91234922864
3460.10116916795	729.24811926784	0.00000000000	0.91286810457
3462.13646791379	729.26835665155	0.00000000000	0.91340599624
3464.12809714849	729.28818246396	0.00000000000	0.91393243832
3466.09115836557	729.30774571240	0.00000000000	0.91445141767
3468.07124747306	729.32750049917	0.00000000000	0.91497498790
3470.12215524634	729.34798484607	0.00000000000	0.91551737833
3472.17246663983	729.36848654282	0.00000000000	0.91605970723
3474.14256863957	729.38820805084	0.00000000000	0.91658091059
3476.23221260711	729.40914951208	0.00000000000	0.91713383679
3478.26276461372	729.42952163920	0.00000000000	0.91767122302
3480.23103810699	729.44929033947	0.00000000000	0.91819221759
3482.24414430813	729.46953101370	0.00000000000	0.91872517128
3484.33143180212	729.49054058760	0.00000000000	0.91927786230
3486.29197594849	729.51029569372	0.00000000000	0.91979708439
3488.28885956917	729.53043804159	0.00000000000	0.92032602151
3490.28514734332	729.55059553292	0.00000000000	0.92085489269
3492.29526685039	729.57091395565	0.00000000000	0.92138752120
3494.29035248161	729.59110141071	0.00000000000	0.92191625841
3496.29929324961	729.61145009007	0.00000000000	0.92244876048
3498.25621994469	729.63129210493	0.00000000000	0.92296756515
3500.20897255894	729.65111155907	0.00000000000	0.92348535162
3502.16112809544	729.67094458714	0.00000000000	0.92400306810
3504.15325492357	729.69120384219	0.00000000000	0.92453147618
3506.10778639971	729.71110043390	0.00000000000	0.92505000170
3508.11319730820	729.73153510909	0.00000000000	0.92558211747
3510.10354310334	729.75183634466	0.00000000000	0.92611032833
3512.05149346288	729.77172441316	0.00000000000	0.92662737728
3514.05513318190	729.79220082972	0.00000000000	0.92715930019
3516.15548399254	729.81368700898	0.00000000000	0.92771699827
3518.19226428753	729.83454369278	0.00000000000	0.92825791502
3520.22845023324	729.85541466704	0.00000000000	0.92879877076
3522.22968384361	729.87594712226	0.00000000000	0.92933043682
3524.23032345717	729.89649294011	0.00000000000	0.92986203871
3526.17401398920	729.91647244264	0.00000000000	0.93037859807
3528.12189693774	729.93651326260	0.00000000000	0.93089636043
3530.06918445731	729.95656609238	0.00000000000	0.93141405346
3532.05298435542	729.97701346478	0.00000000000	0.93194154495
3534.24788466764	729.99965837130	0.00000000000	0.93252527567
3536.19333733590	730.01974864740	0.00000000000	0.93304276084
3538.20618489068	730.04055351598	0.00000000000	0.93357826661
3540.16461121167	730.06081395775	0.00000000000	0.93409938553
3542.17627142511	730.08164357043	0.00000000000	0.93463476363
3544.36828367139	730.10436178968	0.00000000000	0.93521824886
3546.64226489002	730.12795271958	0.00000000000	0.93582367309
3548.58996983768	730.14817741342	0.00000000000	0.93634232678
3550.58282530307	730.16888864322	0.00000000000	0.93687309647
3552.56056843235	730.18946040911	0.00000000000	0.93739993418
3554.53771045878	730.21004333772	0.00000000000	0.93792670441
3556.47706866988	730.23024973584	0.00000000000	0.93844349798
3558.52170204270	730.25157093289	0.00000000000	0.93898844160
3560.56574209597	730.27290421974	0.00000000000	0.93953332637
3562.55502822174	730.29368348590	0.00000000000	0.94006371065
3564.50617157879	730.31408093260	0.00000000000	0.94058401678
3566.47975075401	730.33472955020	0.00000000000	0.94111039806
3568.41068215176	730.35494804610	0.00000000000	0.94162549446
3570.36004628688	730.37537558257	0.00000000000	0.94214559822
3572.34640787848	730.39620728601	0.00000000000	0.94267566651
3574.30505204814	730.41676447950	0.00000000000	0.94319843064
3576.38798040312	730.43864361782	0.00000000000	0.94375446704
3578.62482320122	730.46215943187	0.00000000000	0.94435170648
3580.55691185265	730.48248790005	0.00000000000	0.94486767274
3582.48840769350	730.50282533143	0.00000000000	0.94538357020
3584.54655477685	730.52451293502	0.00000000000	0.94593339443
3586.49108306761	730.54501893040	0.00000000000	0.94645295944
3588.67048723221	730.56801974259	0.00000000000	0.94703538979
3590.68600211697	730.58930766831	0.00000000000	0.94757412365
3592.60962991183	730.60963998926	0.00000000000	0.94808838796
3594.54346575877	730.63009478409	0.00000000000	0.94860547124
3596.57696414313	730.65161939685	0.00000000000	0.94914930036
3598.60987070279	730.67315367296	0.00000000000	0.94969307103
3600.55018245029	730.69372185336	0.00000000000	0.95021216723
3602.86568827514	730.71828596821	0.00000000000	0.95083175920
3604.82786154663	730.73911755793	0.00000000000	0.95135690672
3606.80403673058	730.76011235132	0.00000000000	0.95188589598
3608.75240967342	730.78082596700	0.00000000000	0.95240753579
3610.74385981252	730.80201200134	0.00000000000	0.95294080395
3612.73471982718	730.82320625497	0.00000000000	0.95347401042
3614.67079787058	730.84383110987	0.00000000000	0.95399263726
3616.64401925600	730.86486554304	0.00000000000	0.95452130775
3618.57061248641	730.88541635322	0.00000000000	0.95503757703
3620.48699311671	730.90587129143	0.00000000000	0.95555119944
3622.40156894830	730.92631987917	0.00000000000	0.95606442763
3624.34521616133	730.94709206506	0.00000000000	0.95658554038
3626.46191561005	730.96972859428	0.00000000000	0.95715315535
3628.37952002607	730.99024925012	0.00000000000	0.95766747556
3630.38332456693	731.01170574831	0.00000000000	0.95820501169
3632.30573460149	731.03230345024	0.00000000000	0.95872080562
3634.27367968352	731.05340188192	0.00000000000	0.95924891077
3636.18889778588	731.07394740013	0.00000000000	0.95976295774
3638.23135902517	731.09587125798	0.00000000000	0.96031125624
3640.15138153969	731.11649330211	0.00000000000	0.96082677964
3642.17147509355	731.13820307247	0.00000000000	0.96136926993
3644.25834405092	731.16064425311	0.00000000000	0.96192979814
3646.16690477273	731.18118014594	0.00000000000	0.96244252719
3648.35626889230	731.20475161825	0.00000000000	0.96303080393
3650.27325134970	731.22540285105	0.00000000000	0.96354598961
3652.22118725336	731.24639921188	0.00000000000	0.96406958704
3654.18319994389	731.26755909193	0.00000000000	0.96459706317
3656.37027569975	731.29116004160	0.00000000000	0.96518515862
3658.42939438117	731.31339337459	0.00000000000	0.96573895533
3660.44415857870	731.33516004125	0.00000000000	0.96628092479
3662.65709018221	731.35908144957	0.00000000000	0.96687631725
3664.57813481910	731.37985922856	0.00000000000	0.96739327580
3666.63488889875	731.40211667223	0.00000000000	0.96794685592
3668.55473334512	731.42290347840	0.00000000000	0.96846368155
3670.51192606243	731.44410544151	0.00000000000	0.96899065596
3672.59062695193	731.46663547638	0.00000000000	0.96955045109
3674.54662302204	731.48784655295	0.00000000000	0.97007730028
3676.44604652895	731.50845423362	0.00000000000	0.97058900309
3678.34488338104	731.52906538149	0.00000000000	0.97110063804
3680.25281608404	731.54978506299	0.00000000000	0.97161481474
3682.15047376464	731.57040280696	0.00000000000	0.97212631283
3684.10357408497	731.59163286825	0.00000000000	0.97265284932
3686.00369772769	731.61229665378	0.00000000000	0.97316519568
3688.15458293201	731.63569873446	0.00000000000	0.97374526641
3690.20442458337	731.65801245162	0.00000000000	0.97429819501
3692.09906122105	731.67864611866	0.00000000000	0.97480935229
3693.99188864497	731.69926904288	0.00000000000	0.97532011173
3695.89504848939	731.72001347192	0.00000000000	0.97583375030
3697.79157808763	731.74069443931	0.00000000000	0.97634569034
3699.68264119694	731.76132445216	0.00000000000	0.97685624520
3701.77754025132	731.78418812623	0.00000000000	0.97742193778
3703.67832239278	731.80494217373	0.00000000000	0.97793530836
3705.70102335356	731.82703666116	0.00000000000	0.97848170768
3707.61959743346	731.84800244595	0.00000000000	0.97900007462
3709.50888370140	731.86865635639	0.00000000000	0.97951061968
3711.45376667302	731.88992642754	0.00000000000	0.98003628335
3713.41465944952	731.91138007727	0.00000000000	0.98056637142
3715.45707611809	731.93373460298	0.00000000000	0.98111860176
3717.34396700662	731.95439488013	0.00000000000	0.98162887524
3719.40898377942	731.97701421212	0.00000000000	0.98218742335
3721.42705790005	731.99912800483	0.00000000000	0.98273337936
3723.33024897986	732.01999064930	0.00000000000	0.98324835090
3725.21840209031	732.04069575623	0.00000000000	0.98375934479
3727.21343284361	732.06258065952	0.00000000000	0.98429936215
3729.11486069737	732.08344611771	0.00000000000	0.98481413769
3731.17644062249	732.10607700262	0.00000000000	0.98537237595
3733.05730522556	732.12673123566	0.00000000000	0.98588177479
3735.01174908277	732.14820056960	0.00000000000	0.98641119737
3736.89632958625	732.16890922187	0.00000000000	0.98692178810
3738.77665420808	732.18957762145	0.00000000000	0.98743131671
3740.66614171849	732.21035319190	0.00000000000	0.98794341983
3742.54529347333	732.23102143326	0.00000000000	0.98845281278
3744.55651114688	732.25314909475	0.00000000000	0.98899810638
3746.45262849136	732.27401680243	0.00000000000	0.98951228875
3748.37160648394	732.29514231462	0.00000000000	0.99003276482
3750.24838736069	732.31580923313	0.00000000000	0.99054188792
3752.16619755333	732.33693392924	0.00000000000	0.99106223525
3754.04547997616	732.35763999113	0.00000000000	0.99157222135
3755.93026464731	732.37841229222	0.00000000000	0.99208379243
3757.80837529884	732.39911653192	0.00000000000	0.99259364358
3759.69198954105	732.41988685014	0.00000000000	0.99310508064
3761.59411327627	732.44086666207	0.00000000000	0.99362163682
3763.48498629795	732.46172765050	0.00000000000	0.99413523079
3765.36075756978	732.48242711826	0.00000000000	0.99464481468
3767.25046736315	732.50328542352	0.00000000000	0.99515827777
3769.13116029293	732.52404910693	0.00000000000	0.99566938314
3771.01970031777	732.54490424758	0.00000000000	0.99618271383
3773.06891193366	732.56753903106	0.00000000000	0.99673982245
3774.99458338116	732.58881419680	0.00000000000	0.99726344475
3776.90484319918	732.60992372921	0.00000000000	0.99778297210
3778.92850829868	732.63229137830	0.00000000000	0.99833344601
3780.79584470763	732.65293550285	0.00000000000	0.99884149074
3782.81837797118	732.67530001543	0.00000000000	0.99939186281
3785.05273100123	732.70001220703	0.00000000000	1.00000000000
