-161.05240075734	719.20001220703	0.00000000000
-153.57950548432	719.40114958447	0.00000000000
-137.71678609412	719.40488091006	0.00000000000
-113.32825544298	719.21910657624	0.00000000000
-88.19353008490	719.02013431053	0.00000000000
-62.76587696093	720.90303099442	0.00000000000
-37.80490487728	716.54095383489	0.00000000000
-11.54082153955	723.28272057034	0.00000000000
11.95240636277	716.83588172381	0.00000000000
35.98889235835	725.76588300266	0.00000000000
71.88096011745	700.50979807269	0.00000000000
81.41033772470	799.18542172553	0.00000000000
111.59003403695	785.33722428945	0.00000000000
136.17338780863	796.75340477924	0.00000000000
161.97716319223	798.08284155706	0.00000000000
188.45483216416	836.18248271459	0.00000000000
208.35679750872	816.65064179949	0.00000000000
233.89470907281	781.55652474092	0.00000000000
258.20629113792	779.24090046664	0.00000000000
283.85555363045	774.68399564435	0.00000000000
307.48000365511	777.20120626139	0.00000000000
332.07644258619	771.27856588371	0.00000000000
356.22253941161	785.80905921673	0.00000000000
379.70378291911	766.55704355725	0.00000000000
404.92520133152	815.85535404899	0.00000000000
439.23256938389	732.56390068919	0.00000000000
457.47292588621	1202.82681900184	0.00000000000
463.54338294444	868.54453426965	0.00000000000
494.78551922180	753.73146175717	0.00000000000
533.56088782231	810.54585572366	0.00000000000
541.86508720439	890.77209543328	0.00000000000
570.30414282841	1048.00515935342	0.00000000000
594.42918473886	881.44049714633	0.00000000000
610.79927355697	816.59584318220	0.00000000000
638.46275745752	769.35277643918	0.00000000000
663.24206182320	766.98958963629	0.00000000000
686.94339788863	759.79819184845	0.00000000000
709.54659279601	757.78053681655	0.00000000000
733.24081011137	758.71726388422	0.00000000000
755.83316365582	755.17500245401	0.00000000000
778.94386501004	753.34713657200	0.00000000000
802.62058443476	750.34682477434	0.00000000000
825.10429089233	749.63822017189	0.00000000000
847.87809077130	747.43283340546	0.00000000000
870.60866195907	752.41741895818	0.00000000000
893.27751312151	751.35367374360	0.00000000000
916.26588524994	756.46898212930	0.00000000000
938.99804030985	758.04637308946	0.00000000000
960.02149565281	759.20218536194	0.00000000000
983.49061272783	760.16938411089	0.00000000000
1006.04254116191	756.50704152843	0.00000000000
1028.59153648818	755.57298679686	0.00000000000
1049.53248205903	750.28875969466	0.00000000000
1072.94650311860	751.50143901725	0.00000000000
1095.11135860127	750.68332876684	0.00000000000
1117.05061007211	759.72366765572	0.00000000000
1138.99164339897	759.76087581185	0.00000000000
1162.17259545958	758.95922159280	0.00000000000
1182.69801043974	749.54585509477	0.00000000000
1204.85935411157	745.19997874596	0.00000000000
1226.48281707128	741.84361346750	0.00000000000
1248.53388626031	739.61005266780	0.00000000000
1270.15162547177	739.50604521352	0.00000000000
1292.56295548414	735.87746046348	0.00000000000
1313.37069556239	737.02411086412	0.00000000000
1334.95770735279	735.78694190167	0.00000000000
1356.39548699930	735.11033653700	0.00000000000
1378.25266959439	733.01667267493	0.00000000000
1399.11692659358	733.54057790990	0.00000000000
1420.83465791112	731.97420945222	0.00000000000
1442.09049357668	733.29787069629	0.00000000000
1463.11320891546	731.56639658447	0.00000000000
1484.54320214397	733.00568680067	0.00000000000
1505.69961143090	731.78091911045	0.00000000000
1526.66506559038	731.90056713339	0.00000000000
1547.61058808443	731.71716387749	0.00000000000
1568.79116230591	731.80432978284	0.00000000000
1589.33211519780	730.65968086723	0.00000000000
1610.89314305641	731.38787296385	0.00000000000
1630.98951747663	730.15241263289	0.00000000000
1651.80711888356	731.20232368066	0.00000000000
1672.65701505958	730.44108437493	0.00000000000
1693.50511925351	732.76986087378	0.00000000000
1714.11953188743	731.37005301318	0.00000000000
1734.40210692626	731.30342112538	0.00000000000
1754.81386798843	729.93876515289	0.00000000000
1775.42323259231	728.87256750027	0.00000000000
1796.09374760119	729.01738909636	0.00000000000
1815.57456791897	727.48486692703	0.00000000000
1836.68799270647	726.86568546426	0.00000000000
1856.57511435169	728.13428210658	0.00000000000
1877.17682982511	724.92771931266	0.00000000000
1897.11610918391	727.46511604242	0.00000000000
1917.49402875968	725.98403826691	0.00000000000
1937.11259009439	726.05584463082	0.00000000000
1956.99060062500	725.46948537376	0.00000000000
1977.15363200919	725.36293205430	0.00000000000
1997.14044875879	725.57092033020	0.00000000000
2016.95512320282	724.81246688368	0.00000000000
2036.79379711897	726.00685970812	0.00000000000
2056.53556798835	724.57399776665	0.00000000000
2076.25282682470	725.63474955621	0.00000000000
2095.76204248014	724.49442321444	0.00000000000
2115.67425344393	725.49382464360	0.00000000000
2134.99127357577	724.50243565341	0.00000000000
2154.50086423609	725.72340964935	0.00000000000
2174.12081494498	725.12388787016	0.00000000000
2193.55989513533	724.59480079713	0.00000000000
2212.74912806262	725.66805483708	0.00000000000
2232.43883401212	724.59345227220	0.00000000000
2251.26579166146	725.94573258041	0.00000000000
2270.98566792884	724.74168098143	0.00000000000
2289.49126928080	725.83122113813	0.00000000000
2309.20412395583	725.02042883229	0.00000000000
2328.07862156968	725.23331727763	0.00000000000
2347.04958054840	725.21855079812	0.00000000000
2366.21230618665	724.35480913322	0.00000000000
2385.30409308664	724.76343050938	0.00000000000
2404.04543495668	724.66697319504	0.00000000000
2422.88797269556	724.30312089310	0.00000000000
2441.78423999904	724.11025854811	0.00000000000
2460.65396490051	724.49231489499	0.00000000000
2479.52221167224	724.18172761714	0.00000000000
2497.71743734386	724.14952000449	0.00000000000
2516.79227931979	724.73256886818	0.00000000000
2535.25750779440	723.53047483067	0.00000000000
2553.88097098786	724.11510881422	0.00000000000
2572.52613837543	724.49325221318	0.00000000000
2590.70024272466	724.43088899216	0.00000000000
2609.66427565114	724.38652798364	0.00000000000
2627.33452488798	724.86788725229	0.00000000000
2646.21881838305	724.91551160185	0.00000000000
2664.28170483609	724.95641946431	0.00000000000
2682.77437103757	725.54371350570	0.00000000000
2701.09000256479	725.29490082645	0.00000000000
2718.40083254833	726.52414397120	0.00000000000
2737.26652275227	726.12651129384	0.00000000000
2755.30337101853	727.12964461045	0.00000000000
2773.20234559793	727.27848043699	0.00000000000
2791.41718944965	727.96233532199	0.00000000000
2809.42997883099	727.19289696943	0.00000000000
2826.83230561274	727.58783110786	0.00000000000
2845.15815557362	726.75637677421	0.00000000000
2863.31682898358	726.87767013775	0.00000000000
2880.38451740506	726.35742892742	0.00000000000
2898.47066609205	729.24672362397	0.00000000000
2916.42430801973	731.25614448461	0.00000000000
2933.59868546842	724.96426442828	0.00000000000
2951.99758654608	727.09533221955	0.00000000000
2968.80797616294	727.70907203938	0.00000000000
2986.62196771931	726.22355055766	0.00000000000
3004.57789522939	725.99936919866	0.00000000000
3021.87955635636	725.83656317105	0.00000000000
3038.97820967627	726.32607313420	0.00000000000
3056.37439746689	724.88989186025	0.00000000000
3074.13588512468	725.73092515451	0.00000000000
3091.18716841007	725.77902273940	0.00000000000
3108.88233066162	725.49137070378	0.00000000000
3125.33927732199	726.14332578007	0.00000000000
3143.20397788136	725.24023817068	0.00000000000
3160.15340840344	725.81862205384	0.00000000000
3177.46848460235	725.03754672500	0.00000000000
3194.29072171911	726.14272223363	0.00000000000
3211.56695237001	725.19312309048	0.00000000000
3228.25291580892	726.11054604228	0.00000000000
3245.55341697904	725.56733035411	0.00000000000
3262.23607569618	726.45701609005	0.00000000000
3279.88862074098	725.60020673917	0.00000000000
3295.69667897393	725.73288031058	0.00000000000
3313.01759234164	726.28931032514	0.00000000000
3329.88937428091	726.21663973100	0.00000000000
3346.31905941103	725.84934435474	0.00000000000
3363.15242906981	726.32289530791	0.00000000000
3379.91990879097	726.86196996418	0.00000000000
3396.47481459851	726.76951023887	0.00000000000
3413.09556164108	726.09715037594	0.00000000000
3429.92842775505	727.40322022616	0.00000000000
3445.98665039541	725.86019084291	0.00000000000
3462.84006974140	727.51279334841	0.00000000000
3479.09309445962	726.06670572581	0.00000000000
3495.51252831259	726.31341280681	0.00000000000
3512.01952691701	726.74298208893	0.00000000000
3528.44124231352	727.25836277708	0.00000000000
3544.57807986156	726.50402160552	0.00000000000
3560.77819617803	727.51572476021	0.00000000000
3577.36340146187	728.20279569841	0.00000000000
3593.27699601417	728.45124371652	0.00000000000
3609.28022156377	731.25329749784	0.00000000000
3625.69909845522	731.77111594962	0.00000000000
3642.05286294789	733.03705901675	0.00000000000
3657.67031843116	731.12731099755	0.00000000000
3673.63969321543	729.58882078006	0.00000000000
3689.96394000312	729.23125604846	0.00000000000
3705.94676333566	729.53670827832	0.00000000000
3721.64169001861	730.82751682398	0.00000000000
3737.46464301252	730.47611566323	0.00000000000
3753.39337780092	732.06267663564	0.00000000000
3769.58867745295	732.28566206267	0.00000000000
3780.17473031823	734.18355930769	0.00000000000
3785.05273100123	732.70001220703	0.00000000000
