0.00000000000 -1.0
0.00000000000 -1.0
0.00000000000 -1.0
0.00000000000 -1.0
0.04623860639 -1.0
0.04688197916 -1.0
0.04818224814 -1.0
0.05629560266 -1.0
0.05843992742 -1.0
0.06420467363 -1.0
0.08004052987 -1.0
0.08088840371 -1.0
0.08169723870 -1.0
0.08329532432 -1.0
0.12383113691 -1.0
0.13048019463 -1.0
0.13348607248 -1.0
0.13554549324 -1.0
0.14439116458 -1.0
0.14938594995 -1.0
0.15214007334 -1.0
0.15465539712 -1.0
0.15883612437 -1.0
0.16193016452 -1.0
0.16469867748 -1.0
0.17689054198 -1.0
0.20193677728 -1.0
0.20269998496 -1.0
0.20333419655 -1.0
0.20455212338 -1.0
0.20688322881 -1.0
0.20967390868 -1.0
0.21266133038 -1.0
0.21384184337 -1.0
0.21680490151 -1.0
0.21793588605 -1.0
0.22052292000 -1.0
0.22243737738 -1.0
0.22450153060 -1.0
0.22629193720 -1.0
0.22717329451 -1.0
0.34179920681 -1.0
0.34300669788 -1.0
0.34484919298 -1.0
0.34613252645 -1.0
0.34856002322 -1.0
0.34917881990 -1.0
0.35105989546 -1.0
0.35228958474 -1.0
0.35436172760 -1.0
0.35506689458 -1.0
0.35634856187 -1.0
0.35829283882 -1.0
0.36079481068 -1.0
0.77058083945 -1.0
1.00000000000 -1.0
1.00000000000 -1.0
1.00000000000 -1.0
1.00000000000 -1.0
