-161.05240075734	719.20001220703	0.00000000000	0.00000000000
-157.91146438542	719.17411843892	0.00000000000	0.00064549929
-154.77540294225	719.15199699900	0.00000000000	0.00129040074
-151.61428943172	719.13334641766	0.00000000000	0.00194086487
-148.47687227290	719.11833070581	0.00000000000	0.00258686336
-145.32936153468	719.10663873418	0.00000000000	0.00323535336
-142.20412882504	719.09824569141	0.00000000000	0.00387966528
-139.07425937717	719.09292638120	0.00000000000	0.00452534693
-135.89139051463	719.09055439299	0.00000000000	0.00518238934
-132.77058823029	719.09107488989	0.00000000000	0.00582704001
-129.61716554853	719.09433418532	0.00000000000	0.00647885455
-126.48491522224	719.10016321046	0.00000000000	0.00712671876
-123.37496478595	719.10837922122	0.00000000000	0.00777039305
-120.24784050269	719.11895289146	0.00000000000	0.00841804883
-117.10470882542	719.13178759714	0.00000000000	0.00906945385
-113.97419899565	719.14664008761	0.00000000000	0.00971867802
-110.84629010162	719.16341282680	0.00000000000	0.01036779891
-107.73660314471	719.18187393646	0.00000000000	0.01101357292
-104.62246560802	719.20201712143	0.00000000000	0.01166070800
-101.50239008824	719.22373039453	0.00000000000	0.01230951798
-98.37492840738	719.24690240122	0.00000000000	0.01296030940
-95.23866955086	719.27142172495	0.00000000000	0.01361338196
-92.12651599089	719.29688987847	0.00000000000	0.01426188358
-88.99556546404	719.32352187561	0.00000000000	0.01491475560
-85.91379278531	719.35059467356	0.00000000000	0.01555781978
-82.83783549812	719.37833744336	0.00000000000	0.01620011506
-79.76134737152	719.40667704070	0.00000000000	0.01684296800
-76.68751255889	719.43545473124	0.00000000000	0.01748571536
-73.60687617968	719.46463020281	0.00000000000	0.01813033767
-70.54075358475	719.49387094332	0.00000000000	0.01877237558
-67.44990074875	719.52342078162	0.00000000000	0.01942005157
-64.38914614170	719.55262501964	0.00000000000	0.02006187797
-61.32475022075	719.58167588241	0.00000000000	0.02070492649
-58.26937505826	719.61032381700	0.00000000000	0.02134654146
-55.20487201993	719.63860795408	0.00000000000	0.02199053667
-52.06393836984	719.66699258435	0.00000000000	0.02265107791
-48.97940368063	719.69413465760	0.00000000000	0.02330023839
-45.93495901357	719.72007849610	0.00000000000	0.02394143076
-42.89323812533	719.74502887028	0.00000000000	0.02458251754
-39.82690596682	719.76906618811	0.00000000000	0.02522926773
-36.79067137426	719.79163220657	0.00000000000	0.02587014359
-33.75797250420	719.81281288289	0.00000000000	0.02651074647
-30.72802271259	719.83248617656	0.00000000000	0.02715124377
-27.70003749114	719.85052860352	0.00000000000	0.02779180288
-24.66302325970	719.86686673265	0.00000000000	0.02843475386
-21.63427087717	719.88127335913	0.00000000000	0.02907643904
-18.60830360107	719.89365110681	0.00000000000	0.02971801885
-15.55418945336	719.90396464367	0.00000000000	0.03036606052
-12.50290315337	719.91194436370	0.00000000000	0.03101400063
-9.48536895172	719.91741498114	0.00000000000	0.03165526627
-6.44967942709	719.92035248130	0.00000000000	0.03230088744
-2.84258733506	719.92030655659	0.00000000000	0.03306868513
0.67430999498	719.91635366567	0.00000000000	0.03381797061
4.33291505199	719.90791121093	0.00000000000	0.03459817149
7.73165647632	719.89589988333	0.00000000000	0.03532362221
10.77270670242	719.88158295870	0.00000000000	0.03597327208
13.76478144520	719.86406228843	0.00000000000	0.03661296686
16.75400150702	719.84301972909	0.00000000000	0.03725255670
19.74427894043	719.81829397576	0.00000000000	0.03789288104
22.77379943449	719.78935366735	0.00000000000	0.03854213005
25.75123202178	719.75695714571	0.00000000000	0.03918073040
28.73284664136	719.72044892106	0.00000000000	0.03982074138
31.71702668808	719.67969627239	0.00000000000	0.04046182063
34.79311339409	719.63312939106	0.00000000000	0.04112318889
37.78680918144	719.58322097280	0.00000000000	0.04176737717
40.75045358306	719.52921384901	0.00000000000	0.04240562108
43.71040305541	719.47056705636	0.00000000000	0.04304359070
46.66822232768	719.40712449259	0.00000000000	0.04368162467
49.62547145749	719.33871979633	0.00000000000	0.04432006173
52.57743779865	719.26533699373	0.00000000000	0.04495788585
55.54511319281	719.18628555425	0.00000000000	0.04559963847
58.49743927631	719.10225025542	0.00000000000	0.04623860639
61.50481262039	719.04975185043	0.00000000000	0.04688197916
64.62271999480	719.30081611097	0.00000000000	0.04752191772
67.71726467596	720.56607097151	0.00000000000	0.04818224814
70.59282381464	723.76519190297	0.00000000000	0.04889479204
74.21526720379	732.24326475974	0.00000000000	0.05002332955
77.97299537319	748.50584889217	0.00000000000	0.05159638407
80.68596706575	763.85622938567	0.00000000000	0.05295148410
83.52349755635	777.48461403938	0.00000000000	0.05428251000
86.13343075628	785.28241604094	0.00000000000	0.05528303061
89.48032870180	789.84664594096	0.00000000000	0.05629560266
92.23975450433	790.67376159302	0.00000000000	0.05698120007
95.41556507342	790.20858849385	0.00000000000	0.05769880699
98.79472673374	789.23012845492	0.00000000000	0.05843992742
101.73740587387	788.59730859654	0.00000000000	0.05909922098
104.61865426182	788.28778711174	0.00000000000	0.05976222896
107.66607796763	788.27130873251	0.00000000000	0.06047954790
110.88648755072	788.56102300599	0.00000000000	0.06125140612
114.28111604204	789.14482537089	0.00000000000	0.06207451602
116.94787791119	789.75118213558	0.00000000000	0.06272342768
120.37013376773	790.64291046559	0.00000000000	0.06355291803
123.08823691592	791.38369928739	0.00000000000	0.06420467363
126.43758817291	792.28003226150	0.00000000000	0.06499534707
129.17825293137	793.00409163977	0.00000000000	0.06563311498
131.98320717710	793.74831185457	0.00000000000	0.06627877397
134.94267091347	794.54867879391	0.00000000000	0.06695367558
137.96665543574	795.39476984068	0.00000000000	0.06763802093
141.15152145048	796.33029536326	0.00000000000	0.06835453728
144.10464202335	797.25073087850	0.00000000000	0.06901635043
146.97787049339	798.20643708252	0.00000000000	0.06965904205
149.87462871296	799.24119649968	0.00000000000	0.07030687399
152.86542661043	800.39688407323	0.00000000000	0.07097676121
156.86686949769	802.10536802422	0.00000000000	0.07187674995
159.67084195734	803.43042440966	0.00000000000	0.07251143367
163.30172237843	805.32759601766	0.00000000000	0.07334026922
166.05546751473	806.92137604527	0.00000000000	0.07397560470
168.77153937958	808.64166300865	0.00000000000	0.07460928639
171.79719589805	810.75321981689	0.00000000000	0.07532507943
174.43875534538	812.78616154325	0.00000000000	0.07596010492
177.33855219106	815.24835246633	0.00000000000	0.07667004486
179.92639483070	817.67627596351	0.00000000000	0.07731690136
183.55189832461	821.50157592439	0.00000000000	0.07824836840
186.26915133456	824.74674292172	0.00000000000	0.07896961940
190.14316530263	830.05220286325	0.00000000000	0.08004052987
192.98662124479	833.09541489147	0.00000000000	0.08088840371
195.39242665075	830.33466663419	0.00000000000	0.08169723870
198.03622031205	826.12693172432	0.00000000000	0.08249307383
200.96372020160	821.90156173608	0.00000000000	0.08329532432
203.91930469566	817.92852262390	0.00000000000	0.08408459968
207.62159455191	813.31311030910	0.00000000000	0.08505954393
211.72810426145	808.62992502745	0.00000000000	0.08612448472
214.21953915729	805.99709409242	0.00000000000	0.08676278831
216.77412977181	803.45140669995	0.00000000000	0.08741155835
220.40204034152	800.08939737464	0.00000000000	0.08832357866
223.34520775421	797.56812434025	0.00000000000	0.08905592809
226.06968353417	795.38961609037	0.00000000000	0.08972823426
229.06067113482	793.16126923172	0.00000000000	0.09046045061
232.36293839292	790.88910593778	0.00000000000	0.09126219348
235.13319167009	789.12735080677	0.00000000000	0.09192970336
238.51136064333	787.14770301517	0.00000000000	0.09273784466
241.38005908046	785.60483354058	0.00000000000	0.09341937666
244.40423526849	784.10873567318	0.00000000000	0.09413344617
247.17786666947	782.84862504548	0.00000000000	0.09478463019
250.55543965559	781.45161625785	0.00000000000	0.09557310752
253.27183024376	780.43231624021	0.00000000000	0.09620388370
256.00290585314	779.49667209127	0.00000000000	0.09683525657
258.74275486981	778.64383824967	0.00000000000	0.09746600128
261.78173789597	777.79375138320	0.00000000000	0.09816270639
264.60249777779	777.09066220895	0.00000000000	0.09880684078
267.57291088431	776.43535689820	0.00000000000	0.09948270103
270.44124168092	775.88140356772	0.00000000000	0.10013313281
273.70341765781	775.34069301502	0.00000000000	0.10087046613
276.52646500303	774.94555020077	0.00000000000	0.10150665816
279.36598394442	774.61268332091	0.00000000000	0.10214496025
282.37775770874	774.32676020104	0.00000000000	0.10282039905
285.20372284227	774.11801484402	0.00000000000	0.10345284008
288.02255877693	773.96412596208	0.00000000000	0.10408255310
290.96979388967	773.85805924936	0.00000000000	0.10473989388
294.36274758684	773.80116291325	0.00000000000	0.10549551339
297.39756489035	773.80560253520	0.00000000000	0.10617053444
300.24823624275	773.85419475350	0.00000000000	0.10680403077
303.56554804351	773.96116391170	0.00000000000	0.10754072513
306.50715386142	774.09810519569	0.00000000000	0.10819369893
309.54710856592	774.27793090754	0.00000000000	0.10886838931
312.37972245760	774.47774337305	0.00000000000	0.10949710189
315.72454696575	774.75016081142	0.00000000000	0.11023973932
318.56087435128	775.00915923503	0.00000000000	0.11086983495
321.66326274732	775.31869681875	0.00000000000	0.11155958277
324.53603748944	775.62697653007	0.00000000000	0.11219894172
327.37493894053	775.94943196134	0.00000000000	0.11283153089
330.51393875917	776.32351105228	0.00000000000	0.11353205104
333.48677085267	776.69174703280	0.00000000000	0.11419668430
336.36591037377	777.05849050322	0.00000000000	0.11484164062
339.84130368421	777.51055451723	0.00000000000	0.11562205108
342.62992223147	777.87764994371	0.00000000000	0.11624991359
345.73100283368	778.28713102824	0.00000000000	0.11695006716
348.82186574882	778.69319218189	0.00000000000	0.11765014681
351.58343690818	779.05134127889	0.00000000000	0.11827770144
355.00355365465	779.48479051090	0.00000000000	0.11905784495
357.74192889801	779.82061427001	0.00000000000	0.11968501641
360.60982873666	780.15848682045	0.00000000000	0.12034446403
363.39906095581	780.47056747520	0.00000000000	0.12098856840
366.32205601415	780.77684486749	0.00000000000	0.12166667324
369.11472385090	781.04639309405	0.00000000000	0.12231772113
371.96600644946	781.29495066540	0.00000000000	0.12298585291
375.55088146827	781.56380220815	0.00000000000	0.12383113691
378.47464396162	781.74907905802	0.00000000000	0.12452487857
381.17673629754	781.91943132875	0.00000000000	0.12516841624
383.80286488006	782.11311650866	0.00000000000	0.12579484476
386.68850225455	782.39069974103	0.00000000000	0.12648288891
389.67678009430	782.78635014165	0.00000000000	0.12719349448
392.65525338325	783.32735620860	0.00000000000	0.12789819514
395.36640381979	783.97664887474	0.00000000000	0.12853521990
398.05276735513	784.79196032784	0.00000000000	0.12916113757
401.01237605912	785.91352362096	0.00000000000	0.12984345887
403.80901635401	787.20978196951	0.00000000000	0.13048019463
406.91500136712	788.91568307478	0.00000000000	0.13117880261
410.30269196980	790.98333844670	0.00000000000	0.13193852661
413.46350657086	792.98337573814	0.00000000000	0.13265452339
417.04206898715	795.17326316526	0.00000000000	0.13348607248
419.78329277486	796.73924016584	0.00000000000	0.13414820470
422.26147184301	798.27385854309	0.00000000000	0.13477312624
425.15434015392	800.62329432619	0.00000000000	0.13554549324
428.14378369714	804.27423242506	0.00000000000	0.13640971109
431.27969423065	809.91916767808	0.00000000000	0.13740724290
433.63437078574	815.71891852042	0.00000000000	0.13823194145
436.54278458734	825.30856070816	0.00000000000	0.13936388124
439.76768285933	840.23052196203	0.00000000000	0.14081057779
443.01198780298	861.97586362878	0.00000000000	0.14254938801
445.83367935981	889.34073188770	0.00000000000	0.14439116458
448.76816967008	930.42250121253	0.00000000000	0.14675734022
451.44222368710	981.83035329758	0.00000000000	0.14938594995
454.40187852204	1040.69536552410	0.00000000000	0.15214007334
458.16629981050	1083.52720157431	0.00000000000	0.15465539712
459.73741290258	1075.20844038949	0.00000000000	0.15611101933
463.07804766155	1014.26944426502	0.00000000000	0.15883612437
468.60880705160	942.33520888896	0.00000000000	0.16193016452
468.01995194088	886.77449013801	0.00000000000	0.16469867748
469.64702395827	850.04586287636	0.00000000000	0.16692956884
473.03245341109	827.30395185971	0.00000000000	0.16862621664
477.05692786339	811.40040143243	0.00000000000	0.17007280731
480.63138587259	801.49381702908	0.00000000000	0.17116484147
484.44339969087	793.56631725061	0.00000000000	0.17222784538
488.46310132436	787.34497001777	0.00000000000	0.17328495354
490.89952760286	784.44920543751	0.00000000000	0.17390771848
494.70003216488	781.09416535878	0.00000000000	0.17486753342
497.29517661403	779.56992796936	0.00000000000	0.17552296049
499.73584897471	778.69445098439	0.00000000000	0.17614542167
502.59914794087	778.37466440505	0.00000000000	0.17689054198
505.25915287841	778.80323025884	0.00000000000	0.17760444703
507.58266549604	779.78227585076	0.00000000000	0.17824745674
510.02306582466	781.44779540644	0.00000000000	0.17894351956
512.16876039036	783.47619179732	0.00000000000	0.17957407392
514.31980673552	786.06263591687	0.00000000000	0.18022462006
517.88084204429	791.62241725376	0.00000000000	0.18134486229
520.62327702738	797.04603451241	0.00000000000	0.18224701334
523.59998893785	804.11608858953	0.00000000000	0.18326808366
526.43291488619	812.03611146210	0.00000000000	0.18428308560
529.00250816562	820.25783902720	0.00000000000	0.18524254265
532.40177809863	832.68403406982	0.00000000000	0.18657192647
535.57216902157	845.86959372312	0.00000000000	0.18787674864
539.22567920227	862.91760324418	0.00000000000	0.18946124175
542.25882386314	878.45998680632	0.00000000000	0.19084321925
545.44889837799	895.95547567239	0.00000000000	0.19236014185
548.57882293361	913.95861411072	0.00000000000	0.19390696102
551.87234929504	933.33486050817	0.00000000000	0.19558791035
555.06684913462	951.98334438723	0.00000000000	0.19725708729
557.52501442215	965.83532010853	0.00000000000	0.19855687384
560.25265280787	980.30515238093	0.00000000000	0.20000323985
562.72484494000	992.29315744005	0.00000000000	0.20130796441
563.92554680479	997.65033346784	0.00000000000	0.20193677728
566.49737263979	1001.68584674592	0.00000000000	0.20269998496
571.28870274558	998.49632326272	0.00000000000	0.20333419655
574.41732994455	989.49629052249	0.00000000000	0.20455212338
576.41531675033	980.52661814457	0.00000000000	0.20560859586
579.74822445266	968.39015427295	0.00000000000	0.20688322881
583.03636484734	952.56748897333	0.00000000000	0.20842996759
585.26977224560	938.90986923077	0.00000000000	0.20967390868
588.39971932978	920.24215839148	0.00000000000	0.21130320679
591.41043611119	906.54759167879	0.00000000000	0.21266133038
594.21956628139	896.53825380441	0.00000000000	0.21384184337
597.01769108316	880.64427476936	0.00000000000	0.21528810664
600.03541119257	863.97490792411	0.00000000000	0.21680490151
602.87854459234	854.64186820806	0.00000000000	0.21793588605
605.67316501838	844.00639841261	0.00000000000	0.21912710732
608.76004496439	830.51644187683	0.00000000000	0.22052292000
611.58591617881	820.18439689039	0.00000000000	0.22168156604
613.85445492929	815.11762937433	0.00000000000	0.22243737738
617.86077714426	810.04108082046	0.00000000000	0.22356827995
620.51248703053	803.33303030450	0.00000000000	0.22450153060
622.04972618868	789.45262114186	0.00000000000	0.22558688936
623.47597674159	782.10324578076	0.00000000000	0.22629193720
626.85755166364	779.18631230089	0.00000000000	0.22717329451
630.68118211220	777.91159791741	0.00000000000	0.22806116689
633.43342204080	777.01707652414	0.00000000000	0.22870017452
636.34549848802	776.09134874989	0.00000000000	0.22937621963
639.04364153574	775.25247626372	0.00000000000	0.23000253325
642.05375230381	774.33778481704	0.00000000000	0.23070118850
644.73291088089	773.54225453788	0.00000000000	0.23132296308
648.83565537782	772.35755301964	0.00000000000	0.23227500228
652.14677969264	771.43066090081	0.00000000000	0.23304324277
655.40142153153	770.54468111759	0.00000000000	0.23379828897
658.12341470583	769.82258535585	0.00000000000	0.23442969835
660.87493211013	769.10994731088	0.00000000000	0.23506789453
663.74156853607	768.38578499184	0.00000000000	0.23573272629
666.41986185188	767.72588677368	0.00000000000	0.23635381754
669.10665411863	767.07991529563	0.00000000000	0.23697682206
672.14291863206	766.36901995188	0.00000000000	0.23768079221
674.80793726297	765.76155800619	0.00000000000	0.23829862786
677.46629963892	765.17081845637	0.00000000000	0.23891486533
680.33249730180	764.55071718999	0.00000000000	0.23957922024
684.01854268813	763.77857616365	0.00000000000	0.24043351518
687.05488590917	763.16365678945	0.00000000000	0.24113715507
689.80521499767	762.62291131756	0.00000000000	0.24177445481
692.97676901619	762.01827952785	0.00000000000	0.24250929034
695.93659696086	761.47206874167	0.00000000000	0.24319500343
698.60025903273	760.99522481063	0.00000000000	0.24381204852
701.36678981394	760.51453671663	0.00000000000	0.24445286956
704.32647122375	760.01651967664	0.00000000000	0.24513837053
707.07594818767	759.56871302318	0.00000000000	0.24577513021
709.73881337662	759.14846254004	0.00000000000	0.24639178104
712.50475694178	758.72577875492	0.00000000000	0.24703225040
715.62134000071	758.26617473805	0.00000000000	0.24775384971
718.44386810974	757.86495986475	0.00000000000	0.24840730834
721.09939822860	757.50034044028	0.00000000000	0.24902205580
723.76689844651	757.14645946914	0.00000000000	0.24963952739
726.55001342217	756.79029087653	0.00000000000	0.25028371182
729.48450095691	756.42898095483	0.00000000000	0.25096287891
732.24935044365	756.10172959726	0.00000000000	0.25160273402
734.91598905282	755.79803443787	0.00000000000	0.25221981485
738.11573408400	755.44885510069	0.00000000000	0.25296020191
741.42927173001	755.10448244648	0.00000000000	0.25372685269
744.16092258746	754.83354387084	0.00000000000	0.25435882235
746.81693065961	754.58115832051	0.00000000000	0.25497324885
749.54817922470	754.33281368608	0.00000000000	0.25560503720
752.20779585708	754.10172073496	0.00000000000	0.25622021349
755.09399632148	753.86273769855	0.00000000000	0.25688775258
757.75313436055	753.65325060494	0.00000000000	0.25750273274
760.59453061672	753.44055235596	0.00000000000	0.25815981939
763.27502304652	753.25028180629	0.00000000000	0.25877965465
765.95527462993	753.06993831423	0.00000000000	0.25939939431
768.86420287652	752.88522910396	0.00000000000	0.26007196503
772.03562723604	752.69668149378	0.00000000000	0.26080517505
774.69902198227	752.54848187893	0.00000000000	0.26142089086
777.38868607782	752.40804369818	0.00000000000	0.26204264161
780.25089850865	752.26858870990	0.00000000000	0.26270423782
782.90036136787	752.14851116186	0.00000000000	0.26331661979
785.61432360839	752.03432210594	0.00000000000	0.26394387291
788.26407186699	751.93127585777	0.00000000000	0.26455624932
790.91271449608	751.83644686190	0.00000000000	0.26516833560
793.60088103485	751.74839572382	0.00000000000	0.26578952070
796.37947073982	751.66588170397	0.00000000000	0.26643156445
799.06712546682	751.59411739861	0.00000000000	0.26705256124
801.72786970742	751.53070377146	0.00000000000	0.26766730702
804.38257306505	751.47484119843	0.00000000000	0.26828062463
807.17954457817	751.42381287886	0.00000000000	0.26892677596
810.18659292857	751.37770173184	0.00000000000	0.26962141990
813.21990209309	751.34014331236	0.00000000000	0.27032208999
816.39030790776	751.31024321191	0.00000000000	0.27105438585
819.03699456416	751.29241234754	0.00000000000	0.27166568113
821.72255161869	751.28077847008	0.00000000000	0.27228592426
824.39739355534	751.27549511993	0.00000000000	0.27290366323
827.21319519410	751.27655157759	0.00000000000	0.27355392477
829.87852165424	751.28363630277	0.00000000000	0.27416940758
832.63594188304	751.29701910582	0.00000000000	0.27480612767
835.33202704806	751.31588727637	0.00000000000	0.27542865654
837.99646847080	751.33998748464	0.00000000000	0.27604385188
840.92551196065	751.37254434675	0.00000000000	0.27672011107
844.29628785456	751.41760054215	0.00000000000	0.27749831909
847.30150954156	751.46436636697	0.00000000000	0.27819209785
850.04026413848	751.51219795499	0.00000000000	0.27882433321
852.76275694972	751.56449396629	0.00000000000	0.27945278919
855.43441006105	751.62025025475	0.00000000000	0.28006948529
858.14161830832	751.68106504071	0.00000000000	0.28069436466
860.82316583219	751.74542229243	0.00000000000	0.28131329776
863.59612047663	751.81611028392	0.00000000000	0.28195330489
866.25752620820	751.88774486180	0.00000000000	0.28256754386
869.23527250569	751.97209524363	0.00000000000	0.28325476731
872.09096778442	752.05695642606	0.00000000000	0.28391379850
874.88233279802	752.14346900277	0.00000000000	0.28455796102
877.55148858557	752.22931757218	0.00000000000	0.28517390087
880.42952469196	752.32511825731	0.00000000000	0.28583802050
883.45901416794	752.42936918064	0.00000000000	0.28653706476
886.09728573376	752.52282559873	0.00000000000	0.28714581738
888.78774683351	752.62052008000	0.00000000000	0.28776659400
891.42532530719	752.71847872508	0.00000000000	0.28837515154
894.12860929125	752.82095859671	0.00000000000	0.28899885167
896.84639129467	752.92594447097	0.00000000000	0.28962587955
899.72274248109	753.03900448812	0.00000000000	0.29028947314
902.51135923011	753.15034282676	0.00000000000	0.29093280840
905.51265948216	753.27186047905	0.00000000000	0.29162519130
908.67895763558	753.40170924459	0.00000000000	0.29235561816
911.32756407615	753.51143848928	0.00000000000	0.29296660445
913.98331026615	753.62231177593	0.00000000000	0.29357922423
916.68400522801	753.73576987774	0.00000000000	0.29420219922
919.35874480558	753.84867921441	0.00000000000	0.29481917416
922.12574154238	753.96587793789	0.00000000000	0.29545741682
924.89241837569	754.08328804944	0.00000000000	0.29609557299
927.53885691634	754.19564139627	0.00000000000	0.29670598382
930.30490875701	754.31294871090	0.00000000000	0.29734397248
933.07064611205	754.42994003075	0.00000000000	0.29798187743
936.40875371572	754.57048581165	0.00000000000	0.29875178286
939.80536768543	754.71245213707	0.00000000000	0.29953516728
942.53415699019	754.82552167157	0.00000000000	0.30016451637
945.90111889651	754.96355242492	0.00000000000	0.30094103729
948.70562583346	755.07705893482	0.00000000000	0.30158783007
951.41715552882	755.18534893176	0.00000000000	0.30221317227
954.28842248904	755.29827186116	0.00000000000	0.30287534602
957.07127908021	755.40581860388	0.00000000000	0.30351712359
959.91865492070	755.51373247411	0.00000000000	0.30417377397
962.58798793432	755.61277389393	0.00000000000	0.30478935935
965.21677064253	755.70814194703	0.00000000000	0.30539558854
968.21290406601	755.81401630405	0.00000000000	0.30608652811
971.01485198854	755.91011754134	0.00000000000	0.30673268207
973.98407287370	756.00867433019	0.00000000000	0.30741740660
976.61381671847	756.09296959861	0.00000000000	0.30802384220
979.37424566993	756.17825438863	0.00000000000	0.30866041211
982.00060081436	756.25619545087	0.00000000000	0.30926606195
984.62911754995	756.33091958918	0.00000000000	0.30987220882
987.26149583386	756.40231047424	0.00000000000	0.31047924517
989.90701160464	756.47043123851	0.00000000000	0.31108931052
992.58431415922	756.53551006981	0.00000000000	0.31170670590
995.47510951261	756.60123238524	0.00000000000	0.31237333387
998.10154392271	756.65668511493	0.00000000000	0.31297900009
1000.80641556546	756.70938865585	0.00000000000	0.31360275555
1003.43629057149	756.75618812741	0.00000000000	0.31420921819
1006.37606110606	756.80312696395	0.00000000000	0.31488714688
1008.99821043206	756.84003861904	0.00000000000	0.31549183299
1011.64963543296	756.87244968552	0.00000000000	0.31610327340
1014.31143513328	756.89986084171	0.00000000000	0.31671710990
1017.15197682629	756.92326782022	0.00000000000	0.31737217051
1019.92678757177	756.94012497058	0.00000000000	0.31801207784
1022.68134896174	756.95080684659	0.00000000000	0.31864732082
1025.35377774878	756.95523986817	0.00000000000	0.31926362841
1027.98575881843	756.95373887465	0.00000000000	0.31987061395
1030.97527272960	756.94477566311	0.00000000000	0.32056006109
1033.99146360070	756.92768872285	0.00000000000	0.32125566937
1036.82951133049	756.90402641860	0.00000000000	0.32191020215
1039.66719356701	756.87281777216	0.00000000000	0.32256465966
1042.73763657475	756.83032276524	0.00000000000	0.32327280981
1045.55183595756	756.78320435014	0.00000000000	0.32392187178
1048.16689093578	756.73224604547	0.00000000000	0.32452501288
1050.79529869718	756.67390702763	0.00000000000	0.32513124329
1053.42325358721	756.60828803504	0.00000000000	0.32573737933
1056.03693130894	756.53564346000	0.00000000000	0.32634023277
1058.65795067028	756.45524971909	0.00000000000	0.32694479046
1061.30152884571	756.36635589303	0.00000000000	0.32755456299
1064.03121217201	756.26617238620	0.00000000000	0.32818420926
1066.71097700544	756.15935997929	0.00000000000	0.32880235391
1069.39030027395	756.04402041468	0.00000000000	0.32942040994
1072.01502707925	755.92258952785	0.00000000000	0.33002588516
1074.65632043644	755.79180217268	0.00000000000	0.33063519570
1077.26973160581	755.65376150212	0.00000000000	0.33123808818
1080.03584031288	755.49813120591	0.00000000000	0.33187622237
1082.71292955440	755.33801676308	0.00000000000	0.33249383580
1085.35236169797	755.17085285496	0.00000000000	0.33310277728
1087.96820404027	754.99591635784	0.00000000000	0.33370629216
1090.57659486168	754.81214093924	0.00000000000	0.33430810395
1093.26714730715	754.61264797464	0.00000000000	0.33492888948
1095.87718854831	754.40933494622	0.00000000000	0.33553111605
1098.48411736907	754.19648835020	0.00000000000	0.33613264184
1101.33658527098	753.95222244184	0.00000000000	0.33679084401
1103.97268641913	753.71575320938	0.00000000000	0.33739913933
1106.57725425092	753.47183178625	0.00000000000	0.33800017693
1109.29954497807	753.20579938267	0.00000000000	0.33862840103
1112.47589821750	752.88084458716	0.00000000000	0.33936143633
1115.07895084196	752.60267676497	0.00000000000	0.33996218817
1117.68501445970	752.31331966079	0.00000000000	0.34056365541
1120.31818141589	752.00975545691	0.00000000000	0.34117139927
1123.03817874886	751.68419773681	0.00000000000	0.34179920681
1125.66948508563	751.57309098853	0.00000000000	0.34240139951
1128.44983533425	752.73846154520	0.00000000000	0.34300669788
1131.43064178073	755.90751618957	0.00000000000	0.34361010951
1134.46719122208	759.61798468229	0.00000000000	0.34421739463
1137.40977296107	761.80321453594	0.00000000000	0.34484919298
1140.05800291097	760.80505426568	0.00000000000	0.34550088797
1142.55960855409	758.90131356102	0.00000000000	0.34613252645
1145.20331061347	758.44763248943	0.00000000000	0.34673944654
1148.00508492337	759.03616129978	0.00000000000	0.34734409656
1150.82879036403	759.74379083758	0.00000000000	0.34795083216
1153.51862215208	759.63699084150	0.00000000000	0.34856002322
1156.04909185590	758.38949379750	0.00000000000	0.34917881990
1158.93391314179	757.70325871354	0.00000000000	0.34985906614
1161.58876847784	757.60608748982	0.00000000000	0.35046003617
1164.26940058869	757.36188138617	0.00000000000	0.35105989546
1166.98323592789	756.49966770718	0.00000000000	0.35167478384
1169.60707735330	755.20358928206	0.00000000000	0.35228958474
1172.57173449353	753.53751767773	0.00000000000	0.35302147324
1174.95303196349	752.31362152396	0.00000000000	0.35362994265
1177.80100778200	751.34240488239	0.00000000000	0.35436172760
1180.58089273422	751.19705832982	0.00000000000	0.35506689458
1183.23299041265	751.62680425032	0.00000000000	0.35574045256
1185.70387625424	751.43419868949	0.00000000000	0.35634856187
1188.31131193425	749.85203789189	0.00000000000	0.35695401941
1191.56339426937	746.87023723144	0.00000000000	0.35767882388
1194.34391300318	744.41569590376	0.00000000000	0.35829283882
1197.02663289619	742.78812845615	0.00000000000	0.35889401425
1199.88223731120	741.82928934206	0.00000000000	0.35954408425
1202.59974615837	741.43180558184	0.00000000000	0.36016948862
1205.30231665615	741.29024267244	0.00000000000	0.36079481068
1207.88586581046	741.19588644418	0.00000000000	0.36139316513
1210.46528175213	741.10202776069	0.00000000000	0.36199060199
1213.50661442135	740.99180516451	0.00000000000	0.36269507773
1216.28783177712	740.89142950788	0.00000000000	0.36333935049
1218.98528730413	740.79445941840	0.00000000000	0.36396426413
1221.56589807345	740.70204172529	0.00000000000	0.36456214967
1224.18503549919	740.60859563654	0.00000000000	0.36516900239
1226.98735224509	740.50900530016	0.00000000000	0.36581834373
1229.57064561470	740.41755641904	0.00000000000	0.36641697619
1232.24728676465	740.32316434013	0.00000000000	0.36703728329
1234.90650285016	740.22975028874	0.00000000000	0.36765359556
1237.48003963010	740.13969044460	0.00000000000	0.36825009172
1240.08461726001	740.04888869621	0.00000000000	0.36885382403
1242.90786484882	739.95085418377	0.00000000000	0.36950829058
1245.48321363704	739.86178147197	0.00000000000	0.37010533390
1248.06242992871	739.77291268161	0.00000000000	0.37070331507
1250.63661711308	739.68455355541	0.00000000000	0.37130017153
1253.21467485690	739.59639781519	0.00000000000	0.37189796688
1255.82697836762	739.50741369999	0.00000000000	0.37250374550
1258.57752732996	739.41409258526	0.00000000000	0.37314162874
1261.14937348766	739.32717924723	0.00000000000	0.37373811186
1263.78689434977	739.23839189372	0.00000000000	0.37434987014
1266.35398512981	739.15231073958	0.00000000000	0.37494533481
1268.92049220442	739.06657923911	0.00000000000	0.37554070590
1271.62646979120	738.97654568432	0.00000000000	0.37616847634
1274.20606800487	738.89105743601	0.00000000000	0.37676697103
1276.79301694230	738.80565868209	0.00000000000	0.37736721391
1279.38898120498	738.72029705868	0.00000000000	0.37796959175
1281.98437696394	738.63528875875	0.00000000000	0.37857188101
1284.55543212130	738.55140702775	0.00000000000	0.37916856460
1287.13212613063	738.46766961377	0.00000000000	0.37976659973
1289.81492636986	738.38083257141	0.00000000000	0.38038930722
1292.46193122978	738.29550209657	0.00000000000	0.38100375208
1295.09271050127	738.21103649912	0.00000000000	0.38161447578
1297.65634568601	738.12905392995	0.00000000000	0.38220965580
1300.39846936393	738.04172037319	0.00000000000	0.38284632185
1303.53967197823	737.94212908392	0.00000000000	0.38357570676
1306.21913329453	737.85755834158	0.00000000000	0.38419792710
1308.77765630856	737.77713158895	0.00000000000	0.38479210764
1311.54012701811	737.69065163303	0.00000000000	0.38543370086
1314.40003351509	737.60151215684	0.00000000000	0.38609797733
1316.96395806275	737.52193533883	0.00000000000	0.38669355180
1319.62233416692	737.43976312062	0.00000000000	0.38731111285
1322.24737190279	737.35895658245	0.00000000000	0.38792097563
1324.94245488022	737.27633970921	0.00000000000	0.38854715987
1327.63698671386	737.19408939895	0.00000000000	0.38917326499
1330.21220241687	737.11580735335	0.00000000000	0.38977169150
1332.77884535233	737.03810250806	0.00000000000	0.39036817059
1335.63470872242	736.95201236410	0.00000000000	0.39103191611
1338.68270065078	736.86056054715	0.00000000000	0.39174037649
1341.51190422083	736.77606982010	0.00000000000	0.39239803957
1344.07612546697	736.69982166466	0.00000000000	0.39299415351
1346.65745448253	736.62338037699	0.00000000000	0.39359429017
1349.20969956077	736.54811108864	0.00000000000	0.39418771019
1351.76587615191	736.47303498289	0.00000000000	0.39478208939
1354.34546395028	736.39758434269	0.00000000000	0.39538195818
1356.90045671110	736.32316253224	0.00000000000	0.39597615304
1359.63071714970	736.24397527354	0.00000000000	0.39661115875
1362.21987779987	736.16920407990	0.00000000000	0.39721339541
1365.12314059456	736.08573608367	0.00000000000	0.39788874774
1367.78978818133	736.00941841053	0.00000000000	0.39850911110
1370.34177799875	735.93669333136	0.00000000000	0.39910284753
1372.94149899097	735.86292037565	0.00000000000	0.39970773613
1375.55505784357	735.78907190443	0.00000000000	0.40031589258
1378.45581009586	735.70748014584	0.00000000000	0.40099093356
1381.08403309770	735.63389097892	0.00000000000	0.40160260522
1383.69584596303	735.56107801264	0.00000000000	0.40221050646
1386.25860775070	735.48993882581	0.00000000000	0.40280703837
1388.81272375281	735.41934095414	0.00000000000	0.40340160459
1391.35265019852	735.34943304983	0.00000000000	0.40399291408
1394.22357014084	735.27077181642	0.00000000000	0.40466133665
1397.04192653454	735.19391834700	0.00000000000	0.40531757893
1399.66613627103	735.12268578029	0.00000000000	0.40592866663
1402.28977392053	735.05178310377	0.00000000000	0.40653967104
1404.83395450383	734.98332734208	0.00000000000	0.40713221892
1407.44056626565	734.91349713904	0.00000000000	0.40773935615
1410.04660119309	734.84399078347	0.00000000000	0.40834640863
1412.59533063152	734.77631053618	0.00000000000	0.40894016043
1415.15155044134	734.70872651113	0.00000000000	0.40953570507
1417.71696563922	734.64119596265	0.00000000000	0.41013344039
1420.25025329264	734.57480213919	0.00000000000	0.41072373772
1422.88661116837	734.50601347834	0.00000000000	0.41133810248
1425.43236090997	734.43988509058	0.00000000000	0.41193140123
1428.01985668726	734.37296984861	0.00000000000	0.41253447843
1430.57252037252	734.30724876831	0.00000000000	0.41312948606
1433.14584019715	734.24129023351	0.00000000000	0.41372935773
1435.81767117682	734.17311881618	0.00000000000	0.41435224597
1438.37836074968	734.10808099520	0.00000000000	0.41494927391
1440.93845368823	734.04334916817	0.00000000000	0.41554621204
1443.48002439622	733.97937277896	0.00000000000	0.41613888021
1446.23886792487	733.91025034892	0.00000000000	0.41678226943
1448.80864548628	733.84616694296	0.00000000000	0.41738161848
1451.33376225496	733.78348043290	0.00000000000	0.41797060016
1453.98189761346	733.71804090859	0.00000000000	0.41858832798
1456.59351704434	733.65380491159	0.00000000000	0.41919759017
1459.14944678272	733.59122766846	0.00000000000	0.41979391109
1461.72933957448	733.52835307686	0.00000000000	0.42039587359
1464.25970886779	733.46696724581	0.00000000000	0.42098633053
1466.85302179382	733.40434344564	0.00000000000	0.42159152644
1469.39672765630	733.34320123618	0.00000000000	0.42218519610
1471.97428187614	733.28153141937	0.00000000000	0.42278681664
1474.52665135749	733.22074728314	0.00000000000	0.42338260965
1477.04940890794	733.16094464539	0.00000000000	0.42397154021
1479.60059379654	733.10074692325	0.00000000000	0.42456715750
1482.19042577075	733.03992347265	0.00000000000	0.42517184960
1484.72238269429	732.98073743502	0.00000000000	0.42576307941
1487.32710136325	732.92013698505	0.00000000000	0.42637135211
1490.05305297500	732.85702642504	0.00000000000	0.42700799315
1492.59136145642	732.79854502497	0.00000000000	0.42760086318
1495.12907219439	732.74035147494	0.00000000000	0.42819364449
1497.67608156501	732.68221969498	0.00000000000	0.42878864917
1500.20441314407	732.62478614338	0.00000000000	0.42937934150
1502.74032918087	732.56745191083	0.00000000000	0.42997185688
1505.35843415606	732.50854427889	0.00000000000	0.43058362948
1507.90304975156	732.45156687313	0.00000000000	0.43117828234
1510.42896264934	732.39527746365	0.00000000000	0.43176861588
1513.10501713577	732.33593419150	0.00000000000	0.43239409505
1515.84935920560	732.27538797016	0.00000000000	0.43303559510
1518.52427146453	732.21667629717	0.00000000000	0.43366092417
1521.24366140775	732.15729410523	0.00000000000	0.43429671037
1523.75263973608	732.10277939382	0.00000000000	0.43488335608
1526.27487831145	732.04823992390	0.00000000000	0.43547315385
1528.78264184376	731.99427470448	0.00000000000	0.43605961817
1531.29259262828	731.94052272379	0.00000000000	0.43664664541
1533.85598251052	731.88589455841	0.00000000000	0.43724622419
1536.52696281943	731.82926130907	0.00000000000	0.43787102578
1539.13754401600	731.77419189950	0.00000000000	0.43848175535
1541.71387056773	731.72011895443	0.00000000000	0.43908452630
1544.28960746804	731.66632977804	0.00000000000	0.43968721407
1546.91725701885	731.61173553176	0.00000000000	0.44030210530
1549.60753434274	731.55613140609	0.00000000000	0.44093171126
1552.16673747069	731.50350936593	0.00000000000	0.44153069777
1554.83376800622	731.44895278456	0.00000000000	0.44215497957
1557.33475107332	731.39805434404	0.00000000000	0.44274044800
1560.09451168096	731.34218249739	0.00000000000	0.44338655581
1562.61644926691	731.29139372080	0.00000000000	0.44397704101
1565.11838687517	731.24126034898	0.00000000000	0.44456289628
1567.62437488287	731.19129751935	0.00000000000	0.44514975287
1570.12228207562	731.14174596185	0.00000000000	0.44573476988
1572.64180806400	731.09201802162	0.00000000000	0.44632490356
1575.14596997459	731.04284403733	0.00000000000	0.44691149197
1577.85322164160	730.98996256152	0.00000000000	0.44754571319
1580.43690102985	730.93976609767	0.00000000000	0.44815104368
1583.32493234493	730.88396942159	0.00000000000	0.44882774829
1585.96396907221	730.83327139236	0.00000000000	0.44944617255
1588.47150906426	730.78535381842	0.00000000000	0.45003383761
1590.96726482169	730.73790695128	0.00000000000	0.45061879461
1593.46708583877	730.69062780866	0.00000000000	0.45120475824
1596.00282211867	730.64291937615	0.00000000000	0.45179919563
1598.52625219253	730.59569186240	0.00000000000	0.45239080338
1601.12285368169	730.54735403021	0.00000000000	0.45299962353
1603.67008906875	730.50019000476	0.00000000000	0.45359692585
1606.24786009001	730.45271694005	0.00000000000	0.45420144603
1608.80873864286	730.40580975079	0.00000000000	0.45480206215
1611.31077343840	730.36022510129	0.00000000000	0.45538893275
1613.80567157067	730.31501077280	0.00000000000	0.45597418405
1616.31480131389	730.26978000791	0.00000000000	0.45656282895
1619.08760750646	730.22007711766	0.00000000000	0.45721339716
1621.83429977035	730.17113253996	0.00000000000	0.45785790529
1624.40790812366	730.12553371260	0.00000000000	0.45846186004
1627.20523959170	730.07625722521	0.00000000000	0.45911838303
1629.74641611114	730.03175088979	0.00000000000	0.45971484771
1632.23693237495	729.98836944786	0.00000000000	0.46029947721
1634.84485418022	729.94319451308	0.00000000000	0.46091172608
1637.49366691481	729.89757407703	0.00000000000	0.46153363698
1639.99720588046	729.85469859278	0.00000000000	0.46212149707
1642.55027106665	729.81121746830	0.00000000000	0.46272104446
1645.21968483233	729.76601612170	0.00000000000	0.46334797724
1647.75663445173	729.72330478891	0.00000000000	0.46394385936
1650.23808074349	729.68176021507	0.00000000000	0.46452676106
1652.73854313559	729.64012914019	0.00000000000	0.46511418614
1655.32276276797	729.59734757559	0.00000000000	0.46572134766
1657.94565969015	729.55417874311	0.00000000000	0.46633765853
1660.43590268982	729.51342853149	0.00000000000	0.46692285729
1662.91423850615	729.47310023221	0.00000000000	0.46750531416
1665.41162404262	729.43269056030	0.00000000000	0.46809230495
1667.88587292256	729.39288104348	0.00000000000	0.46867391408
1670.50587736053	729.35097079431	0.00000000000	0.46928984657
1672.98645624413	729.31152197430	0.00000000000	0.46987306001
1675.48138212456	729.27207123526	0.00000000000	0.47045970389
1677.95218590083	729.23322501892	0.00000000000	0.47104073256
1680.42332334080	729.19459509534	0.00000000000	0.47162189629
1682.91641323398	729.15584599170	0.00000000000	0.47220828029
1685.47575716784	729.11630060231	0.00000000000	0.47281030765
1688.13554302136	729.07545327925	0.00000000000	0.47343602641
1690.60321725423	729.03778362998	0.00000000000	0.47401660973
1693.07408627706	729.00028393384	0.00000000000	0.47459800185
1695.54907996498	728.96294053326	0.00000000000	0.47518042192
1698.01584649322	728.92593873656	0.00000000000	0.47576096328
1700.48485568479	728.88912018833	0.00000000000	0.47634208983
1703.07702172444	728.85069801965	0.00000000000	0.47695226554
1705.64945792030	728.81280359498	0.00000000000	0.47755785984
1708.26077173994	728.77457560626	0.00000000000	0.47817267073
1710.79764299824	728.73766756224	0.00000000000	0.47877001681
1713.30536717119	728.70140594542	0.00000000000	0.47936055997
1715.95887044619	728.66327650805	0.00000000000	0.47998549792
1718.54747406867	728.62631698118	0.00000000000	0.48059521593
1721.00856450262	728.59139487562	0.00000000000	0.48117495908
1723.55891749932	728.55542858314	0.00000000000	0.48177579058
1726.36202867291	728.51615825145	0.00000000000	0.48243624094
1728.84392075946	728.48161514493	0.00000000000	0.48302107101
1731.33540099690	728.44715256250	0.00000000000	0.48360822025
1733.79620389530	728.41332423646	0.00000000000	0.48418819897
1736.44508724181	728.37714295240	0.00000000000	0.48481257138
1739.32920902744	728.33802198682	0.00000000000	0.48549246975
1741.78808046808	728.30489375359	0.00000000000	0.48607218424
1744.37071769550	728.27031996083	0.00000000000	0.48668114184
1746.91559150733	728.23647355382	0.00000000000	0.48728125904
1749.37257028420	728.20400453616	0.00000000000	0.48786070957
1752.09090078396	728.16831968961	0.00000000000	0.48850186599
1754.63394977746	728.13516155278	0.00000000000	0.48910174563
1757.10045986020	728.10320927049	0.00000000000	0.48968363142
1759.55201742291	728.07165302233	0.00000000000	0.49026204925
1762.24296080849	728.03724703760	0.00000000000	0.49089701599
1764.70092032284	728.00603122230	0.00000000000	0.49147706961
1767.17340578983	727.97483389909	0.00000000000	0.49206061177
1769.73081523505	727.94277864328	0.00000000000	0.49266426127
1772.37155585100	727.90990624543	0.00000000000	0.49328764869
1774.81929921129	727.87964205280	0.00000000000	0.49386553841
1777.45887644631	727.84722721969	0.00000000000	0.49448878560
1780.03316183484	727.81583470822	0.00000000000	0.49509668370
1782.51214056503	727.78580968386	0.00000000000	0.49568213884
1784.96023230319	727.75635587178	0.00000000000	0.49626036026
1787.40383436000	727.72715090668	0.00000000000	0.49683758159
1789.93840930927	727.69706378396	0.00000000000	0.49743635614
1792.40462255191	727.66798811858	0.00000000000	0.49801904324
1794.95602911924	727.63811505972	0.00000000000	0.49862192382
1797.66419248014	727.60663629671	0.00000000000	0.49926191747
1800.23368645524	727.57698743072	0.00000000000	0.49986920990
1802.89102143805	727.54654768081	0.00000000000	0.50049733426
1805.47984721680	727.51710984456	0.00000000000	0.50110933438
1808.02817353739	727.48834124362	0.00000000000	0.50171182757
1810.68374843770	727.45858158684	0.00000000000	0.50233974826
1813.27076669845	727.42980521158	0.00000000000	0.50295152833
1815.71599841029	727.40280049753	0.00000000000	0.50352984213
1818.15577826234	727.37604387943	0.00000000000	0.50410692815
1820.60646673020	727.34935605506	0.00000000000	0.50468665651
1823.04498425010	727.32298770582	0.00000000000	0.50526356763
1825.53903462454	727.29621122365	0.00000000000	0.50585368084
1827.99639207083	727.27001841160	0.00000000000	0.50643517560
1830.47552010644	727.24378385252	0.00000000000	0.50702188592
1832.91150764361	727.21819148281	0.00000000000	0.50759844923
1835.35842164865	727.19266908734	0.00000000000	0.50817766130
1837.79023042484	727.16748720978	0.00000000000	0.50875336008
1840.39248225300	727.14074180940	0.00000000000	0.50936947792
1842.95178139653	727.11464042501	0.00000000000	0.50997549577
1845.38166301709	727.09004427905	0.00000000000	0.51055093279
1847.81091151628	727.06563450697	0.00000000000	0.51112628232
1850.23855207559	727.04142015322	0.00000000000	0.51170131353
1852.69999802552	727.01705105751	0.00000000000	0.51228441608
1855.13027103581	726.99317030937	0.00000000000	0.51286019719
1857.70665055445	726.96804830926	0.00000000000	0.51347066266
1860.13271660750	726.94457441738	0.00000000000	0.51404557661
1862.57268200013	726.92114398234	0.00000000000	0.51462384788
1865.02061341371	726.89781586477	0.00000000000	0.51520407123
1867.45256267491	726.87481689839	0.00000000000	0.51578057014
1869.92175002574	726.85164558539	0.00000000000	0.51636596153
1872.40407581753	726.82853307585	0.00000000000	0.51695453403
1874.91792552600	726.80531257538	0.00000000000	0.51755064885
1877.39900466698	726.78257729239	0.00000000000	0.51813905977
1879.84314816432	726.76035723066	0.00000000000	0.51871877633
1882.27127801804	726.73845595701	0.00000000000	0.51929475893
1884.69390436672	726.71677587006	0.00000000000	0.51986949997
1887.11296123463	726.69529819875	0.00000000000	0.52044345805
1889.53432210222	726.67397016066	0.00000000000	0.52101802680
1891.96669985195	726.65271591085	0.00000000000	0.52159527435
1894.65268137015	726.62944397048	0.00000000000	0.52223278207
1897.21952591950	726.60739814458	0.00000000000	0.52284208712
1899.66902916901	726.58653626111	0.00000000000	0.52342360589
1902.13007289324	726.56574878920	0.00000000000	0.52400793103
1904.54462551118	726.54552173160	0.00000000000	0.52458128282
1906.99225204210	726.52518664634	0.00000000000	0.52516255409
1909.41336237230	726.50523878451	0.00000000000	0.52573759354
1911.84063025477	726.48540633190	0.00000000000	0.52631416084
1914.34468137713	726.46512030056	0.00000000000	0.52690903574
1916.88596902539	726.44471249477	0.00000000000	0.52751282822
1919.42664247802	726.42449019302	0.00000000000	0.52811654687
1921.96670150257	726.40445268394	0.00000000000	0.52872019174
1924.48656125914	726.38475168530	0.00000000000	0.52931910774
1927.02539308295	726.36508023636	0.00000000000	0.52992260512
1929.47950003187	726.34623441723	0.00000000000	0.53050603179
1932.10663100156	726.32624358295	0.00000000000	0.53113066755
1934.55946071860	726.30774997353	0.00000000000	0.53171393122
1937.13858312641	726.28848156629	0.00000000000	0.53232729975
1939.60402311175	726.27023193371	0.00000000000	0.53291370277
1942.05494941140	726.25225338130	0.00000000000	0.53349672217
1944.72932303358	726.23282128759	0.00000000000	0.53413297258
1947.17896409760	726.21519144604	0.00000000000	0.53471582927
1949.60523946014	726.19788883492	0.00000000000	0.53529319400
1952.18074206106	726.17969467265	0.00000000000	0.53590614308
1954.67481700975	726.16224462423	0.00000000000	0.53649978552
1957.15129861745	726.14508153213	0.00000000000	0.53708931108
1959.58551316047	726.12836996746	0.00000000000	0.53766884377
1961.98811927468	726.11202908028	0.00000000000	0.53824091818
1964.38711759328	726.09586456196	0.00000000000	0.53881220008
1966.91615938134	726.07898753747	0.00000000000	0.53941452179
1969.32860211112	726.06304469689	0.00000000000	0.53998914314
1971.73355854101	726.04730251433	0.00000000000	0.54056204859
1974.24107802544	726.03104918505	0.00000000000	0.54115945812
1976.63684379671	726.01567248763	0.00000000000	0.54173031109
1979.03987498527	726.00039812391	0.00000000000	0.54230296256
1981.43435755216	725.98532599808	0.00000000000	0.54287364404
1983.83610683705	725.97035594404	0.00000000000	0.54344612490
1986.23721626589	725.95553735739	0.00000000000	0.54401852091
1988.63768567971	725.94086962285	0.00000000000	0.54459083212
1991.03257698972	725.92638184727	0.00000000000	0.54516188105
1993.53522012062	725.91139738090	0.00000000000	0.54575869514
1995.92483915670	725.89723711138	0.00000000000	0.54632862506
1998.31481258929	725.88321833657	0.00000000000	0.54689870715
2000.81560117490	725.86870276923	0.00000000000	0.54749529460
2003.23840228908	725.85478877673	0.00000000000	0.54807334825
2005.63436188415	725.84117254398	0.00000000000	0.54864506654
2008.02968378459	725.82770218982	0.00000000000	0.54921670110
2010.43124484304	725.81433904112	0.00000000000	0.54978989342
2012.83216566032	725.80112137428	0.00000000000	0.55036300193
2015.27813635851	725.78780109698	0.00000000000	0.55094693507
2017.75614723224	725.77445544305	0.00000000000	0.55153859051
2020.18684030130	725.76150990182	0.00000000000	0.55211902003
2022.60455431983	725.74877569153	0.00000000000	0.55269642089
2024.99535288568	725.73632220857	0.00000000000	0.55326746318
2027.39240848285	725.72397436003	0.00000000000	0.55384006936
2029.79760450626	725.71172318801	0.00000000000	0.55441469009
2032.22513343165	725.69949853108	0.00000000000	0.55499471752
2034.61335326500	725.68760883933	0.00000000000	0.55556542246
2037.08639590772	725.67543954542	0.00000000000	0.55615647042
2039.49963878436	725.66370394455	0.00000000000	0.55673329840
2041.92461535157	725.65204949294	0.00000000000	0.55731300274
2044.45517287958	725.64003478176	0.00000000000	0.55791802356
2046.96407347336	725.62827069506	0.00000000000	0.55851794406
2049.37473264353	725.61710535321	0.00000000000	0.55909444624
2051.76530867283	725.60616617092	0.00000000000	0.55966621623
2054.20115496613	725.59515568959	0.00000000000	0.56024888630
2056.58351814382	725.58451910432	0.00000000000	0.56081883375
2058.96523665313	725.57401552145	0.00000000000	0.56138869717
2061.37270340286	725.56353010588	0.00000000000	0.56196479271
2063.76006122861	725.55326254328	0.00000000000	0.56253614734
2066.13485321208	725.54317723079	0.00000000000	0.56310456498
2068.52092476870	725.53317230046	0.00000000000	0.56367575320
2070.92583889906	725.52321797264	0.00000000000	0.56425152393
2073.51862789656	725.51263117967	0.00000000000	0.56487235558
2076.08665739148	725.50229335569	0.00000000000	0.56548734166
2078.48961134955	725.49275278049	0.00000000000	0.56606287076
2080.85744861500	725.48347663893	0.00000000000	0.56663006008
2083.22765292255	725.47431500614	0.00000000000	0.56719788710
2085.65525541056	725.46505937625	0.00000000000	0.56777953837
2088.13376006302	725.45574262391	0.00000000000	0.56837346257
2090.52280998118	725.44688875712	0.00000000000	0.56894602430
2092.89040033583	725.43823654516	0.00000000000	0.56951351440
2095.25734271168	725.42970773417	0.00000000000	0.57008092034
2097.62363696271	725.42130173543	0.00000000000	0.57064824214
2099.98928294311	725.41301796072	0.00000000000	0.57121547984
2102.35929170479	725.40483865390	0.00000000000	0.57178383526
2104.74448808856	725.39672744354	0.00000000000	0.57235590536
2107.12903958444	725.38873877224	0.00000000000	0.57292789361
2109.55029410675	725.38074974452	0.00000000000	0.57350876053
2111.93355059092	725.37300623258	0.00000000000	0.57408058517
2114.29124803097	725.36546254916	0.00000000000	0.57464634926
2116.80344769483	725.35755179271	0.00000000000	0.57524926729
2119.16083709688	725.35024743150	0.00000000000	0.57581510560
2121.65061582978	725.34265731921	0.00000000000	0.57641279906
2124.10109140114	725.33531131949	0.00000000000	0.57700113589
2126.45650082121	725.32836602011	0.00000000000	0.57756672169
2128.81125959184	725.32153552260	0.00000000000	0.57813222337
2131.16840286925	725.31481065982	0.00000000000	0.57869837003
2133.63507812351	725.30789335348	0.00000000000	0.57929090208
2135.99090640934	725.30140101034	0.00000000000	0.57985688129
2138.49755170757	725.29461490634	0.00000000000	0.58045917352
2141.00356538382	725.28795553856	0.00000000000	0.58106139637
2143.36944366060	725.28178275029	0.00000000000	0.58163001884
2145.81422958615	725.27552006369	0.00000000000	0.58221768361
2148.27711271947	725.26932966293	0.00000000000	0.58280977816
2150.62592648925	725.26353639746	0.00000000000	0.58337452425
2152.97408811181	725.25785200881	0.00000000000	0.58393918649
2155.41634492455	725.25205310008	0.00000000000	0.58452655329
2157.77128124349	725.24657038921	0.00000000000	0.58509299434
2160.12557014693	725.24119552705	0.00000000000	0.58565935335
2162.47415378752	725.23593914216	0.00000000000	0.58622441342
2164.97398514504	725.23045941791	0.00000000000	0.58682594393
2167.31717637704	725.22543037544	0.00000000000	0.58738985819
2169.86155237369	725.22008657315	0.00000000000	0.58800227294
2172.20748080997	725.21526700006	0.00000000000	0.58856699956
2174.61142370795	725.21043465289	0.00000000000	0.58914576846
2176.98787511603	725.20576293138	0.00000000000	0.58971799496
2179.33689372465	725.20124759018	0.00000000000	0.59028369070
2181.68525989856	725.19683482614	0.00000000000	0.59084930375
2184.02790919595	725.19253325614	0.00000000000	0.59141361414
2186.36990488373	725.18833268671	0.00000000000	0.59197784137
2188.72335834822	725.18421159577	0.00000000000	0.59254490392
2191.15613054385	725.18005648621	0.00000000000	0.59313115733
2193.74396221683	725.17575295610	0.00000000000	0.59375486563
2196.21437562496	725.17175606676	0.00000000000	0.59435035944
2198.55303717955	725.16807205459	0.00000000000	0.59491417123
2201.00206351760	725.16431760629	0.00000000000	0.59550467029
2203.33940117944	725.16083254955	0.00000000000	0.59606831608
2205.69719876665	725.15741362513	0.00000000000	0.59663697172
2208.12548477654	725.15399341930	0.00000000000	0.59722270769
2210.51976155114	725.15072086358	0.00000000000	0.59780031966
2212.85445623288	725.14762462248	0.00000000000	0.59836363377
2215.19357989603	725.14461596389	0.00000000000	0.59892809202
2217.57159270542	725.14165267174	0.00000000000	0.59950201228
2219.90431424951	725.13883876776	0.00000000000	0.60006507790
2222.24853770718	725.13610323431	0.00000000000	0.60063099592
2224.61197787985	725.13343838871	0.00000000000	0.60120163040
2226.97476708195	725.13086722689	0.00000000000	0.60177218546
2229.34955689458	725.12837614201	0.00000000000	0.60234571686
2231.92768779016	725.12577686763	0.00000000000	0.60296844602
2234.30115034229	725.12348012845	0.00000000000	0.60354182126
2236.68832504759	725.12126259960	0.00000000000	0.60411858871
2239.04781305254	725.11916141734	0.00000000000	0.60468874540
2241.38675096371	725.11716696141	0.00000000000	0.60525401358
2243.78798255056	725.11521045563	0.00000000000	0.60583441691
2246.11340280225	725.11340316417	0.00000000000	0.60639657339
2248.51335104961	725.11162765290	0.00000000000	0.60697682672
2250.94908425229	725.10991829054	0.00000000000	0.60756581544
2253.34773281246	725.10832560220	0.00000000000	0.60814591888
2255.66740297964	725.10687041009	0.00000000000	0.60870699947
2258.18902437473	725.10538282868	0.00000000000	0.60931701477
2260.54260699994	725.10408247874	0.00000000000	0.60988646093
2262.85923811492	725.10288511314	0.00000000000	0.61044704395
2265.17521023232	725.10176948453	0.00000000000	0.61100754422
2267.51592068015	725.10072414140	0.00000000000	0.61157410959
2269.85597586637	725.09976119944	0.00000000000	0.61214059492
2272.23343661521	725.09886642856	0.00000000000	0.61271621605
2274.66279706779	725.09803858862	0.00000000000	0.61330448695
2277.01179466321	725.09732072128	0.00000000000	0.61387337885
2279.43987482302	725.09666348899	0.00000000000	0.61446150710
2282.08531525375	725.09604490314	0.00000000000	0.61510238130
2284.49309578922	725.09556966714	0.00000000000	0.61568576907
2286.83942087921	725.09518649822	0.00000000000	0.61625434758
2289.15794120615	725.09488487918	0.00000000000	0.61681626685
2291.50296006525	725.09465718122	0.00000000000	0.61738468795
2293.83636841065	725.09450734386	0.00000000000	0.61795037432
2296.16911986699	725.09443356145	0.00000000000	0.61851598093
2298.55547109530	725.09443620695	0.00000000000	0.61909466590
2300.87067674396	725.09451378574	0.00000000000	0.61965617797
2303.20145133591	725.09466601236	0.00000000000	0.62022154548
2305.51019046682	725.09488963563	0.00000000000	0.62078164666
2307.81826882929	725.09518516902	0.00000000000	0.62134166599
2310.25836994478	725.09557532740	0.00000000000	0.62193380401
2312.61024736677	725.09602645604	0.00000000000	0.62250461607
2314.91321284493	725.09653911500	0.00000000000	0.62306363626
2317.23093128959	725.09712541074	0.00000000000	0.62362631693
2319.56807391270	725.09778758960	0.00000000000	0.62419379400
2321.94797382104	725.09853459671	0.00000000000	0.62477173633
2324.25653834958	725.09932881947	0.00000000000	0.62533243592
2326.56444184594	725.10019084182	0.00000000000	0.62589305441
2328.91175214028	725.10113685058	0.00000000000	0.62646332691
2331.49031072043	725.10225596602	0.00000000000	0.62708987555
2333.86694304292	725.10336096615	0.00000000000	0.62766744757
2336.17931475961	725.10450325967	0.00000000000	0.62822948427
2338.50015349105	725.10571585205	0.00000000000	0.62879365977
2340.83134828623	725.10700003646	0.00000000000	0.62936043438
2343.15086618773	725.10834312126	0.00000000000	0.62992445138
2345.44408379302	725.10973455494	0.00000000000	0.63048215306
2347.81682810391	725.11124027078	0.00000000000	0.63105927907
2350.13436194906	725.11277527493	0.00000000000	0.63162305852
2352.42973521708	725.11435776786	0.00000000000	0.63218152739
2354.73680596220	725.11601017853	0.00000000000	0.63274292297
2357.09078887219	725.11775959607	0.00000000000	0.63331581754
2359.39653414032	725.11953475576	0.00000000000	0.63387705432
2361.68507391948	725.12135645515	0.00000000000	0.63443418343
2364.05328886686	725.12330377312	0.00000000000	0.63501079326
2366.34465987844	725.12524762396	0.00000000000	0.63556877501
2368.64054946859	725.12725372712	0.00000000000	0.63612793791
2370.93059131046	725.12931249101	0.00000000000	0.63668575729
2373.25257179193	725.13145838222	0.00000000000	0.63725143885
2375.61754914986	725.13370395420	0.00000000000	0.63782768077
2377.90244962204	725.13593045248	0.00000000000	0.63838449347
2380.18981780892	725.13821493865	0.00000000000	0.63894198840
2382.52204099210	725.14060098360	0.00000000000	0.63951049918
2384.82048198182	725.14300804419	0.00000000000	0.64007085765
2387.11104136362	725.14546124995	0.00000000000	0.64062937624
2389.47212901728	725.14804631798	0.00000000000	0.64120517755
2391.83255979129	725.15068729650	0.00000000000	0.64178090553
2394.13751238223	725.15332033484	0.00000000000	0.64234318586
2396.42538963595	725.15598626958	0.00000000000	0.64290138291
2398.71260185359	725.15870312786	0.00000000000	0.64345949963
2401.03955556715	725.16151973808	0.00000000000	0.64402739812
2403.36584884070	725.16438801582	0.00000000000	0.64459522044
2405.84823798703	725.16750603802	0.00000000000	0.64520123794
2408.32997315743	725.17068174730	0.00000000000	0.64580719285
2410.60857625465	725.17364850364	0.00000000000	0.64636363547
2412.88337107631	725.17665849071	0.00000000000	0.64691922996
2415.16064397524	725.17971950324	0.00000000000	0.64747551177
2417.44246773652	725.18283406527	0.00000000000	0.64803298774
2419.71420640672	725.18598154637	0.00000000000	0.64858808194
2422.04987119294	725.18926565772	0.00000000000	0.64915888194
2424.43821232053	725.19267368641	0.00000000000	0.64974264508
2426.71212410831	725.19596476655	0.00000000000	0.65029852377
2428.99059351597	725.19930728590	0.00000000000	0.65085559948
2431.28487257666	725.20271786325	0.00000000000	0.65141662455
2433.55677781540	725.20613905889	0.00000000000	0.65197226166
2435.92263850322	725.20974762783	0.00000000000	0.65255096541
2438.23900776583	725.21332555176	0.00000000000	0.65311765047
2440.58572030943	725.21699506155	0.00000000000	0.65369184694
2442.86741780270	725.22060555991	0.00000000000	0.65425022062
2445.15768739487	725.22427141444	0.00000000000	0.65481077664
2447.43077963326	725.22795068681	0.00000000000	0.65536721233
2449.73086765983	725.23171464558	0.00000000000	0.65593034161
2451.99738415312	725.23546351311	0.00000000000	0.65648533559
2454.27574579053	725.23927134853	0.00000000000	0.65704331420
2456.55344018965	725.24311704143	0.00000000000	0.65760121388
2458.82318671359	725.24698759180	0.00000000000	0.65815725094
2461.10880356941	725.25092332546	0.00000000000	0.65871726088
2463.40491879080	725.25491515505	0.00000000000	0.65927992911
2465.78165049147	725.25908673820	0.00000000000	0.65986244354
2468.04869952380	725.26310284091	0.00000000000	0.66041816214
2470.46657719278	725.26742542921	0.00000000000	0.66101094622
2472.73955265302	725.27152543505	0.00000000000	0.66156829278
2475.04532760183	725.27572020187	0.00000000000	0.66213376896
2477.35043765510	725.27994908693	0.00000000000	0.66269916980
2479.61410451242	725.28413582262	0.00000000000	0.66325449089
2481.94902887043	725.28848901102	0.00000000000	0.66382738171
2484.25214491713	725.29281686305	0.00000000000	0.66439255670
2486.58574813375	725.29723588428	0.00000000000	0.66496530297
2488.90228632053	725.30165579671	0.00000000000	0.66553395050
2491.29250457172	725.30625041529	0.00000000000	0.66612077821
2493.66138770049	725.31083766155	0.00000000000	0.66670246195
2496.05028653446	725.31549701255	0.00000000000	0.66728915556
2498.30323571283	725.31992137216	0.00000000000	0.66784254861
2500.57739372903	725.32441658079	0.00000000000	0.66840123750
2502.92429367775	725.32908580925	0.00000000000	0.66897788784
2505.19710269602	725.33363639438	0.00000000000	0.66953642179
2507.45261582627	725.33817983518	0.00000000000	0.67009079135
2509.70745800581	725.34274880668	0.00000000000	0.67064508178
2511.95635564089	725.34733202228	0.00000000000	0.67119799645
2514.20139677720	725.35193308538	0.00000000000	0.67175004832
2516.46155735381	725.35659059410	0.00000000000	0.67230590429
2518.74159831528	725.36131445669	0.00000000000	0.67286673741
2520.98461540046	725.36598600507	0.00000000000	0.67341854980
2523.26333219378	725.37075618332	0.00000000000	0.67397923248
2525.50818603024	725.37547891397	0.00000000000	0.67453166966
2527.75236738961	725.38022300015	0.00000000000	0.67508402735
2530.00116121153	725.38499919061	0.00000000000	0.67563760667
2532.33959267247	725.38998897323	0.00000000000	0.67621334368
2534.65935085064	725.39496176218	0.00000000000	0.67678457586
2537.01587770970	725.40003612466	0.00000000000	0.67736495684
2539.27862832086	725.40492962167	0.00000000000	0.67792233189
2541.51446063560	725.40978468312	0.00000000000	0.67847316289
2543.75068670859	725.41465978438	0.00000000000	0.67902417719
2546.01143273693	725.41960735460	0.00000000000	0.67958132113
2548.25480539847	725.42453531453	0.00000000000	0.68013427096
2550.52549253098	725.42954145437	0.00000000000	0.68069404214
2552.77487189487	725.43451815687	0.00000000000	0.68124864875
2555.00771584649	725.43947505517	0.00000000000	0.68179926538
2557.25574764073	725.44448207275	0.00000000000	0.68235371501
2559.50310677800	725.44950355425	0.00000000000	0.68290808680
2561.77045673506	725.45458537846	0.00000000000	0.68346747925
2564.01646692889	725.45963440353	0.00000000000	0.68402169546
2566.28247071653	725.46474303372	0.00000000000	0.68458093474
2568.56094702880	725.46989412196	0.00000000000	0.68514334299
2570.78904033159	725.47494472042	0.00000000000	0.68569340314
2573.25015842615	725.48053837133	0.00000000000	0.68630109276
2575.48538613404	725.48563158592	0.00000000000	0.68685309890
2577.83016549730	725.49098714653	0.00000000000	0.68743225440
2580.05870783117	725.49608878681	0.00000000000	0.68798278968
2582.29189924284	725.50121188834	0.00000000000	0.68853456164
2584.55251052892	725.50640842710	0.00000000000	0.68909319848
2586.89468143455	725.51180309264	0.00000000000	0.68967208584
2589.11728825191	725.51693188165	0.00000000000	0.69022151213
2591.38904258795	725.52218314583	0.00000000000	0.69078317855
2593.61883193891	725.52734582529	0.00000000000	0.69133455909
2595.86473912727	725.53255375921	0.00000000000	0.69189001500
2598.18409299398	725.53793983987	0.00000000000	0.69246373039
2600.40328826228	725.54310028162	0.00000000000	0.69301276077
2602.63035607389	725.54828537513	0.00000000000	0.69356382764
2605.01018801157	725.55383261359	0.00000000000	0.69415279306
2607.23054630230	725.55901365201	0.00000000000	0.69470238353
2609.52846691877	725.56438076468	0.00000000000	0.69527126604
2611.82571653265	725.56975095501	0.00000000000	0.69584007771
2614.12229499906	725.57512368385	0.00000000000	0.69640881856
2616.37343697050	725.58039358615	0.00000000000	0.69696639987
2618.68681586824	725.58581222953	0.00000000000	0.69753949227
2620.92523983988	725.59105773232	0.00000000000	0.69809410862
2623.23728911884	725.59647774068	0.00000000000	0.69866706285
2625.70952058822	725.60227485897	0.00000000000	0.69927981992
2627.97045987057	725.60757741285	0.00000000000	0.69984030459
2630.18926743317	725.61278147346	0.00000000000	0.70039043566
2632.48046987662	725.61815514287	0.00000000000	0.70095861085
2634.68933231292	725.62333501931	0.00000000000	0.70150645834
2636.91352445539	725.62854968052	0.00000000000	0.70205819843
2639.15787779506	725.63380992805	0.00000000000	0.70261503192
2641.38071816122	725.63901759414	0.00000000000	0.70316661935
2643.58685484650	725.64418351560	0.00000000000	0.70371415189
2645.80834393408	725.64938226991	0.00000000000	0.70426558548
2648.01635638317	725.65454590253	0.00000000000	0.70481376421
2650.22369041724	725.65970389424	0.00000000000	0.70536186473
2652.42602725446	725.66484568795	0.00000000000	0.70590881444
2654.65427458980	725.67004288847	0.00000000000	0.70646229067
2656.89324864317	725.67525945495	0.00000000000	0.70701852433
2659.19470105856	725.68061515233	0.00000000000	0.70759037693
2661.51512220804	725.68600783268	0.00000000000	0.70816704280
2663.73116214696	725.69115070258	0.00000000000	0.70871786198
2665.96741021060	725.69633280477	0.00000000000	0.70927379723
2668.24796339078	725.70160912271	0.00000000000	0.70984084331
2670.48285821462	725.70677100934	0.00000000000	0.71039663138
2672.74539691000	725.71198735486	0.00000000000	0.71095938971
2674.94193528836	725.71704200141	0.00000000000	0.71150582403
2677.16336556595	725.72214388029	0.00000000000	0.71205854321
2679.35853964442	725.72717504518	0.00000000000	0.71260482101
2681.55303488043	725.73219382579	0.00000000000	0.71315102093
2683.75547789343	725.73721941278	0.00000000000	0.71369929066
2685.97420742845	725.74227015249	0.00000000000	0.71425170769
2688.30770043249	725.74756858946	0.00000000000	0.71483279924
2690.58157681324	725.75271775106	0.00000000000	0.71539914453
2692.85478793951	725.75785114059	0.00000000000	0.71596542254
2695.16526471984	725.76305351361	0.00000000000	0.71654108475
2697.39199859670	725.76805232979	0.00000000000	0.71709597865
2699.68144705025	725.77317604645	0.00000000000	0.71766659968
2701.95195109004	725.77824091902	0.00000000000	0.71823259817
2704.45567462589	725.78380640485	0.00000000000	0.71885684904
2706.95870666502	725.78934906789	0.00000000000	0.71948104791
2709.22709844605	725.79435316010	0.00000000000	0.72004683704
2711.41576510197	725.79916374228	0.00000000000	0.72059283490
2713.65097151754	725.80405823074	0.00000000000	0.72115053831
2715.83826730338	725.80882932924	0.00000000000	0.72169638110
2718.25810556104	725.81408578221	0.00000000000	0.72230036313
2720.54141177239	725.81902400383	0.00000000000	0.72287037143
2722.78898427418	725.82386386291	0.00000000000	0.72343155799
2724.98639476555	725.82857497779	0.00000000000	0.72398031481
2727.19265748322	725.83328395399	0.00000000000	0.72453137691
2729.38870425825	725.83794961787	0.00000000000	0.72507998164
2731.56679426231	725.84255544933	0.00000000000	0.72562419357
2733.74856017720	725.84714692179	0.00000000000	0.72616941700
2735.92964370354	725.85171433366	0.00000000000	0.72671456311
2738.11004474829	725.85625722150	0.00000000000	0.72725963192
2740.28540129140	725.86076610514	0.00000000000	0.72780353277
2742.48692135341	725.86530483342	0.00000000000	0.72835407003
2744.67068786543	725.86978223506	0.00000000000	0.72890026199
2746.87084847844	725.87426784984	0.00000000000	0.72945064952
2749.08184022679	725.87874935990	0.00000000000	0.73000384290
2751.25485686098	725.88312782710	0.00000000000	0.73054762912
2753.49303385712	725.88761005625	0.00000000000	0.73110781922
2755.76569967261	725.89213222841	0.00000000000	0.73167674322
2757.96243481783	725.89647490184	0.00000000000	0.73222675681
2760.23375447439	725.90093511434	0.00000000000	0.73279554571
2762.44064835405	725.90523917048	0.00000000000	0.73334829948
2764.61821724356	725.90945689695	0.00000000000	0.73389380362
2766.82375304773	725.91369878655	0.00000000000	0.73444641041
2769.04201190407	725.91793417511	0.00000000000	0.73500230325
2771.20880048046	725.92204080681	0.00000000000	0.73554539297
2773.39116005348	725.92614600505	0.00000000000	0.73609248074
2775.55985997664	725.93019425622	0.00000000000	0.73663623910
2777.77541662072	725.93429729618	0.00000000000	0.73719184366
2779.95572777567	725.93830232152	0.00000000000	0.73773870620
2782.24019733389	725.94246328919	0.00000000000	0.73831179660
2784.44027692293	725.94643579343	0.00000000000	0.73886381641
2786.60223230441	725.95030574109	0.00000000000	0.73940636602
2788.81438423358	725.95423043671	0.00000000000	0.73996161076
2790.97824794092	725.95803461325	0.00000000000	0.74050483145
2793.15443359151	725.96182519847	0.00000000000	0.74105124153
2795.33953836902	725.96559524983	0.00000000000	0.74159998816
2797.49805138553	725.96928344491	0.00000000000	0.74214215243
2799.65477797866	725.97293239020	0.00000000000	0.74268396306
2801.86287216136	725.97663025331	0.00000000000	0.74323877681
2804.10239463994	725.98034095763	0.00000000000	0.74380158939
2806.37951924517	725.98407232119	0.00000000000	0.74437395725
2808.53785336954	725.98756975355	0.00000000000	0.74491656483
2810.88064301023	725.99132224094	0.00000000000	0.74550565325
2813.05060778603	725.99475667057	0.00000000000	0.74605138622
2815.57835995001	725.99870668819	0.00000000000	0.74668722311
2817.85204805128	726.00221247492	0.00000000000	0.74725926496
2820.01987487523	726.00551284829	0.00000000000	0.74780477263
2822.17067003025	726.00874609801	0.00000000000	0.74834609080
2824.32954343829	726.01194973865	0.00000000000	0.74888953872
2826.48226536438	726.01510211018	0.00000000000	0.74943153466
2828.63429822339	726.01821092448	0.00000000000	0.74997345356
2830.88409536919	726.02141495495	0.00000000000	0.75054009446
2833.04780251055	726.02445149892	0.00000000000	0.75108515218
2835.21082376584	726.02744259150	0.00000000000	0.75163013499
2837.36009063525	726.03037011450	0.00000000000	0.75217174938
2839.62711742933	726.03340937517	0.00000000000	0.75274314423
2841.77168378450	726.03623796589	0.00000000000	0.75328377278
2843.96673109782	726.03908580917	0.00000000000	0.75383722738
2846.11870217518	726.04183078629	0.00000000000	0.75437991936
2848.34461162281	726.04462061099	0.00000000000	0.75494136018
2850.48971154631	726.04726105485	0.00000000000	0.75548251746
2852.63960529378	726.04985953478	0.00000000000	0.75602498179
2854.78332939066	726.05240235619	0.00000000000	0.75656598689
2856.93184976538	726.05490208167	0.00000000000	0.75710830024
2859.09696349126	726.05737120681	0.00000000000	0.75765490117
2861.30186605282	726.05983369965	0.00000000000	0.75821164963
2863.44282291941	726.06217405311	0.00000000000	0.75875235062
2865.81894796045	726.06471236501	0.00000000000	0.75935255811
2868.38904086130	726.06738712352	0.00000000000	0.76000189759
2870.69030666417	726.06971903004	0.00000000000	0.76058343730
2872.85115677834	726.07185383344	0.00000000000	0.76112959673
2875.00163842881	726.07392517027	0.00000000000	0.76167323504
2877.14380470671	726.07593521428	0.00000000000	0.76221487010
2879.41991716826	726.07801211821	0.00000000000	0.76279048098
2881.81744250498	726.08013362506	0.00000000000	0.76339691704
2883.95747236110	726.08196937055	0.00000000000	0.76393832640
2886.15470312996	726.08379681103	0.00000000000	0.76449431017
2888.45055108909	726.08564359490	0.00000000000	0.76507535958
2890.57964901705	726.08729847658	0.00000000000	0.76561430891
2892.85166436991	726.08900256523	0.00000000000	0.76618954425
2895.06314349706	726.09059933940	0.00000000000	0.76674956072
2897.19013309481	726.09207697459	0.00000000000	0.76728828228
2899.40025227144	726.09355144215	0.00000000000	0.76784816338
2901.55203576533	726.09492682618	0.00000000000	0.76839336907
2903.76078955014	726.09627634925	0.00000000000	0.76895311490
2905.88831030407	726.09751608050	0.00000000000	0.76949237561
2908.02066087679	726.09869889320	0.00000000000	0.77003296019
2910.18138346357	726.09983593758	0.00000000000	0.77058083945
2912.51800481108	726.10099557583	0.00000000000	0.77117343570
2914.64272356297	726.10198765114	0.00000000000	0.77171239505
2916.83032788969	726.10294794003	0.00000000000	0.77226740972
2918.98826831620	726.10383534300	0.00000000000	0.77281500139
2921.40071891002	726.10475815102	0.00000000000	0.77342729771
2923.58622935819	726.10553206231	0.00000000000	0.77398210532
2925.91880147181	726.10629404687	0.00000000000	0.77457436113
2928.07392517471	726.10694031158	0.00000000000	0.77512166754
2930.19923729342	726.10752423121	0.00000000000	0.77566150273
2932.45907692896	726.10808792673	0.00000000000	0.77623561672
2934.57747095464	726.10856374143	0.00000000000	0.77677389776
2936.69072665791	726.10898857664	0.00000000000	0.77731097090
2938.83070630304	726.10936896049	0.00000000000	0.77785493521
2941.02785388866	726.10970828562	0.00000000000	0.77841353514
2943.14350598364	726.10998688548	0.00000000000	0.77895151529
2945.29317881718	726.11022250201	0.00000000000	0.77949824641
2947.50694801555	726.11041610486	0.00000000000	0.78006138454
2949.64351416795	726.11055670090	0.00000000000	0.78060498499
2951.87602273813	726.11065606122	0.00000000000	0.78117310194
2954.05204384608	726.11070711329	0.00000000000	0.78172694859
2956.19831524528	726.11071412372	0.00000000000	0.78227332409
2958.35755705093	726.11067867361	0.00000000000	0.78282310243
2960.84221188347	726.11058634384	0.00000000000	0.78345586151
2963.26970796353	726.11044418745	0.00000000000	0.78407419350
2965.38394393133	726.11027959023	0.00000000000	0.78461283593
2967.52673616940	726.11007497378	0.00000000000	0.78515885244
2969.63072388379	726.10983792629	0.00000000000	0.78569507768
2971.78585181178	726.10955891150	0.00000000000	0.78624443590
2973.95575949708	726.10924190763	0.00000000000	0.78679766306
2976.06662155609	726.10889970441	0.00000000000	0.78733593392
2978.25232975373	726.10851116413	0.00000000000	0.78789339199
2980.40477931254	726.10809547093	0.00000000000	0.78844246831
2982.58916233276	726.10764103464	0.00000000000	0.78899979281
2984.77288083775	726.10715491281	0.00000000000	0.78955705057
2986.87479880398	726.10665786391	0.00000000000	0.79009353087
2989.11746188703	726.10609701843	0.00000000000	0.79066603893
2991.24109959630	726.10553784517	0.00000000000	0.79120826187
2993.34099760620	726.10495895639	0.00000000000	0.79174451875
2995.44580028056	726.10435368925	0.00000000000	0.79228212321
2997.55765391613	726.10372210250	0.00000000000	0.79282162421
2999.66884653973	726.10306728538	0.00000000000	0.79336105198
3001.80099776283	726.10238310455	0.00000000000	0.79390593186
3003.94619256198	726.10167248093	0.00000000000	0.79445424337
3006.05540154856	726.10095292181	0.00000000000	0.79499345300
3008.16395226479	726.10021381685	0.00000000000	0.79553258949
3010.26411210827	726.09945889252	0.00000000000	0.79606967503
3012.43937798753	726.09865817711	0.00000000000	0.79662606723
3014.58129718461	726.09785199714	0.00000000000	0.79717402871
3016.73807977534	726.09702339529	0.00000000000	0.79772589158
3019.17724450136	726.09606716761	0.00000000000	0.79835012802
3021.43291497371	726.09516595660	0.00000000000	0.79892751704
3023.64378318366	726.09426796192	0.00000000000	0.79949354307
3025.83382731153	726.09336512313	0.00000000000	0.80005434027
3027.97173401620	726.09247197919	0.00000000000	0.80060188520
3030.07358941326	726.09158345418	0.00000000000	0.80114029162
3032.40006668026	726.09058899075	0.00000000000	0.80173634604
3034.67561975600	726.08960626217	0.00000000000	0.80231946455
3036.76211307743	726.08869744398	0.00000000000	0.80285423233
3038.85354688753	726.08777995589	0.00000000000	0.80339035893
3041.03907300544	726.08681517956	0.00000000000	0.80395070450
3043.26566804529	726.08582699030	0.00000000000	0.80452168364
3045.53807913832	726.08481407612	0.00000000000	0.80510451974
3047.67007705869	726.08386072697	0.00000000000	0.80565144138
3049.91744125744	726.08285368455	0.00000000000	0.80622806183
3052.02251090094	726.08190940959	0.00000000000	0.80676826953
3054.10931195517	726.08097329633	0.00000000000	0.80730388130
3056.21309913587	726.08003043407	0.00000000000	0.80784394572
3058.37470886569	726.07906352293	0.00000000000	0.80839895085
3060.46733948716	726.07813019223	0.00000000000	0.80893633886
3062.54256237535	726.07720816782	0.00000000000	0.80946934747
3064.63391462508	726.07628343797	0.00000000000	0.81000659034
3066.85360221260	726.07530786166	0.00000000000	0.81057690144
3069.07265189481	726.07433969233	0.00000000000	0.81114715195
3071.17191821479	726.07343131587	0.00000000000	0.81168671559
3073.24727435407	726.07254139342	0.00000000000	0.81222022445
3075.33539195665	726.07165502991	0.00000000000	0.81275710487
3077.41508465921	726.07078213727	0.00000000000	0.81329190979
3079.58922560998	726.06988112651	0.00000000000	0.81385109927
3081.67542306661	726.06902856540	0.00000000000	0.81438776247
3083.78278102248	726.06818022135	0.00000000000	0.81492996132
3085.88949880316	726.06734598304	0.00000000000	0.81547208803
3088.04230142449	726.06650876497	0.00000000000	0.81602616941
3090.27794301587	726.06565672321	0.00000000000	0.81660167375
3092.49019447692	726.06483211579	0.00000000000	0.81717125933
3094.58243018774	726.06407017163	0.00000000000	0.81771003821
3096.64730361563	726.06333618804	0.00000000000	0.81824186011
3098.81583219514	726.06258557066	0.00000000000	0.81880047437
3100.87942740547	726.06189141823	0.00000000000	0.81933214831
3103.11139551676	726.06116377434	0.00000000000	0.81990730196
3105.19054596415	726.06050854269	0.00000000000	0.82044316901
3107.27898838148	726.05987325025	0.00000000000	0.82098152097
3109.42555558823	726.05924511998	0.00000000000	0.82153495016
3111.48596085345	726.05866680365	0.00000000000	0.82206625458
3113.54914361327	726.05811274702	0.00000000000	0.82259836306
3115.60715810125	726.05758591911	0.00000000000	0.82312922610
3117.99032537807	726.05700925771	0.00000000000	0.82374407112
3120.40097814568	726.05646374525	0.00000000000	0.82436612629
3122.54377646062	726.05601189904	0.00000000000	0.82491916355
3124.63907940620	726.05560114356	0.00000000000	0.82546003399
3126.69384383679	726.05522908043	0.00000000000	0.82599052765
3128.74912698236	726.05488826383	0.00000000000	0.82652124195
3130.83062305697	726.05457594700	0.00000000000	0.82705881327
3132.88466089965	726.05430104209	0.00000000000	0.82758938025
3135.08473185217	726.05404427674	0.00000000000	0.82815776408
3137.14092308460	726.05384047561	0.00000000000	0.82868906645
3139.19649367658	726.05367257366	0.00000000000	0.82922029489
3141.24803391490	726.05354160864	0.00000000000	0.82975056785
3143.29895726281	726.05344811790	0.00000000000	0.83028076726
3145.34926296693	726.05339294680	0.00000000000	0.83081089279
3147.42583867008	726.05337699393	0.00000000000	0.83134789803
3149.50180156815	726.05340211757	0.00000000000	0.83188483261
3151.63614569976	726.05347172470	0.00000000000	0.83243695859
3153.76988084670	726.05358666239	0.00000000000	0.83298901964
3155.86989407278	726.05374502487	0.00000000000	0.83353244617
3157.92556105064	726.05394443065	0.00000000000	0.83406448383
3160.04008196090	726.05419630885	0.00000000000	0.83461184323
3162.19036768973	726.05450207299	0.00000000000	0.83516855358
3164.24417898995	726.05484177819	0.00000000000	0.83570037408
3166.41366389185	726.05525219137	0.00000000000	0.83626224020
3168.46623935596	726.05569020366	0.00000000000	0.83679391604
3170.50910367107	726.05617504077	0.00000000000	0.83732316095
3172.59034174489	726.05672006140	0.00000000000	0.83786243399
3174.70065027722	726.05732628085	0.00000000000	0.83840932874
3176.93576219953	726.05802826633	0.00000000000	0.83898866466
3179.00313387005	726.05873342351	0.00000000000	0.83952461225
3181.04291341638	726.05948269348	0.00000000000	0.84005349112
3183.12111601460	726.06030166831	0.00000000000	0.84059241843
3185.28530784592	726.06121516744	0.00000000000	0.84115373701
3187.39200757266	726.06216481178	0.00000000000	0.84170023437
3189.57674644502	726.06321363470	0.00000000000	0.84226706980
3191.71870530602	726.06430621741	0.00000000000	0.84282289871
3193.75364137929	726.06540411765	0.00000000000	0.84335104074
3195.81616097233	726.06657738177	0.00000000000	0.84388642625
3198.09616028895	726.06794631551	0.00000000000	0.84447836371
3200.13953814545	726.06923836585	0.00000000000	0.84500895729
3202.18231816123	726.07059255581	0.00000000000	0.84553947889
3204.28424330305	726.07205214362	0.00000000000	0.84608544763
3206.42209132448	726.07360653550	0.00000000000	0.84664083748
3208.64851914483	726.07530132003	0.00000000000	0.84721933608
3210.74864249284	726.07697204470	0.00000000000	0.84776510696
3212.79628347156	726.07866934431	0.00000000000	0.84829732329
3214.82627498150	726.08041950237	0.00000000000	0.84882503435
3216.87273279722	726.08225276859	0.00000000000	0.84935710865
3218.91859865028	726.08415556417	0.00000000000	0.84988911197
3221.07285966860	726.08623588244	0.00000000000	0.85044939171
3223.11752656812	726.08828409546	0.00000000000	0.85098125312
3225.16160892325	726.09040441313	0.00000000000	0.85151304504
3227.31414926413	726.09271679338	0.00000000000	0.85207314273
3229.61222106794	726.09527676190	0.00000000000	0.85267120901
3231.78537060820	726.09778539652	0.00000000000	0.85323686037
3233.80992452060	726.10020028510	0.00000000000	0.85376391725
3235.83388996995	726.10269037584	0.00000000000	0.85429090151
3237.89652769067	726.10530703851	0.00000000000	0.85482803777
3239.91931068338	726.10795147992	0.00000000000	0.85535487648
3241.94496306931	726.11067830000	0.00000000000	0.85588254295
3243.96657438180	726.11347900888	0.00000000000	0.85640923693
3246.00471910969	726.11638374096	0.00000000000	0.85694031938
3248.04228634987	726.11936996332	0.00000000000	0.85747133259
3250.07132743005	726.12242637128	0.00000000000	0.85800020441
3252.15983929322	726.12565947471	0.00000000000	0.85854466131
3254.23189983616	726.12895539069	0.00000000000	0.85908491359
3256.24882380698	726.13224896418	0.00000000000	0.85961087038
3258.33561887778	726.13574621410	0.00000000000	0.86015513095
3260.50095276085	726.13947242946	0.00000000000	0.86071996492
3262.53441945982	726.14306294816	0.00000000000	0.86125048391
3264.55935065773	726.14672711673	0.00000000000	0.86177885582
3266.68057274233	726.15066144879	0.00000000000	0.86233243854
3268.80122331071	726.15469384127	0.00000000000	0.86288595929
3270.86867771410	726.15872147046	0.00000000000	0.86342567888
3272.89923005474	726.16277077050	0.00000000000	0.86395584549
3274.93930957639	726.16693335614	0.00000000000	0.86448857985
3276.95499214625	726.17113987519	0.00000000000	0.86501502225
3279.05367850127	726.17561955240	0.00000000000	0.86556322630
3281.08192013364	726.18004666816	0.00000000000	0.86609310994
3283.09239139575	726.18453076841	0.00000000000	0.86661842919
3285.25108032087	726.18945260964	0.00000000000	0.86718256303
3287.32990327595	726.19429823612	0.00000000000	0.86772591000
3289.51056172918	726.19949395592	0.00000000000	0.86829596312
3291.93328268191	726.20540311375	0.00000000000	0.86892940154
3293.94077572162	726.21040957298	0.00000000000	0.86945436072
3296.39166871089	726.21665841453	0.00000000000	0.87009537349
3298.42531680717	726.22195851824	0.00000000000	0.87062734615
3300.47058625541	726.22739516454	0.00000000000	0.87116243845
3302.49296778199	726.23287665806	0.00000000000	0.87169162119
3304.52491930912	726.23849084256	0.00000000000	0.87222338656
3306.53240400373	726.24414339955	0.00000000000	0.87274882613
3308.58956267549	726.25004602630	0.00000000000	0.87328734691
3310.60167888269	726.25592822898	0.00000000000	0.87381415433
3312.61323090114	726.26191724630	0.00000000000	0.87434089088
3314.64237274541	726.26806941459	0.00000000000	0.87487231119
3316.75016655702	726.27457884237	0.00000000000	0.87542441261
3318.75074606731	726.28087005845	0.00000000000	0.87594850883
3320.79041534436	726.28739831810	0.00000000000	0.87648292341
3322.80714343833	726.29396734325	0.00000000000	0.87701140444
3324.82331746948	726.30064896724	0.00000000000	0.87753981701
3327.01837228506	726.30805452045	0.00000000000	0.87811519903
3329.03340295291	726.31497401711	0.00000000000	0.87864347185
3331.03985459957	726.32198034613	0.00000000000	0.87916957145
3333.23329678590	726.32977344909	0.00000000000	0.87974478731
3335.31690334949	726.33730680109	0.00000000000	0.88029128316
3337.31585491167	726.34465451330	0.00000000000	0.88081565194
3339.33824841529	726.35220932574	0.00000000000	0.88134624626
3341.42023839526	726.36011479361	0.00000000000	0.88189255627
3343.54165949239	726.36830460813	0.00000000000	0.88244929631
3345.66253408815	726.37662919697	0.00000000000	0.88300597697
3347.70912683180	726.38479297450	0.00000000000	0.88354323994
3349.75517089539	726.39308389313	0.00000000000	0.88408043692
3351.75597695104	726.40131746746	0.00000000000	0.88460583188
3353.75042236077	726.40964972414	0.00000000000	0.88512963071
3355.75012617652	726.41812998773	0.00000000000	0.88565488477
3357.93726926114	726.42755068878	0.00000000000	0.88622945773
3359.95409460436	726.43637352120	0.00000000000	0.88675936604
3361.97037260653	726.44532508818	0.00000000000	0.88728920585
3363.97589555690	726.45435987524	0.00000000000	0.88781629408
3365.97281959934	726.46348659848	0.00000000000	0.88834119624
3367.96919606498	726.47274204819	0.00000000000	0.88886602807
3369.95920456226	726.48209944275	0.00000000000	0.88938925900
3371.97276500481	726.49170208094	0.00000000000	0.88991875670
3374.04614566924	726.50173233854	0.00000000000	0.89046406308
3376.03098463321	726.51147047788	0.00000000000	0.89098615675
3378.02462081622	726.52138680416	0.00000000000	0.89151063730
3380.03600809791	726.53152946244	0.00000000000	0.89203986168
3382.05915016571	726.54187218331	0.00000000000	0.89257225373
3384.06945381249	726.55229004519	0.00000000000	0.89310134158
3386.12186812609	726.56307184996	0.00000000000	0.89364158872
3388.21089709718	726.57419818617	0.00000000000	0.89419155281
3390.20932378743	726.58498659560	0.00000000000	0.89471773921
3392.20720551295	726.59591433918	0.00000000000	0.89524385491
3394.24138254776	726.60718769128	0.00000000000	0.89577960319
3396.22426404959	726.61832050801	0.00000000000	0.89630191405
3398.23078566562	726.62973141316	0.00000000000	0.89683052469
3400.21842563170	726.64117999855	0.00000000000	0.89735423309
3402.20552823103	726.65277069230	0.00000000000	0.89787787152
3404.22278640280	726.66468669971	0.00000000000	0.89840952967
3406.30714007894	726.67715816024	0.00000000000	0.89895894851
3408.28677346212	726.68915370073	0.00000000000	0.89948083663
3410.26233870943	726.70127180726	0.00000000000	0.90000172282
3412.25485188651	726.71364372388	0.00000000000	0.90052714886
3414.23287839550	726.72607542697	0.00000000000	0.90104882551
3416.33550846422	726.73945482086	0.00000000000	0.90160344179
3418.45974983070	726.75314500415	0.00000000000	0.90216383924
3420.46038463273	726.76619880139	0.00000000000	0.90269170204
3422.43269939059	726.77922086098	0.00000000000	0.90321216292
3424.44463924867	726.79266201704	0.00000000000	0.90374315201
3426.45605251813	726.80625955451	0.00000000000	0.90427407451
3428.42676355665	726.81973788882	0.00000000000	0.90479432359
3430.50494215903	726.83411941134	0.00000000000	0.90534301820
3432.48398345296	726.84797628811	0.00000000000	0.90586560950
3434.47062409336	726.86204565389	0.00000000000	0.90639027767
3436.54727220061	726.87692401652	0.00000000000	0.90693879170
3438.52472185604	726.89125558433	0.00000000000	0.90746117526
3440.79682211687	726.90792122602	0.00000000000	0.90806148245
3442.96272475944	726.92400680130	0.00000000000	0.90863381658
3444.95697865722	726.93899026357	0.00000000000	0.90916086642
3447.01156608721	726.95460115849	0.00000000000	0.90970393502
3448.97688421416	726.96970005929	0.00000000000	0.91022347772
3450.94523090065	726.98498607817	0.00000000000	0.91074388935
3452.91893167098	727.00047920274	0.00000000000	0.91126578510
3454.92299599836	727.01638117829	0.00000000000	0.91179577990
3457.01546155907	727.03316894289	0.00000000000	0.91234922864
3458.97695112704	727.04907781954	0.00000000000	0.91286810457
3461.01005602138	727.06574408374	0.00000000000	0.91340599624
3462.99961912067	727.08222831308	0.00000000000	0.91393243832
3464.96072245540	727.09864694322	0.00000000000	0.91445141767
3466.93891631737	727.11538073514	0.00000000000	0.91497498790
3468.98794595756	727.13289690429	0.00000000000	0.91551737833
3471.03646672605	727.15059602598	0.00000000000	0.91605970723
3473.00493064033	727.16778082828	0.00000000000	0.91658091059
3475.09292609826	727.18620013171	0.00000000000	0.91713383679
3477.12196456694	727.20428868784	0.00000000000	0.91767122302
3479.08885464067	727.22200226845	0.00000000000	0.91819221759
3481.10063172052	727.24030338775	0.00000000000	0.91872517128
3483.18663337229	727.25947647304	0.00000000000	0.91927786230
3485.14605587763	727.27766950463	0.00000000000	0.91979708439
3487.14188340344	727.29638409358	0.00000000000	0.92032602151
3489.13720306090	727.31527999693	0.00000000000	0.92085489269
3491.14643689086	727.33449660790	0.00000000000	0.92138752120
3493.14073250342	727.35375876204	0.00000000000	0.92191625841
3495.14896797866	727.37334617744	0.00000000000	0.92244876048
3497.10529524199	727.39261213333	0.00000000000	0.92296756515
3499.05753642631	727.41202056459	0.00000000000	0.92348535162
3501.00926782318	727.43160724793	0.00000000000	0.92400306810
3503.00105220546	727.45178576212	0.00000000000	0.92453147618
3504.95533697850	727.47177168040	0.00000000000	0.92505000170
3506.96058725055	727.49247257657	0.00000000000	0.92558211747
3508.95086681760	727.51321391616	0.00000000000	0.92611032833
3510.89884282137	727.53370339615	0.00000000000	0.92662737728
3512.90260285497	727.55497562619	0.00000000000	0.92715930019
3515.00318269519	727.57749012751	0.00000000000	0.92771699827
3517.04028632085	727.59953491343	0.00000000000	0.92825791502
3519.07689576488	727.62178268246	0.00000000000	0.92879877076
3521.07864388769	727.64385357650	0.00000000000	0.92933043682
3523.07989584490	727.66612205768	0.00000000000	0.92986203871
3525.02427567695	727.68795305954	0.00000000000	0.93037859807
3526.97294328808	727.71002625280	0.00000000000	0.93089636043
3528.92110971052	727.73228882554	0.00000000000	0.93141405346
3530.90590269657	727.75517141225	0.00000000000	0.93194154495
3533.10201737946	727.78072838982	0.00000000000	0.93252527567
3535.04864854444	727.80359210829	0.00000000000	0.93304276084
3537.06281705854	727.82745784820	0.00000000000	0.93357826661
3539.02262840782	727.85088423792	0.00000000000	0.93409938553
3541.03581435597	727.87515982370	0.00000000000	0.93463476363
3543.22960873531	727.90185804633	0.00000000000	0.93521824886
3545.50557137453	727.92982738528	0.00000000000	0.93582367309
3547.45508149913	727.95400553988	0.00000000000	0.93634232678
3549.44988779457	727.97895713110	0.00000000000	0.93687309647
3551.42967134525	728.00393341648	0.00000000000	0.93739993418
3553.40895769457	728.02911606879	0.00000000000	0.93792670441
3555.35052133920	728.05402623083	0.00000000000	0.93844349798
3557.39758995837	728.08051349228	0.00000000000	0.93898844160
3559.44417813725	728.10722484240	0.00000000000	0.93953332637
3561.43605379083	728.13344419736	0.00000000000	0.94006371065
3563.38984268134	728.15937596490	0.00000000000	0.94058401678
3565.36620483330	728.18582362097	0.00000000000	0.94111039806
3567.29996379635	728.21191258210	0.00000000000	0.94162549446
3569.25228811807	728.23846503319	0.00000000000	0.94214559822
3571.24177582886	728.26574402191	0.00000000000	0.94267566651
3573.20361154598	728.29286331827	0.00000000000	0.94319843064
3575.29005341554	728.32194523601	0.00000000000	0.94375446704
3577.53080722809	728.35345491044	0.00000000000	0.94435170648
3579.46638961595	728.38090507283	0.00000000000	0.94486767274
3581.40148577173	728.40856406232	0.00000000000	0.94538357020
3583.46358831819	728.43827676484	0.00000000000	0.94593339443
3585.41196716474	728.46657772368	0.00000000000	0.94645295944
3587.59581870138	728.49856216245	0.00000000000	0.94703538979
3589.61557108839	728.52839184154	0.00000000000	0.94757412365
3591.54335543059	728.55708701763	0.00000000000	0.94808838796
3593.48148093052	728.58615732061	0.00000000000	0.94860547124
3595.51961074537	728.61696781184	0.00000000000	0.94914930036
3597.55727170616	728.64801837292	0.00000000000	0.94969307103
3599.50223783197	728.67788787132	0.00000000000	0.95021216723
3601.82344779304	728.71383261100	0.00000000000	0.95083175920
3603.79058300503	728.74454855269	0.00000000000	0.95135690672
3605.77187505660	728.77572223658	0.00000000000	0.95188589598
3607.72541088378	728.80669268056	0.00000000000	0.95240753579
3609.72225973645	728.83859032220	0.00000000000	0.95294080395
3611.71864042894	728.87072451931	0.00000000000	0.95347401042
3613.66020631372	728.90221136117	0.00000000000	0.95399263726
3615.63914222655	728.93454357927	0.00000000000	0.95452130775
3617.57143376150	728.96634774294	0.00000000000	0.95503757703
3619.49359950749	728.99821553442	0.00000000000	0.95555119944
3621.41407209583	729.03028549270	0.00000000000	0.95606442763
3623.36382587929	729.06308072121	0.00000000000	0.95658554038
3625.48731411025	729.09907009692	0.00000000000	0.95715315535
3627.41119404447	729.13192217999	0.00000000000	0.95766747556
3629.42168407058	729.16650378432	0.00000000000	0.95820501169
3631.35063142802	729.19992442126	0.00000000000	0.95872080562
3633.32539443949	729.23438487989	0.00000000000	0.95924891077
3635.24737052872	729.26816408518	0.00000000000	0.95976295774
3637.29717276387	729.30445162474	0.00000000000	0.96031125624
3639.22422293329	729.33881339893	0.00000000000	0.96082677964
3641.25184362586	729.37522820804	0.00000000000	0.96136926993
3643.34663264930	729.41313009144	0.00000000000	0.96192979814
3645.26256554722	729.44804663563	0.00000000000	0.96244252719
3647.46053879809	729.48839939881	0.00000000000	0.96303080393
3649.38519356304	729.52399519741	0.00000000000	0.96354598961
3651.34105465705	729.56041864802	0.00000000000	0.96406958704
3653.31118184440	729.59736397279	0.00000000000	0.96459706317
3655.50745982787	729.63885448211	0.00000000000	0.96518515862
3657.57539426169	729.67821470797	0.00000000000	0.96573895533
3659.59892760348	729.71700718119	0.00000000000	0.96628092479
3661.82165496740	729.75993573123	0.00000000000	0.96687631725
3663.75134324770	729.79747514692	0.00000000000	0.96739327580
3665.81749643784	729.83794900977	0.00000000000	0.96794685592
3667.74625010092	729.87599332881	0.00000000000	0.96846368155
3669.71266089566	729.91504177511	0.00000000000	0.96899065596
3671.80130267041	729.95680746589	0.00000000000	0.96955045109
3673.76679504732	729.99638441748	0.00000000000	0.97007730028
3675.67557276145	730.03507439216	0.00000000000	0.97058900309
3677.58389204064	730.07400713026	0.00000000000	0.97110063804
3679.50148518165	730.11338379048	0.00000000000	0.97161481474
3681.40888366086	730.15280526520	0.00000000000	0.97212631283
3683.37214782369	730.19364697136	0.00000000000	0.97265284932
3685.28229497133	730.23364317194	0.00000000000	0.97316519568
3687.44468827638	730.27923104168	0.00000000000	0.97374526641
3689.50565799343	730.32298811137	0.00000000000	0.97429819501
3691.41072011871	730.36370285852	0.00000000000	0.97480935229
3693.31409792982	730.40463940602	0.00000000000	0.97532011173
3695.22800220568	730.44606302684	0.00000000000	0.97583375030
3697.13537546938	730.48760620436	0.00000000000	0.97634569034
3699.03738737929	730.52929282382	0.00000000000	0.97685624520
3701.14457506746	730.57578073069	0.00000000000	0.97742193778
3703.05665299449	730.61824206738	0.00000000000	0.97793530836
3705.09152730580	730.66372171069	0.00000000000	0.97848170768
3707.02179448210	730.70714196701	0.00000000000	0.97900007462
3708.92273522208	730.75016850833	0.00000000000	0.97951061968
3710.87976119833	730.79474112175	0.00000000000	0.98003628335
3712.85304705604	730.83996913880	0.00000000000	0.98056637142
3714.90853297631	730.88738659636	0.00000000000	0.98111860176
3716.80764444533	730.93147457824	0.00000000000	0.98162887524
3718.88619739397	730.98003524159	0.00000000000	0.98218742335
3720.91766417992	731.02780683784	0.00000000000	0.98273337936
3722.83363484786	731.07314509321	0.00000000000	0.98324835090
3724.73461038109	731.11840054592	0.00000000000	0.98375934479
3726.74334561264	731.16651675043	0.00000000000	0.98429936215
3728.65798497772	731.21266245397	0.00000000000	0.98481413769
3730.73405528986	731.26301250141	0.00000000000	0.98537237595
3732.62829143048	731.30923819411	0.00000000000	0.98588177479
3734.59678353582	731.35756565386	0.00000000000	0.98641119737
3736.49505896321	731.40444976100	0.00000000000	0.98692178810
3738.38919378360	731.45150696072	0.00000000000	0.98743131671
3740.29270645488	731.49907509097	0.00000000000	0.98794341983
3742.18595401854	731.54666392831	0.00000000000	0.98845281278
3744.21242159640	731.59790869313	0.00000000000	0.98899810638
3746.12307146966	731.64651661495	0.00000000000	0.98951228875
3748.05691132358	731.69600391631	0.00000000000	0.99003276482
3749.94837779232	731.74468939067	0.00000000000	0.99054188792
3751.88134898516	731.79473270373	0.00000000000	0.99106223525
3753.77563975594	731.84405940364	0.00000000000	0.99157222135
3755.67562832566	731.89381851536	0.00000000000	0.99208379243
3757.56904062281	731.94368923699	0.00000000000	0.99259364358
3759.46815389323	731.99399558883	0.00000000000	0.99310508064
3761.38608455777	732.04509142912	0.00000000000	0.99362163682
3763.29282656163	732.09617996029	0.00000000000	0.99413523079
3765.18449387351	732.14715192385	0.00000000000	0.99464481468
3767.09037328835	732.19879712394	0.00000000000	0.99515827777
3768.98731417195	732.25049028192	0.00000000000	0.99566938314
3770.89232660090	732.30269559153	0.00000000000	0.99618271383
3772.95959029484	732.35967954811	0.00000000000	0.99673982245
3774.90239523885	732.41354901216	0.00000000000	0.99726344475
3776.82981451617	732.46729554293	0.00000000000	0.99778297210
3778.87183561508	732.52456874326	0.00000000000	0.99833344601
3780.75627293218	732.57772516197	0.00000000000	0.99884149074
3782.79750544943	732.63563363420	0.00000000000	0.99939186281
3785.05273100123	732.70001220703	0.00000000000	1.00000000000
