-165.96367481656	717.66668701172	0.00000000000
-155.51657726326	661.56007617904	0.00000000000
-173.18570464722	804.18650574724	0.00000000000
-130.84265140753	603.64037763388	0.00000000000
-148.11796822565	879.65424634450	0.00000000000
3.42888706010	421.48259078402	0.00000000000
113.07213760276	2415.11156208325	0.00000000000
393.66417440511	573.36223033601	0.00000000000
426.95040811539	3133.06893671927	0.00000000000
449.23739879419	2584.07895748733	0.00000000000
517.12850412767	2297.43292853835	0.00000000000
575.32222633602	1306.57125466391	0.00000000000
664.36207630808	1780.36577906724	0.00000000000
662.42744503951	1563.83766538572	0.00000000000
674.33266577215	1704.97183752623	0.00000000000
674.38157282464	1705.21960564058	0.00000000000
680.03464027914	1747.76092891228	0.00000000000
756.89454166342	1321.76335051593	0.00000000000
827.48706387359	2262.14812001672	0.00000000000
849.50861293957	2384.58284031118	0.00000000000
893.91503989297	1519.03502215685	0.00000000000
937.92851740731	1143.68638399978	0.00000000000
1169.56925216481	842.84067836876	0.00000000000
1349.75005825948	896.19813896244	0.00000000000
1534.25384600412	861.84368131785	0.00000000000
1686.81426381442	885.74133453678	0.00000000000
1874.95361633713	902.15305373572	0.00000000000
2069.50754819864	1007.57041006644	0.00000000000
2268.85979459733	1094.53167872405	0.00000000000
2459.44858617872	1170.57741551973	0.00000000000
2582.19607000835	1084.75775820174	0.00000000000
2622.36366727529	1051.16272412135	0.00000000000
2629.02524463352	1064.42271405185	0.00000000000
2632.85296464924	1049.03330730066	0.00000000000
2645.40610069730	1055.71471807971	0.00000000000
2653.71122945751	1049.34495457642	0.00000000000
2661.60886475087	1051.03523581349	0.00000000000
2666.54300191654	1047.94750864443	0.00000000000
2673.53034519455	1046.72146382690	0.00000000000
2684.90424609219	1049.77209367168	0.00000000000
2690.20453136994	1047.02691418691	0.00000000000
2694.29990946261	1047.03194264709	0.00000000000
2721.59656636631	1048.03822448750	0.00000000000
2749.88419016996	1030.73677112000	0.00000000000
2775.32234125885	1030.91347515775	0.00000000000
2780.21693358862	1027.69188944200	0.00000000000
2785.95804560426	1032.37137766266	0.00000000000
2795.28140365879	1029.36546858912	0.00000000000
2813.53454460527	1024.86396294530	0.00000000000
2822.31407864555	1033.28929885723	0.00000000000
2828.03785776034	1031.96866382387	0.00000000000
2842.86062562398	1026.59886406695	0.00000000000
2847.78366831515	1076.96371937609	0.00000000000
2867.06820113601	1053.19855028268	0.00000000000
2880.48088875763	1087.68146019321	0.00000000000
2890.32283618004	1089.60116220945	0.00000000000
2897.99290985314	1061.66642930076	0.00000000000
2907.96267648789	1074.97399452209	0.00000000000
2914.41132316123	1066.36209444285	0.00000000000
2921.37605904256	1075.52083458315	0.00000000000
2927.39260884348	1081.16978727446	0.00000000000
2932.11596567095	1069.75117985190	0.00000000000
2938.52265071544	1085.17427169455	0.00000000000
2947.89179148103	1040.19994756141	0.00000000000
2972.21548609246	1033.56508587260	0.00000000000
3005.95016937903	1009.39524596745	0.00000000000
3040.21498101408	992.93793134351	0.00000000000
3058.28780998866	1003.17889644058	0.00000000000
3065.71042473892	995.33973338055	0.00000000000
3077.47632599479	1000.78027946491	0.00000000000
3086.46521019486	994.48673517331	0.00000000000
3090.95165522965	996.37483496625	0.00000000000
3095.48268060795	999.60292800236	0.00000000000
3107.18341766449	994.24444630571	0.00000000000
3118.30785988051	1005.90585327039	0.00000000000
3144.78688141816	1002.76912956669	0.00000000000
3168.80232055675	1021.14857970799	0.00000000000
3193.48020081472	1017.70656680303	0.00000000000
3201.13920544874	1019.15738479619	0.00000000000
3209.95635833832	1025.24403853871	0.00000000000
3222.75424650350	1022.83115658664	0.00000000000
3242.68926380988	1030.37300321267	0.00000000000
3266.10004056761	1026.28181943524	0.00000000000
3287.62168211682	1032.54612530195	0.00000000000
3307.62444234625	1039.97014028648	0.00000000000
3344.23152330751	1039.26487642894	0.00000000000
3373.96342132762	1092.02719316119	0.00000000000
3394.56426227308	1096.78515789891	0.00000000000
3396.51612906506	1096.32927232363	0.00000000000
3403.04256902070	1099.09148309338	0.00000000000
3405.54175077938	1097.91731238089	0.00000000000
3416.57089347026	1087.81543651470	0.00000000000
3429.31932014088	1088.22789047139	0.00000000000
3443.40149827334	1076.77237632127	0.00000000000
3448.09957605195	1074.90533350054	0.00000000000
3462.10416363306	1068.59654857406	0.00000000000
3468.37307614875	1081.26966706018	0.00000000000
3477.13512728945	1074.95928602331	0.00000000000
3492.29648891510	1094.49364507403	0.00000000000
3515.84538787946	1108.23620896831	0.00000000000
3524.24092175485	1231.08489906705	0.00000000000
3543.61346656658	1219.66854384252	0.00000000000
3551.25889410257	1220.61800533724	0.00000000000
3561.41610050554	1177.63338129705	0.00000000000
3568.65885642988	1193.40395257845	0.00000000000
3576.69721974823	1191.01028959869	0.00000000000
3592.90125460310	1119.09600749834	0.00000000000
3617.39492371703	1093.54160574641	0.00000000000
3644.16320972269	1075.56081419876	0.00000000000
3655.82216948725	1070.33908438991	0.00000000000
3661.11063674383	1070.31190616865	0.00000000000
3665.21730068698	1074.11788193204	0.00000000000
3670.14189360167	1067.72427072533	0.00000000000
3698.96422013465	1056.02394184483	0.00000000000
3727.87139750647	1055.86132705799	0.00000000000
3756.55296801734	1074.20591951932	0.00000000000
3761.85213311584	1069.42338946166	0.00000000000
3769.32464405161	1062.31453183297	0.00000000000
3777.81818635381	1065.57976286607	0.00000000000
3781.98673536090	1059.33337402344	0.00000000000
