-165.963674816559	717.666687011719
-162.827677244183	718.111083984375
-159.69271496037	717.833312988281
-156.558787599769	717.666687011719
-153.425894796694	717.388916015625
-150.294036185139	719.166687011719
-147.163211398778	717.722229003906
-144.033420070966	717.888916015625
-140.904661834736	717.722229003906
-137.77693632281	717.833312988281
-134.650243167578	718
-131.524582001144	717.833312988281
-128.399952455268	717.5
-125.276354161433	718.166687011719
-122.153786750784	718
-119.032249854168	717.888916015625
-115.911743102131	717.833312988281
-112.792266124917	717.777770996094
-109.673818552459	717.277770996094
-106.5564000144	718.277770996094
-103.440010140071	718.111083984375
-100.324648558511	717.666687011719
-97.2103148984684	717.888916015625
-94.0970087883818	717.555541992188
-90.9847298564075	717.888916015625
-87.873477730415	717.555541992188
-84.7632520379678	718
-81.6540524063602	717.722229003906
-78.545878462586	717.833312988281
-75.4387298333671	717.444458007813
-72.3326061451061	717.555541992188
-69.2275070239754	718.111083984375
-66.1234320958374	718.222229003906
-63.0203809862652	725.888916015625
-59.9183533205676	727.222229003906
-56.8173487237897	718.666687011719
-53.7173668206853	718.055541992188
-50.6184072357337	717.611083984375
-47.5204695931606	717.722229003906
-44.4235535168861	717.611083984375
-41.3276586306103	717.555541992188
-38.2327845577252	717.833312988281
-35.1389309213714	717.333312988281
-32.0460973444314	717.666687011719
-28.9542834495173	718.111083984375
-25.8634888589844	717.833312988281
-22.7737131949229	717.722229003906
-19.6849560791754	718
-16.5972171333208	717.722229003906
-13.5104959786795	717.777770996094
-10.4247922363177	718.333312988281
-7.34010552706009	717.611083984375
-4.25643547147051	718.222229003906
-1.17378168986053	719.5
1.90785619768981	728.555541992188
4.98847857136358	741.555541992188
8.06808581158223	727
11.146678299009	719.166687011719
14.2242564145482	718.333312988281
17.3008205393571	717.944458007813
20.3763710548204	717.944458007813
23.4509083425586	718.166687011719
26.524432784435	718.388916015625
29.5969447625507	717.666687011719
32.6684446592289	717.777770996094
35.7389328570454	717.833312988281
38.8084097387888	718.055541992188
41.8768756874632	718
44.9443310863403	718.222229003906
48.0107763188902	717.833312988281
51.0762117688133	718.222229003906
54.1406378200434	718.111083984375
57.2040548567156	718.666687011719
60.2664632632049	718.333312988281
63.3278634241066	718.111083984375
66.388255724211	718.444458007813
69.4476405485673	720.555541992188
72.5060182823907	726.888916015625
75.5633893111381	749.277770996094
78.6197540204835	821.111083984375
81.6751127962973	959.833312988281
84.7294660246699	1124.16662597656
87.7828140918872	1266.33337402344
90.8351573844698	1385.44445800781
93.8864962891049	1487.38891601563
96.936831192729	1565.33337402344
99.9861624824365	1613.77783203125
103.034490545558	1661.33337402344
106.081815769593	1699.94445800781
109.128138542283	1720.05554199219
112.173459251531	1713.5
115.217778285449	1692.5
118.261096032348	1693.22216796875
121.303412880723	1719.61108398438
124.344729219269	1773.33337402344
127.385045436862	1798.94445800781
130.4243619226	1774.5
133.462679065722	1698.22216796875
136.499997255679	1632.61108398438
139.536316882121	1596.5
142.571638334851	1587.72216796875
145.605962003891	1562.44445800781
148.639288279403	1541.5
151.671617551781	1518.38891601563
154.702950211544	1500.66662597656
157.733286649439	1478.11108398438
160.762627256354	1448.16662597656
163.790972423362	1436.61108398438
166.818322541719	1418.38891601563
169.844678002856	1400.33337402344
172.870039198349	1394.33337402344
175.894406519984	1400.22216796875
178.917780359685	1383.94445800781
181.940161109558	1393.05554199219
184.961549161873	1389.33337402344
187.98194490906	1385.72216796875
191.001348743733	1391.22216796875
194.019761058637	1397.66662597656
197.037182246707	1404.88891601563
200.053612701018	1407.66662597656
203.069052814823	1407.77783203125
206.083502981517	1412.55554199219
209.096963594667	1413.16662597656
212.109435047977	1411.11108398438
215.120917735332	1404.38891601563
218.131412050732	1398.38891601563
221.140918388359	1394.77783203125
224.149437142542	1392.61108398438
227.156968707754	1395.27783203125
230.163513478601	1399.27783203125
233.169071849868	1401.5
236.173644216466	1418.5
239.177230973454	1427.72216796875
242.179832516033	1455.66662597656
245.181449239544	1494.61108398438
248.182081539482	1519.33337402344
251.181729811466	1541.94445800781
254.180394451254	1553.16662597656
257.178075854759	1542.05554199219
260.174774418001	1523.88891601563
263.170490537172	1492.72216796875
266.165224608579	1474.16662597656
269.158977028642	1436.33337402344
272.151748193943	1436
275.14353850119	1424
278.134348347208	1417.55554199219
281.124178128956	1431.33337402344
284.113028243506	1422.88891601563
287.100899088082	1422.38891601563
290.087791060026	1422.11108398438
293.07370455679	1413.88891601563
296.058639975943	1396.44445800781
299.042597715211	1383.55554199219
302.025578172402	1378.22216796875
305.007581745455	1366.83337402344
307.988608832443	1367.38891601563
310.968659831535	1366.83337402344
313.947735141015	1371.05554199219
316.925835159295	1381.72216796875
319.9029602849	1401
322.879110916443	1425.27783203125
325.854287452682	1454.72216796875
328.82849029247	1495.27783203125
331.801719834753	1527
334.773976478612	1578.77783203125
337.745260623218	1617.16662597656
340.715572667851	1668.77783203125
343.684913011897	1698.61108398438
346.653282054838	1736.94445800781
349.620680196272	1763.55554199219
352.587107835885	1787.44445800781
355.552565373471	1815.27783203125
358.51705320891	1835.88891601563
361.4805717422	1869.55554199219
364.443121373429	1881.44445800781
367.404702502766	1908.05554199219
370.365315530494	1936.55554199219
373.324960856981	1967.66662597656
376.283638882671	1997.61108398438
379.241350008143	2034.11108398438
382.198094634015	2066.27783203125
385.153873161033	2080.22216796875
388.108685990005	2106.9443359375
391.062533521845	2151.83325195313
394.015416157548	2207.88891601563
396.967334298185	2298.5
399.918288344926	2401
402.868278699004	2492.66674804688
405.817305761758	2582
408.765369934578	2750
411.712471618972	2955.22216796875
414.658611216493	3014.16674804688
417.603789128781	2865.0556640625
420.548005757564	2686.4443359375
423.491261504634	2605.22216796875
426.433556771862	2591.27783203125
429.3748919612	2604.22216796875
432.315267474655	2641.22216796875
435.254683714311	2699.5556640625
438.193141082342	2730.4443359375
441.130639980967	2760.88891601563
444.067180812476	2769.83325195313
447.002763979246	2729.9443359375
449.937389883709	2738.22216796875
452.871058928349	2771
455.803771515733	2769.83325195313
458.735528048493	2708.0556640625
461.666328929313	2634.83325195313
464.596174560933	2569.66674804688
467.525065346174	2555.22216796875
470.453001687887	2544.16674804688
473.379983989026	2547.4443359375
476.306012652555	2521.5556640625
479.231088081533	2448.27783203125
482.155210679044	2359.5
485.078380848242	2292.72216796875
488.000598992342	2238.83325195313
490.921865514598	2203.16674804688
493.842180818316	2198.27783203125
496.761545306857	2188.22216796875
499.679959383648	2187.27783203125
502.597423452134	2179.66674804688
505.513937915835	2192.22216796875
508.429503178298	2175.38891601563
511.344119643125	2167.22216796875
514.257787713971	2154.4443359375
517.170507794525	2147.0556640625
520.082280288512	2140
522.993105599713	2131.4443359375
525.902984131954	2120.61108398438
528.811916289087	2106.38891601563
531.71990247501	2095.11108398438
534.626943093666	2080.0556640625
537.533038549021	2065.38891601563
540.438189245099	2031.66662597656
543.34239558593	1992
546.245657975613	1949.05554199219
549.147976818256	1915.27783203125
552.049352518004	1862.16662597656
554.949785479042	1829.77783203125
557.849276105594	1792.83337402344
560.747824801883	1748.83337402344
563.645431972203	1726.83337402344
566.542098020833	1707
569.437823352126	1682.77783203125
572.332608370426	1659.22216796875
575.226453480107	1642.16662597656
578.119359085591	1625.83337402344
581.011325591298	1611.16662597656
583.902353401681	1603.77783203125
586.792442921222	1592.77783203125
589.681594554422	1589.77783203125
592.569808705794	1594.94445800781
595.457085779872	1603.88891601563
598.343426181231	1604.16662597656
601.228830314426	1603.88891601563
604.113298584061	1616.05554199219
606.99683139474	1622
609.879429151087	1629.55554199219
612.761092257744	1632.77783203125
615.641821119357	1637.05554199219
618.52161614059	1637.22216796875
621.400477726136	1637.38891601563
624.278406280663	1652.5
627.155402208879	1657.61108398438
630.031465915489	1662
632.906597805216	1675.11108398438
635.780798282772	1699.27783203125
638.654067752901	1713.11108398438
641.526406620328	1736.83337402344
644.3978152898	1744.55554199219
647.268294166064	1721.94445800781
650.137843653869	1708.33337402344
653.006464157971	1694.5
655.87415608312	1679.38891601563
658.74091983407	1662.66662597656
661.606755815591	1649.61108398438
664.471664432423	1641.5
667.335646089322	1647.72216796875
670.198701191048	1657.72216796875
673.060830142345	1683.61108398438
675.922033347955	1719.27783203125
678.78231121262	1736.38891601563
681.641664141079	1742.22216796875
684.500092538057	1751.22216796875
687.357596808273	1746.22216796875
690.214177356452	1729.44445800781
693.069834587288	1711.27783203125
695.924568905479	1686.33337402344
698.778380715716	1668.5
701.631270422669	1639.11108398438
704.483238430998	1609.22216796875
707.334285145359	1595.55554199219
710.184410970391	1599.33337402344
713.033616310707	1590.27783203125
715.881901570924	1589.22216796875
718.729267155633	1603.22216796875
721.575713469409	1588.55554199219
724.421240916802	1594.55554199219
727.265849902365	1587.61108398438
730.109540830609	1591.38891601563
732.952314106052	1589.61108398438
735.794170133161	1589.94445800781
738.635109316398	1602.38891601563
741.475132060212	1600.38891601563
744.314238769009	1610.55554199219
747.152429847192	1622.83337402344
749.989705699125	1649.44445800781
752.82606672915	1653.83337402344
755.661513341585	1682.72216796875
758.496045940734	1705.16662597656
761.329664930842	1725.38891601563
764.162370716166	1747.61108398438
766.99416370091	1774.27783203125
769.825044289252	1801.22216796875
772.655012885338	1839.72216796875
775.484069893295	1869.66662597656
778.312215717209	1919.22216796875
781.139450761132	1955.33337402344
783.965775429082	1985.22216796875
786.791190125058	1986.83337402344
789.615695253017	1978.38891601563
792.439291216871	1965.55554199219
795.261978420502	1961.27783203125
798.083757267762	1954.11108398438
800.904628162461	1940.55554199219
803.724591508377	1915.55554199219
806.54364770923	1900.5
809.361797168716	1886.11108398438
812.179040290506	1897.27783203125
814.995377478197	1910.83337402344
817.810809135366	1938.83337402344
820.625335665541	1980.72216796875
823.438957472215	2030.66662597656
826.25167495883	2094.61108398438
829.063488528774	2174.66674804688
831.874398585419	2257.16674804688
834.684405532067	2350.11108398438
837.493509771976	2440.77783203125
840.301711708368	2497.38891601563
843.109011744405	2519.22216796875
845.91541028321	2491.11108398438
848.720907727853	2427.22216796875
851.525504481362	2356.27783203125
854.329200946693	2266.66674804688
857.131997526783	2204.4443359375
859.933894624488	2126.4443359375
862.734892642625	2065.77783203125
865.53499198396	2004.16662597656
868.334193051199	1953.55554199219
871.132496246994	1892.72216796875
873.929901973955	1851
876.726410634616	1810.16662597656
879.522022631476	1793.44445800781
882.316738366954	1755.16662597656
885.110558243428	1721.22216796875
887.903482663219	1697.27783203125
890.695512028571	1671.38891601563
893.486646741686	1645.94445800781
896.2768872047	1624.72216796875
899.066233819696	1605
901.854686988673	1581.55554199219
904.642247113599	1561.88891601563
907.428914596346	1546.83337402344
910.214689838757	1528.05554199219
912.999573242584	1500.94445800781
915.783565209534	1485.55554199219
918.566666141219	1468.05554199219
921.348876439226	1440.61108398438
924.130196505042	1420.83337402344
926.910626740109	1408.44445800781
929.690167545788	1387.27783203125
932.468819323367	1375.88891601563
935.246582474076	1354.44445800781
938.023457399086	1335
940.799444499476	1324.05554199219
943.574544176264	1300.27783203125
946.348756830394	1290.5
949.122082862737	1273.61108398438
951.894522674101	1254.05554199219
954.666076665208	1241.33337402344
957.436745236709	1231.44445800781
960.206528789188	1216.16662597656
962.975427723159	1204.33337402344
965.74344243903	1191.05554199219
968.510573337174	1176.27783203125
971.276820817854	1167.94445800781
974.042185281273	1155.33337402344
976.806667127545	1138.38891601563
979.57026675672	1127.11108398438
982.332984568757	1114.94445800781
985.094820963545	1112.05554199219
987.855776340878	1105
990.615851100486	1088
993.375045642	1083.11108398438
996.133360364992	1077.55554199219
998.890795668934	1072.05554199219
1001.64735195321	1066.88891601563
1004.40302961713	1059.83337402344
1007.15782905993	1055.5
1009.91175068073	1049.72216796875
1012.66479487862	1039.88891601563
1015.41696205253	1033.11108398438
1018.16825260136	1025.5
1020.91866692391	1023
1023.66820541888	1012.38891601563
1026.41686848489	1006.38891601563
1029.16465652047	1000.61108398438
1031.91156992407	992.333312988281
1034.65760909402	992.444458007813
1037.4027744286	988.111083984375
1040.14706632598	986.5
1042.89048518423	985.777770996094
1045.63303140134	981.5
1048.37470537521	986.055541992188
1051.11550750362	990.388916015625
1053.8554381843	992.444458007813
1056.59449781487	993.222229003906
1059.33268679281	987.611083984375
1062.07000551558	979.444458007813
1064.8064543805	974.944458007813
1067.54203378479	970
1070.27674412558	968.722229003906
1073.01058579993	965.944458007813
1075.74355920476	959.055541992188
1078.47566473693	962.555541992188
1081.20690279317	958.222229003906
1083.93727377012	960.444458007813
1086.66677806433	963.277770996094
1089.39541607224	962.722229003906
1092.12318819019	955.222229003906
1094.85009481442	952.333312988281
1097.57613634106	949.444458007813
1100.30131316617	945.888916015625
1103.02562568567	947.555541992188
1105.74907429537	945.111083984375
1108.47165939104	942.5
1111.19338136826	945
1113.91424062256	941.888916015625
1116.63423754935	935.5
1119.35337254394	940.777770996094
1122.07164600153	935.5
1124.7890583172	936.5
1127.50560988595	937.277770996094
1130.22130110264	934
1132.93613236205	931.833312988281
1135.65010405884	930.444458007813
1138.36321658755	925.444458007813
1141.07547034262	925.444458007813
1143.78686571838	921.277770996094
1146.49740310906	922.111083984375
1149.20708290877	918.888916015625
1151.91590551149	917.888916015625
1154.62387131111	913.944458007813
1157.3309807014	918.722229003906
1160.03723407603	915
1162.74263182853	914.444458007813
1165.44717435234	915.666687011719
1168.15086204077	910.388916015625
1170.85369528703	909.277770996094
1173.55567448419	906.166687011719
1176.25680002523	908.5
1178.95707230301	906.444458007813
1181.65649171025	906.722229003906
1184.35505863959	905.611083984375
1187.05277348352	906.333312988281
1189.74963663443	901.944458007813
1192.44564848456	907.333312988281
1195.14080942609	906.444458007813
1197.83511985104	904.833312988281
1200.5285801513	905.388916015625
1203.22119071867	901.888916015625
1205.91295194481	906.444458007813
1208.60386422127	904.5
1211.29392793948	903.333312988281
1213.98314349071	902.277770996094
1216.67151126617	904.166687011719
1219.3590316569	905.333312988281
1222.04570505384	899.611083984375
1224.73153184778	899.444458007813
1227.41651242943	894.277770996094
1230.10064718933	897.166687011719
1232.78393651793	895
1235.46638080551	891.944458007813
1238.14798044228	892.666687011719
1240.82873581829	887.944458007813
1243.50864732346	890.944458007813
1246.18771534761	891.722229003906
1248.86594028039	890.277770996094
1251.54332251136	894.722229003906
1254.21986242994	892.666687011719
1256.89556042542	888.111083984375
1259.57041688695	887.944458007813
1262.24443220357	887.777770996094
1264.91760676418	886.111083984375
1267.58994095754	884.111083984375
1270.26143517231	888.222229003906
1272.93208979697	886.055541992188
1275.60190521992	882.722229003906
1278.27088182938	882.333312988281
1280.93902001349	884.055541992188
1283.6063201602	883
1286.27278265738	883.5
1288.93840789272	882.722229003906
1291.60319625382	884.333312988281
1294.2671481281	882.888916015625
1296.93026390289	886
1299.59254396535	884.111083984375
1302.25398870253	880.277770996094
1304.91459850131	877.833312988281
1307.57437374848	879.555541992188
1310.23331483065	878.666687011719
1312.89142213433	876.944458007813
1315.54869604585	875.944458007813
1318.20513695146	878.833312988281
1320.8607452372	878.611083984375
1323.51552128904	874
1326.16946549277	875.222229003906
1328.82257823404	879.444458007813
1331.47485989839	879.944458007813
1334.12631087119	875.555541992188
1336.77693153769	879.166687011719
1339.42672228298	879.166687011719
1342.07568349203	876.944458007813
1344.72381554965	877.944458007813
1347.37111884052	877.555541992188
1350.01759374917	876.666687011719
1352.66324066	880.388916015625
1355.30805995725	874.277770996094
1357.95205202502	877.722229003906
1360.59521724729	876.388916015625
1363.23755600785	871.611083984375
1365.8790686904	874.944458007813
1368.51975567846	873.666687011719
1371.15961735541	873.055541992188
1373.79865410447	871.5
1376.43686630878	871.388916015625
1379.07425435124	872.666687011719
1381.71081861468	871
1384.34655948172	870.611083984375
1386.9814773349	873.666687011719
1389.61557255657	869.722229003906
1392.24884552892	870.777770996094
1394.88129663405	874.722229003906
1397.51292625384	870.555541992188
1400.14373477007	871.444458007813
1402.77372256437	872.277770996094
1405.40289001817	872.5
1408.03123751283	872.833312988281
1410.6587654295	873.055541992188
1413.28547414919	874.333312988281
1415.91136405277	877.555541992188
1418.53643552096	873.111083984375
1421.16068893433	876.333312988281
1423.78412467328	877.388916015625
1426.40674311809	876.444458007813
1429.02854464884	879.388916015625
1431.64952964551	876.111083984375
1434.26969848789	879.944458007813
1436.88905155564	882.555541992188
1439.50758922825	882.777770996094
1442.12531188505	884
1444.74221990526	884.444458007813
1447.35831366789	888
1449.97359355182	886.833312988281
1452.58805993578	883.722229003906
1455.20171319835	885.277770996094
1457.81455371793	882.833312988281
1460.42658187277	880.333312988281
1463.03779804099	881.444458007813
1465.64820260052	881.166687011719
1468.25779592916	877.5
1470.86657840453	876.666687011719
1473.47455040411	873.277770996094
1476.08171230521	867.222229003906
1478.68806448499	867.444458007813
1481.29360732045	864.944458007813
1483.89834118844	863.111083984375
1486.50226646563	864.888916015625
1489.10538352855	862.833312988281
1491.70769275355	861.611083984375
1494.30919451685	858.444458007813
1496.90988919449	863.722229003906
1499.50977716235	859.777770996094
1502.10885879616	860.611083984375
1504.70713447147	861.388916015625
1507.3046045637	861.277770996094
1509.90126944807	860.944458007813
1512.49712949967	863.277770996094
1515.09218509342	861.722229003906
1517.68643660406	863.388916015625
1520.2798844062	865.666687011719
1522.87252887425	863.277770996094
1525.46437038249	863.5
1528.05540930502	861.555541992188
1530.64564601578	865.333312988281
1533.23508088855	863.888916015625
1535.82371429693	863.5
1538.41154661438	863.055541992188
1540.99857821417	864.111083984375
1543.58480946942	864.333312988281
1546.1702407531	868.111083984375
1548.754872438	865.833312988281
1551.33870489671	866.944458007813
1553.92173850171	867
1556.5039736253	869.444458007813
1559.08541063958	869.777770996094
1561.66604991653	872.5
1564.24589182792	870.055541992188
1566.82493674539	867.055541992188
1569.4031850404	869.388916015625
1571.98063708422	871.555541992188
1574.55729324799	874.222229003906
1577.13315390265	871.222229003906
1579.70821941899	872.388916015625
1582.28249016764	873.333312988281
1584.85596651903	876.444458007813
1587.42864884345	875.722229003906
1590.00053751101	877.5
1592.57163289164	875.555541992188
1595.14193535512	871.444458007813
1597.71144527105	878.388916015625
1600.28016300885	881.111083984375
1602.84808893781	877.055541992188
1605.41522342699	876.888916015625
1607.98156684532	883.166687011719
1610.54711956155	881.166687011719
1613.11188194426	878.777770996094
1615.67585436185	880.444458007813
1618.23903718255	884.666687011719
1620.80143077443	886
1623.36303550538	884.555541992188
1625.92385174311	885.222229003906
1628.48387985517	886.222229003906
1631.04312020894	889
1633.60157317161	890.777770996094
1636.15923911021	891.444458007813
1638.71611839159	889.944458007813
1641.27221138244	890.444458007813
1643.82751844924	888.888916015625
1646.38203995835	887.333312988281
1648.93577627591	887.222229003906
1651.4887277679	884.944458007813
1654.04089480015	880.944458007813
1656.59227773826	880.222229003906
1659.14287694772	879.722229003906
1661.6926927938	880.666687011719
1664.2417256416	880.166687011719
1666.78997585606	878.777770996094
1669.33744380194	881.833312988281
1671.88412984381	880.722229003906
1674.43003434607	879.444458007813
1676.97515767297	883.277770996094
1679.51950018854	878.777770996094
1682.06306225665	879.666687011719
1684.60584424102	878.333312988281
1687.14784650516	880.666687011719
1689.6890694124	881.888916015625
1692.22951332592	882.722229003906
1694.7691786087	879.944458007813
1697.30806562354	877.944458007813
1699.84617473308	879.388916015625
1702.38350629978	875.611083984375
1704.9200606859	880.666687011719
1707.45583825355	880.166687011719
1709.99083936463	879.166687011719
1712.52506438089	877.444458007813
1715.05851366388	884.888916015625
1717.59118757498	882.888916015625
1720.1230864754	879
1722.65421072614	879.888916015625
1725.18456068807	881.444458007813
1727.71413672182	879
1730.24293918788	882.111083984375
1732.77096844655	884.277770996094
1735.29822485794	882.388916015625
1737.82470878201	879.888916015625
1740.35042057849	884.833312988281
1742.87536060697	883.277770996094
1745.39952922684	884.222229003906
1747.92292679732	887.111083984375
1750.44555367744	886.777770996094
1752.96741022603	885.833312988281
1755.48849680178	886.555541992188
1758.00881376317	886.444458007813
1760.5283614685	890.888916015625
1763.0471402759	889.777770996094
1765.56515054329	889.833312988281
1768.08239262844	892.722229003906
1770.59886688892	889.833312988281
1773.11457368213	892.166687011719
1775.62951336526	891.222229003906
1778.14368629534	894.611083984375
1780.65709282921	895
1783.16973332353	897.388916015625
1785.68160813477	894.388916015625
1788.19271761922	896.611083984375
1790.70306213299	901.055541992188
1793.21264203199	898.944458007813
1795.72145767196	901.166687011719
1798.22950940845	898.666687011719
1800.73679759684	904.333312988281
1803.2433225923	902.388916015625
1805.74908474983	903
1808.25408442424	906.555541992188
1810.75832197017	903.166687011719
1813.26179774206	904.611083984375
1815.76451209415	904.5
1818.26646538052	904.666687011719
1820.76765795507	904.777770996094
1823.26809017148	904.777770996094
1825.76776238327	905.944458007813
1828.26667494378	903.944458007813
1830.76482820614	909.611083984375
1833.2622225233	907.722229003906
1835.75885824804	909.388916015625
1838.25473573294	911.611083984375
1840.7498553304	912
1843.24421739261	913.944458007813
1845.73782227162	911.111083984375
1848.23067031924	913.055541992188
1850.72276188713	914.722229003906
1853.21409732674	912.611083984375
1855.70467698935	916.277770996094
1858.19450122606	916.388916015625
1860.68357038774	914.5
1863.17188482513	916.444458007813
1865.65944488872	917.111083984375
1868.14625092886	920.166687011719
1870.6323032957	916.777770996094
1873.11760233918	922.833312988281
1875.60214840909	918.833312988281
1878.085941855	922.055541992188
1880.56898302631	927.888916015625
1883.05127227221	923.222229003906
1885.53280994173	925.888916015625
1888.01359638368	926.666687011719
1890.49363194671	924.444458007813
1892.97291697927	930.055541992188
1895.4514518296	927.555541992188
1897.92923684579	929.111083984375
1900.4062723757	928.944458007813
1902.88255876703	932.722229003906
1905.3580963673	932.333312988281
1907.83288552379	933.444458007813
1910.30692658364	934.333312988281
1912.78021989377	936.444458007813
1915.25276580093	939.277770996094
1917.72456465166	939.222229003906
1920.19561679234	940.111083984375
1922.66592256913	938
1925.135482328	942.777770996094
1927.60429641476	942.888916015625
1930.072365175	940.611083984375
1932.53968895413	945.333312988281
1935.00626809737	944.277770996094
1937.47210294974	943.111083984375
1939.93719385608	945.166687011719
1942.40154116105	946.388916015625
1944.86514520908	947.166687011719
1947.32800634444	946.611083984375
1949.79012491122	951.277770996094
1952.25150125328	949.777770996094
1954.71213571432	951.444458007813
1957.17202863784	952.277770996094
1959.63118036714	954
1962.08959124533	953.166687011719
1964.54726161535	951.444458007813
1967.00419181991	952.555541992188
1969.46038220157	952.166687011719
1971.91583310266	955.666687011719
1974.37054486535	953.722229003906
1976.8245178316	959.833312988281
1979.27775234317	957.611083984375
1981.73024874165	958.722229003906
1984.18200736843	958.055541992188
1986.6330285647	958.388916015625
1989.08331267146	961.055541992188
1991.53286002952	964.666687011719
1993.98167097951	961.444458007813
1996.42974586183	966.666687011719
1998.87708501673	969.944458007813
2001.32368878424	965.388916015625
2003.76955750421	971.111083984375
2006.2146915163	965.722229003906
2008.65909115996	968.833312988281
2011.10275677447	971.222229003906
2013.54568869889	975.555541992188
2015.98788727211	972.555541992188
2018.42935283282	978.777770996094
2020.87008571951	980.222229003906
2023.31008627048	977.333312988281
2025.74935482384	983.611083984375
2028.18789171751	981.611083984375
2030.62569728921	988.055541992188
2033.06277187647	985.444458007813
2035.49911581662	986.777770996094
2037.9347294468	990.555541992188
2040.36961310396	992.777770996094
2042.80376712485	991.888916015625
2045.23719184604	993.388916015625
2047.66988760389	995.333312988281
2050.10185473457	995
2052.53309357406	996.944458007813
2054.96360445815	995.777770996094
2057.39338772243	996.833312988281
2059.82244370229	999.611083984375
2062.25077273293	998.611083984375
2064.67837514937	1004.88891601563
2067.10525128641	1002.05554199219
2069.53140147869	1001.94445800781
2071.95682606063	1005.38891601563
2074.38152536645	1005.27777099609
2076.8054997302	1005.27777099609
2079.22874948571	1009.05554199219
2081.65127496664	1009.83331298828
2084.07307650646	1010.55554199219
2086.49415443839	1011.66668701172
2088.91450909552	1010.05554199219
2091.33414081074	1011.38891601563
2093.75304991669	1015.77777099609
2096.17123674586	1014.11108398438
2098.58870163057	1016
2101.00544490288	1016.33331298828
2103.42146689469	1019.11108398438
2105.83676793772	1021.88891601563
2108.25134836347	1022.22222900391
2110.66520850326	1024.66662597656
2113.0783486882	1023.05554199219
2115.49076924922	1026.44445800781
2117.90247051706	1021.05554199219
2120.31345282224	1029.88891601563
2122.72371649511	1029.77783203125
2125.13326186581	1032.11108398438
2127.54208926429	1032.22216796875
2129.95019902031	1031.27783203125
2132.35759146345	1035.72216796875
2134.76426692304	1037.88891601563
2137.17022572827	1040.5
2139.57546820812	1036.33337402344
2141.97999469137	1035.22216796875
2144.3838055066	1039.88891601563
2146.7869009822	1042.88891601563
2149.18928144638	1042.94445800781
2151.59094722713	1043.61108398438
2153.99189865227	1044
2156.39213604939	1044.61108398438
2158.79165974592	1046
2161.19047006909	1046.5
2163.58856734591	1055.05554199219
2165.98595190321	1058.33337402344
2168.38262406764	1051.27783203125
2170.77858416563	1055.77783203125
2173.17383252344	1052.77783203125
2175.56836946711	1049.55554199219
2177.96219532249	1053.11108398438
2180.35531041526	1061.61108398438
2182.74771507088	1060.16662597656
2185.13940961461	1059.27783203125
2187.53039437153	1060.38891601563
2189.92066966651	1063.61108398438
2192.31023582426	1064.16662597656
2194.69909316926	1064.16662597656
2197.0872420258	1070.33337402344
2199.47468271799	1065.27783203125
2201.86141556972	1064.94445800781
2204.24744090472	1069.22216796875
2206.63275904649	1074.11108398438
2209.01737031835	1070.05554199219
2211.40127504344	1075.5
2213.78447354466	1076.83337402344
2216.16696614478	1078
2218.54875316632	1077.33337402344
2220.92983493162	1079.94445800781
2223.31021176285	1084.16662597656
2225.68988398195	1087
2228.06885191069	1085.61108398438
2230.44711587062	1085.5
2232.82467618313	1085.22216796875
2235.20153316937	1085.88891601563
2237.57768715034	1078.83337402344
2239.95313844681	1086.27783203125
2242.32788737939	1088.72216796875
2244.70193426847	1087.88891601563
2247.07527943423	1087.83337402344
2249.4479231967	1088.72216796875
2251.81986587568	1089.27783203125
2254.19110779079	1084.88891601563
2256.56164926145	1087.44445800781
2258.93149060689	1086.5
2261.30063214613	1082.16662597656
2263.66907419802	1087.72216796875
2266.0368170812	1086.16662597656
2268.40386111412	1090.88891601563
2270.77020661502	1089.55554199219
2273.13585390198	1090.38891601563
2275.50080329285	1092.66662597656
2277.8650551053	1088.72216796875
2280.2286096568	1095.11108398438
2282.59146726465	1097.16662597656
2284.95362824591	1095.11108398438
2287.3150929175	1093.61108398438
2289.67586159609	1092.66662597656
2292.03593459821	1096.83337402344
2294.39531224014	1099.38891601563
2296.75399483802	1101.05554199219
2299.11198270776	1095.33337402344
2301.46927616508	1097.88891601563
2303.82587552551	1100.66662597656
2306.1817811044	1102.11108398438
2308.53699321689	1099.83337402344
2310.89151217792	1098
2313.24533830226	1101.66662597656
2315.59847190446	1097.77783203125
2317.95091329888	1104.38891601563
2320.30266279971	1103.77783203125
2322.65372072093	1104.72216796875
2325.0040873763	1102.5
2327.35376307944	1100.72216796875
2329.70274814374	1109.27783203125
2332.05104288239	1110.77783203125
2334.39864760842	1113.22216796875
2336.74556263464	1110.55554199219
2339.09178827367	1113.05554199219
2341.43732483794	1114.61108398438
2343.78217263969	1112.94445800781
2346.12633199095	1115.77783203125
2348.4698032036	1119.05554199219
2350.81258658926	1115.22216796875
2353.15468245942	1120.55554199219
2355.49609112533	1121.44445800781
2357.83681289808	1121.05554199219
2360.17684808854	1123.83337402344
2362.51619700742	1127.66662597656
2364.85485996519	1127.44445800781
2367.19283727219	1129.27783203125
2369.53012923849	1127.77783203125
2371.86673617404	1136.44445800781
2374.20265838854	1133.44445800781
2376.53789619154	1136.22216796875
2378.87244989238	1132.33337402344
2381.2063198002	1132.77783203125
2383.53950622395	1135.55554199219
2385.87200947241	1144.22216796875
2388.20382985413	1138.83337402344
2390.5349676775	1140.66662597656
2392.8654232507	1139.83337402344
2395.19519688172	1139.55554199219
2397.52428887836	1143.05554199219
2399.85269954823	1139.16662597656
2402.18042919876	1141.27783203125
2404.50747813714	1140.16662597656
2406.83384667043	1138.27783203125
2409.15953510547	1137.55554199219
2411.48454374888	1140.77783203125
2413.80887290715	1143.27783203125
2416.13252288653	1133.5
2418.45549399309	1138.55554199219
2420.77778653271	1136.61108398438
2423.09940081108	1136.5
2425.42033713371	1129.5
2427.74059580589	1126.77783203125
2430.06017713275	1127.16662597656
2432.37908141921	1127.05554199219
2434.69730896999	1126.11108398438
2437.01486008965	1126.44445800781
2439.33173508253	1122.22216796875
2441.6479342528	1124.38891601563
2443.96345790442	1121
2446.27830634116	1120.72216796875
2448.59247986663	1120.38891601563
2450.90597878421	1127.66662597656
2453.2188033971	1119.55554199219
2455.53095400834	1126.77783203125
2457.84243092074	1123.72216796875
2460.15323443693	1124.55554199219
2462.46336485937	1121.61108398438
2464.77282249029	1124.72216796875
2467.08160763179	1123.11108398438
2469.38972058571	1125.11108398438
2471.69716165375	1127.33337402344
2474.00393113741	1125.44445800781
2476.31002933797	1127.5
2478.61545655658	1123.55554199219
2480.92021309414	1126.72216796875
2483.22429925139	1128.22216796875
2485.52771532888	1130.33337402344
2487.83046162697	1128.94445800781
2490.13253844582	1139.16662597656
2492.43394608541	1134.38891601563
2494.73468484554	1137
2497.03475502579	1131.72216796875
2499.33415692559	1135.44445800781
2501.63289084415	1133.72216796875
2503.93095708051	1140.77783203125
2506.22835593352	1137.66662597656
2508.52508770183	1133.44445800781
2510.8211526839	1134.5
2513.11655117802	1137.61108398438
2515.41128348228	1132.83337402344
2517.70534989457	1130.88891601563
2519.99875071263	1136
2522.29148623397	1126.55554199219
2524.58355675594	1127.77783203125
2526.87496257568	1125.11108398438
2529.16570399015	1120.27783203125
2531.45578129613	1119.38891601563
2533.74519479022	1119.55554199219
2536.03394476881	1114.77783203125
2538.32203152811	1114.11108398438
2540.60945536415	1114.61108398438
2542.89621657276	1107.38891601563
2545.18231544962	1104.66662597656
2547.46775229016	1105
2549.75252738969	1094.22216796875
2552.03664104327	1101.83337402344
2554.32009354583	1092.83337402344
2556.60288519207	1097.72216796875
2558.88501627652	1095.5
2561.16648709355	1087.88891601563
2563.4472979373	1089.38891601563
2565.72744910174	1087.77783203125
2568.00694088067	1083.94445800781
2570.28577356767	1087.55554199219
2572.56394745618	1083.66662597656
2574.84146283941	1076.55554199219
2577.11832001042	1077.88891601563
2579.39451926206	1078.05554199219
2581.67006088699	1079.33337402344
2583.94494517771	1073.55554199219
2586.21917242653	1073.83337402344
2588.49274292555	1073.05554199219
2590.76565696671	1070.33337402344
2593.03791484177	1074.77783203125
2595.30951684227	1067.22216796875
2597.5804632596	1072.5
2599.85075438495	1067.66662597656
2602.12039050933	1068.33337402344
2604.38937192357	1063.94445800781
2606.6576989183	1064.33337402344
2608.92537178399	1059.83337402344
2611.1923908109	1060.05554199219
2613.45875628912	1059.66662597656
2615.72446850856	1067
2617.98952775894	1059
2620.2539343298	1059.72216796875
2622.5176885105	1058.77783203125
2624.78079059019	1061.33337402344
2627.04324085788	1058.44445800781
2629.30503960236	1059.16662597656
2631.56618711225	1049.22216796875
2633.82668367601	1053.55554199219
2636.08652958189	1053.61108398438
2638.34572511794	1054.94445800781
2640.60427057209	1054.27783203125
2642.86216623201	1054.27783203125
2645.11941238526	1051.55554199219
2647.37600931917	1048.22216796875
2649.63195732091	1051.88891601563
2651.88725667745	1053.27783203125
2654.1419076756	1050.5
2656.39591060197	1053.61108398438
2658.64926574301	1049.72216796875
2660.90197338496	1046.11108398438
2663.15403381391	1052.27783203125
2665.40544731575	1051.22216796875
2667.65621417618	1045.05554199219
2669.90633468073	1048.44445800781
2672.15580911478	1044.55554199219
2674.40463776347	1047.55554199219
2676.6528209118	1050.72216796875
2678.90035884458	1050.88891601563
2681.14725184644	1047.61108398438
2683.39350020184	1046.22216796875
2685.63910419503	1044.83337402344
2687.88406411011	1053.38891601563
2690.12838023099	1045.88891601563
2692.37205284141	1045.94445800781
2694.6150822249	1044.83337402344
2696.85746866485	1052.16662597656
2699.09921244444	1048.61108398438
2701.34031384669	1047.94445800781
2703.58077315445	1047.44445800781
2705.82059065035	1041.83337402344
2708.05976661689	1044.38891601563
2710.29830133636	1045.11108398438
2712.53619509089	1045.88891601563
2714.77344816241	1042
2717.01006083269	1043.38891601563
2719.24603338332	1042.61108398438
2721.48136609571	1045.22216796875
2723.71605925109	1044.11108398438
2725.95011313052	1042.88891601563
2728.18352801487	1042.66662597656
2730.41630418484	1040.61108398438
2732.64844192096	1041.66662597656
2734.87994150357	1042.22216796875
2737.11080321285	1039.27783203125
2739.34102732878	1038.33337402344
2741.57061413119	1043.55554199219
2743.7995638997	1035.66662597656
2746.0278769138	1034
2748.25555345276	1033.72216796875
2750.48259379569	1032
2752.70899822154	1030.44445800781
2754.93476700906	1033.22216796875
2757.15990043685	1033.88891601563
2759.3843987833	1032.11108398438
2761.60826232666	1030.5
2763.83149134498	1032.61108398438
2766.05408611616	1034.16662597656
2768.27604691789	1027.33337402344
2770.49737402773	1028.77783203125
2772.71806772302	1031.11108398438
2774.93812828095	1032.27783203125
2777.15755597855	1033.72216796875
2779.37635109265	1028.16662597656
2781.5945138999	1027
2783.81204467681	1032.88891601563
2786.0289436997	1029.83337402344
2788.2452112447	1033.22216796875
2790.46084758779	1027.72216796875
2792.67585300478	1032.72216796875
2794.89022777128	1029.16662597656
2797.10397216274	1029.22216796875
2799.31708645446	1029.5
2801.52957092153	1029.44445800781
2803.74142583889	1028.72216796875
2805.95265148131	1026.05554199219
2808.16324812338	1026.27783203125
2810.3732160395	1026.16662597656
2812.58255550395	1028.38891601563
2814.7912667908	1026.66662597656
2816.99935017394	1031.22216796875
2819.20680592711	1035.27783203125
2821.41363432388	1032.44445800781
2823.61983563764	1028.66662597656
2825.82541014161	1030.83337402344
2828.03035810884	1034.44445800781
2830.23467981221	1030.22216796875
2832.43837552443	1032.05554199219
2834.64144551805	1032.11108398438
2836.84389006543	1032.33337402344
2839.04570943878	1035.11108398438
2841.24690391012	1039.38891601563
2843.44747375132	1045.5
2845.64741923408	1052.11108398438
2847.84674062991	1063.61108398438
2850.04543821017	1065.83337402344
2852.24351224604	1070.16662597656
2854.44096300855	1066.61108398438
2856.63779076855	1063.38891601563
2858.8339957967	1063.38891601563
2861.02957836354	1064.16662597656
2863.22453873939	1062.05554199219
2865.41887719444	1065.16662597656
2867.61259399871	1067.72216796875
2869.80568942202	1069.88891601563
2871.99816373405	1069.44445800781
2874.19001720432	1074.66662597656
2876.38125010217	1074.72216796875
2878.57186269676	1074.38891601563
2880.76185525711	1079.77783203125
2882.95122805205	1091.33337402344
2885.13998135026	1087.77783203125
2887.32811542026	1092.5
2889.51563053039	1083.5
2891.70252694881	1080.05554199219
2893.88880494355	1076.61108398438
2896.07446478244	1071.05554199219
2898.25950673317	1070.33337402344
2900.44393106326	1069.44445800781
2902.62773804006	1072.27783203125
2904.81092793076	1071.22216796875
2906.99350100237	1070.11108398438
2909.17545752176	1071.16662597656
2911.35679775561	1074.72216796875
2913.53752197047	1068.88891601563
2915.71763043269	1069.38891601563
2917.89712340848	1070.5
2920.07600116387	1077.88891601563
2922.25426396474	1074.05554199219
2924.43191207681	1077
2926.60894576562	1080.55554199219
2928.78536529657	1076.66662597656
2930.96117093486	1074.22216796875
2933.13636294558	1072.72216796875
2935.31094159361	1077.94445800781
2937.48490714369	1079.27783203125
2939.65825986041	1071.38891601563
2941.83100000817	1068.55554199219
2944.00312785122	1065.88891601563
2946.17464365367	1056.27783203125
2948.34554767944	1050.72216796875
2950.51584019229	1048.05554199219
2952.68552145584	1043.77783203125
2954.85459173354	1041.33337402344
2957.02305128867	1037
2959.19090038437	1040.33337402344
2961.35813928359	1032
2963.52476824915	1033.11108398438
2965.69078754369	1031.94445800781
2967.85619742971	1034.16662597656
2970.02099816953	1031.83337402344
2972.18519002532	1030.27783203125
2974.3487732591	1028.22216796875
2976.51174813271	1032
2978.67411490786	1025.94445800781
2980.83587384607	1028.66662597656
2982.99702520873	1024.83337402344
2985.15756925706	1028.94445800781
2987.31750625211	1020.05554199219
2989.47683645478	1020.11108398438
2991.63556012584	1021.5
2993.79367752587	1019.33331298828
2995.95118891529	1018.16668701172
2998.1080945544	1018
3000.2643947033	1014.77777099609
3002.42008962196	1013.05554199219
3004.57517957018	1012
3006.72966480762	1014.05554199219
3008.88354559376	1011.05554199219
3011.03682218796	1005.27777099609
3013.18949484939	1004.44445800781
3015.34156383707	1004.11108398438
3017.4930294099	1004.66668701172
3019.64389182657	1001.33331298828
3021.79415134566	1001.72222900391
3023.94380822558	1000.72222900391
3026.09286272457	997
3028.24131510074	999.5
3030.38916561203	999.777770996094
3032.53641451624	1000
3034.68306207102	999.055541992188
3036.82910853383	1002.5
3038.97455416203	1000.16668701172
3041.11939921277	997.555541992188
3043.2636439431	998.888916015625
3045.40728860989	999.111083984375
3047.55033346985	996.444458007813
3049.69277877956	1000.66668701172
3051.83462479544	1000.11108398438
3053.97587177375	1001.88891601563
3056.11651997062	1002.22222900391
3058.25656964199	996.333312988281
3060.39602104368	1002.55554199219
3062.53487443137	999.722229003906
3064.67313006054	1000.33331298828
3066.81078818656	995.277770996094
3068.94784906465	1001.38891601563
3071.08431294986	997.722229003906
3073.22018009711	998.222229003906
3075.35545076114	998
3077.49012519658	997.111083984375
3079.62420365788	999.333312988281
3081.75768639935	1000.05554199219
3083.89057367515	992.722229003906
3086.02286573931	994.222229003906
3088.15456284568	1000.11108398438
3090.28566524798	996.333312988281
3092.41617319978	997.388916015625
3094.5460869545	992.833312988281
3096.67540676541	1000.38891601563
3098.80413288565	999.777770996094
3100.93226556818	998.388916015625
3103.05980506584	999.222229003906
3105.18675163131	995.388916015625
3107.31310551714	998.222229003906
3109.43886697569	999.055541992188
3111.56403625925	1000.72222900391
3113.68861361987	999.611083984375
3115.81259930955	1002.22222900391
3117.93599358006	1000.88891601563
3120.05879668308	1000.94445800781
3122.18100887013	1006.94445800781
3124.30263039256	1010.05554199219
3126.42366150162	1004.44445800781
3128.54410244838	1006.22222900391
3130.66395348379	1004.27777099609
3132.78321485862	1000.38891601563
3134.90188682353	1005.77777099609
3137.01996962905	1006.44445800781
3139.13746352551	1006
3141.25436876313	1005.05554199219
3143.370685592	1009.44445800781
3145.48641426206	1005.27777099609
3147.60155502308	1009
3149.71610812472	1011
3151.83007381647	1010.22222900391
3153.94345234771	1010.05554199219
3156.05624396767	1008.33331298828
3158.1684489254	1011.27777099609
3160.28006746985	1014.77777099609
3162.39109984983	1013.38891601563
3164.50154631399	1016.16668701172
3166.61140711084	1018.22222900391
3168.72068248876	1013.44445800781
3170.82937269597	1018.61108398438
3172.93747798059	1015.38891601563
3175.04499859055	1016.16668701172
3177.15193477368	1018.77777099609
3179.25828677765	1017.11108398438
3181.36405484999	1018.5
3183.46923923812	1017.72222900391
3185.57384018927	1016.55554199219
3187.67785795057	1019.22222900391
3189.78129276901	1017.83331298828
3191.88414489141	1016.16668701172
3193.9864145645	1018.11108398438
3196.08810203484	1022.44445800781
3198.18920754885	1020.38891601563
3200.28973135283	1019.72222900391
3202.38967369294	1016.44445800781
3204.48903481519	1020.05554199219
3206.58781496546	1022.44445800781
3208.6860143895	1025.77783203125
3210.78363333294	1022
3212.88067204121	1023.27777099609
3214.97713075968	1022.11108398438
3217.07300973355	1026.72216796875
3219.16830920786	1025.11108398438
3221.26302942758	1023.55554199219
3223.35717063748	1023.61108398438
3225.45073308223	1021.16668701172
3227.54371700636	1026.94445800781
3229.63612265426	1022.38891601563
3231.72795027019	1026
3233.81920009828	1028.5
3235.90987238252	1028.38891601563
3237.99996736677	1030.66662597656
3240.08948529475	1025.44445800781
3242.17842641006	1027.88891601563
3244.26679095615	1028.5
3246.35457917637	1025.83337402344
3248.4417913139	1026
3250.5284276118	1030.83337402344
3252.61448831301	1027.22216796875
3254.69997366034	1029.16662597656
3256.78488389644	1027.44445800781
3258.86921926385	1027.83337402344
3260.952980005	1026.66662597656
3263.03616636215	1025.77783203125
3265.11877857745	1030.77783203125
3267.20081689292	1029.05554199219
3269.28228155044	1029.88891601563
3271.36317279177	1031.94445800781
3273.44349085854	1028.72216796875
3275.52323599225	1027.22216796875
3277.60240843427	1030.11108398438
3279.68100842583	1032.61108398438
3281.75903620806	1026.33337402344
3283.83649202192	1031.22216796875
3285.9133761083	1033.05554199219
3287.9896887079	1031.16662597656
3290.06543006133	1036.44445800781
3292.14060040906	1033.05554199219
3294.21519999145	1035
3296.2892290487	1036.38891601563
3298.36268782092	1037.44445800781
3300.43557654806	1038.16662597656
3302.50789546997	1033.44445800781
3304.57964482636	1038.16662597656
3306.65082485682	1035.22216796875
3308.72143580082	1040.5
3310.79147789769	1039.77783203125
3312.86095138664	1039.05554199219
3314.92985650676	1039.27783203125
3316.99819349702	1039.88891601563
3319.06596259626	1039.94445800781
3321.13316404318	1041.11108398438
3323.19979807638	1041.77783203125
3325.26586493433	1036.72216796875
3327.33136485537	1044.66662597656
3329.39629807772	1043.72216796875
3331.46066483948	1043.44445800781
3333.52446537863	1043.5
3335.58769993302	1043.22216796875
3337.65036874038	1045.77783203125
3339.71247203831	1047.33337402344
3341.77401006431	1054.05554199219
3343.83498305574	1051.16662597656
3345.89539124985	1051.88891601563
3347.95523488375	1054.66662597656
3350.01451419445	1061.61108398438
3352.07322941883	1060.38891601563
3354.13138079366	1061.16662597656
3356.18896855558	1062.88891601563
3358.2459929411	1067.55554199219
3360.30245418664	1070.88891601563
3362.35835252846	1073.33337402344
3364.41368820275	1073.72216796875
3366.46846144553	1076.27783203125
3368.52267249275	1078.83337402344
3370.57632158019	1082.94445800781
3372.62940894357	1083.83337402344
3374.68193481844	1085.94445800781
3376.73389944027	1083.83337402344
3378.78530304438	1086.27783203125
3380.836145866	1087.27783203125
3382.88642814024	1089.83337402344
3384.93615010207	1095.94445800781
3386.98531198637	1096.77783203125
3389.03391402788	1092.33337402344
3391.08195646126	1100.22216796875
3393.12943952102	1094.38891601563
3395.17636344156	1094.16662597656
3397.22272845719	1099.88891601563
3399.26853480206	1095.66662597656
3401.31378271025	1097.22216796875
3403.3584724157	1101.38891601563
3405.40260415225	1094.44445800781
3407.4461781536	1100.55554199219
3409.48919465338	1089.5
3411.53165388507	1093
3413.57355608204	1091.61108398438
3415.61490147757	1094.61108398438
3417.6556903048	1087.66662597656
3419.69592279678	1089.66662597656
3421.73559918643	1088.11108398438
3423.77471970656	1091.38891601563
3425.81328458989	1086.88891601563
3427.851294069	1085.55554199219
3429.88874837637	1081.55554199219
3431.92564774438	1082.5
3433.96199240528	1084.22216796875
3435.99778259122	1085.22216796875
3438.03301853424	1082.16662597656
3440.06770046627	1081.88891601563
3442.10182861912	1077.83337402344
3444.1354032245	1071.88891601563
3446.16842451402	1079.05554199219
3448.20089271916	1072.05554199219
3450.2328080713	1074.11108398438
3452.26417080173	1073.94445800781
3454.29498114159	1074.11108398438
3456.32523932195	1071.38891601563
3458.35494557376	1074
3460.38410012786	1069.16662597656
3462.41270321498	1074.11108398438
3464.44075506575	1075.72216796875
3466.46825591069	1078.38891601563
3468.4952059802	1075.38891601563
3470.52160550461	1081
3472.5474547141	1077.5
3474.57275383878	1077.94445800781
3476.59750310863	1077.77783203125
3478.62170275355	1080.05554199219
3480.64535300329	1079.72216796875
3482.66845408755	1083.11108398438
3484.69100623589	1084.11108398438
3486.71300967778	1083.33337402344
3488.73446464257	1085
3490.75537135953	1092.61108398438
3492.77573005781	1094.55554199219
3494.79554096646	1098.33337402344
3496.81480431442	1094.66662597656
3498.83352033056	1096.77783203125
3500.85168924359	1104.72216796875
3502.86931128217	1109.38891601563
3504.88638667483	1108.27783203125
3506.90291565002	1115.83337402344
3508.91889843605	1123.05554199219
3510.93433526118	1126.27783203125
3512.94922635353	1140.33337402344
3514.96357194112	1143.77783203125
3516.97737225191	1155.72216796875
3518.99062751371	1161.22216796875
3521.00333795425	1175.05554199219
3523.01550380117	1183.72216796875
3525.027125282	1205.66662597656
3527.03820262417	1208.38891601563
3529.04873605503	1218.66662597656
3531.05872580178	1220.94445800781
3533.06817209159	1221.5
3535.07707515149	1223.55554199219
3537.0854352084	1221.61108398438
3539.09325248919	1215.5
3541.10052722059	1215.22216796875
3543.10725962926	1222.38891601563
3545.11344994174	1225.16662597656
3547.11909838449	1221.61108398438
3549.12420518386	1212.77783203125
3551.12877056612	1212.33337402344
3553.13279475745	1208.77783203125
3555.1362779839	1202.55554199219
3557.13922047145	1193.83337402344
3559.14162244598	1191.5
3561.14348413328	1190.66662597656
3563.14480575904	1184.5
3565.14558754885	1190.72216796875
3567.14582972822	1190.11108398438
3569.14553252256	1195.94445800781
3571.14469615718	1187
3573.1433208573	1184.11108398438
3575.14140684806	1185.11108398438
3577.13895435449	1184.77783203125
3579.13596360153	1180.83337402344
3581.13243481403	1175.83337402344
3583.12836821676	1172.16662597656
3585.12376403438	1157.88891601563
3587.11862249147	1150.88891601563
3589.11294381251	1143.61108398438
3591.1067282219	1134.44445800781
3593.09997594394	1132
3595.09268720285	1128.38891601563
3597.08486222274	1123.77783203125
3599.07650122766	1121.05554199219
3601.06760444155	1113.11108398438
3603.05817208825	1113
3605.04820439153	1109.44445800781
3607.03770157508	1111.94445800781
3609.02666386247	1104.83337402344
3611.01509147723	1107
3613.00298464273	1099.27783203125
3614.99034358233	1092.27783203125
3616.97716851924	1098.44445800781
3618.96345967663	1092.61108398438
3620.94921727755	1092.61108398438
3622.93444154497	1092.72216796875
3624.91913270179	1092.16662597656
3626.90329097082	1092.33337402344
3628.88691657476	1086.33337402344
3630.87000973625	1084.44445800781
3632.85257067783	1083.83337402344
3634.83459962197	1077.33337402344
3636.81609679103	1082.33337402344
3638.79706240733	1079.27783203125
3640.77749669305	1077.33337402344
3642.75739987033	1079.77783203125
3644.73677216119	1075.83337402344
3646.71561378761	1075.88891601563
3648.69392497145	1072.77783203125
3650.6717059345	1067.88891601563
3652.64895689846	1070.77783203125
3654.62567808496	1072.66662597656
3656.60186971556	1073.38891601563
3658.57753201169	1069.5
3660.55266519475	1073.94445800781
3662.52726948603	1067.72216796875
3664.50134510675	1072.33337402344
3666.47489227804	1072.27783203125
3668.44791122095	1073.16662597656
3670.42040215647	1070.55554199219
3672.39236530548	1072.16662597656
3674.36380088881	1061.44445800781
3676.33470912718	1064.22216796875
3678.30509024125	1063.66662597656
3680.2749444516	1062.77783203125
3682.24427197873	1062.88891601563
3684.21307304306	1060.05554199219
3686.18134786493	1062.66662597656
3688.1490966646	1057.55554199219
3690.11631966226	1059.22216796875
3692.08301707801	1063.55554199219
3694.0491891319	1063.66662597656
3696.01483604388	1060.16662597656
3697.97995803381	1059.27783203125
3699.94455532152	1064.11108398438
3701.90862812672	1059.16662597656
3703.87217666906	1059.55554199219
3705.83520116812	1059.44445800781
3707.7977018434	1058.61108398438
3709.75967891433	1059.44445800781
3711.72113260024	1058.27783203125
3713.68206312043	1057.55554199219
3715.64247069409	1061.5
3717.60235554036	1057.94445800781
3719.56171787827	1062.22216796875
3721.52055792683	1060.33337402344
3723.47887590493	1060.61108398438
3725.43667203141	1062.38891601563
3727.39394652504	1057.5
3729.35069960449	1061.44445800781
3731.30693148841	1060.72216796875
3733.26264239532	1060.11108398438
3735.21783254371	1065.33337402344
3737.172502152	1060.72216796875
3739.12665143849	1064.38891601563
3741.08028062146	1065.61108398438
3743.03338991911	1066.44445800781
3744.98597954956	1067.61108398438
3746.93804973086	1069.77783203125
3748.88960068099	1072.22216796875
3750.84063261787	1073.27783203125
3752.79114575935	1073.38891601563
3754.74114032321	1071.38891601563
3756.69061652715	1073.22216796875
3758.63957458881	1069
3760.58801472577	1068.44445800781
3762.53593715553	1072.44445800781
3764.48334209554	1066.27783203125
3766.43022976316	1066.88891601563
3768.3766003757	1064.22216796875
3770.32245415039	1063.66662597656
3772.26779130441	1065.16662597656
3774.21261205487	1061.72216796875
3776.15691661881	1064.66662597656
3778.10070521319	1062.72216796875
3780.04397805494	1063.05554199219
3781.9867353609	1059.33337402344
