1	1.09042e-03	1.09042e-03	1.09042e-04	0.00000e+00	0.00000e+00
2	9.17317e-04	9.17317e-04	9.17317e-05	0.00000e+00	0.00000e+00
3	7.85118e-04	7.85118e-04	7.85118e-05	0.00000e+00	0.00000e+00
4	6.77550e-04	6.77550e-04	6.77550e-05	0.00000e+00	0.00000e+00
5	5.67326e-04	5.67326e-04	5.67326e-05	0.00000e+00	0.00000e+00
7	5.28024e-04	5.28024e-04	5.28024e-05	0.00000e+00	0.00000e+00
8	4.64844e-04	4.64844e-04	4.64844e-05	0.00000e+00	0.00000e+00
9	3.76915e-04	3.76915e-04	3.76915e-05	0.00000e+00	0.00000e+00
10	3.00390e-04	3.00390e-04	3.00390e-05	0.00000e+00	0.00000e+00
12	2.85261e-04	2.85261e-04	2.85261e-05	0.00000e+00	0.00000e+00
20	2.83371e-04	2.83371e-04	2.83371e-05	0.00000e+00	0.00000e+00
22	2.78998e-04	2.78998e-04	2.78998e-05	0.00000e+00	0.00000e+00
24	2.72165e-04	2.72165e-04	2.72165e-05	0.00000e+00	0.00000e+00
26	2.67060e-04	2.67060e-04	2.67060e-05	0.00000e+00	0.00000e+00
28	2.63577e-04	2.63577e-04	2.63577e-05	0.00000e+00	0.00000e+00
33	2.60457e-04	2.60457e-04	2.60457e-05	0.00000e+00	0.00000e+00
35	2.56698e-04	2.56698e-04	2.56698e-05	0.00000e+00	0.00000e+00
37	2.56209e-04	2.56209e-04	2.56209e-05	0.00000e+00	0.00000e+00
40	2.51769e-04	2.51769e-04	2.51769e-05	0.00000e+00	0.00000e+00
43	2.51582e-04	2.51582e-04	2.51582e-05	0.00000e+00	0.00000e+00
46	2.50041e-04	2.50041e-04	2.50041e-05	0.00000e+00	0.00000e+00
48	2.46277e-04	2.46277e-04	2.46277e-05	0.00000e+00	0.00000e+00
51	2.45107e-04	2.45107e-04	2.45107e-05	0.00000e+00	0.00000e+00
54	2.44849e-04	2.44849e-04	2.44849e-05	0.00000e+00	0.00000e+00
57	2.44831e-04	2.44831e-04	2.44831e-05	0.00000e+00	0.00000e+00
60	2.43728e-04	2.43728e-04	2.43728e-05	0.00000e+00	0.00000e+00
