0.00000000000 -1.0
0.00000000000 -1.0
0.00000000000 -1.0
0.00000000000 -1.0
0.00067053367 -1.0
0.00202352773 -1.0
0.00473143260 -1.0
0.01186509965 -1.0
0.03736128494 -1.0
0.18507513762 -1.0
0.18788890026 -1.0
0.19986673165 -1.0
0.21525359835 -1.0
0.27358036370 -1.0
0.27653438483 -1.0
0.27806053979 -1.0
0.27984216921 -1.0
0.28123584515 -1.0
0.28406241179 -1.0
0.28557082107 -1.0
0.34883883172 -1.0
0.35482697295 -1.0
0.36120299793 -1.0
0.42009719839 -1.0
0.43148672396 -1.0
0.50294387445 -1.0
0.51015398796 -1.0
0.53244272884 -1.0
0.58408254301 -1.0
0.61502318179 -1.0
0.64487322446 -1.0
0.70564768531 -1.0
0.73128752624 -1.0
0.73167825009 -1.0
0.73301509783 -1.0
0.73428974733 -1.0
0.73635310758 -1.0
0.73874697759 -1.0
0.74036734573 -1.0
0.74140809949 -1.0
0.74250383669 -1.0
0.74582254792 -1.0
0.74708833756 -1.0
0.74747559392 -1.0
0.74907855258 -1.0
0.76337735053 -1.0
0.76380209188 -1.0
0.76522439416 -1.0
0.76629844964 -1.0
0.76795497953 -1.0
0.77318956922 -1.0
0.77419920136 -1.0
0.77516289890 -1.0
0.77738006777 -1.0
0.78158907030 -1.0
0.78290716224 -1.0
0.78837808247 -1.0
0.78959122460 -1.0
0.79304292902 -1.0
0.79343546107 -1.0
0.79485096912 -1.0
0.79740050301 -1.0
0.79841991250 -1.0
0.79934454743 -1.0
0.80034772849 -1.0
0.80260386271 -1.0
0.80788502722 -1.0
0.81681435674 -1.0
0.82595133857 -1.0
0.82684587495 -1.0
0.82846680071 -1.0
0.83269049439 -1.0
0.83324092987 -1.0
0.83479071243 -1.0
0.83590068979 -1.0
0.83721800905 -1.0
0.84169445806 -1.0
0.84276339854 -1.0
0.85546431010 -1.0
0.85720851230 -1.0
0.85810214787 -1.0
0.85999667845 -1.0
0.86405989618 -1.0
0.86519137019 -1.0
0.87541560707 -1.0
0.87657865369 -1.0
0.88124206834 -1.0
0.88863110944 -1.0
0.89980511179 -1.0
0.90160667054 -1.0
0.90267925327 -1.0
0.90315310731 -1.0
0.90489201427 -1.0
0.90630733848 -1.0
0.91274482581 -1.0
0.91319278265 -1.0
0.91511654309 -1.0
0.91888130632 -1.0
0.92032937922 -1.0
0.92168337320 -1.0
0.92372387005 -1.0
0.93021238556 -1.0
0.93950453705 -1.0
0.94052431544 -1.0
0.94221914787 -1.0
0.94713694895 -1.0
0.94763097136 -1.0
0.94936359967 -1.0
0.95201260122 -1.0
0.96415106603 -1.0
0.96948221647 -1.0
0.97083952408 -1.0
0.97242278723 -1.0
0.97348380952 -1.0
0.97425777775 -1.0
0.97594869205 -1.0
0.99348314340 -1.0
0.99389893004 -1.0
0.99526991696 -1.0
0.99676214447 -1.0
1.00000000000 -1.0
1.00000000000 -1.0
1.00000000000 -1.0
1.00000000000 -1.0
