-165.96367481656	717.66668701172	0.00000000000	0.00000000000
-160.81618458053	705.27187653464	0.00000000000	0.00044749614
-164.00903244424	745.40934393311	0.00000000000	0.00089357121
-159.84503377046	738.53294408037	0.00000000000	0.00133901580
-151.92891987133	707.73480799571	0.00000000000	0.00178494476
-144.22001196032	679.65812201627	0.00000000000	0.00226211070
-139.60208692570	670.87182517430	0.00000000000	0.00272901160
-137.34876767508	676.21755131889	0.00000000000	0.00317416322
-136.56278951394	690.91716588067	0.00000000000	0.00361924157
-136.62295343085	710.98662909843	0.00000000000	0.00406407142
-136.90903304853	732.47138527762	0.00000000000	0.00450900329
-136.81526201297	751.48623319308	0.00000000000	0.00495386192
-136.05588969514	766.24519972494	0.00000000000	0.00539959052
-134.65513168840	777.02814576781	0.00000000000	0.00584896357
-132.69406823068	783.98923434236	0.00000000000	0.00629360262
-130.21484936214	787.59881342362	0.00000000000	0.00673799273
-127.26986779175	788.19860115275	0.00000000000	0.00718220420
-123.91081543202	786.12733884185	0.00000000000	0.00762634232
-120.16543315771	781.68783237022	0.00000000000	0.00807319860
-116.02979327933	775.09329406961	0.00000000000	0.00852815964
-111.73135112704	766.97881693176	0.00000000000	0.00897235989
-107.20871134531	757.50569630093	0.00000000000	0.00941841043
-102.55050961405	747.08732788128	0.00000000000	0.00986271087
-97.78461527298	736.00924713412	0.00000000000	0.01030764067
-92.97057132227	724.62518955812	0.00000000000	0.01075249790
-88.16061743161	713.27278699804	0.00000000000	0.01119728258
-83.39658182350	702.26582610380	0.00000000000	0.01164297325
-78.75446137384	691.99139086846	0.00000000000	0.01208722604
-74.25169686966	682.58888831359	0.00000000000	0.01253066515
-69.86368346097	674.00066028933	0.00000000000	0.01297561501
-65.61915846182	666.26973548964	0.00000000000	0.01341890802
-61.46900189150	659.29652271997	0.00000000000	0.01386549024
-57.47319939909	653.16788449692	0.00000000000	0.01430863738
-51.20836493643	644.81303125280	0.00000000000	0.01503176992
-47.36735482966	640.51343167268	0.00000000000	0.01549380165
-41.32670698048	635.14996516531	0.00000000000	0.01625232344
-37.91744614285	632.94582376112	0.00000000000	0.01669927680
-34.63138547227	631.43392489065	0.00000000000	0.01714417574
-31.46555095117	630.58729455625	0.00000000000	0.01758688514
-28.40158674060	630.37925522609	0.00000000000	0.01802952163
-25.43772929733	630.79176353893	0.00000000000	0.01847197834
-22.56532974467	631.80937952346	0.00000000000	0.01891521465
-19.77556656349	633.42240189613	0.00000000000	0.01936034986
-17.08834579679	635.60073203874	0.00000000000	0.01980383106
-14.48543023091	638.33780688709	0.00000000000	0.02024822652
-11.97806918709	641.60041990775	0.00000000000	0.02069117295
-9.55961606478	645.37154674328	0.00000000000	0.02113329936
-7.21943258516	649.64612933848	0.00000000000	0.02157610094
-4.95921800263	654.40040294961	0.00000000000	0.02201883012
-2.78066152189	659.60604547873	0.00000000000	0.02246063101
-0.66049591955	665.30058762672	0.00000000000	0.02290585983
1.39702927574	671.46060992084	0.00000000000	0.02335341101
3.37561090465	678.01319383315	0.00000000000	0.02379923113
5.34264071464	685.17994099055	0.00000000000	0.02425855573
8.51509840363	698.22098886749	0.00000000000	0.02503622910
12.02404588724	714.99018952429	0.00000000000	0.02595529437
15.46733525502	734.11577489576	0.00000000000	0.02692515992
17.89658953677	749.35861752841	0.00000000000	0.02765463442
19.32851041939	759.06816177413	0.00000000000	0.02810361780
20.69644139201	768.86673113564	0.00000000000	0.02854640646
22.01749715957	778.82749372381	0.00000000000	0.02898737151
23.30122969865	788.98465228531	0.00000000000	0.02942883865
24.54830942511	799.30785220484	0.00000000000	0.02987023345
25.77576598315	809.90837205537	0.00000000000	0.03031694664
26.95527210855	820.50228746761	0.00000000000	0.03075776524
28.10516918016	831.20676321055	0.00000000000	0.03119840327
29.22951068445	842.02029795953	0.00000000000	0.03163950885
30.32794286274	852.89903630947	0.00000000000	0.03208000180
31.40556170580	863.85228246294	0.00000000000	0.03252096286
32.46622089552	874.87890603426	0.00000000000	0.03296303478
33.50942012199	885.93210104640	0.00000000000	0.03340503507
34.53383695363	896.95389620966	0.00000000000	0.03384534659
35.55354595861	908.05313804740	0.00000000000	0.03428901626
36.55779089882	919.06953924504	0.00000000000	0.03473033603
37.55261751712	930.02487169281	0.00000000000	0.03517086392
38.54367354767	940.93760434082	0.00000000000	0.03561204010
39.62948511879	952.84037365047	0.00000000000	0.03609681747
41.12329758586	969.02058269523	0.00000000000	0.03676365173
43.82480047498	997.29589572068	0.00000000000	0.03795891814
48.76104054476	1045.14122389585	0.00000000000	0.04009099112
55.86242844617	1106.26007403425	0.00000000000	0.04305287772
63.89696146508	1166.04673341328	0.00000000000	0.04627649181
71.63885922961	1215.70326251310	0.00000000000	0.04927490739
78.93829314595	1256.41285690682	0.00000000000	0.05201957720
85.86150513252	1290.26267965957	0.00000000000	0.05455892260
92.04192027323	1317.02090203918	0.00000000000	0.05677968204
96.99555375301	1336.34772888372	0.00000000000	0.05853152075
101.96826945730	1354.01744663978	0.00000000000	0.06026727608
106.50381293908	1368.73763552952	0.00000000000	0.06183212688
109.82037070861	1378.71572326282	0.00000000000	0.06296615419
111.80892109135	1384.39663250647	0.00000000000	0.06364217873
115.23528006515	1393.67868513580	0.00000000000	0.06480045053
116.55706530059	1397.09419611787	0.00000000000	0.06524514751
120.42831350225	1406.59211030729	0.00000000000	0.06654109406
125.98544004363	1418.98193655675	0.00000000000	0.06838554628
129.86359356187	1426.81900859630	0.00000000000	0.06966250275
133.67664517166	1433.92035893390	0.00000000000	0.07091045676
140.44078716157	1445.15431744256	0.00000000000	0.07310737573
146.76908405859	1454.22511233487	0.00000000000	0.07514518612
151.50019962260	1460.18450333945	0.00000000000	0.07665884464
153.90452696512	1462.96378527399	0.00000000000	0.07742514587
157.89783927497	1467.23250395688	0.00000000000	0.07869386336
161.55146605331	1470.78091021611	0.00000000000	0.07985059089
165.39795916032	1474.17368528075	0.00000000000	0.08106455573
168.78557220335	1476.89054650845	0.00000000000	0.08213074327
172.60636702694	1479.67238219369	0.00000000000	0.08333027473
177.01138453435	1482.53793849421	0.00000000000	0.08470972646
179.79199792054	1484.17365938261	0.00000000000	0.08557878658
183.25486836099	1486.03899687324	0.00000000000	0.08665947101
186.70724692616	1487.72443210957	0.00000000000	0.08773533221
188.80092423465	1488.66864831998	0.00000000000	0.08838713158
190.88039049118	1489.55250420495	0.00000000000	0.08903408418
194.17127611361	1490.84980431599	0.00000000000	0.09005719301
196.67870909764	1491.76203699610	0.00000000000	0.09083623813
198.45136065254	1492.37077368339	0.00000000000	0.09138678707
200.20841305557	1492.94691601002	0.00000000000	0.09193236001
202.23722372773	1493.58108149329	0.00000000000	0.09256219280
204.39818512938	1494.22323230240	0.00000000000	0.09323295740
206.66466349997	1494.86378933903	0.00000000000	0.09393643158
208.30510078706	1495.30875264470	0.00000000000	0.09444560285
209.71223058687	1495.67933994855	0.00000000000	0.09488238578
211.63732951304	1496.17169733186	0.00000000000	0.09548002087
213.05735199806	1496.52541160325	0.00000000000	0.09592093180
214.60356194026	1496.90278665967	0.00000000000	0.09640111569
216.80033860988	1497.42760023769	0.00000000000	0.09708354210
218.89659755717	1497.91919607797	0.00000000000	0.09773501739
220.64998675726	1498.32597809845	0.00000000000	0.09828018036
222.20648005835	1498.68542421131	0.00000000000	0.09876433788
223.82637758150	1499.05941671797	0.00000000000	0.09926845509
225.63276499449	1499.47825050988	0.00000000000	0.09983092376
227.19304891175	1499.84315753427	0.00000000000	0.10031705419
230.54294532356	1500.64329048808	0.00000000000	0.10136179079
233.05057022867	1501.26396146610	0.00000000000	0.10214486952
237.31189300656	1502.37978503527	0.00000000000	0.10347789029
242.32189332765	1503.82511248236	0.00000000000	0.10504936950
246.31023190244	1505.10990838396	0.00000000000	0.10630417057
250.11593351276	1506.47217982317	0.00000000000	0.10750504513
252.82447806703	1507.53548632822	0.00000000000	0.10836202200
255.51398234926	1508.67782778271	0.00000000000	0.10921502273
258.90601332201	1510.25447717358	0.00000000000	0.11029395640
263.31168312347	1512.55513980978	0.00000000000	0.11170093333
266.71040645584	1514.54773453280	0.00000000000	0.11279104616
271.51607941323	1517.72804265617	0.00000000000	0.11434006714
272.86444035867	1518.70319388751	0.00000000000	0.11477640051
275.58948638123	1520.79309084945	0.00000000000	0.11566066195
277.64799423208	1522.48271475902	0.00000000000	0.11633087663
280.53730482774	1525.02506828080	0.00000000000	0.11727500101
282.83128950621	1527.19357269393	0.00000000000	0.11802756478
284.16151042688	1528.51481210568	0.00000000000	0.11846521014
285.48235767626	1529.87474651135	0.00000000000	0.11890070984
287.73117892271	1532.30407519860	0.00000000000	0.11964438982
290.91484538785	1536.00074152850	0.00000000000	0.12070219271
293.65271522119	1539.43511169149	0.00000000000	0.12161676855
295.50542094168	1541.90033414479	0.00000000000	0.12223834591
298.06585556577	1545.50407398213	0.00000000000	0.12310108838
299.36027476741	1547.41619973423	0.00000000000	0.12353894552
300.65102448166	1549.38535120663	0.00000000000	0.12397673338
302.33094098112	1552.04425947558	0.00000000000	0.12454831338
304.77922765032	1556.12086884118	0.00000000000	0.12538508334
308.00769232512	1561.87999087588	0.00000000000	0.12649561478
311.59377167594	1568.82002513190	0.00000000000	0.12773917596
315.50146150535	1577.07984743466	0.00000000000	0.12910705133
320.03087071034	1587.63758153507	0.00000000000	0.13071048451
323.99211449861	1597.80932195985	0.00000000000	0.13212978320
328.97772571265	1611.97073439826	0.00000000000	0.13394058892
333.20950201606	1625.28809743149	0.00000000000	0.13550083632
338.03570471486	1642.07433449779	0.00000000000	0.13730873367
341.65329048518	1655.87538385837	0.00000000000	0.13868550980
345.68753981114	1672.61068752404	0.00000000000	0.14024463272
349.00181199702	1687.50793799153	0.00000000000	0.14154574792
352.09900161448	1702.44153614949	0.00000000000	0.14277942744
355.38802259024	1719.45322722949	0.00000000000	0.14410973235
358.18147726649	1734.90451006760	0.00000000000	0.14525713620
361.68060042423	1755.66397997793	0.00000000000	0.14671891135
363.75446029818	1768.75878101560	0.00000000000	0.14759905704
366.77373623180	1788.95715306431	0.00000000000	0.14890015660
369.83750138278	1810.93255794644	0.00000000000	0.15024611161
372.97087227252	1835.08754023089	0.00000000000	0.15165176578
375.97804189776	1860.01813466491	0.00000000000	0.15303105640
379.21606454507	1888.97115552688	0.00000000000	0.15455265387
382.17952347370	1917.58629094552	0.00000000000	0.15598174466
384.10560475719	1937.37424119846	0.00000000000	0.15693106674
386.69442739285	1965.58603431463	0.00000000000	0.15823482795
389.94440006393	2003.89779008546	0.00000000000	0.15992130882
393.43968910472	2049.18537501235	0.00000000000	0.16180518936
397.66981270607	2110.65653386626	0.00000000000	0.16419932402
401.89974715612	2181.01695381804	0.00000000000	0.16674553641
405.63624761310	2252.46317013444	0.00000000000	0.16915356168
409.06490186544	2327.84001479258	0.00000000000	0.17153077178
413.33098507940	2439.31090641158	0.00000000000	0.17479012036
417.43775211218	2573.90042855672	0.00000000000	0.17839239868
419.36744299128	2651.18853711796	0.00000000000	0.18032408042
422.03004605410	2781.66889691869	0.00000000000	0.18339479926
424.43289599444	2931.38231628039	0.00000000000	0.18675547598
426.53554884506	2993.65825418587	0.00000000000	0.18902232454
427.71679022200	3000.90521638607	0.00000000000	0.18997155372
429.01153715622	2998.65084359759	0.00000000000	0.19088766600
431.47980233742	2977.60329909376	0.00000000000	0.19241955442
435.03014425242	2927.49279563984	0.00000000000	0.19434121676
437.87186923422	2879.69711943756	0.00000000000	0.19574183736
440.85306767933	2827.17378780963	0.00000000000	0.19713244255
442.55874563163	2797.26362387485	0.00000000000	0.19790393395
446.15088787703	2737.21479832468	0.00000000000	0.19949414700
447.85428130960	2711.08491511000	0.00000000000	0.20023931630
451.16955692759	2665.36212472378	0.00000000000	0.20168176083
452.20065955124	2652.41155497060	0.00000000000	0.20212847580
456.78695354105	2601.14422510531	0.00000000000	0.20410591192
461.81362889136	2554.79845078290	0.00000000000	0.20625838912
466.58089295382	2517.82483919319	0.00000000000	0.20828922204
468.85297760468	2501.89832183887	0.00000000000	0.20925453879
470.85673207358	2488.48910566565	0.00000000000	0.21010487491
472.09960332542	2480.39455544423	0.00000000000	0.21063196788
475.12756154743	2461.11018572645	0.00000000000	0.21191540855
480.20832019911	2428.82862252660	0.00000000000	0.21406869551
485.79166246725	2390.77212737166	0.00000000000	0.21643850118
490.62889803441	2354.52163167564	0.00000000000	0.21849423438
494.97883568231	2319.68355434154	0.00000000000	0.22034142307
498.52863902958	2289.94773853231	0.00000000000	0.22184560005
499.94757368733	2277.78300342560	0.00000000000	0.22244563785
501.87488668669	2261.03872888239	0.00000000000	0.22325928119
502.91979428016	2251.86455123565	0.00000000000	0.22369966119
504.62609677647	2236.75469341471	0.00000000000	0.22441753889
506.77759650828	2217.50552136789	0.00000000000	0.22532028228
509.26354806168	2195.04500500936	0.00000000000	0.22635957042
511.04120944284	2178.87562633430	0.00000000000	0.22710000018
513.23492453711	2158.83811060731	0.00000000000	0.22801027975
514.94947075629	2143.13991486950	0.00000000000	0.22871889335
516.63655131766	2127.68341142401	0.00000000000	0.22941357668
518.47976077785	2110.80854059657	0.00000000000	0.23016947160
520.54304648390	2091.96351729575	0.00000000000	0.23101161486
522.90359823754	2070.50319422198	0.00000000000	0.23196963654
525.03084353287	2051.29375552204	0.00000000000	0.23282774936
527.48762513257	2029.30801848240	0.00000000000	0.23381235778
529.93140240235	2007.69828840403	0.00000000000	0.23478463638
533.64383695247	1975.47028367833	0.00000000000	0.23624750086
537.72017308282	1941.07689073956	0.00000000000	0.23783325489
542.02301817242	1906.09549589893	0.00000000000	0.23948290334
545.89905627583	1875.90155853833	0.00000000000	0.24094695530
550.83582691668	1839.44954400297	0.00000000000	0.24278078647
554.76345218270	1812.18417563268	0.00000000000	0.24421464842
559.02592116645	1784.44828608144	0.00000000000	0.24574532732
563.76229644348	1756.00415138053	0.00000000000	0.24741503034
567.17995006005	1737.08984988297	0.00000000000	0.24859949307
570.47452801328	1720.16783958704	0.00000000000	0.24972521889
574.16360396903	1702.77450480198	0.00000000000	0.25096712849
577.86036118970	1687.01552040821	0.00000000000	0.25219207708
581.06376302882	1674.72513193571	0.00000000000	0.25323789730
584.24406683002	1663.78488692716	0.00000000000	0.25426197465
587.30419323433	1654.44811847671	0.00000000000	0.25523416416
589.55931204473	1648.31506789750	0.00000000000	0.25594242899
592.28846963630	1641.74050686586	0.00000000000	0.25679041081
593.95574271561	1638.18007077473	0.00000000000	0.25730356759
595.95908542068	1634.35837921214	0.00000000000	0.25791531307
598.50831350025	1630.21348138730	0.00000000000	0.25868618408
599.93636609199	1628.24180110072	0.00000000000	0.25911435484
601.37295432397	1626.51120147764	0.00000000000	0.25954245678
604.38501723669	1623.70239529827	0.00000000000	0.26043158642
606.59893324651	1622.34172941706	0.00000000000	0.26107789830
609.07266130315	1621.52185657160	0.00000000000	0.26179293750
610.89774272527	1621.38782371065	0.00000000000	0.26231572888
612.90728958797	1621.69961074512	0.00000000000	0.26288675049
614.42130243300	1622.25062506247	0.00000000000	0.26331380804
615.94467428464	1623.07760857352	0.00000000000	0.26374079713
619.50028515074	1626.06304277469	0.00000000000	0.26472698344
621.72210710060	1628.67166823612	0.00000000000	0.26533593570
623.84240666013	1631.68848856366	0.00000000000	0.26591192094
627.27203055524	1637.64691530628	0.00000000000	0.26683313699
631.96631634534	1647.93195866738	0.00000000000	0.26807358008
635.60295875474	1657.56190337548	0.00000000000	0.26901870841
640.41170759304	1672.47860055425	0.00000000000	0.27024784817
643.27787191464	1682.53055875931	0.00000000000	0.27096957556
648.11625586426	1701.42689001110	0.00000000000	0.27217001233
651.95900721424	1718.12659184806	0.00000000000	0.27310781333
655.87439551626	1736.37078281705	0.00000000000	0.27405291407
659.63383013023	1747.79565506873	0.00000000000	0.27503903908
662.40702701569	1731.34941809285	0.00000000000	0.27607474284
663.24321069185	1677.07836951159	0.00000000000	0.27699402681
663.76790574946	1628.53902310961	0.00000000000	0.27773150102
665.74190907191	1619.20893491329	0.00000000000	0.27838957856
669.90707287678	1653.87857778798	0.00000000000	0.27920053332
674.15287207766	1702.51775885293	0.00000000000	0.28048380510
675.93162354855	1716.38355947822	0.00000000000	0.28198788520
678.45470526187	1728.80940256656	0.00000000000	0.28303519141
680.37444442744	1732.69905564589	0.00000000000	0.28367607311
682.88336660768	1729.19684504810	0.00000000000	0.28444875046
684.91094682783	1720.64547574761	0.00000000000	0.28505216229
688.43550188183	1702.77511101721	0.00000000000	0.28608947984
692.08755621240	1685.90709274837	0.00000000000	0.28716775616
696.33394504006	1668.76133788609	0.00000000000	0.28842767500
699.91672242956	1656.32181964970	0.00000000000	0.28949624973
704.47121910259	1643.13559682290	0.00000000000	0.29086257108
709.03189012178	1632.82192090034	0.00000000000	0.29224035746
712.12231122727	1627.44721578060	0.00000000000	0.29317986130
713.91403089184	1624.91992405987	0.00000000000	0.29372685413
716.44188839168	1622.08123295644	0.00000000000	0.29450158171
717.86659358048	1620.85308784681	0.00000000000	0.29493981937
720.94301659904	1619.10588755859	0.00000000000	0.29589022167
724.06961022442	1618.58342432528	0.00000000000	0.29686212307
726.14281973508	1618.92527815551	0.00000000000	0.29751007840
728.33662426600	1619.87834249347	0.00000000000	0.29819889435
730.07042048784	1621.05802104167	0.00000000000	0.29874566331
731.52508553541	1622.33600397395	0.00000000000	0.29920608321
732.86450135453	1623.74379236465	0.00000000000	0.29963141487
735.67938315742	1627.41855257701	0.00000000000	0.30052976710
737.14002725704	1629.70479406300	0.00000000000	0.30099839823
739.67324882069	1634.27854604568	0.00000000000	0.30181532724
742.42178831573	1640.10601393071	0.00000000000	0.30270792480
746.38998184911	1650.08640298681	0.00000000000	0.30400869719
748.12903377434	1655.03669247586	0.00000000000	0.30458349266
752.19165066897	1667.95051429178	0.00000000000	0.30593820904
755.73482864740	1680.73483930049	0.00000000000	0.30713416538
759.06219087842	1694.01022798510	0.00000000000	0.30827040270
762.50543271887	1709.02244004443	0.00000000000	0.30946050967
766.22212592505	1726.65777495708	0.00000000000	0.31076261247
769.90298354116	1745.56147086896	0.00000000000	0.31207139775
774.22231038877	1769.53329479026	0.00000000000	0.31363367518
777.96540838195	1791.83674611225	0.00000000000	0.31501267999
782.67487220931	1821.86637748897	0.00000000000	0.31678418305
786.60680007581	1848.57404947666	0.00000000000	0.31829749071
790.11107403160	1873.59591455238	0.00000000000	0.31967521867
791.24842530266	1881.95850779629	0.00000000000	0.32012869373
793.11249525681	1895.91561586677	0.00000000000	0.32087900735
795.34674073575	1913.04882890649	0.00000000000	0.32179048457
796.72501926314	1923.83403590031	0.00000000000	0.32235972106
798.39653046177	1937.13073498484	0.00000000000	0.32305755431
800.60585740697	1955.06303867075	0.00000000000	0.32399318390
803.52534835949	1979.36519294085	0.00000000000	0.32525438827
805.75570381855	1998.37877772310	0.00000000000	0.32623847266
807.89667178437	2016.98017354609	0.00000000000	0.32720128956
809.75952793899	2033.43252238312	0.00000000000	0.32805459740
811.76407643055	2051.40118051841	0.00000000000	0.32899019581
814.55208416069	2076.82135144300	0.00000000000	0.33032406728
817.84363478544	2107.41507636678	0.00000000000	0.33195329101
821.29007664978	2140.02493686571	0.00000000000	0.33373169498
824.99898094069	2175.61647118939	0.00000000000	0.33574335260
828.90232066045	2213.37221653287	0.00000000000	0.33799381950
832.59054485661	2248.96838380429	0.00000000000	0.34027834328
836.19273913464	2283.14695490398	0.00000000000	0.34270301753
839.42446304957	2312.65394471767	0.00000000000	0.34509782682
841.74279500552	2332.58361545759	0.00000000000	0.34699086909
843.07952221539	2343.33994202002	0.00000000000	0.34817059816
844.49362038959	2353.82677747304	0.00000000000	0.34950706529
846.52965374589	2363.28977162640	0.00000000000	0.35151784576
848.84819015915	2357.59391115681	0.00000000000	0.35363655398
852.07947589276	2321.59645358597	0.00000000000	0.35601739193
855.33673921250	2268.43277600853	0.00000000000	0.35800182400
859.34079610001	2195.22857338228	0.00000000000	0.36022324080
862.97217951962	2128.16718179522	0.00000000000	0.36218275505
866.62468754766	2062.96461663701	0.00000000000	0.36415743458
869.93647275162	2006.02890471124	0.00000000000	0.36594761655
873.57840982641	1945.94694341273	0.00000000000	0.36790981616
876.61417818171	1897.96403739949	0.00000000000	0.36953578857
879.64080436080	1852.06857972806	0.00000000000	0.37114442696
881.60413361060	1823.34461299871	0.00000000000	0.37217976445
884.58532225256	1781.30923142361	0.00000000000	0.37373749966
887.42847260769	1742.98733101521	0.00000000000	0.37520493915
889.85036358456	1711.68927839125	0.00000000000	0.37643949679
892.39991336801	1680.05774798661	0.00000000000	0.37772258110
894.96371222711	1649.58320502427	0.00000000000	0.37899473020
897.34237779668	1622.47629689847	0.00000000000	0.38015805141
899.67036769527	1597.00504227735	0.00000000000	0.38128025185
902.24490395393	1570.01813249201	0.00000000000	0.38250201776
904.64546103949	1545.93599776765	0.00000000000	0.38362266089
906.78578615653	1525.31356553447	0.00000000000	0.38460655484
909.20692527551	1502.91534300237	0.00000000000	0.38570209714
912.16344431911	1476.84804569098	0.00000000000	0.38701476790
914.44542641990	1457.65119694469	0.00000000000	0.38800912698
916.91663154411	1437.72830203785	0.00000000000	0.38906758503
920.06368415888	1413.59735295543	0.00000000000	0.39038821211
922.79982504448	1393.68796530099	0.00000000000	0.39151192922
925.02148065222	1378.21707841768	0.00000000000	0.39240790196
927.95719412546	1358.68017438502	0.00000000000	0.39356968455
930.17404800032	1344.57803403875	0.00000000000	0.39443060256
933.24331669432	1325.92774728204	0.00000000000	0.39559985126
936.23338315897	1308.68156875063	0.00000000000	0.39671422977
938.54398028644	1295.94347750888	0.00000000000	0.39755913781
941.97778656692	1277.90668817363	0.00000000000	0.39878939718
944.26073763002	1266.47442448223	0.00000000000	0.39959102022
947.27837180334	1252.00880237221	0.00000000000	0.40063125776
950.59136662903	1236.92556882203	0.00000000000	0.40174873401
953.33712811135	1225.01996591125	0.00000000000	0.40265604804
955.81866004234	1214.69797024045	0.00000000000	0.40346183857
958.92669428258	1202.32445787040	0.00000000000	0.40445263577
961.72974503115	1191.66501363349	0.00000000000	0.40532919742
964.74665789894	1180.69146841965	0.00000000000	0.40625522773
967.98618510128	1169.45098558621	0.00000000000	0.40723019036
970.50648536043	1161.07310871303	0.00000000000	0.40797526960
973.61548456295	1151.15606571917	0.00000000000	0.40887874839
977.27411536486	1140.04266316329	0.00000000000	0.40992060699
980.34311798368	1131.15647473324	0.00000000000	0.41077742175
983.58285235382	1122.18141959934	0.00000000000	0.41166557228
985.44331005283	1117.20626150888	0.00000000000	0.41216825421
988.03703891285	1110.47788925852	0.00000000000	0.41286036788
992.01915394375	1100.59499740964	0.00000000000	0.41390386708
994.33183655098	1095.09083462724	0.00000000000	0.41449962644
996.79395939945	1089.41140865263	0.00000000000	0.41512585073
999.27826869171	1083.86140033293	0.00000000000	0.41574954120
1001.73326579352	1078.54745905405	0.00000000000	0.41635801646
1004.56339215674	1072.62259243921	0.00000000000	0.41705004235
1006.92432568053	1067.83755962001	0.00000000000	0.41761982357
1009.59341393385	1062.59294541219	0.00000000000	0.41825596314
1013.01537447843	1056.11304457329	0.00000000000	0.41905946108
1015.95648555460	1050.75190850364	0.00000000000	0.41973953863
1019.09483949284	1045.23242217234	0.00000000000	0.42045485816
1021.24748704857	1041.56055167145	0.00000000000	0.42093962033
1024.99092772913	1035.38277998512	0.00000000000	0.42177210887
1027.93447757470	1030.69959584329	0.00000000000	0.42241806439
1030.86428876789	1026.18172921366	0.00000000000	0.42305407293
1034.32273849360	1021.02265461300	0.00000000000	0.42379665053
1036.28112795695	1018.18078062508	0.00000000000	0.42421349479
1038.97553494323	1014.36057575357	0.00000000000	0.42478298953
1041.11242829821	1011.40200565672	0.00000000000	0.42523153869
1043.14143388897	1008.64897583672	0.00000000000	0.42565504922
1045.87352858246	1005.02535499383	0.00000000000	0.42622185663
1048.68685886302	1001.39023956095	0.00000000000	0.42680164993
1051.46688531274	997.89023999590	0.00000000000	0.42737101512
1053.75109527846	995.08043775037	0.00000000000	0.42783637628
1055.84260165620	992.55816806283	0.00000000000	0.42826066629
1058.95435415696	988.89188008888	0.00000000000	0.42888895683
1062.62982794816	984.68939267598	0.00000000000	0.42962690225
1065.51807064499	981.48035254653	0.00000000000	0.43020395049
1068.52160203742	978.22698078180	0.00000000000	0.43080166814
1070.72373899233	975.89420010160	0.00000000000	0.43123852413
1073.23248629123	973.28919192197	0.00000000000	0.43173492380
1076.70266170550	969.77595315768	0.00000000000	0.43241944647
1079.39701934948	967.11883814785	0.00000000000	0.43294927902
1082.29899842173	964.32465627986	0.00000000000	0.43351835778
1084.71104906094	962.05465394227	0.00000000000	0.43399013704
1087.26700435335	959.70025708405	0.00000000000	0.43448887272
1089.42214483099	957.75521806614	0.00000000000	0.43490846306
1093.08049061232	954.53604071343	0.00000000000	0.43561879578
1095.66896449670	952.31985978112	0.00000000000	0.43611996253
1098.26324897865	950.14887724090	0.00000000000	0.43662108903
1101.02488661318	947.89206162882	0.00000000000	0.43715328465
1103.36180413811	946.02524870028	0.00000000000	0.43760263769
1105.86855977879	944.06575871219	0.00000000000	0.43808365260
1108.41904029819	942.11701090507	0.00000000000	0.43857201893
1110.94878239873	940.22811045985	0.00000000000	0.43905539783
1113.62971461411	938.27332223818	0.00000000000	0.43956658142
1117.11324578927	935.80417991843	0.00000000000	0.44022916697
1120.34283056378	933.58508168254	0.00000000000	0.44084183905
1123.58031730087	931.42670270705	0.00000000000	0.44145449077
1125.84601776149	929.95482533209	0.00000000000	0.44188235879
1128.08794706766	928.52915767535	0.00000000000	0.44230503302
1130.84459090637	926.81744863957	0.00000000000	0.44282380303
1133.33944437658	925.30688082925	0.00000000000	0.44329242554
1135.68076523189	923.92205367693	0.00000000000	0.44373146136
1138.88512758730	922.07728172269	0.00000000000	0.44433118084
1141.10179866908	920.83469810274	0.00000000000	0.44474528339
1144.10803666859	919.19254344831	0.00000000000	0.44530591020
1146.38249081868	917.98248536093	0.00000000000	0.44572933470
1149.15833244376	916.54276219767	0.00000000000	0.44624526098
1151.46088483586	915.37893283341	0.00000000000	0.44667253311
1154.42967077733	913.91831845131	0.00000000000	0.44722253332
1157.61617642729	912.39971149804	0.00000000000	0.44781176286
1160.53857367783	911.05075685146	0.00000000000	0.44835117169
1162.80594479665	910.03246133974	0.00000000000	0.44876904307
1165.15949244743	909.00116742478	0.00000000000	0.44920222160
1168.49161652179	907.58502624255	0.00000000000	0.44981452935
1170.83443497372	906.61960439326	0.00000000000	0.45024436911
1173.62029094375	905.50350002642	0.00000000000	0.45075478500
1176.21682147150	904.49386477531	0.00000000000	0.45122983438
1178.75200459146	903.53605300834	0.00000000000	0.45169304123
1181.02180955705	902.70153670653	0.00000000000	0.45210725211
1183.37839818564	901.85774360858	0.00000000000	0.45253680161
1185.68634382918	901.05333946240	0.00000000000	0.45295700192
1188.82495590709	899.99364708400	0.00000000000	0.45352768895
1192.22474976071	898.88932229522	0.00000000000	0.45414491469
1194.56103889281	898.15612777695	0.00000000000	0.45456850406
1197.02088514020	897.40630588297	0.00000000000	0.45501401458
1199.32566077971	896.72400206617	0.00000000000	0.45543100141
1202.24946710150	895.88608217024	0.00000000000	0.45595938855
1205.45414004914	895.00241843340	0.00000000000	0.45653778630
1207.99556316759	894.32690181028	0.00000000000	0.45699593569
1210.38632662802	893.71139667092	0.00000000000	0.45742649905
1212.76162808694	893.11867233967	0.00000000000	0.45785387785
1215.29714663787	892.50624469013	0.00000000000	0.45830965407
1217.69365795552	891.94626315635	0.00000000000	0.45874004431
1221.21770560685	891.15536279940	0.00000000000	0.45937224486
1223.51933832787	890.65925299534	0.00000000000	0.45978472099
1226.90831592260	889.95742134213	0.00000000000	0.46039146396
1229.70016996858	889.40427266120	0.00000000000	0.46089078313
1232.31339442343	888.90648234031	0.00000000000	0.46135774344
1235.15323839579	888.38688912796	0.00000000000	0.46186476107
1237.50211874489	887.97355278435	0.00000000000	0.46228378886
1240.78934336391	887.41943220739	0.00000000000	0.46286971965
1243.62117324687	886.96425155399	0.00000000000	0.46337403280
1245.98111989487	886.60018688571	0.00000000000	0.46379400466
1248.44746568683	886.23418093206	0.00000000000	0.46423262407
1251.67044944616	885.77760756019	0.00000000000	0.46480537774
1254.27166247517	885.42657146760	0.00000000000	0.46526729615
1257.52863696426	885.00835719821	0.00000000000	0.46584525098
1259.84986768656	884.72435992735	0.00000000000	0.46625688711
1262.17195619227	884.45164416127	0.00000000000	0.46666845905
1264.69122281891	884.16832182501	0.00000000000	0.46711474297
1267.28584638440	883.88980885339	0.00000000000	0.46757412858
1270.43227552668	883.56959303959	0.00000000000	0.46813088996
1273.06892400278	883.31558209759	0.00000000000	0.46859718494
1276.00864912911	883.04724674732	0.00000000000	0.46911681269
1278.34593705078	882.84473503762	0.00000000000	0.46952976167
1280.88314088409	882.63541360508	0.00000000000	0.46997784840
1283.29549092990	882.44622619920	0.00000000000	0.47040371640
1285.64234159029	882.27108049669	0.00000000000	0.47081787103
1288.01745811550	882.10247997210	0.00000000000	0.47123687021
1290.53349248743	881.93305467278	0.00000000000	0.47168057958
1293.01632335886	881.77479641823	0.00000000000	0.47211829109
1295.90357134411	881.60148415423	0.00000000000	0.47262713276
1298.48211905272	881.45605491041	0.00000000000	0.47308142847
1301.56609445115	881.29318348381	0.00000000000	0.47362461017
1304.28045682434	881.15934180386	0.00000000000	0.47410255797
1306.82300518172	881.04165900026	0.00000000000	0.47455014895
1309.21506886420	880.93741599319	0.00000000000	0.47497116514
1311.75801533733	880.83315575335	0.00000000000	0.47541865724
1314.16605365709	880.74035409772	0.00000000000	0.47584234058
1316.99761164971	880.63820845207	0.00000000000	0.47634046537
1319.33120669465	880.55938094946	0.00000000000	0.47675093631
1322.62898050576	880.45569414111	0.00000000000	0.47733093558
1325.07301314151	880.38428780572	0.00000000000	0.47776074152
1328.26608854112	880.29742118111	0.00000000000	0.47832223563
1330.61532807074	880.23780255475	0.00000000000	0.47873532511
1333.85345314789	880.16104752996	0.00000000000	0.47930470464
1336.88000699675	880.09443250774	0.00000000000	0.47983688495
1339.20770276391	880.04620360850	0.00000000000	0.48024619135
1341.86653338479	879.99394800946	0.00000000000	0.48071374648
1344.27209025781	879.94896813871	0.00000000000	0.48113679108
1346.61070228532	879.90705344961	0.00000000000	0.48154809511
1348.99925607903	879.86581525389	0.00000000000	0.48196822284
1352.05374757513	879.81495368908	0.00000000000	0.48250555440
1355.74145795800	879.75557797375	0.00000000000	0.48315440470
1358.71869927344	879.70860456769	0.00000000000	0.48367836610
1361.17648028623	879.67005975306	0.00000000000	0.48411099836
1364.51342118899	879.61748514463	0.00000000000	0.48469853086
1367.45773430386	879.57031226021	0.00000000000	0.48521708751
1369.90234096775	879.53019309943	0.00000000000	0.48564775506
1372.25117761672	879.49053265338	0.00000000000	0.48606166112
1374.74788978297	879.44687607547	0.00000000000	0.48650175198
1377.06520047965	879.40469862965	0.00000000000	0.48691034404
1379.50569958023	879.35826253742	0.00000000000	0.48734079358
1382.02261097492	879.30789138369	0.00000000000	0.48778487574
1384.34792205762	879.25883109149	0.00000000000	0.48819529964
1387.20831177234	879.19475916320	0.00000000000	0.48870037132
1390.30810973770	879.12015348127	0.00000000000	0.48924798576
1392.70429166154	879.05841063431	0.00000000000	0.48967150068
1395.80075644240	878.97285063301	0.00000000000	0.49021906242
1398.95545399635	878.87838515488	0.00000000000	0.49077725635
1401.32222750126	878.80227867668	0.00000000000	0.49119626694
1403.68011836469	878.72168213510	0.00000000000	0.49161391136
1405.98486077129	878.63802493018	0.00000000000	0.49202234810
1408.29314557511	878.54913921929	0.00000000000	0.49243162413
1410.59475496682	878.45516374808	0.00000000000	0.49283993441
1413.01581406419	878.35025740752	0.00000000000	0.49326967783
1415.90202236178	878.21666048860	0.00000000000	0.49378232252
1419.11579331529	878.05636487834	0.00000000000	0.49435359519
1421.99704756879	877.90173768713	0.00000000000	0.49486617614
1424.37211145165	877.76612250426	0.00000000000	0.49528901084
1426.72858642020	877.62396923891	0.00000000000	0.49570881795
1429.52896694252	877.44478530068	0.00000000000	0.49620808301
1432.41578693776	877.24791447949	0.00000000000	0.49672319975
1435.44946556434	877.02713221835	0.00000000000	0.49726501988
1438.15447972476	876.81774403196	0.00000000000	0.49774858449
1440.43277376303	876.63187374079	0.00000000000	0.49815620061
1442.81966439881	876.42749278446	0.00000000000	0.49858358282
1445.10573514599	876.22219392275	0.00000000000	0.49899324376
1448.05107008173	875.94344978406	0.00000000000	0.49952153382
1450.42108027891	875.70712889426	0.00000000000	0.49994704152
1453.24160649548	875.41143141163	0.00000000000	0.50045392442
1455.67927819277	875.14281943007	0.00000000000	0.50089244368
1458.32059196906	874.83767332657	0.00000000000	0.50136806885
1460.97293076272	874.51605358285	0.00000000000	0.50184618563
1463.32031350850	874.21833330593	0.00000000000	0.50226976366
1465.57585918929	873.92037394172	0.00000000000	0.50267716186
1468.52587786657	873.51270102803	0.00000000000	0.50321058703
1470.82466543135	873.18195703663	0.00000000000	0.50362669911
1473.69454679891	872.75620214098	0.00000000000	0.50414666400
1477.25459400154	872.21379149134	0.00000000000	0.50479229201
1479.49545485010	871.86742285172	0.00000000000	0.50519896541
1482.12708479501	871.45881031559	0.00000000000	0.50567677250
1484.59787078062	871.07597182515	0.00000000000	0.50612553378
1487.05556315863	870.69851891099	0.00000000000	0.50657201325
1489.57609751371	870.31753573086	0.00000000000	0.50702995255
1491.92281266687	869.97076259142	0.00000000000	0.50745630102
1494.72504406791	869.56982654211	0.00000000000	0.50796532693
1498.08389803529	869.11305927872	0.00000000000	0.50857524252
1501.09534480858	868.73052866121	0.00000000000	0.50912176417
1503.38576451807	868.45959543541	0.00000000000	0.50953717374
1505.67044589869	868.20874893722	0.00000000000	0.50995127261
1507.90896388474	867.98360828632	0.00000000000	0.51035670331
1510.15700835850	867.77876049096	0.00000000000	0.51076354464
1512.75484239608	867.56799907605	0.00000000000	0.51123330878
1515.17547318368	867.39605268104	0.00000000000	0.51167067552
1517.62101685884	867.24566692704	0.00000000000	0.51211221026
1520.21039526178	867.11133325069	0.00000000000	0.51257936319
1522.82923548196	867.00081330975	0.00000000000	0.51305147991
1525.08031780582	866.92563450464	0.00000000000	0.51345702789
1527.59395359470	866.86275487036	0.00000000000	0.51390959411
1530.58495974766	866.81605433764	0.00000000000	0.51444773832
1532.99294936191	866.79998957511	0.00000000000	0.51488070845
1535.25668909971	866.80187776673	0.00000000000	0.51528752770
1537.52500189285	866.81982637435	0.00000000000	0.51569497098
1539.86600403955	866.85472941235	0.00000000000	0.51611527390
1542.12339601072	866.90368953908	0.00000000000	0.51652038593
1545.12261539499	866.99122551167	0.00000000000	0.51705837058
1547.72568570542	867.08727958933	0.00000000000	0.51752507537
1550.07862279985	867.18958156214	0.00000000000	0.51794677022
1552.33449993355	867.30099810907	0.00000000000	0.51835093453
1554.98183151645	867.44781507528	0.00000000000	0.51882507603
1557.24752173275	867.58675463656	0.00000000000	0.51923074211
1559.96815901383	867.76915402366	0.00000000000	0.51971772986
1562.61709155409	867.96240057934	0.00000000000	0.52019175549
1565.41255616883	868.18233480163	0.00000000000	0.52069188392
1568.03392509272	868.40280656621	0.00000000000	0.52116076991
1570.61383415399	868.63259844866	0.00000000000	0.52162216432
1573.32160590520	868.88676612694	0.00000000000	0.52210636054
1576.11804023434	869.16247514025	0.00000000000	0.52260635778
1578.48273647324	869.40552762333	0.00000000000	0.52302913177
1580.81169713520	869.65329711824	0.00000000000	0.52344550158
1583.63781673886	869.96449061268	0.00000000000	0.52395074770
1585.93688352651	870.22564839756	0.00000000000	0.52436177625
1588.42363866765	870.51567157535	0.00000000000	0.52480637971
1590.94851197055	870.81761759295	0.00000000000	0.52525783189
1594.04465298256	871.19733388828	0.00000000000	0.52581149323
1597.87012426662	871.67940779239	0.00000000000	0.52649570903
1600.58926502326	872.02973415288	0.00000000000	0.52698216185
1603.66787294319	872.43305518280	0.00000000000	0.52753305986
1605.92103985322	872.73216570497	0.00000000000	0.52793635548
1609.57825597760	873.22359044892	0.00000000000	0.52859117859
1612.11014454562	873.56731942675	0.00000000000	0.52904468696
1614.73732874205	873.92632176969	0.00000000000	0.52951543213
1617.19037652590	874.26311567462	0.00000000000	0.52995514234
1620.30654185927	874.69232074801	0.00000000000	0.53051396936
1622.68839765164	875.02079954545	0.00000000000	0.53094131660
1625.09063277636	875.35191155888	0.00000000000	0.53137251302
1627.36830590277	875.66524077913	0.00000000000	0.53178154020
1629.68844498653	875.98335048517	0.00000000000	0.53219839356
1632.40680002959	876.35411236184	0.00000000000	0.53268706413
1634.87420515981	876.68860474114	0.00000000000	0.53313088171
1637.14566883652	876.99490185245	0.00000000000	0.53353967321
1639.54995479273	877.31750396704	0.00000000000	0.53397259625
1641.80241016426	877.61832611225	0.00000000000	0.53437839246
1644.21515318216	877.93914384330	0.00000000000	0.53481329312
1646.62633596508	878.25839873556	0.00000000000	0.53524814732
1648.85424440370	878.55227415388	0.00000000000	0.53565015653
1651.43039735529	878.89086516306	0.00000000000	0.53611525299
1654.46227210401	879.28784514950	0.00000000000	0.53666296690
1656.72744606915	879.58349257452	0.00000000000	0.53707241573
1658.96896772900	879.87535491077	0.00000000000	0.53747779171
1661.26048533335	880.17309949952	0.00000000000	0.53789241737
1663.49909943893	880.46344542568	0.00000000000	0.53829767347
1665.86411679449	880.76971882429	0.00000000000	0.53872602976
1668.63149749046	881.12762476647	0.00000000000	0.53922754605
1670.94297831100	881.42629019959	0.00000000000	0.53964667602
1673.28222513675	881.72838953140	0.00000000000	0.54007105698
1676.25355429347	882.11205200182	0.00000000000	0.54061042217
1679.40090130953	882.51857391621	0.00000000000	0.54118212034
1681.67179444622	882.81210962134	0.00000000000	0.54159485894
1684.01481552209	883.11527184062	0.00000000000	0.54202092047
1686.58202072347	883.44791422469	0.00000000000	0.54248799689
1688.90155145047	883.74899842332	0.00000000000	0.54291023474
1691.15901742167	884.04261111166	0.00000000000	0.54332137775
1693.83603489774	884.39166714545	0.00000000000	0.54380919132
1696.31537554648	884.71592184429	0.00000000000	0.54426123426
1698.67092121639	885.02496843057	0.00000000000	0.54469092932
1701.60974199131	885.41204490148	0.00000000000	0.54522732851
1704.88393347417	885.84549575913	0.00000000000	0.54582533688
1707.09592047838	886.13977982683	0.00000000000	0.54622957716
1709.36615609959	886.44313824492	0.00000000000	0.54664466006
1711.77224100768	886.76622006328	0.00000000000	0.54708479950
1715.62427652473	887.28710600694	0.00000000000	0.54778990996
1718.09028914590	887.62311212886	0.00000000000	0.54824161163
1721.04571925642	888.02862366753	0.00000000000	0.54878326921
1723.29159529658	888.33895766908	0.00000000000	0.54919510778
1725.65364154709	888.66748897426	0.00000000000	0.54962845818
1728.22283515986	889.02745508722	0.00000000000	0.55010005559
1730.96413560624	889.41470474542	0.00000000000	0.55060352328
1733.46091237857	889.77040234725	0.00000000000	0.55106233153
1735.89019173322	890.11934918237	0.00000000000	0.55150896457
1738.46723696100	890.49274651372	0.00000000000	0.55198301048
1741.68619190864	890.96403288047	0.00000000000	0.55257548957
1744.03742133820	891.31185277162	0.00000000000	0.55300850374
1746.27777377003	891.64619411474	0.00000000000	0.55342129278
1748.94916759363	892.04872728056	0.00000000000	0.55391374963
1751.12388632054	892.37963097900	0.00000000000	0.55431484568
1753.36009879189	892.72299678511	0.00000000000	0.55472746886
1755.56588554202	893.06486844101	0.00000000000	0.55513466182
1757.72836399065	893.40318114564	0.00000000000	0.55553403697
1760.80409875854	893.88992115221	0.00000000000	0.55610237719
1763.06067933871	894.25130519138	0.00000000000	0.55651957704
1765.21811564007	894.60029957520	0.00000000000	0.55691862427
1767.87789200651	895.03537900639	0.00000000000	0.55741082424
1770.53607674835	895.47567535405	0.00000000000	0.55790299182
1773.05037091987	895.89732599808	0.00000000000	0.55836875843
1775.27405687585	896.27455848758	0.00000000000	0.55878088513
1778.05958281478	896.75297516354	0.00000000000	0.55929739747
1780.22108987587	897.12882908600	0.00000000000	0.55969839629
1782.74360555305	897.57268482291	0.00000000000	0.56016658551
1785.42198984790	898.05028218850	0.00000000000	0.56066395953
1787.90020893315	898.49812646458	0.00000000000	0.56112439637
1790.95618344514	899.05844561464	0.00000000000	0.56169248443
1793.40435845116	899.51391207428	0.00000000000	0.56214783091
1795.87809623060	899.98023302357	0.00000000000	0.56260815260
1798.41965724776	900.46586698454	0.00000000000	0.56308132556
1801.77973920111	901.11830693945	0.00000000000	0.56370724361
1804.18254765031	901.59230919223	0.00000000000	0.56415508925
1806.34818145516	902.02495839712	0.00000000000	0.56455890678
1809.15909631669	902.59436209542	0.00000000000	0.56508329780
1811.92436280025	903.16334325123	0.00000000000	0.56559944816
1814.21345619883	903.64110721030	0.00000000000	0.56602692453
1816.34370795859	904.09132300181	0.00000000000	0.56642490529
1818.47408528527	904.54705972998	0.00000000000	0.56682307038
1820.60197260103	905.00783768059	0.00000000000	0.56722093036
1822.72763519346	905.47378467286	0.00000000000	0.56761853394
1824.95939773947	905.96916391086	0.00000000000	0.56803615467
1827.36233879388	906.50972743940	0.00000000000	0.56848600300
1830.70299471644	907.27385995124	0.00000000000	0.56911173462
1833.07717736999	907.82602023066	0.00000000000	0.56955667507
1835.40076506444	908.37386841070	0.00000000000	0.56999232376
1837.85130429103	908.95976918179	0.00000000000	0.57045197782
1839.98062748325	909.47574440604	0.00000000000	0.57085154955
1842.36261273286	910.06063646859	0.00000000000	0.57129871959
1844.96357591121	910.70872029686	0.00000000000	0.57178722180
1847.34293723706	911.31033966152	0.00000000000	0.57223430742
1849.65897996217	911.90410613041	0.00000000000	0.57266968186
1852.07508762667	912.53223113909	0.00000000000	0.57312406224
1854.88867768982	913.27506983534	0.00000000000	0.57365344527
1856.99750427431	913.83998655770	0.00000000000	0.57405040205
1859.35780102172	914.48067005478	0.00000000000	0.57449487341
1861.72963025633	915.13354680547	0.00000000000	0.57494170628
1863.87065844515	915.73080058341	0.00000000000	0.57534522113
1866.51763077126	916.47970890085	0.00000000000	0.57584430332
1869.25033124155	917.26525034793	0.00000000000	0.57635979591
1872.65876213628	918.26295706908	0.00000000000	0.57700310705
1875.54805086193	919.12454468761	0.00000000000	0.57754873763
1878.23237512418	919.93825550385	0.00000000000	0.57805590966
1881.58151219173	920.97167301837	0.00000000000	0.57868902431
1884.63788724487	921.93265723392	0.00000000000	0.57926711807
1887.17390415677	922.74320562545	0.00000000000	0.57974702202
1889.31550933018	923.43712663188	0.00000000000	0.58015245309
1891.73830289159	924.23269898329	0.00000000000	0.58061129665
1895.02506822143	925.33010245138	0.00000000000	0.58123406929
1897.51371377905	926.17510359032	0.00000000000	0.58170584767
1899.78148624083	926.95581694047	0.00000000000	0.58213592855
1901.86976298627	927.68386936554	0.00000000000	0.58253211448
1904.68541072228	928.67953733642	0.00000000000	0.58306651782
1906.78171534565	929.43141077824	0.00000000000	0.58346455600
1908.96205772918	930.22311541435	0.00000000000	0.58387869941
1911.10763400325	931.01193469718	0.00000000000	0.58428638660
1913.49300136532	931.90021177891	0.00000000000	0.58473980979
1916.05708556250	932.86807362605	0.00000000000	0.58522741000
1918.13533805886	933.66227564055	0.00000000000	0.58562278037
1920.27639574369	934.48942147702	0.00000000000	0.58603024939
1922.65711915528	935.41962223779	0.00000000000	0.58648351141
1925.71845603117	936.63161048148	0.00000000000	0.58706663977
1927.79265382823	937.46271160865	0.00000000000	0.58746192152
1930.20968209495	938.44107085900	0.00000000000	0.58792272832
1933.25241193068	939.68749819671	0.00000000000	0.58850312260
1935.41052257120	940.58131548271	0.00000000000	0.58891498149
1937.58573449591	941.49022863130	0.00000000000	0.58933027760
1939.94418332409	942.48460258998	0.00000000000	0.58978075706
1942.12655211221	943.41280011872	0.00000000000	0.59019779113
1944.24059488970	944.31916249527	0.00000000000	0.59060194220
1946.32959140498	945.22161768508	0.00000000000	0.59100147480
1949.34793330929	946.53724251220	0.00000000000	0.59157905198
1951.57762002038	947.51774760247	0.00000000000	0.59200594765
1953.84060508706	948.52018956693	0.00000000000	0.59243942307
1955.95512285231	949.46333653250	0.00000000000	0.59284464787
1958.22748133845	950.48367273731	0.00000000000	0.59328032635
1960.33942674027	951.43811760324	0.00000000000	0.59368544163
1962.60915338445	952.47027644914	0.00000000000	0.59412103207
1964.75957573878	953.45413381700	0.00000000000	0.59453392883
1966.82371316400	954.40380463054	0.00000000000	0.59493044555
1969.52875870192	955.65594114129	0.00000000000	0.59545036046
1971.84249555859	956.73355179601	0.00000000000	0.59589532105
1975.19554451243	958.30558022358	0.00000000000	0.59654057907
1977.57115946204	959.42646719513	0.00000000000	0.59699804873
1979.71256076785	960.44168643885	0.00000000000	0.59741063806
1981.79171286047	961.43162187905	0.00000000000	0.59781143718
1983.84215777706	962.41181793382	0.00000000000	0.59820690078
1986.32176647818	963.60217194941	0.00000000000	0.59868540200
1989.04185507933	964.91397287998	0.00000000000	0.59921064852
1991.65971394962	966.18208955894	0.00000000000	0.59971649353
1994.78255943644	967.70159679349	0.00000000000	0.60032035705
1997.41057506550	968.98567272808	0.00000000000	0.60082891193
2000.36315982742	970.43374449109	0.00000000000	0.60140069113
2003.59954991809	972.02706582217	0.00000000000	0.60202794297
2006.75284227282	973.58502155349	0.00000000000	0.60263961262
2009.32921302554	974.86160930781	0.00000000000	0.60313976070
2011.72199076247	976.04990061914	0.00000000000	0.60360458495
2014.60676865160	977.48559596855	0.00000000000	0.60416539641
2017.14874729833	978.75314677394	0.00000000000	0.60465994286
2020.48735577551	980.42092105277	0.00000000000	0.60531001786
2022.66037727127	981.50796797297	0.00000000000	0.60573347148
2025.16784530920	982.76353798912	0.00000000000	0.60622243052
2028.51134875004	984.43929115939	0.00000000000	0.60687497791
2030.79740304836	985.58575723541	0.00000000000	0.60732151743
2034.17348899589	987.27939631299	0.00000000000	0.60798153660
2036.60208044022	988.49774837022	0.00000000000	0.60845674123
2038.74213349534	989.57113061046	0.00000000000	0.60887578129
2041.46259364035	990.93503142467	0.00000000000	0.60940887165
2043.79051294702	992.10133972636	0.00000000000	0.60986540211
2045.85305916250	993.13388138000	0.00000000000	0.61027017086
2048.01788451528	994.21661571556	0.00000000000	0.61069529810
2050.27584323311	995.34462392562	0.00000000000	0.61113903034
2052.27910166039	996.34410050191	0.00000000000	0.61153298127
2054.53353126661	997.46724166753	0.00000000000	0.61197663516
2056.62998512488	998.50992580756	0.00000000000	0.61238949682
2058.70669419431	999.54094351877	0.00000000000	0.61279875402
2061.15579898362	1000.75424498743	0.00000000000	0.61328176579
2063.22033485176	1001.77464477858	0.00000000000	0.61368924397
2066.52249205536	1003.40175514341	0.00000000000	0.61434158983
2068.97846288218	1004.60757282257	0.00000000000	0.61482725268
2070.95853797380	1005.57682101153	0.00000000000	0.61521911090
2073.56427472529	1006.84824616012	0.00000000000	0.61573519897
2075.54062986821	1007.80950374374	0.00000000000	0.61612694047
2077.51433307640	1008.76685147035	0.00000000000	0.61651841792
2080.19791592512	1010.06436693114	0.00000000000	0.61705111157
2082.21688614443	1011.03741152721	0.00000000000	0.61745218924
2084.22773803632	1012.00389867242	0.00000000000	0.61785191534
2086.29090606923	1012.99281263272	0.00000000000	0.61826230853
2088.44493999192	1014.02237069496	0.00000000000	0.61869106144
2090.54324076938	1015.02246041737	0.00000000000	0.61910899717
2093.36714104536	1016.36402604730	0.00000000000	0.61967188016
2095.52734202804	1017.38694723104	0.00000000000	0.62010279204
2097.73377264515	1018.42880879820	0.00000000000	0.62054320982
2099.70014457585	1019.35483021420	0.00000000000	0.62093594863
2102.11417489964	1020.48849940889	0.00000000000	0.62141839939
2104.52642866756	1021.61788857548	0.00000000000	0.62190082217
2106.48818962055	1022.53385350801	0.00000000000	0.62229338849
2108.81580064371	1023.61775411736	0.00000000000	0.62275943556
2110.95365585114	1024.61056714442	0.00000000000	0.62318774315
2113.51188316309	1025.79521765361	0.00000000000	0.62370058405
2116.55739640444	1027.20078594949	0.00000000000	0.62431154629
2120.34692744650	1028.94268658899	0.00000000000	0.62507241072
2122.29086946051	1029.83326338888	0.00000000000	0.62546298658
2124.58169702460	1030.88021024532	0.00000000000	0.62592348762
2126.52314784833	1031.76535630072	0.00000000000	0.62631394733
2128.53301976565	1032.67966668360	0.00000000000	0.62671834780
2131.34108301927	1033.95367591465	0.00000000000	0.62728364981
2133.58752437482	1034.97006659884	0.00000000000	0.62773613498
2135.93863285485	1036.03118238176	0.00000000000	0.62820993000
2138.67402352660	1037.26240762837	0.00000000000	0.62876145037
2140.70276513076	1038.17329271940	0.00000000000	0.62917068585
2143.55739939093	1039.45178321344	0.00000000000	0.62974678881
2145.99892023922	1040.54233138537	0.00000000000	0.63023976239
2147.92861062592	1041.40239096802	0.00000000000	0.63062954428
2149.89321664900	1042.27634493782	0.00000000000	0.63102651401
2151.83329948325	1043.13776544732	0.00000000000	0.63141865888
2153.79044128856	1044.00515198921	0.00000000000	0.63181437948
2155.86045029056	1044.92083267476	0.00000000000	0.63223305653
2157.80587883520	1045.77981417352	0.00000000000	0.63262665932
2161.50886211606	1047.41066490788	0.00000000000	0.63337617075
2164.01116195869	1048.50970705032	0.00000000000	0.63388287981
2167.39938439585	1049.99410884060	0.00000000000	0.63456925933
2170.20082984000	1051.21827698125	0.00000000000	0.63513699597
2172.63104185321	1052.27797421446	0.00000000000	0.63562965516
2175.11553896407	1053.35924075240	0.00000000000	0.63613346138
2177.68202682378	1054.47402017231	0.00000000000	0.63665403662
2181.36460737530	1056.06986121285	0.00000000000	0.63740123234
2183.43573028114	1056.96551413433	0.00000000000	0.63782157776
2185.41435070402	1057.81995002915	0.00000000000	0.63822322114
2187.42533731718	1058.68717795656	0.00000000000	0.63863150244
2189.90558129373	1059.75517223982	0.00000000000	0.63913514308
2191.84477634349	1060.58899635084	0.00000000000	0.63952898104
2193.75808654045	1061.41069346717	0.00000000000	0.63991761240
2196.94097983288	1062.77551066002	0.00000000000	0.64056422277
2199.86709181183	1064.02797806341	0.00000000000	0.64115876725
2201.78796349958	1064.84905196492	0.00000000000	0.64154910676
2204.52620935065	1066.01804097001	0.00000000000	0.64210559884
2207.41159252012	1067.24805480331	0.00000000000	0.64269205229
2210.09472398540	1068.39028399587	0.00000000000	0.64323744169
2213.11031384752	1069.67233857823	0.00000000000	0.64385044619
2215.15432571585	1070.54036128577	0.00000000000	0.64426596565
2217.16887558374	1071.39514139490	0.00000000000	0.64467550352
2219.11406951537	1072.21983259889	0.00000000000	0.64507094541
2221.43914088850	1073.20466785581	0.00000000000	0.64554361750
2224.16211349478	1074.35655851433	0.00000000000	0.64609719303
2226.54114813635	1075.36142843194	0.00000000000	0.64658086434
2228.59379594848	1076.22713855262	0.00000000000	0.64699819743
2230.50198004339	1077.03072727455	0.00000000000	0.64738617746
2232.41521571434	1077.83518631662	0.00000000000	0.64777520566
2234.35801786309	1078.65068593880	0.00000000000	0.64817027051
2237.73158478678	1080.06311429735	0.00000000000	0.64885634719
2241.18730198637	1081.50464994261	0.00000000000	0.64955923625
2243.46910714039	1082.45327478411	0.00000000000	0.65002342025
2245.42947391464	1083.26606796648	0.00000000000	0.65042226204
2247.33348064615	1084.05343942086	0.00000000000	0.65080968257
2249.30022362494	1084.86452213044	0.00000000000	0.65120991865
2251.22849718084	1085.65743258745	0.00000000000	0.65160237886
2253.98733810379	1086.78769339334	0.00000000000	0.65216398102
2256.29302468264	1087.72832956720	0.00000000000	0.65263343081
2258.26517584913	1088.52988074995	0.00000000000	0.65303504321
2261.00859277722	1089.64005755656	0.00000000000	0.65359383494
2264.04150804742	1090.86049497817	0.00000000000	0.65421176212
2266.11822782698	1091.69178447160	0.00000000000	0.65463498234
2268.95322919018	1092.82059087525	0.00000000000	0.65521288561
2270.98558667957	1093.62536801756	0.00000000000	0.65562728558
2272.93812190825	1094.39491211160	0.00000000000	0.65602550203
2275.17157436212	1095.27067350470	0.00000000000	0.65648112644
2277.81397483594	1096.30036930676	0.00000000000	0.65702034186
2281.02875727040	1097.54335236104	0.00000000000	0.65767661267
2283.20771446431	1098.37951019200	0.00000000000	0.65812159393
2285.38580770706	1099.21004714205	0.00000000000	0.65856653784
2287.44392268960	1099.98983468720	0.00000000000	0.65898710451
2289.40543052395	1100.72837429102	0.00000000000	0.65938805314
2292.09630686662	1101.73394496413	0.00000000000	0.65993829289
2294.38866008333	1102.58346343973	0.00000000000	0.66040723180
2296.47676668430	1103.35141999227	0.00000000000	0.66083454628
2299.53212759200	1104.46472429884	0.00000000000	0.66146008158
2301.82104559233	1105.29043601125	0.00000000000	0.66192892520
2304.16295416489	1106.12767364032	0.00000000000	0.66240882901
2306.20189386764	1106.85019302988	0.00000000000	0.66282682285
2308.42109569672	1107.62965022704	0.00000000000	0.66328196087
2310.53807411815	1108.36630826004	0.00000000000	0.66371632251
2313.09489054164	1109.24682681575	0.00000000000	0.66424118236
2315.70491276348	1110.13503479346	0.00000000000	0.66477725679
2318.94581221590	1111.22255832648	0.00000000000	0.66544333183
2320.85181855149	1111.85398376292	0.00000000000	0.66583528310
2322.79724215087	1112.49209335455	0.00000000000	0.66623551685
2324.99428735904	1113.20484490380	0.00000000000	0.66668773610
2327.09013965612	1113.87681438600	0.00000000000	0.66711934806
2330.72445134610	1115.02318185491	0.00000000000	0.66786831050
2332.75972918787	1115.65447044492	0.00000000000	0.66828804141
2335.00308741888	1116.34119174759	0.00000000000	0.66875093928
2337.29845669944	1117.03375765993	0.00000000000	0.66922485177
2339.55210297929	1117.70362382922	0.00000000000	0.66969043392
2341.59278605761	1118.30138394602	0.00000000000	0.67011226755
2343.65476081705	1118.89672814472	0.00000000000	0.67053874616
2345.98460622381	1119.55875988058	0.00000000000	0.67102092898
2348.42170531853	1120.23894472665	0.00000000000	0.67152565701
2350.99320061510	1120.94270409238	0.00000000000	0.67205861290
2353.91885940414	1121.72561810319	0.00000000000	0.67266547447
2355.83580899901	1122.22813930356	0.00000000000	0.67306339890
2357.70058602849	1122.70889826217	0.00000000000	0.67345072285
2360.00619312184	1123.29210978952	0.00000000000	0.67392992786
2362.56784936702	1123.92531825519	0.00000000000	0.67446277139
2364.41927784939	1124.37312240483	0.00000000000	0.67484816277
2366.50002551589	1124.86637199442	0.00000000000	0.67528157475
2368.51033829775	1125.33270369097	0.00000000000	0.67570060719
2372.12093173569	1126.14454928137	0.00000000000	0.67645393893
2374.46836468756	1126.65431337679	0.00000000000	0.67694423541
2376.75976896790	1127.13791150553	0.00000000000	0.67742323044
2379.31923979154	1127.66145125808	0.00000000000	0.67795873899
2381.17010729587	1128.02893606592	0.00000000000	0.67834630791
2383.45537942968	1128.46960289590	0.00000000000	0.67882521584
2387.04587106569	1129.13225944097	0.00000000000	0.67957850279
2389.94629842735	1129.64051980849	0.00000000000	0.68018779200
2392.00554375464	1129.98641791043	0.00000000000	0.68062080597
2393.88521846477	1130.29114162591	0.00000000000	0.68101637761
2395.71398331098	1130.57739439452	0.00000000000	0.68140153016
2398.15976228008	1130.94425808368	0.00000000000	0.68191709176
2400.69662645840	1131.30518273672	0.00000000000	0.68245241999
2402.80683088988	1131.58995910613	0.00000000000	0.68289816110
2404.71671532306	1131.83543282484	0.00000000000	0.68330194324
2406.77371611197	1132.08660196820	0.00000000000	0.68373721067
2408.62645204342	1132.30095080859	0.00000000000	0.68412959903
2410.99079947625	1132.55791615196	0.00000000000	0.68463082106
2413.17993785070	1132.77904013196	0.00000000000	0.68509538722
2416.93096234536	1133.11970649384	0.00000000000	0.68589251663
2419.71752058673	1133.34094479610	0.00000000000	0.68648561180
2421.77111831197	1133.48630193160	0.00000000000	0.68692321647
2423.56836628088	1133.60102543454	0.00000000000	0.68730655816
2426.76576358886	1133.77587874619	0.00000000000	0.68798939353
2428.98946869475	1133.87507378522	0.00000000000	0.68846493963
2430.79079110553	1133.94174495974	0.00000000000	0.68885055629
2432.57877559654	1133.99566535583	0.00000000000	0.68923367470
2434.43362564914	1134.03855148594	0.00000000000	0.68963150096
2436.22578308286	1134.06722221148	0.00000000000	0.69001625315
2438.79310837984	1134.08615351751	0.00000000000	0.69056806922
2440.87388413187	1134.08211105361	0.00000000000	0.69101587289
2443.23803435155	1134.05615169764	0.00000000000	0.69152528531
2445.01779033273	1134.02142290052	0.00000000000	0.69190921959
2446.79826831106	1133.97346976515	0.00000000000	0.69229369556
2450.01148362785	1133.85302840441	0.00000000000	0.69298854733
2453.38192738964	1133.67901425487	0.00000000000	0.69371879375
2456.57162271360	1133.46847870625	0.00000000000	0.69441122058
2458.83516096297	1133.29154263707	0.00000000000	0.69490340098
2460.64535230383	1133.13335556511	0.00000000000	0.69529749507
2462.87691435959	1132.91767628036	0.00000000000	0.69578393075
2465.14432323004	1132.67485867562	0.00000000000	0.69627887416
2467.07454170835	1132.44910539472	0.00000000000	0.69670077206
2469.08241375677	1132.19545243330	0.00000000000	0.69714019499
2471.13614694695	1131.91591717873	0.00000000000	0.69759024401
2473.11480721598	1131.62715329662	0.00000000000	0.69802441247
2475.12625755540	1131.31380640838	0.00000000000	0.69846635710
2477.56878163687	1130.90612665535	0.00000000000	0.69900381299
2479.82666552157	1130.50239529173	0.00000000000	0.69950142975
2481.71573206940	1130.14451815793	0.00000000000	0.69991835302
2483.72687726723	1129.74314757433	0.00000000000	0.70036281809
2485.59012917797	1129.35233420373	0.00000000000	0.70077515600
2489.26086700510	1128.52825436645	0.00000000000	0.70158908343
2491.86640324388	1127.89901309688	0.00000000000	0.70216812283
2493.97348921604	1127.36280015113	0.00000000000	0.70263719445
2496.67882522438	1126.63795776084	0.00000000000	0.70324051759
2499.03275204451	1125.97350977293	0.00000000000	0.70376646642
2500.93694757458	1125.41270508062	0.00000000000	0.70419261622
2503.99174067877	1124.46886533880	0.00000000000	0.70487756595
2506.19261402224	1123.75465066514	0.00000000000	0.70537205713
2508.64165352688	1122.92571971408	0.00000000000	0.70592331350
2510.41452963649	1122.30309290605	0.00000000000	0.70632302937
2512.60411619530	1121.50811399479	0.00000000000	0.70681743831
2515.16335428162	1120.54273186121	0.00000000000	0.70739631972
2517.08805151435	1119.79118526779	0.00000000000	0.70783236216
2519.71093963827	1118.73201294041	0.00000000000	0.70842749771
2523.15888084733	1117.27882045905	0.00000000000	0.70921137542
2524.93856596118	1116.50195855402	0.00000000000	0.70961663171
2527.00675338326	1115.57646681858	0.00000000000	0.71008811432
2529.55433191759	1114.40321252382	0.00000000000	0.71066963335
2531.27887664257	1113.58835725263	0.00000000000	0.71106373234
2532.94448679569	1112.78566965814	0.00000000000	0.71144469154
2535.47226019807	1111.53832520469	0.00000000000	0.71202343164
2537.16605926569	1110.68302102037	0.00000000000	0.71241160685
2538.84370484911	1109.82060793971	0.00000000000	0.71279636125
2541.85846287559	1108.23307441655	0.00000000000	0.71348843102
2543.92166269697	1107.11898972601	0.00000000000	0.71396251436
2545.58361417309	1106.20544744086	0.00000000000	0.71434464628
2549.21041067170	1104.16262386150	0.00000000000	0.71517925167
2552.28769201443	1102.37724765196	0.00000000000	0.71588806522
2555.61157355608	1100.39623332934	0.00000000000	0.71665425682
2558.14388974896	1098.85107729336	0.00000000000	0.71723831845
2560.08889490699	1097.64357890178	0.00000000000	0.71768708253
2563.15983933728	1095.70112117037	0.00000000000	0.71839585700
2564.95942998023	1094.54272248489	0.00000000000	0.71881130090
2566.77913499565	1093.35653005937	0.00000000000	0.71923143925
2569.07887340670	1091.83640789697	0.00000000000	0.71976245330
2571.32905673423	1090.32673113087	0.00000000000	0.72028203915
2573.64095881609	1088.75311383864	0.00000000000	0.72081585348
2576.61709263421	1086.69450920020	0.00000000000	0.72150294233
2578.38659836607	1085.45337428150	0.00000000000	0.72191137992
2580.03262945747	1084.28758884888	0.00000000000	0.72229124392
2581.79320615288	1083.02887307459	0.00000000000	0.72269744828
2584.50990548408	1081.06313364485	0.00000000000	0.72332402262
2586.16079348916	1079.85498417180	0.00000000000	0.72370462202
2587.85209816182	1078.60682029362	0.00000000000	0.72409439764
2589.90767927965	1077.07588483577	0.00000000000	0.72456790995
2592.34790064205	1075.23908685712	0.00000000000	0.72512968689
2595.41834092320	1072.89887741973	0.00000000000	0.72583596297
2598.04108456643	1070.87510550564	0.00000000000	0.72643867940
2600.57197724588	1068.90130148428	0.00000000000	0.72701972986
2602.25789515930	1067.57542403535	0.00000000000	0.72740646026
2604.69656102440	1065.64237895170	0.00000000000	0.72796536592
2606.36250668750	1064.31180357740	0.00000000000	0.72834681913
2608.83008812683	1062.32646637763	0.00000000000	0.72891125997
2610.49088283618	1060.98077468650	0.00000000000	0.72929075674
2612.16101581883	1059.62006046241	0.00000000000	0.72967204970
2615.21634490215	1057.11207876341	0.00000000000	0.73036866557
2618.40218995066	1054.47231546159	0.00000000000	0.73109370254
2620.11618847624	1053.10996976094	0.00000000000	0.73148134993
2622.05376978953	1053.19636744880	0.00000000000	0.73187515026
2624.65160617042	1055.86235188081	0.00000000000	0.73233971562
2627.27702207299	1058.85003911111	0.00000000000	0.73282137546
2629.02315790028	1059.38765216297	0.00000000000	0.73320882019
2631.83452606708	1055.36226419175	0.00000000000	0.73401180315
2634.08298587436	1052.76421042081	0.00000000000	0.73456769151
2635.96533465210	1052.14408650398	0.00000000000	0.73494574018
2638.20290217258	1052.19018506460	0.00000000000	0.73535299764
2640.42017601276	1052.59896296511	0.00000000000	0.73573885458
2642.58552041751	1053.04348162466	0.00000000000	0.73611668304
2645.14888994809	1053.23621896373	0.00000000000	0.73658953212
2647.65153660804	1052.85303586877	0.00000000000	0.73709401415
2650.05993142060	1052.08037649954	0.00000000000	0.73761573361
2651.87443711231	1051.39863196877	0.00000000000	0.73802495359
2653.95866700136	1050.73063776162	0.00000000000	0.73850055546
2656.15191484737	1050.39802095015	0.00000000000	0.73899339973
2658.56378003594	1050.38489591962	0.00000000000	0.73952647367
2660.87924670395	1050.32627425508	0.00000000000	0.74004521403
2663.60549327931	1049.61862772614	0.00000000000	0.74068947743
2665.19317973445	1048.87265050033	0.00000000000	0.74108598149
2667.70889478550	1047.86604467917	0.00000000000	0.74173021750
2669.74385966880	1047.49538256989	0.00000000000	0.74223735738
2672.07912390195	1047.43418971629	0.00000000000	0.74277031600
2674.40975133948	1047.58866976327	0.00000000000	0.74325719123
2676.89806801150	1047.86141881149	0.00000000000	0.74375270574
2678.82275220109	1048.09202066369	0.00000000000	0.74413018427
2681.35038071875	1048.35393370479	0.00000000000	0.74463143718
2683.33412659320	1048.47089648085	0.00000000000	0.74504006170
2685.19990901444	1048.44673311675	0.00000000000	0.74544863886
2688.17899625389	1047.89986753869	0.00000000000	0.74619645698
2690.65226151261	1047.18355007923	0.00000000000	0.74689999043
2692.02622908475	1047.03647275003	0.00000000000	0.74727668469
2693.62530998463	1047.04561640575	0.00000000000	0.74767450316
2696.81121393204	1047.09787840694	0.00000000000	0.74837080266
2699.36197701333	1047.09489986359	0.00000000000	0.74888631047
2701.30058762137	1047.03538205890	0.00000000000	0.74927079470
2703.22532901382	1046.91689716645	0.00000000000	0.74965176257
2706.35325221896	1046.60614649659	0.00000000000	0.75026980610
2708.70263709767	1046.28421666768	0.00000000000	0.75073329404
2710.65929991749	1045.96311090792	0.00000000000	0.75111892719
2712.62443607866	1045.59591190846	0.00000000000	0.75150595770
2715.33030692881	1045.02342233439	0.00000000000	0.75203855397
2717.40388246903	1044.53733755485	0.00000000000	0.75244654435
2719.37038704356	1044.04239856326	0.00000000000	0.75283342661
2721.73968936351	1043.40707734682	0.00000000000	0.75329959876
2723.75794390620	1042.83642800276	0.00000000000	0.75369682340
2725.79566367900	1042.23668999449	0.00000000000	0.75409807342
2727.70747090923	1041.65577603251	0.00000000000	0.75447477522
2729.92862845955	1040.96285968224	0.00000000000	0.75491281549
2731.92989066740	1040.32578700246	0.00000000000	0.75530792256
2733.85890050097	1039.70371864302	0.00000000000	0.75568922542
2736.29996300286	1038.91032777651	0.00000000000	0.75617249889
2738.27297965193	1038.26814465518	0.00000000000	0.75656381382
2741.28696038676	1037.29403277223	0.00000000000	0.75716298174
2744.89553320180	1036.15454579081	0.00000000000	0.75788291171
2746.99062775253	1035.51456769748	0.00000000000	0.75830235219
2748.86740795774	1034.95929563984	0.00000000000	0.75867909471
2750.96303125790	1034.36356069569	0.00000000000	0.75910098583
2753.01472134837	1033.80945673292	0.00000000000	0.75951537330
2755.35483202868	1033.21841660287	0.00000000000	0.75998976217
2757.23808799544	1032.77889221720	0.00000000000	0.76037298920
2759.31534010032	1032.33619930562	0.00000000000	0.76079730151
2761.34671385286	1031.95071701551	0.00000000000	0.76121398115
2763.48344256029	1031.60127693443	0.00000000000	0.76165425008
2765.48391099799	1031.33134553373	0.00000000000	0.76206839931
2768.71881096570	1031.02509925218	0.00000000000	0.76274241376
2770.66997824478	1030.92622167405	0.00000000000	0.76315171085
2772.81085988041	1030.88106171851	0.00000000000	0.76360299021
2774.72074045065	1030.58390709357	0.00000000000	0.76400119354
2776.71044907678	1029.91375601503	0.00000000000	0.76441036250
2779.64912062261	1029.11249567652	0.00000000000	0.76502536144
2781.44999129725	1029.31020485520	0.00000000000	0.76542342688
2784.09685839448	1030.60839361398	0.00000000000	0.76605417751
2786.00351131828	1031.37772255280	0.00000000000	0.76654272176
2787.91805194268	1031.48715402606	0.00000000000	0.76704869281
2790.31219446858	1030.99753791184	0.00000000000	0.76766097554
2792.86241126141	1030.25976193296	0.00000000000	0.76824898353
2795.34134064918	1029.58768373492	0.00000000000	0.76876359937
2797.25936352409	1029.11564895141	0.00000000000	0.76913777440
2799.25904576956	1028.67681814785	0.00000000000	0.76951330250
2801.30489230014	1028.29290504184	0.00000000000	0.76988737111
2803.43708371947	1027.97367666479	0.00000000000	0.77027092147
2806.05425633530	1027.71480760178	0.00000000000	0.77073891709
2808.13733873743	1027.63371306448	0.00000000000	0.77111370868
2810.18264122282	1027.68464920000	0.00000000000	0.77148774201
2812.54461376761	1027.94240345118	0.00000000000	0.77193285256
2814.67631038962	1028.40954896720	0.00000000000	0.77235366316
2817.33506144144	1029.42664380108	0.00000000000	0.77291941235
2819.59930283110	1030.84670475163	0.00000000000	0.77345972610
2821.43687317350	1032.11579712945	0.00000000000	0.77393623846
2823.48490718347	1032.75524829302	0.00000000000	0.77446216426
2825.34059096317	1032.54764040625	0.00000000000	0.77490429417
2827.75981033325	1031.88616509627	0.00000000000	0.77542150362
2830.58557485560	1031.22305445352	0.00000000000	0.77597026798
2832.84988666697	1031.08727482455	0.00000000000	0.77639599197
2834.81194383859	1031.46786528958	0.00000000000	0.77676926437
2836.69526039419	1032.50329663054	0.00000000000	0.77714337120
2838.87136976905	1035.01307247140	0.00000000000	0.77761676435
2841.09343012037	1039.54127959803	0.00000000000	0.77816827960
2843.37166233356	1046.18224431170	0.00000000000	0.77880910483
2845.54579116254	1053.59549863274	0.00000000000	0.77947281967
2848.36344502465	1062.19959413587	0.00000000000	0.78033320267
2849.93180906724	1065.46982473991	0.00000000000	0.78077778069
2852.09596182225	1067.76645001029	0.00000000000	0.78133203656
2854.38798006257	1067.64217215865	0.00000000000	0.78184610403
2856.84078668550	1065.92717164260	0.00000000000	0.78234265491
2858.76580226270	1064.44049292814	0.00000000000	0.78271528608
2860.76593134434	1063.41044253780	0.00000000000	0.78309903839
2863.03788828408	1063.18150963549	0.00000000000	0.78353783744
2865.54729785000	1063.97496524588	0.00000000000	0.78402845099
2867.86733993575	1065.55707555127	0.00000000000	0.78448990298
2870.04099604491	1067.66980819483	0.00000000000	0.78493139683
2871.85032585806	1069.81875332514	0.00000000000	0.78530747889
2874.63480564111	1073.66344086042	0.00000000000	0.78590587021
2876.30021970558	1076.17933558987	0.00000000000	0.78627813911
2877.91651661534	1078.69702028569	0.00000000000	0.78665243028
2880.39766443410	1082.52015715963	0.00000000000	0.78725887196
2883.59242145240	1086.74137317030	0.00000000000	0.78812118916
2885.28917738505	1088.17246937598	0.00000000000	0.78863497578
2887.08494517188	1088.35299974097	0.00000000000	0.78920860619
2889.64981473580	1085.40281761036	0.00000000000	0.78997384301
2891.56894932715	1081.67722800032	0.00000000000	0.79048173981
2893.66167177712	1077.38188295796	0.00000000000	0.79098961598
2896.41931959178	1072.50514215783	0.00000000000	0.79160398695
2898.25297132215	1070.20255863949	0.00000000000	0.79198542885
2900.20186369697	1068.83143367088	0.00000000000	0.79237157186
2902.72750565910	1068.95983865501	0.00000000000	0.79284714789
2904.90234336022	1070.88539980648	0.00000000000	0.79323871015
2907.02820745100	1072.64679639484	0.00000000000	0.79363221198
2908.96532728361	1072.64953759071	0.00000000000	0.79402368030
2911.31552965891	1071.31783372041	0.00000000000	0.79453722804
2914.05042714973	1070.22224340664	0.00000000000	0.79516471019
2915.66363562415	1070.48646355721	0.00000000000	0.79554076193
2917.33295947231	1071.35740616083	0.00000000000	0.79593404322
2920.25238872864	1073.90670761693	0.00000000000	0.79663193196
2922.42646875223	1076.22628621482	0.00000000000	0.79715990834
2924.38546261192	1078.24033176884	0.00000000000	0.79764109768
2926.51017714031	1079.17504829982	0.00000000000	0.79815450688
2928.86183542181	1076.97921020925	0.00000000000	0.79868531813
2930.99381270188	1073.99138148205	0.00000000000	0.79914018582
2932.91452887829	1073.69102847098	0.00000000000	0.79954890904
2935.61284465045	1076.95237114239	0.00000000000	0.80014695421
2937.29634386572	1078.03207439340	0.00000000000	0.80054850278
2940.05264858266	1074.55644322460	0.00000000000	0.80126777634
2941.76278418528	1069.73098327034	0.00000000000	0.80174290381
2943.41500483594	1064.13423359478	0.00000000000	0.80220921953
2946.28642112638	1055.19623144332	0.00000000000	0.80299850588
2948.63785469872	1049.71854337092	0.00000000000	0.80361260549
2950.48485101377	1046.34538292171	0.00000000000	0.80407884264
2952.72592027259	1043.11540433096	0.00000000000	0.80462952926
2954.61764115211	1040.97681570011	0.00000000000	0.80508408590
2956.96357663014	1038.90331652059	0.00000000000	0.80563758749
2959.12093813832	1037.42373003259	0.00000000000	0.80613898508
2962.33502716759	1035.72163700599	0.00000000000	0.80687681945
2964.05608316834	1034.95248728530	0.00000000000	0.80726917901
2965.78966056165	1034.21271717144	0.00000000000	0.80766357204
2967.73638805607	1033.36374957658	0.00000000000	0.80810648239
2969.70616369856	1032.45362793109	0.00000000000	0.80855507248
2971.50800777171	1031.57790434102	0.00000000000	0.80896556938
2973.41519875857	1030.60944714624	0.00000000000	0.80939995330
2975.72099587712	1029.38668050998	0.00000000000	0.80992457683
2978.52984650190	1027.82947108306	0.00000000000	0.81056217871
2980.60174196698	1026.63983231503	0.00000000000	0.81103098133
2982.94179504757	1025.26122648855	0.00000000000	0.81155844643
2985.35781886808	1023.80609846638	0.00000000000	0.81210032260
2988.77368323425	1021.70839765355	0.00000000000	0.81286081655
2990.44590244587	1020.66985026877	0.00000000000	0.81323036730
2992.27921111433	1019.52626791836	0.00000000000	0.81363322392
2994.29372436611	1018.26715099172	0.00000000000	0.81407293651
2996.11081566540	1017.13230185172	0.00000000000	0.81446672896
2997.82934552158	1016.06233184510	0.00000000000	0.81483656124
3000.14954515241	1014.62684568255	0.00000000000	0.81533166902
3002.12547019955	1013.41608138976	0.00000000000	0.81574933878
3003.98456791131	1012.28957228810	0.00000000000	0.81613885148
3006.07523189450	1011.04035658054	0.00000000000	0.81657274947
3008.42932218599	1009.65983195741	0.00000000000	0.81705596400
3011.50956799677	1007.90625821182	0.00000000000	0.81768033625
3013.41284010063	1006.86034604756	0.00000000000	0.81806236158
3015.27309243585	1005.87103689735	0.00000000000	0.81843342271
3017.16221160548	1004.90400080144	0.00000000000	0.81880823990
3019.69938903104	1003.67239891478	0.00000000000	0.81930905487
3021.59002403599	1002.81038465816	0.00000000000	0.81968074683
3023.56441150940	1001.96631692872	0.00000000000	0.82006791230
3026.22788917810	1000.92755012475	0.00000000000	0.82058920254
3028.56219891056	1000.12094841436	0.00000000000	0.82104572131
3030.45346448737	999.54522500843	0.00000000000	0.82141575873
3032.33928189396	999.04607043545	0.00000000000	0.82178519599
3034.30071595651	998.61213194713	0.00000000000	0.82217026212
3036.87160411724	998.18578231032	0.00000000000	0.82267680343
3039.13202134038	997.95596387272	0.00000000000	0.82312447028
3041.45144655007	997.87413031504	0.00000000000	0.82358668569
3043.44234527035	997.93879974152	0.00000000000	0.82398623853
3045.26830480966	998.11643310007	0.00000000000	0.82435536836
3047.54822983457	998.51006401771	0.00000000000	0.82482044231
3050.19712925898	999.22936777927	0.00000000000	0.82536756977
3051.98490285968	999.88912814758	0.00000000000	0.82574160069
3053.96382925691	1000.78909284457	0.00000000000	0.82616107645
3055.65705391171	1001.53990183820	0.00000000000	0.82653117408
3058.28429298131	1001.81605480415	0.00000000000	0.82716057583
3060.69580001930	1000.71795734027	0.00000000000	0.82780555862
3062.45304711229	999.64444503804	0.00000000000	0.82827931567
3063.92332140317	998.96779566771	0.00000000000	0.82865428576
3066.42363337150	998.40630979974	0.00000000000	0.82924338115
3069.34224283221	998.28525172769	0.00000000000	0.82988316054
3071.80713407475	998.37866844359	0.00000000000	0.83040114362
3073.60994074266	998.46383404326	0.00000000000	0.83077355465
3075.40122218142	998.50342205113	0.00000000000	0.83114197102
3077.25217204666	998.44171030893	0.00000000000	0.83152432923
3079.35648346943	998.16525510396	0.00000000000	0.83196568514
3081.10951894275	997.69022733424	0.00000000000	0.83234305459
3084.17690750964	996.13891432613	0.00000000000	0.83303793420
3085.90123356125	995.44593329854	0.00000000000	0.83344392554
3088.51910289620	995.57841137746	0.00000000000	0.83407318136
3090.59726232395	996.43016887435	0.00000000000	0.83459685188
3092.04954416014	997.25778588035	0.00000000000	0.83498457298
3094.12842179990	998.32381750865	0.00000000000	0.83554844451
3097.07801253746	998.51147861768	0.00000000000	0.83625293507
3098.85701827479	998.09422310043	0.00000000000	0.83662713344
3100.85026730376	997.60018343467	0.00000000000	0.83702796787
3102.76237272097	997.36138526959	0.00000000000	0.83740805024
3105.39299539425	997.57451712068	0.00000000000	0.83793451689
3107.73568371670	998.20311497374	0.00000000000	0.83840777209
3109.59957618938	998.93079760359	0.00000000000	0.83878771675
3111.60799542416	999.87680855868	0.00000000000	0.83920094215
3113.48099125431	1000.85240074668	0.00000000000	0.83959028378
3115.67394286058	1002.02942540515	0.00000000000	0.84005159541
3117.54202252285	1002.99068793636	0.00000000000	0.84044974423
3119.23968313078	1003.77196412636	0.00000000000	0.84081615810
3122.12634322166	1004.73857790015	0.00000000000	0.84145049013
3124.29898502076	1005.01835276980	0.00000000000	0.84193842598
3127.00000555258	1004.93233557633	0.00000000000	0.84255426499
3128.83071987677	1004.85235744478	0.00000000000	0.84297253209
3130.70451823107	1004.86980434566	0.00000000000	0.84339899436
3133.03998819185	1005.02522396745	0.00000000000	0.84392815415
3135.72436151532	1005.36794556573	0.00000000000	0.84453321126
3137.39401962859	1005.65989690573	0.00000000000	0.84490790023
3139.04756410234	1006.00214548305	0.00000000000	0.84527775813
3140.76468444176	1006.40794924463	0.00000000000	0.84566058532
3143.26416695637	1007.07891936193	0.00000000000	0.84621561887
3145.72318274365	1007.81714072821	0.00000000000	0.84675917439
3148.08704567813	1008.58509505966	0.00000000000	0.84727944142
3150.04348420529	1009.25405465134	0.00000000000	0.84770841515
3151.77002363605	1009.86304473727	0.00000000000	0.84808579232
3153.44976510089	1010.46724676257	0.00000000000	0.84845189652
3155.36007602379	1011.16253687696	0.00000000000	0.84886703155
3157.56994607230	1011.96930170276	0.00000000000	0.84934568280
3159.92540517275	1012.82127132171	0.00000000000	0.84985405280
3161.78333098418	1013.47982611585	0.00000000000	0.85025375760
3163.97290385116	1014.23220759184	0.00000000000	0.85072339789
3165.99104185302	1014.89537442634	0.00000000000	0.85115494897
3168.68723393022	1015.72332346632	0.00000000000	0.85172957919
3171.48472957339	1016.49587453451	0.00000000000	0.85232356282
3173.81643650530	1017.05947065697	0.00000000000	0.85281696631
3175.60216753463	1017.43477516903	0.00000000000	0.85319383654
3177.78995719176	1017.82061839991	0.00000000000	0.85365440885
3179.75244609922	1018.09101997061	0.00000000000	0.85406650188
3181.65869458478	1018.27927329178	0.00000000000	0.85446586149
3183.46060914779	1018.38491052838	0.00000000000	0.85484254784
3185.33036057835	1018.41532530151	0.00000000000	0.85523259923
3187.55706729388	1018.34187129652	0.00000000000	0.85569602098
3189.48303794858	1018.21771568241	0.00000000000	0.85609522641
3191.48404566722	1018.10278714083	0.00000000000	0.85650710600
3193.57272820352	1018.07488840296	0.00000000000	0.85693260553
3196.32094928613	1018.30302766554	0.00000000000	0.85748441908
3198.44475889651	1018.73987123261	0.00000000000	0.85791551101
3200.19198667389	1019.30086589161	0.00000000000	0.85828878474
3202.36590077955	1020.24460086913	0.00000000000	0.85878488707
3204.52380108063	1021.30744942380	0.00000000000	0.85929878214
3206.40538198365	1022.16949012638	0.00000000000	0.85974716586
3208.57994419542	1022.91254639316	0.00000000000	0.86024619103
3210.97542589440	1023.40253656558	0.00000000000	0.86076887667
3212.83943861851	1023.61959854076	0.00000000000	0.86116290453
3214.71284357799	1023.74136795392	0.00000000000	0.86155237860
3217.45631936912	1023.81961083092	0.00000000000	0.86211827238
3219.42913421609	1023.85235230151	0.00000000000	0.86252706014
3221.36087675476	1023.90628911235	0.00000000000	0.86293321408
3223.05270219409	1024.00249871455	0.00000000000	0.86329714761
3225.07787522241	1024.22499017438	0.00000000000	0.86374823695
3227.70683018628	1024.79831961655	0.00000000000	0.86437155541
3229.96571264474	1025.50849818653	0.00000000000	0.86493453898
3232.04873933793	1026.13371597972	0.00000000000	0.86544820140
3233.95150101347	1026.59894840040	0.00000000000	0.86590215124
3235.51607942098	1026.91569405353	0.00000000000	0.86626597562
3237.46038690738	1027.23929611341	0.00000000000	0.86670807205
3240.14973377807	1027.58072888859	0.00000000000	0.86730440936
3242.22727485036	1027.77566576688	0.00000000000	0.86775529136
3243.96071213815	1027.90091772721	0.00000000000	0.86812619888
3246.14946024619	1028.01928094563	0.00000000000	0.86858893272
3247.88742609860	1028.08755204184	0.00000000000	0.86895277720
3250.66660809221	1028.16109974590	0.00000000000	0.86952970789
3253.15655332409	1028.20149403275	0.00000000000	0.87004319906
3255.22129920926	1028.22502127499	0.00000000000	0.87046778694
3257.23273825978	1028.24551941127	0.00000000000	0.87088127443
3259.01111586545	1028.26621449472	0.00000000000	0.87124741033
3260.89243529520	1028.29530957528	0.00000000000	0.87163598584
3262.71542548147	1028.33503843532	0.00000000000	0.87201439709
3265.50960258090	1028.42867018389	0.00000000000	0.87259958815
3267.45946315194	1028.52585879926	0.00000000000	0.87301291232
3269.21466950792	1028.64215867601	0.00000000000	0.87338941678
3271.19095111977	1028.81296065000	0.00000000000	0.87381945032
3273.41112366777	1029.06605672058	0.00000000000	0.87431188924
3275.18787567736	1029.32492495267	0.00000000000	0.87471453423
3277.23121254972	1029.69736585641	0.00000000000	0.87518891443
3279.12915134606	1030.12841058874	0.00000000000	0.87564229972
3281.77862988835	1030.85890017380	0.00000000000	0.87628889458
3284.17118643197	1031.59582778929	0.00000000000	0.87686841281
3285.93337983618	1032.16012370957	0.00000000000	0.87728692508
3287.73470527485	1032.74669621546	0.00000000000	0.87770819611
3290.33805701105	1033.59770269416	0.00000000000	0.87830700187
3292.55156034281	1034.31147958781	0.00000000000	0.87880824188
3294.44523330516	1034.90620261674	0.00000000000	0.87923223727
3296.23494620782	1035.44862725369	0.00000000000	0.87962949895
3297.97511935748	1035.95265271403	0.00000000000	0.88001303861
3299.67521351420	1036.41825121803	0.00000000000	0.88038557467
3302.29609438733	1037.07400428934	0.00000000000	0.88095657467
3304.93007818444	1037.64403657940	0.00000000000	0.88152756201
3307.13812372140	1038.05727265719	0.00000000000	0.88200464156
3309.91670955365	1038.52090345636	0.00000000000	0.88260334829
3311.64804870527	1038.79185284700	0.00000000000	0.88297565620
3313.38127240441	1039.05905158372	0.00000000000	0.88334792193
3315.07154865573	1039.32341736732	0.00000000000	0.88371063168
3316.79348250263	1039.60433239255	0.00000000000	0.88407989794
3318.48046846012	1039.89839950923	0.00000000000	0.88444153428
3320.28780352422	1040.24258123517	0.00000000000	0.88482892880
3322.01616505637	1040.60811103265	0.00000000000	0.88519946048
3324.75538785715	1041.28015495953	0.00000000000	0.88578708529
3328.10813984531	1042.29936039436	0.00000000000	0.88650749014
3329.86802809698	1042.93983888037	0.00000000000	0.88688638605
3331.55074220786	1043.63090421372	0.00000000000	0.88724928313
3333.22277201437	1044.40179513309	0.00000000000	0.88761057252
3334.89811135621	1045.26648925390	0.00000000000	0.88797337325
3336.99642594720	1046.49247667625	0.00000000000	0.88842905125
3338.85116001808	1047.72059832252	0.00000000000	0.88883316762
3341.89824075108	1050.03109428402	0.00000000000	0.88949990810
3344.05363324932	1051.86465285123	0.00000000000	0.88997358137
3345.73912547698	1053.40115913376	0.00000000000	0.89034511975
3347.85422689972	1055.44319732863	0.00000000000	0.89081270746
3350.90397805908	1058.57928796830	0.00000000000	0.89148943289
3352.65163438541	1060.46113993034	0.00000000000	0.89187849536
3354.32333563838	1062.30767631848	0.00000000000	0.89225146413
3356.16552490565	1064.38456080262	0.00000000000	0.89266334832
3358.69890108372	1067.29146165255	0.00000000000	0.89323118389
3360.91348498990	1069.85846703051	0.00000000000	0.89372880870
3362.90930588792	1072.17412465742	0.00000000000	0.89417819006
3364.52184709579	1074.03544335693	0.00000000000	0.89454185488
3366.53788287921	1076.33667700087	0.00000000000	0.89499718913
3368.55078652797	1078.59032701275	0.00000000000	0.89545249232
3370.93042174573	1081.17518313366	0.00000000000	0.89599151673
3372.58888563781	1082.91202488061	0.00000000000	0.89636761482
3374.48984272915	1084.82378244801	0.00000000000	0.89679907600
3376.38920099236	1086.63613758628	0.00000000000	0.89723050852
3378.36543157324	1088.40293613725	0.00000000000	0.89767968645
3380.03571658315	1089.79010698489	0.00000000000	0.89805949774
3382.03662151646	1091.30974791159	0.00000000000	0.89851463010
3384.84261289753	1093.15025519972	0.00000000000	0.89915300660
3386.48650788289	1094.05502245306	0.00000000000	0.89952698743
3388.92847174651	1095.14152077650	0.00000000000	0.90008323614
3391.92078210065	1096.07254501797	0.00000000000	0.90080107968
3394.11268131712	1096.45745486185	0.00000000000	0.90142627053
3395.10621844316	1096.50626822901	0.00000000000	0.90178707055
3396.81677573423	1096.65773214302	0.00000000000	0.90240693121
3399.31913538075	1097.50802816413	0.00000000000	0.90295157534
3401.36284583859	1098.20454923023	0.00000000000	0.90335463928
3403.40869854745	1098.42597411438	0.00000000000	0.90389634946
3405.33472070990	1097.73194582860	0.00000000000	0.90457287437
3407.15187934241	1096.35614472704	0.00000000000	0.90521115418
3409.97925734663	1094.05749143179	0.00000000000	0.90605425320
3411.82975139841	1092.76346376039	0.00000000000	0.90656042375
3413.32618499698	1091.88729310286	0.00000000000	0.90695556070
3415.19658449794	1090.95722118116	0.00000000000	0.90743453830
3417.93608288345	1089.82672599645	0.00000000000	0.90811101913
3419.71122168982	1089.18745019250	0.00000000000	0.90853602917
3421.42858110921	1088.60603407843	0.00000000000	0.90893874533
3423.57867353383	1087.89450176871	0.00000000000	0.90943277758
3426.06319045126	1087.04708537452	0.00000000000	0.90999165398
3427.83740441612	1086.39693316820	0.00000000000	0.91038405622
3430.28091410419	1085.40319290578	0.00000000000	0.91091679961
3432.03039629448	1084.59986237618	0.00000000000	0.91129356505
3433.95464743838	1083.60715219082	0.00000000000	0.91170419371
3435.74323976191	1082.56512358458	0.00000000000	0.91208287801
3438.03498522668	1081.03633313424	0.00000000000	0.91256466305
3439.75385363644	1079.73331280049	0.00000000000	0.91292498857
3442.05975717722	1077.96738243045	0.00000000000	0.91346057674
3444.21644720556	1076.59893066074	0.00000000000	0.91409082991
3446.33827489103	1075.57313678998	0.00000000000	0.91477711358
3448.72895071105	1074.55026264247	0.00000000000	0.91545597260
3450.48413762267	1073.83425746473	0.00000000000	0.91588345229
3452.06866006086	1073.25409380014	0.00000000000	0.91624242758
3453.72227330271	1072.74357357329	0.00000000000	0.91660135439
3455.91124648197	1072.26409181636	0.00000000000	0.91706471625
3458.07357851995	1072.08114659521	0.00000000000	0.91752198542
3460.70353257053	1072.41247707540	0.00000000000	0.91809768096
3463.13813970568	1073.56728536391	0.00000000000	0.91867897156
3464.63888066538	1074.95293784574	0.00000000000	0.91908364107
3466.20979613302	1076.85231782624	0.00000000000	0.91954385871
3467.89249815256	1078.50062003522	0.00000000000	0.92002230282
3470.46693502986	1078.98948565804	0.00000000000	0.92063645562
3472.95846605159	1078.21780112737	0.00000000000	0.92114210464
3474.82445005385	1077.70649159805	0.00000000000	0.92150417601
3476.65031810578	1077.71784625532	0.00000000000	0.92186257039
3478.80947545395	1078.61386498764	0.00000000000	0.92230149737
3480.52490444783	1079.90565454866	0.00000000000	0.92266159293
3482.83646705850	1082.22586487450	0.00000000000	0.92316113090
3484.54290496217	1084.16515782671	0.00000000000	0.92353882263
3486.18982825065	1086.03661346795	0.00000000000	0.92390891747
3487.97628013308	1087.98096902314	0.00000000000	0.92431590943
3491.00793302368	1091.15858879753	0.00000000000	0.92502151636
3492.77434789507	1093.00025112249	0.00000000000	0.92544256918
3494.91024675673	1095.28942131656	0.00000000000	0.92596299823
3496.96683007442	1097.63263697349	0.00000000000	0.92647744630
3498.64057198285	1099.70219539911	0.00000000000	0.92690719108
3501.34835791625	1103.51571307711	0.00000000000	0.92762707355
3503.39111172430	1106.93210313225	0.00000000000	0.92819403703
3504.71880945309	1109.48794192886	0.00000000000	0.92857560790
3507.06094579309	1114.84638834861	0.00000000000	0.92927875547
3509.21599514890	1121.05386917337	0.00000000000	0.92996728564
3510.66259797736	1126.14240302907	0.00000000000	0.93045748548
3513.27449956652	1137.45303500997	0.00000000000	0.93140497648
3514.58464468322	1144.05594955768	0.00000000000	0.93190725120
3516.79235989676	1156.19845012286	0.00000000000	0.93278236989
3518.30225407431	1164.88524899403	0.00000000000	0.93339089204
3520.65496583712	1178.23641056587	0.00000000000	0.93433100759
3522.59958302524	1188.44628023447	0.00000000000	0.93508101942
3525.89427439583	1202.86504046476	0.00000000000	0.93626137734
3527.29495437768	1207.72770677933	0.00000000000	0.93672396529
3529.95234172145	1214.87053560910	0.00000000000	0.93753767263
3531.50204377749	1217.84916778217	0.00000000000	0.93797592717
3532.85675490027	1219.79479123519	0.00000000000	0.93833898658
3534.53651001370	1221.42151303983	0.00000000000	0.93876527169
3536.29479076555	1222.27367452502	0.00000000000	0.93918567587
3539.16086800534	1222.05176908620	0.00000000000	0.93982339823
3540.79988698225	1221.37745550635	0.00000000000	0.94018133518
3543.64099449086	1220.26771251366	0.00000000000	0.94086729570
3545.29420526087	1219.75803138747	0.00000000000	0.94133273615
3546.97318614376	1218.83190414618	0.00000000000	0.94184076789
3549.50382980076	1215.50703987766	0.00000000000	0.94259752785
3550.77305105091	1212.97870060847	0.00000000000	0.94295782712
3552.61808310752	1208.70011231930	0.00000000000	0.94346580922
3555.01412670726	1202.64686765780	0.00000000000	0.94410868652
3557.84680417858	1195.65722935168	0.00000000000	0.94486088871
3559.49404969141	1192.08975341974	0.00000000000	0.94530179824
3560.85635255194	1189.63101755892	0.00000000000	0.94567206313
3563.13967892926	1187.00608862358	0.00000000000	0.94631229783
3565.30091475608	1187.12602201765	0.00000000000	0.94695512873
3566.45245429990	1188.68164054312	0.00000000000	0.94731876917
3568.62992469282	1191.53229415976	0.00000000000	0.94794317355
3571.86433342657	1191.60148316208	0.00000000000	0.94870439767
3573.93379759325	1189.85720626246	0.00000000000	0.94917567277
3575.49376919823	1187.58559051033	0.00000000000	0.94955152657
3576.86998617287	1184.78905676932	0.00000000000	0.94990935255
3578.74297433832	1179.76632622727	0.00000000000	0.95043805538
3580.64839079055	1173.38303303141	0.00000000000	0.95102148628
3582.24427259056	1167.40880548403	0.00000000000	0.95153524542
3585.18187916626	1156.56566476562	0.00000000000	0.95248995703
3587.31698937275	1149.50082400155	0.00000000000	0.95316833170
3589.53519516051	1142.84721102357	0.00000000000	0.95385905647
3592.06017721689	1136.03315741747	0.00000000000	0.95462919018
3593.54891583736	1132.35770345227	0.00000000000	0.95507575158
3595.27317366317	1128.38951311401	0.00000000000	0.95558640246
3597.20276510810	1124.28660813874	0.00000000000	0.95614994375
3598.80465283371	1121.12913589481	0.00000000000	0.95661174419
3601.33735163959	1116.55327689343	0.00000000000	0.95733134101
3602.60313346003	1114.44094698232	0.00000000000	0.95768637408
3604.43104544980	1111.57702186285	0.00000000000	0.95819392958
3606.06751422607	1109.18524785136	0.00000000000	0.95864337707
3608.58695276464	1105.78887604607	0.00000000000	0.95932664124
3610.19629147818	1103.78252116723	0.00000000000	0.95975783560
3612.87847784378	1100.68658491033	0.00000000000	0.96046786939
3615.47745235640	1097.94378446162	0.00000000000	0.96114614844
3617.96212278432	1095.52121642863	0.00000000000	0.96178616287
3620.41501869561	1093.28930055088	0.00000000000	0.96241034768
3621.82028532076	1092.07095652296	0.00000000000	0.96276467600
3623.23565224296	1090.88182565531	0.00000000000	0.96311923371
3624.68599038158	1089.69766219238	0.00000000000	0.96348021053
3626.12064255053	1088.55551843023	0.00000000000	0.96383501985
3628.69844357154	1086.56179008781	0.00000000000	0.96446711220
3630.40991167107	1085.27514686181	0.00000000000	0.96488323130
3631.90784052458	1084.17401492984	0.00000000000	0.96524539931
3634.63621571330	1082.23081866229	0.00000000000	0.96590086890
3637.07933310601	1080.56246444226	0.00000000000	0.96648399983
3639.09860280905	1079.23730659769	0.00000000000	0.96696382522
3640.86667106896	1078.11875519908	0.00000000000	0.96738272317
3642.75299629820	1076.97016236484	0.00000000000	0.96782868839
3644.99080603636	1075.67013255338	0.00000000000	0.96835691634
3646.49066794307	1074.83844350822	0.00000000000	0.96871069673
3648.53752684560	1073.75707393264	0.00000000000	0.96919349761
3650.98298562313	1072.55272895354	0.00000000000	0.96977093534
3652.96458516398	1071.69056552615	0.00000000000	0.97024139699
3654.69682649803	1071.08108976055	0.00000000000	0.97065715928
3656.19449925266	1070.70729622416	0.00000000000	0.97102188888
3658.30584045816	1070.51105761733	0.00000000000	0.97154704061
3660.46891545674	1070.85720059926	0.00000000000	0.97210156485
3662.88177371825	1072.07819528934	0.00000000000	0.97274400962
3664.99461863078	1072.80987716265	0.00000000000	0.97330715593
3666.38785030244	1072.20074208511	0.00000000000	0.97366046310
3667.91368823515	1070.70506564465	0.00000000000	0.97403034935
3669.83716748615	1068.78550152527	0.00000000000	0.97448520615
3671.55150349243	1067.51496690057	0.00000000000	0.97488644904
3675.13099160649	1065.75897362568	0.00000000000	0.97571667031
3677.14090498611	1065.01170321304	0.00000000000	0.97618071378
3678.70067108758	1064.46195455273	0.00000000000	0.97654048208
3680.30449707800	1063.92202850121	0.00000000000	0.97691012167
3681.83791402887	1063.43015003482	0.00000000000	0.97726326143
3683.86772722204	1062.81614967070	0.00000000000	0.97773031605
3685.84565019756	1062.25911180588	0.00000000000	0.97818499632
3688.40818688761	1061.59903431238	0.00000000000	0.97877344112
3690.16815324377	1061.18661480120	0.00000000000	0.97917718793
3692.56142394228	1060.68016336756	0.00000000000	0.97972570577
3694.10233809327	1060.38770905457	0.00000000000	0.98007856340
3696.30411705300	1060.01621518833	0.00000000000	0.98058234467
3697.91933185718	1059.77883755334	0.00000000000	0.98095161525
3700.43368067136	1059.46939587978	0.00000000000	0.98152594940
3702.97535704234	1059.23209161094	0.00000000000	0.98210592467
3704.53566255147	1059.12458271896	0.00000000000	0.98246167194
3706.08300521716	1059.04700679821	0.00000000000	0.98281424792
3707.69531302678	1058.99726037454	0.00000000000	0.98318140188
3709.30843072650	1058.97957010575	0.00000000000	0.98354851434
3710.97856547281	1058.99542345552	0.00000000000	0.98392836867
3712.57769512179	1059.04352029371	0.00000000000	0.98429185437
3714.90101276557	1059.17145833956	0.00000000000	0.98481957500
3717.13333418227	1059.36001211589	0.00000000000	0.98532621793
3719.53841271902	1059.63616857513	0.00000000000	0.98587163266
3721.36874763713	1059.89774810313	0.00000000000	0.98628641293
3722.93010226711	1060.15641997748	0.00000000000	0.98664004050
3724.73648889465	1060.49692882129	0.00000000000	0.98704894205
3727.28731428214	1061.05399618717	0.00000000000	0.98762596049
3729.62153291824	1061.64298812904	0.00000000000	0.98815358375
3731.22885547165	1062.09313337983	0.00000000000	0.98851668585
3732.82285178041	1062.57582567883	0.00000000000	0.98887660857
3735.45406553020	1063.45251833763	0.00000000000	0.98947037504
3737.94947344771	1064.37707441425	0.00000000000	0.99003309425
3740.22381052148	1065.29976169094	0.00000000000	0.99054563272
3741.91844962886	1066.03748137149	0.00000000000	0.99092733413
3743.54588369076	1066.78671658763	0.00000000000	0.99129374332
3745.23091198806	1067.60493831535	0.00000000000	0.99167296349
3747.13975828533	1068.58452917644	0.00000000000	0.99210236751
3749.11749354769	1069.65909008990	0.00000000000	0.99254706473
3750.78374316041	1070.61196439443	0.00000000000	0.99292156749
3752.34800769967	1071.54645323640	0.00000000000	0.99327302171
3754.22076704099	1072.68424115486	0.00000000000	0.99369326510
3756.09056472749	1073.14428585266	0.00000000000	0.99410459498
3758.60656837956	1072.12009164250	0.00000000000	0.99464682364
3760.23672092207	1070.84328172627	0.00000000000	0.99500473233
3762.51032965163	1068.76944011628	0.00000000000	0.99553510158
3765.06877811046	1066.61108888686	0.00000000000	0.99617452401
3766.50941387604	1065.67845601743	0.00000000000	0.99653370644
3768.43601356161	1064.88163295201	0.00000000000	0.99699058251
3770.03278759611	1064.53204467348	0.00000000000	0.99734827146
3771.85375183200	1064.29825116082	0.00000000000	0.99774236573
3774.20956154980	1064.02235589838	0.00000000000	0.99824245538
3776.42703881062	1063.55026658259	0.00000000000	0.99871477546
3778.33422587340	1062.77168860335	0.00000000000	0.99913170450
3779.88349308741	1061.72172357237	0.00000000000	0.99948477293
3781.98673536090	1059.33337402344	0.00000000000	1.00000000000
